#C data file created using the SS_writedat function in the R package r4ss
#C should work with SS version: 
#C file write time: 2014-11-06 10:59:51
#
1 #_styr
100 #_endyr
1 #_nseas
12 #_months_per_seas
1 #_spawn_seas
1 #_Nfleet
2 #_Nsurveys
1 #_N_areas
Fishery%Survey%CPUE #_fleetnames
0.5 0.5 0.5 #_surveytiming_in_season
1 1 1 #_area_assignments_for_each_fishery_and_survey
1 #_units of catch:  1=bio; 2=num
0.01 #_se of log(catch) only used for init_eq_catch and for Fmethod 2 and 3
1 #_Ngenders
25 #_Nages
0 #_init_equil_catch_for_each_fishery
100 #_N_lines_of_catch_to_read
 #_Fishery year seas
         0    1    1
         0    2    1
         0    3    1
         0    4    1
         0    5    1
         0    6    1
         0    7    1
         0    8    1
         0    9    1
         0   10    1
         0   11    1
         0   12    1
         0   13    1
         0   14    1
         0   15    1
         0   16    1
         0   17    1
         0   18    1
         0   19    1
         0   20    1
         0   21    1
         0   22    1
         0   23    1
         0   24    1
         0   25    1
 344907000   26    1
 318638000   27    1
 298526000   28    1
 281299000   29    1
 265245000   30    1
 251959000   31    1
 241127000   32    1
 234957000   33    1
 231468000   34    1
 224146000   35    1
 213295000   36    1
 201635000   37    1
 191391000   38    1
 181238000   39    1
 173151000   40    1
 171849000   41    1
 175797000   42    1
 175476000   43    1
 170404000   44    1
 163564000   45    1
 156664000   46    1
 150525000   47    1
 147063000   48    1
 146515000   49    1
 146306000   50    1
 145777000   51    1
 150168000   52    1
 159406000   53    1
 160769000   54    1
 157457000   55    1
 151984000   56    1
 144714000   57    1
 137379000   58    1
 131222000   59    1
 127175000   60    1
 124204000   61    1
 124748000   62    1
 131592000   63    1
 139752000   64    1
 145504000   65    1
 151227000   66    1
 154511000   67    1
 154015000   68    1
 152180000   69    1
 153340000   70    1
 156200000   71    1
 157680000   72    1
 159322000   73    1
 162701000   74    1
 166159000   75    1
 166142000   76    1
 164025000   77    1
 157334000   78    1
 151184000   79    1
 147262000   80    1
 144399000   81    1
 142775000   82    1
 140083000   83    1
 136757000   84    1
 133032000   85    1
 130550000   86    1
 133936000   87    1
 145036000   88    1
 157094000   89    1
 163009000   90    1
 165332000   91    1
 164897000   92    1
 163426000   93    1
 158850000   94    1
 154287000   95    1
 150723000   96    1
 148235000   97    1
 146919000   98    1
 144264000   99    1
 143909000  100    1
13 #_N_cpue
 #_Fleet Units Errtype
       1     1       0
       2     1       0
       3     1       0
 #_year seas index        obs se_log
     76    1     2 2055548065    0.2
     78    1     2 2033476295    0.2
     80    1     2 2151338123    0.2
     82    1     2 1794997507    0.2
     84    1     2 2241776106    0.2
     86    1     2 1665583680    0.2
     88    1     2 2306038448    0.2
     90    1     2 2172337913    0.2
     92    1     2 2311242460    0.2
     94    1     2 2204155606    0.2
     96    1     2 2424320225    0.2
     98    1     2 2040751394    0.2
    100    1     2 2351788907    0.2
0 #_N_discard_fleets
#_discard_units (1=same_as_catchunits(bio/num); 2=fraction; 3=numbers)
#_discard_errtype:  >0 for DF of T-dist(read CV below); 0 for normal with CV; -1 for normal with se; -2 for lognormal
0 #_N_discard
0 #_N_meanbodywt
1 #_DF_for_meanbodywt_T-distribution_like
2 # length bin method: 1=use databins; 2=generate from binwidth,min,max below; 3=read vector
1 # binwidth for population size comp
10 # minimum size in the population (lower edge of first bin and size at age 0.00)
200 # maximum size in the population (lower edge of last bin)
-0.001 #_comp_tail_compression
1e-05 #_add_to_comp
0 #_combine males into females at or below this bin number
21 #_N_lbins
#_lbin_vector
10 53 70 83 94 101 107 111 114 117 120 123 125 127 130 132 135 138 142 148 200
0 #_N_Length_comp_observations
25 #_N_agebins
#_agebin_vector
1 2 3 4 5 6 7 8 9 10 11 12 13 14 15 16 17 18 19 20 21 22 23 24 25
1 #_N_ageerror_definitions
 #_age0   age1   age2   age3   age4   age5   age6   age7   age8   age9  age10  age11  age12  age13  age14  age15  age16  age17  age18  age19  age20  age21  age22  age23  age24  age25
 -1.000 -1.000 -1.000 -1.000 -1.000 -1.000 -1.000 -1.000 -1.000 -1.000 -1.000 -1.000 -1.000 -1.000 -1.000 -1.000 -1.000 -1.000 -1.000 -1.000 -1.000 -1.000 -1.000 -1.000 -1.000 -1.000
  0.001  0.001  0.001  0.001  0.001  0.001  0.001  0.001  0.001  0.001  0.001  0.001  0.001  0.001  0.001  0.001  0.001  0.001  0.001  0.001  0.001  0.001  0.001  0.001  0.001  0.001
198 #_N_agecomp
1 #_Lbin_method: 1=poplenbins; 2=datalenbins; 3=lengths
-1 #_combine males into females at or below this bin number
 #_Yr Seas FltSvy Gender Part Ageerr Lbin_lo Lbin_hi Nsamp          a1         a2         a3         a4         a5         a6         a7         a8         a9        a10         a11         a12         a13         a14         a15         a16          a17          a18          a19          a20          a21          a22          a23          a24          a25
    2    1      1      0    0      1      -1      -1  1000 0.008533271 0.10453906 0.14305307 0.12430097 0.10523425 0.09847752 0.07597379 0.05908918 0.05615285 0.04062408 0.028716708 0.036788416 0.021990362 0.014284842 0.013172568 0.013488867 0.0086320256 0.0097024950 6.213105e-03 0.0057742952 5.510065e-03 9.167653e-03 5.192263e-03 2.730247e-04 0.0051152546
    3    1      1      0    0      1      -1      -1  1000 0.019056740 0.08753985 0.15171825 0.13273163 0.12201818 0.07942657 0.07601350 0.06060661 0.05502621 0.03884496 0.032932938 0.027992175 0.020468766 0.018883269 0.011679771 0.012372568 0.0086365243 0.0070114079 4.010926e-03 0.0055513762 6.878420e-03 1.142844e-03 2.419634e-03 2.853003e-03 0.0141838842
    4    1      1      0    0      1      -1      -1  1000 0.026592705 0.14656812 0.13149324 0.13421534 0.11078801 0.08035541 0.06296953 0.04236526 0.04293503 0.04340169 0.039003316 0.025667201 0.025649094 0.016878783 0.008811950 0.009732250 0.0081053296 0.0156399121 3.295398e-03 0.0034349345 5.332870e-03 4.131527e-03 2.991030e-03 8.094388e-04 0.0088326290
    5    1      1      0    0      1      -1      -1  1000 0.012519727 0.23150050 0.16607891 0.09053826 0.09375394 0.06011253 0.06355305 0.05004060 0.03506990 0.03935535 0.031817151 0.012416021 0.020635316 0.008080746 0.013578402 0.016055749 0.0074894469 0.0174749328 7.523078e-03 0.0037018781 7.558611e-03 5.114667e-03 8.092244e-04 1.831907e-03 0.0033900918
    6    1      1      0    0      1      -1      -1  1000 0.009164322 0.14091037 0.27931002 0.12534278 0.06552043 0.05712577 0.05868421 0.05377999 0.03034487 0.03982279 0.021377674 0.019106274 0.011519972 0.018433429 0.013893365 0.009833195 0.0128754342 0.0076503909 3.469428e-03 0.0011865240 3.910140e-03 3.488074e-03 1.356169e-04 5.105948e-04 0.0126043561
    7    1      1      0    0      1      -1      -1  1000 0.008870365 0.09888193 0.17855844 0.25262837 0.09030871 0.05145600 0.06898608 0.04297977 0.03061142 0.04675993 0.017427208 0.016212820 0.021514109 0.009814160 0.013270557 0.004610575 0.0101808327 0.0060342338 3.021212e-03 0.0044781272 4.865841e-03 3.797360e-03 6.425719e-04 5.130394e-03 0.0089589853
    8    1      1      0    0      1      -1      -1  1000 0.023930184 0.15122755 0.10294886 0.17386756 0.18125918 0.08026222 0.03829089 0.04335553 0.03103471 0.02625113 0.026749399 0.028253226 0.016229390 0.017365813 0.013098783 0.005321775 0.0056181902 0.0039999804 5.761281e-03 0.0045676848 4.906771e-03 5.233596e-03 6.175541e-04 5.668179e-04 0.0092819230
    9    1      1      0    0      1      -1      -1  1000 0.005090505 0.16809961 0.18255645 0.08316647 0.13243637 0.13621685 0.06772410 0.03300579 0.03963949 0.02496199 0.024088033 0.016415971 0.014400043 0.015142651 0.007840821 0.005475247 0.0096177148 0.0070519805 2.193156e-03 0.0017786816 5.957620e-03 3.201510e-03 1.875725e-03 3.221638e-03 0.0088415948
   10    1      1      0    0      1      -1      -1  1000 0.022837553 0.07683429 0.21781059 0.14551400 0.07222046 0.10883253 0.12290763 0.04741396 0.01896760 0.03562557 0.019935484 0.017791125 0.015851352 0.012864134 0.010120307 0.013940225 0.0073897230 0.0074846170 4.450656e-03 0.0021007247 6.233593e-03 2.933986e-03 2.851323e-04 2.712040e-03 0.0069427338
   11    1      1      0    0      1      -1      -1  1000 0.015803622 0.13997435 0.09452950 0.17372892 0.11852478 0.06043650 0.09218303 0.11190416 0.03663827 0.02731076 0.023566916 0.019716767 0.012384816 0.010996579 0.006585278 0.010105586 0.0112915269 0.0043230322 5.304639e-03 0.0045497278 1.642219e-03 1.684758e-03 4.342047e-03 2.145579e-03 0.0103266414
   12    1      1      0    0      1      -1      -1  1000 0.009989746 0.08614393 0.19642272 0.06277415 0.15376006 0.10332896 0.04807350 0.06952428 0.07404161 0.03579427 0.030876906 0.020588196 0.024335941 0.012565941 0.013430806 0.015236201 0.0098972168 0.0048868798 5.337845e-03 0.0033710131 2.814092e-03 1.992208e-03 7.870749e-04 1.713167e-04 0.0138551290
   13    1      1      0    0      1      -1      -1  1000 0.019281515 0.10053979 0.11123480 0.15285673 0.05791935 0.12702184 0.09198941 0.05053341 0.06188988 0.08452466 0.025252580 0.013193656 0.015677902 0.019463078 0.011556201 0.011378485 0.0107483617 0.0033198423 1.799371e-03 0.0035201280 4.273226e-03 5.425647e-03 5.487573e-03 2.589702e-04 0.0108535990
   14    1      1      0    0      1      -1      -1  1000 0.008705428 0.10843335 0.12738055 0.10162881 0.14078053 0.04190200 0.09804243 0.07325131 0.04372328 0.06443447 0.055767674 0.030061748 0.008275762 0.019569977 0.009069207 0.012457842 0.0108966297 0.0082921356 8.012578e-03 0.0042490653 2.267684e-03 2.988862e-03 1.734114e-03 2.809058e-03 0.0152655044
   15    1      1      0    0      1      -1      -1  1000 0.014063766 0.13158665 0.11688529 0.09687153 0.09205545 0.11085775 0.04005257 0.09993868 0.07103171 0.03550436 0.035302956 0.048230835 0.024847186 0.011775910 0.010170574 0.010436103 0.0145422634 0.0054412972 6.829306e-03 0.0025191501 1.835770e-03 1.909097e-03 2.257108e-03 4.952990e-03 0.0101017122
   16    1      1      0    0      1      -1      -1  1000 0.032425464 0.12619101 0.17011744 0.10383588 0.06956424 0.06630053 0.08689540 0.03493143 0.07210115 0.04509012 0.023280243 0.038008820 0.049248287 0.016072834 0.010585015 0.012319673 0.0080833667 0.0058227529 8.384350e-03 0.0030810239 3.828682e-03 3.155854e-03 1.934465e-03 1.540776e-03 0.0072011869
   17    1      1      0    0      1      -1      -1  1000 0.029289873 0.18822056 0.16549448 0.12080216 0.07627630 0.04009129 0.04063350 0.07148475 0.03388288 0.04554744 0.037942885 0.020695186 0.027371490 0.033321581 0.016886136 0.005146298 0.0085889045 0.0046480392 4.936013e-03 0.0036017953 3.735151e-03 4.276316e-03 2.217946e-03 2.443912e-03 0.0124651305
   18    1      1      0    0      1      -1      -1  1000 0.009564285 0.20481279 0.20236447 0.12158049 0.09149506 0.04297417 0.04566634 0.03083068 0.03412652 0.01885130 0.052878308 0.017362507 0.019421649 0.031178890 0.022799077 0.010820137 0.0056805515 0.0072633417 4.440447e-03 0.0048093130 1.760391e-03 3.292744e-03 5.246980e-03 4.138387e-03 0.0066411884
   19    1      1      0    0      1      -1      -1  1000 0.009086305 0.11192600 0.24512169 0.16306049 0.11922913 0.06859689 0.05355489 0.02986103 0.03255511 0.03546580 0.013514282 0.029668984 0.019767250 0.008708445 0.013430209 0.015083306 0.0068150402 0.0028040140 2.266007e-03 0.0070794145 1.409216e-03 1.794867e-03 2.623916e-03 2.816386e-04 0.0062960765
   20    1      1      0    0      1      -1      -1  1000 0.004516182 0.11026954 0.11447864 0.24301485 0.13514942 0.10481847 0.04706302 0.04095153 0.02739213 0.01669363 0.025139300 0.008751831 0.024805393 0.016778422 0.012989536 0.015792301 0.0195554246 0.0091994971 3.133833e-03 0.0006335369 6.498072e-03 3.592850e-03 1.722457e-03 5.671793e-04 0.0064929550
   21    1      1      0    0      1      -1      -1  1000 0.014257328 0.06854899 0.13455005 0.11371857 0.18554906 0.13674970 0.07920963 0.05906527 0.03202594 0.01773701 0.021284608 0.025591441 0.012391549 0.018704901 0.012517017 0.007464744 0.0133093522 0.0212071090 3.227534e-03 0.0032886011 2.893200e-03 3.258151e-03 3.654292e-03 1.534500e-03 0.0082614654
   22    1      1      0    0      1      -1      -1  1000 0.015818165 0.09706714 0.07427977 0.13606903 0.10926258 0.17539470 0.11214659 0.05335018 0.04751095 0.03120357 0.020653712 0.017012386 0.021843286 0.012950668 0.016205216 0.012551191 0.0107962510 0.0055695901 5.634240e-03 0.0041239999 2.493445e-03 5.901704e-04 5.132728e-03 2.185283e-03 0.0101551463
   23    1      1      0    0      1      -1      -1  1000 0.008381669 0.14133295 0.13634976 0.06581886 0.11069491 0.07250094 0.13989819 0.08921539 0.04828536 0.04476782 0.026868371 0.014598993 0.014108796 0.016063055 0.008958877 0.019036484 0.0105324294 0.0076294907 5.753385e-03 0.0078857443 1.795281e-03 1.506840e-03 2.175506e-03 5.233880e-04 0.0053175131
   24    1      1      0    0      1      -1      -1  1000 0.010992335 0.08159990 0.18867279 0.13105894 0.05515378 0.08496055 0.06767182 0.11580775 0.06496170 0.04302509 0.028520237 0.011935221 0.011622421 0.012229270 0.019093516 0.008110161 0.0153638556 0.0096502932 5.707220e-03 0.0102509950 1.143731e-02 1.544775e-03 4.254560e-04 3.329998e-03 0.0068746271
   25    1      1      0    0      1      -1      -1  1000 0.013905525 0.09944041 0.08012227 0.15601315 0.10970820 0.03942556 0.09452201 0.05845711 0.09595551 0.06169737 0.040086980 0.030078077 0.022957595 0.010380299 0.013440568 0.019436275 0.0028377606 0.0097047958 4.087744e-03 0.0039378055 3.563670e-03 7.590571e-03 6.002969e-03 4.135430e-04 0.0162342255
   26    1      1      0    0      1      -1      -1  1000 0.013036361 0.12194249 0.14390135 0.08736025 0.14680772 0.09383570 0.04030615 0.05590962 0.03734376 0.07316529 0.049386204 0.021167652 0.014653007 0.014336520 0.011061926 0.008620027 0.0177236182 0.0034248975 8.644358e-03 0.0057894767 4.349469e-03 8.197551e-03 6.808562e-03 8.321087e-04 0.0113959259
   27    1      1      0    0      1      -1      -1  1000 0.016171681 0.14051684 0.14836034 0.10913988 0.05920830 0.11435421 0.08026176 0.02329294 0.05014140 0.02922357 0.070886319 0.041925875 0.026764262 0.019288329 0.011163220 0.008243034 0.0098266984 0.0085619637 2.754483e-03 0.0076981669 7.270972e-03 1.927019e-03 6.371784e-03 1.610741e-03 0.0050362213
   28    1      1      0    0      1      -1      -1  1000 0.010093622 0.13531110 0.20092686 0.12365249 0.08253192 0.04969453 0.07465049 0.06316890 0.01754498 0.04861240 0.031555392 0.039408203 0.032573848 0.019319590 0.014949765 0.012015473 0.0053788617 0.0068201798 8.535328e-03 0.0018464197 7.259476e-03 1.683197e-03 2.002703e-03 4.011496e-03 0.0064527714
   29    1      1      0    0      1      -1      -1  1000 0.023604117 0.10834557 0.18210096 0.16913734 0.09904213 0.06307147 0.04211953 0.06360252 0.04230670 0.01762228 0.031449446 0.024384952 0.034633337 0.017760884 0.013855894 0.016783291 0.0056449613 0.0062137241 5.273598e-03 0.0057247393 5.164409e-03 2.947041e-03 3.498815e-03 2.990737e-03 0.0127215536
   30    1      1      0    0      1      -1      -1  1000 0.018157762 0.13485165 0.15205953 0.16331600 0.12978410 0.07979069 0.04286066 0.02683374 0.05038986 0.03843582 0.014638492 0.019735263 0.017916110 0.040168489 0.022784966 0.009971583 0.0081628483 0.0017620100 7.288877e-03 0.0009873276 1.725005e-03 2.055486e-03 2.241097e-03 2.649222e-03 0.0114334145
   31    1      1      0    0      1      -1      -1  1000 0.013701978 0.13236906 0.18433954 0.11808048 0.12980861 0.10295005 0.06391819 0.04604548 0.02355447 0.04036823 0.024956398 0.007647062 0.018066807 0.017562040 0.016197316 0.014213683 0.0127339916 0.0078169682 1.994939e-03 0.0052625702 1.653999e-03 4.386831e-03 4.186419e-04 4.215417e-03 0.0077372477
   32    1      1      0    0      1      -1      -1  1000 0.027925084 0.16475357 0.17155609 0.13967057 0.09592712 0.09011666 0.07513963 0.04192533 0.02670893 0.01816691 0.032065990 0.015680097 0.004969541 0.023229141 0.007844585 0.016687043 0.0088253108 0.0046000660 6.506832e-03 0.0028976386 1.929923e-03 8.551261e-03 4.678072e-03 2.010502e-04 0.0094435492
   33    1      1      0    0      1      -1      -1  1000 0.012761206 0.19285488 0.19097359 0.13869681 0.09162687 0.05486116 0.08453774 0.05769219 0.03525301 0.02250125 0.007206429 0.021169965 0.017422090 0.006790597 0.016674547 0.006091212 0.0130403866 0.0082586220 2.036329e-03 0.0055694913 2.723639e-03 1.070348e-04 2.271550e-03 1.252517e-03 0.0076268799
   34    1      1      0    0      1      -1      -1  1000 0.010538582 0.12205970 0.28215662 0.14229856 0.09658194 0.08318708 0.04436941 0.05136998 0.04532514 0.03439804 0.012666864 0.008941865 0.016514170 0.009486939 0.004675527 0.010626546 0.0045814225 0.0041618710 5.726075e-03 0.0014039800 4.410455e-04 1.587112e-03 2.511750e-03 1.049164e-04 0.0042848580
   35    1      1      0    0      1      -1      -1  1000 0.007581808 0.08886699 0.16671424 0.20654840 0.10930852 0.09962903 0.06827040 0.04757744 0.05310810 0.03708375 0.022637222 0.010053474 0.007051216 0.012143610 0.012297829 0.008103930 0.0125136338 0.0036577235 5.102398e-03 0.0031795064 4.373347e-03 4.045745e-03 5.445010e-04 5.558257e-04 0.0090513617
   36    1      1      0    0      1      -1      -1  1000 0.013058818 0.06889939 0.12506804 0.15278096 0.20976616 0.09849327 0.06398140 0.05449454 0.03866584 0.03926916 0.035147242 0.019984959 0.012028143 0.005866086 0.013418472 0.007952499 0.0012040707 0.0061920265 1.682145e-03 0.0120082808 4.479831e-03 2.620536e-03 4.676364e-03 2.606962e-03 0.0056548101
   37    1      1      0    0      1      -1      -1  1000 0.016982040 0.13808127 0.10266783 0.09571689 0.10543543 0.16605164 0.07885355 0.06155907 0.04948569 0.03659324 0.029634793 0.039478512 0.015473691 0.009719034 0.004336447 0.013157578 0.0088197840 0.0025795895 4.779475e-03 0.0030576026 5.143191e-03 1.567951e-03 1.868770e-03 1.681055e-03 0.0072758586
   38    1      1      0    0      1      -1      -1  1000 0.020582880 0.12126422 0.19429942 0.08034504 0.07065522 0.08305098 0.12823422 0.06321949 0.04336722 0.03306063 0.016705406 0.031941597 0.022868268 0.014276680 0.010740034 0.009999934 0.0069156377 0.0068223474 3.349299e-03 0.0025672975 7.023902e-03 8.406841e-03 5.079606e-03 4.694564e-03 0.0105292614
   39    1      1      0    0      1      -1      -1  1000 0.016738857 0.12512913 0.17828083 0.17344511 0.06032892 0.07854771 0.06178149 0.09173674 0.04678602 0.03227904 0.035041267 0.014543346 0.023169454 0.012346290 0.007963293 0.006070243 0.0033104880 0.0098313512 9.834106e-04 0.0015135102 2.263666e-03 1.206681e-03 5.713882e-03 4.720763e-03 0.0062685174
   40    1      1      0    0      1      -1      -1  1000 0.042720879 0.18325613 0.14995616 0.13083995 0.10159408 0.05239663 0.05167480 0.04626820 0.07332669 0.03972258 0.027473487 0.016176763 0.011823672 0.016618866 0.015411992 0.012397360 0.0032400358 0.0019946102 3.209955e-03 0.0022043269 6.057875e-04 1.031785e-03 9.989703e-04 9.267010e-04 0.0141295856
   41    1      1      0    0      1      -1      -1  1000 0.020173685 0.27526197 0.17867475 0.10219171 0.08115117 0.09450529 0.02708061 0.04200777 0.03510543 0.04515305 0.030322187 0.011888734 0.011796953 0.007644374 0.010645066 0.006353941 0.0045416861 0.0012400847 1.775934e-03 0.0020870894 4.591187e-03 4.448202e-04 2.932286e-04 4.155984e-04 0.0046536740
   42    1      1      0    0      1      -1      -1  1000 0.005552712 0.13345667 0.33559354 0.12109521 0.07819695 0.05724073 0.06140941 0.01961620 0.02968604 0.03065286 0.043824256 0.022805348 0.012167840 0.006662661 0.010052726 0.006728086 0.0044808879 0.0051496106 4.171516e-03 0.0004735604 4.151082e-03 5.038933e-04 2.788271e-04 1.988873e-03 0.0040605179
   43    1      1      0    0      1      -1      -1  1000 0.007844362 0.05250401 0.20678684 0.28524474 0.12447172 0.06305462 0.05303447 0.04328306 0.02108269 0.01958727 0.019626547 0.033284098 0.019796845 0.010026546 0.008662992 0.003305905 0.0065040857 0.0052727705 1.000577e-03 0.0022804767 1.070367e-04 5.119131e-03 1.546382e-03 2.847605e-05 0.0065443587
   44    1      1      0    0      1      -1      -1  1000 0.010699081 0.09315401 0.09722322 0.16931105 0.23151400 0.10760971 0.05045549 0.04482577 0.05260438 0.01764961 0.011286666 0.018575840 0.031765607 0.016710222 0.008063764 0.009934217 0.0075357413 0.0052224339 4.068102e-03 0.0024002740 2.738031e-03 2.480503e-04 6.773947e-04 7.820139e-04 0.0049453265
   45    1      1      0    0      1      -1      -1  1000 0.012059534 0.14329586 0.11409440 0.08894134 0.12870311 0.19605863 0.07803207 0.04216154 0.04516558 0.03778697 0.018071107 0.011076577 0.016880554 0.015793400 0.020749715 0.006017612 0.0057113865 0.0051478111 2.265878e-03 0.0018643051 3.150155e-04 3.353124e-04 5.010135e-04 3.571981e-03 0.0053992903
   46    1      1      0    0      1      -1      -1  1000 0.016367986 0.14955074 0.18511414 0.08909232 0.06838102 0.10845806 0.15688713 0.05662710 0.03055893 0.03804517 0.018558985 0.014516785 0.012282445 0.007847130 0.010962434 0.008847044 0.0043538652 0.0081202482 1.985025e-03 0.0040179576 1.484090e-03 2.385085e-03 3.022837e-03 6.745231e-04 0.0018589619
   47    1      1      0    0      1      -1      -1  1000 0.022337291 0.16980061 0.18863935 0.11368313 0.07302436 0.05895864 0.07773345 0.10989829 0.05118258 0.02803399 0.016598714 0.020189761 0.012862953 0.009072359 0.006830809 0.017087073 0.0065635714 0.0034856509 3.224070e-03 0.0038996998 2.086840e-03 1.583606e-03 3.185008e-04 1.576581e-05 0.0028889385
   48    1      1      0    0      1      -1      -1  1000 0.023287019 0.21619498 0.18275599 0.11873221 0.08672029 0.04944841 0.03149434 0.05869937 0.08338845 0.03842231 0.017457424 0.020867683 0.016101366 0.006422928 0.004470382 0.013628510 0.0084063982 0.0048166502 5.869736e-03 0.0015726009 3.849683e-03 1.203999e-03 6.337400e-04 1.542956e-03 0.0040125802
   49    1      1      0    0      1      -1      -1  1000 0.012930568 0.16856462 0.24974100 0.13541727 0.08835040 0.06969555 0.03601055 0.02054138 0.04917004 0.06510799 0.030125379 0.014061227 0.013194509 0.011339832 0.003923700 0.001163471 0.0065824061 0.0115982530 4.262376e-03 0.0011519161 8.212729e-04 1.986123e-04 9.999200e-04 1.140468e-03 0.0039072885
   50    1      1      0    0      1      -1      -1  1000 0.014220129 0.14365155 0.20942037 0.17748235 0.12240999 0.07135044 0.06115813 0.03516576 0.01712556 0.02907737 0.050493534 0.019676444 0.013643140 0.005910962 0.005080734 0.005794507 0.0021325081 0.0031264546 4.680782e-03 0.0011364574 1.852934e-03 2.589454e-03 1.284087e-03 1.083116e-04 0.0014280425
   51    1      1      0    0      1      -1      -1  1000 0.055375072 0.13703946 0.18584051 0.17761228 0.13481206 0.07063864 0.05322687 0.03269704 0.01992094 0.01573956 0.018527312 0.032749003 0.011761219 0.009854108 0.007488383 0.011392694 0.0018100120 0.0015231861 5.309631e-03 0.0039110266 5.766275e-03 1.953231e-03 7.983531e-04 7.449951e-05 0.0041786375
   52    1      1      0    0      1      -1      -1  1000 0.009419379 0.35667853 0.11735797 0.10236145 0.10324541 0.07825931 0.05631779 0.04417055 0.02721040 0.01190990 0.005997819 0.017771067 0.032610891 0.011100726 0.005713106 0.005184984 0.0039278531 0.0020207234 1.303198e-03 0.0018021622 4.919148e-04 7.122152e-04 2.643329e-04 1.333980e-03 0.0028343372
   53    1      1      0    0      1      -1      -1  1000 0.006405668 0.09686980 0.39007632 0.10127192 0.09643101 0.06169331 0.07203393 0.03910004 0.02024833 0.02465254 0.015465151 0.008110135 0.016717403 0.023788833 0.008593066 0.002852200 0.0046874930 0.0052748498 6.032458e-04 0.0011411326 2.074655e-04 4.209866e-04 1.355836e-03 1.810678e-04 0.0018182756
   54    1      1      0    0      1      -1      -1  1000 0.013815341 0.05043923 0.15112553 0.35100695 0.10907468 0.07712601 0.07697817 0.05074203 0.03072603 0.02002762 0.014061509 0.007582188 0.008843246 0.008678747 0.011166120 0.003819147 0.0026222266 0.0010347622 1.623043e-03 0.0018529758 7.454645e-04 4.350974e-03 8.736374e-04 9.883544e-05 0.0015855376
   55    1      1      0    0      1      -1      -1  1000 0.012319138 0.12348894 0.07451488 0.12360298 0.29519586 0.08426561 0.07025540 0.05098393 0.05499289 0.03048223 0.013569562 0.017904944 0.006322972 0.004826706 0.005732243 0.014876149 0.0052000125 0.0013555223 1.807838e-03 0.0012111145 6.222290e-04 2.730159e-03 1.282667e-03 1.102050e-03 0.0013539704
   56    1      1      0    0      1      -1      -1  1000 0.011782751 0.10860807 0.17057880 0.07234123 0.09331052 0.23404182 0.06442165 0.06619750 0.04632533 0.04059971 0.022064984 0.017762279 0.015825532 0.004494079 0.001291274 0.007762602 0.0105078558 0.0014802011 3.046879e-03 0.0012714660 3.191618e-04 1.938199e-03 5.806334e-04 2.887958e-04 0.0031586819
   57    1      1      0    0      1      -1      -1  1000 0.011348794 0.14313239 0.09995007 0.14100441 0.04437094 0.10106355 0.19735104 0.05356276 0.05593316 0.04733370 0.029644312 0.024102073 0.011670475 0.005821586 0.004158073 0.006240106 0.0045655376 0.0050490705 2.484686e-03 0.0002463825 1.129650e-03 4.315689e-03 2.061362e-04 6.022636e-04 0.0047131387
   58    1      1      0    0      1      -1      -1  1000 0.019950356 0.12248364 0.17277510 0.09999285 0.11486830 0.04310035 0.07062874 0.15268145 0.03219358 0.03053149 0.028857779 0.042775962 0.016629765 0.010754945 0.016255605 0.003438704 0.0005024654 0.0033501153 1.207267e-02 0.0025968861 9.130513e-04 3.768499e-04 1.472950e-04 1.164629e-04 0.0020055966
   59    1      1      0    0      1      -1      -1  1000 0.018740825 0.18159150 0.17582036 0.11938623 0.06508644 0.08133199 0.03245715 0.03905304 0.11906791 0.02726088 0.042441527 0.016380810 0.018531915 0.013501284 0.015494624 0.006829514 0.0042171316 0.0015853809 5.967777e-03 0.0071737988 2.449801e-03 2.604505e-04 4.283906e-04 6.444543e-04 0.0042968135
   60    1      1      0    0      1      -1      -1  1000 0.020144522 0.17402014 0.21019380 0.10681511 0.09359929 0.05388837 0.03871518 0.03801444 0.04686019 0.10487464 0.024087152 0.013557623 0.017943432 0.022060492 0.008570356 0.006756753 0.0046719665 0.0027759121 1.783812e-03 0.0017815090 3.257749e-03 2.313387e-03 2.538751e-04 1.379480e-03 0.0016808196
   61    1      1      0    0      1      -1      -1  1000 0.019196632 0.15507564 0.21106035 0.15511004 0.07972901 0.07983446 0.05374556 0.04305542 0.01785618 0.03527717 0.071034195 0.008894734 0.021611438 0.012707250 0.009813938 0.005011551 0.0091881778 0.0004202381 1.316447e-03 0.0005236309 1.630036e-03 2.074577e-03 3.911598e-03 1.979308e-04 0.0017237935
   62    1      1      0    0      1      -1      -1  1000 0.037268618 0.22203537 0.17882746 0.12707704 0.11609252 0.07506007 0.04287472 0.03269370 0.02833996 0.01348349 0.013869838 0.049425516 0.016141493 0.012140390 0.011211341 0.008789685 0.0041352623 0.0027475268 2.498452e-03 0.0006491953 5.117878e-04 1.651040e-04 1.177381e-03 5.816334e-04 0.0022024443
   63    1      1      0    0      1      -1      -1  1000 0.014896574 0.21983461 0.28249641 0.12421700 0.08888128 0.06701850 0.04577326 0.01924574 0.02575690 0.01552332 0.007458784 0.010829379 0.044509945 0.006284976 0.005443154 0.006270775 0.0058419764 0.0016451015 1.830248e-03 0.0002737571 6.071338e-04 7.938172e-05 1.161836e-04 2.587303e-03 0.0025782926
   64    1      1      0    0      1      -1      -1  1000 0.021803021 0.12812823 0.31184865 0.18434500 0.08253967 0.06849465 0.06048490 0.03040625 0.01907630 0.01235473 0.014778229 0.005788424 0.012094780 0.016961459 0.006865832 0.005877633 0.0015976266 0.0032974254 2.899232e-03 0.0043500227 4.397540e-04 1.034999e-03 6.149695e-04 1.023339e-03 0.0028948745
   65    1      1      0    0      1      -1      -1  1000 0.018202075 0.18004022 0.15480011 0.21887585 0.15866350 0.06539157 0.04361443 0.04170735 0.01911839 0.01391786 0.017508239 0.015954578 0.002282263 0.009041631 0.016713253 0.003913374 0.0007529462 0.0066381595 4.430228e-03 0.0034388015 2.193962e-04 1.302416e-03 4.974798e-04 3.508550e-04 0.0026250257
   66    1      1      0    0      1      -1      -1  1000 0.012313273 0.15804425 0.22007431 0.11522358 0.18612920 0.10628757 0.04915496 0.04011751 0.03777021 0.01160013 0.014798058 0.009664051 0.007960042 0.002104051 0.004824510 0.013010052 0.0019323970 0.0015905334 2.289812e-03 0.0003974988 1.260942e-03 9.082637e-05 1.832170e-05 5.458408e-06 0.0033384650
   67    1      1      0    0      1      -1      -1  1000 0.015695040 0.10346003 0.22686750 0.16693153 0.10936877 0.13252585 0.09608012 0.04345495 0.02528090 0.01937991 0.012111097 0.007368832 0.009592889 0.003485973 0.002702816 0.004673659 0.0120406624 0.0015391392 1.383078e-03 0.0009833669 5.219375e-04 1.475460e-03 9.182998e-04 1.462911e-04 0.0020118942
   68    1      1      0    0      1      -1      -1  1000 0.016502509 0.10387828 0.15815272 0.17300444 0.15809166 0.06011955 0.11483027 0.08692355 0.02692274 0.02834753 0.016835499 0.014767865 0.009723234 0.002574392 0.006339645 0.004939238 0.0037242734 0.0105528387 1.528457e-03 0.0007800549 2.099076e-04 6.093509e-04 6.893838e-05 9.601134e-06 0.0005634570
   69    1      1      0    0      1      -1      -1  1000 0.026160731 0.18753362 0.13377374 0.11901671 0.13318329 0.10019808 0.05153344 0.08540532 0.07105258 0.02376375 0.013426415 0.019225289 0.002981338 0.007452974 0.001831606 0.006314014 0.0004416977 0.0037685722 4.622966e-03 0.0012159848 1.201524e-03 2.647386e-03 6.904310e-04 2.044322e-05 0.0025381086
   70    1      1      0    0      1      -1      -1  1000 0.019073488 0.22116271 0.21191255 0.07990920 0.07401265 0.10296488 0.08097431 0.04447503 0.05351210 0.04667283 0.027432264 0.008293891 0.007273249 0.003933545 0.001667978 0.001341391 0.0023082082 0.0004896249 9.593921e-04 0.0056411027 1.508320e-03 2.837994e-04 1.740265e-03 1.210596e-03 0.0012466225
   71    1      1      0    0      1      -1      -1  1000 0.013910443 0.15861753 0.26513136 0.14134721 0.07371172 0.06863805 0.06750602 0.04867937 0.02621402 0.05187778 0.027872330 0.015535968 0.012032073 0.009802394 0.002279823 0.005941672 0.0013408961 0.0017611496 9.049584e-05 0.0003699319 4.019901e-03 2.177477e-04 1.290690e-03 9.518680e-05 0.0017162418
   72    1      1      0    0      1      -1      -1  1000 0.023744085 0.14255232 0.18529261 0.20291328 0.13393017 0.05389086 0.05177530 0.04954127 0.04184825 0.01947590 0.035887897 0.022863687 0.007182125 0.005564692 0.007507323 0.001910542 0.0027189004 0.0022319623 3.120782e-03 0.0002920878 3.660804e-04 2.815601e-03 6.209594e-06 2.926228e-04 0.0022754426
   73    1      1      0    0      1      -1      -1  1000 0.031998470 0.16841196 0.20685505 0.13605598 0.16156111 0.06828505 0.03840825 0.03499563 0.03749318 0.03006147 0.012764860 0.025103764 0.018253121 0.009134678 0.003026902 0.003184002 0.0013851634 0.0023195360 1.440084e-03 0.0023813647 7.643443e-04 1.113449e-03 3.127945e-03 5.493416e-05 0.0018196999
   74    1      1      0    0      1      -1      -1  1000 0.011639820 0.22705811 0.18021425 0.13799808 0.10377814 0.09956534 0.06422022 0.02274842 0.02068665 0.02670802 0.035125090 0.010552491 0.023866533 0.014482921 0.005100916 0.002579543 0.0028554040 0.0015908740 2.665005e-03 0.0014063330 1.068106e-03 4.292866e-05 2.323552e-04 1.386913e-03 0.0024275533
   75    1      1      0    0      1      -1      -1  1000 0.014856387 0.08198008 0.29862684 0.15301508 0.11682074 0.07768104 0.07985017 0.05249479 0.01546593 0.02006211 0.016255614 0.021117705 0.011274601 0.015411552 0.012481199 0.005435962 0.0006549227 0.0009152088 3.651549e-04 0.0025325940 3.150833e-04 2.267769e-04 3.851633e-04 1.408845e-04 0.0016344190
   76    1      1      0    0      1      -1      -1  1000 0.008900207 0.15749057 0.14981879 0.21957436 0.11583644 0.07968232 0.05115544 0.06764202 0.03692301 0.01167992 0.012758573 0.021018842 0.017208826 0.006739676 0.012737172 0.010464671 0.0015659687 0.0022077697 1.535712e-03 0.0013634374 7.353609e-03 7.852955e-04 1.108924e-05 2.384634e-03 0.0031616471
   77    1      1      0    0      1      -1      -1  1000 0.010823077 0.06084628 0.23294053 0.10972858 0.18707450 0.10232958 0.07310739 0.05284718 0.06081684 0.02952689 0.010386969 0.007124225 0.012183156 0.009889664 0.011995746 0.006804228 0.0083082679 0.0017200352 3.023686e-03 0.0029941043 1.093613e-03 3.018415e-05 3.922819e-04 2.499861e-04 0.0037630142
   78    1      1      0    0      1      -1      -1  1000 0.022602095 0.10051545 0.07698437 0.19503140 0.09632093 0.17424586 0.09225948 0.05719889 0.04874121 0.04882067 0.019843440 0.006361361 0.014723448 0.012728042 0.008310520 0.005665074 0.0044326839 0.0056028578 5.099368e-04 0.0007717024 2.729091e-03 1.218513e-03 3.506819e-04 3.779984e-05 0.0039944882
   79    1      1      0    0      1      -1      -1  1000 0.024693600 0.18740081 0.13414584 0.05753366 0.13373686 0.06694998 0.11616219 0.07751393 0.05121210 0.03010775 0.041802070 0.023540528 0.006980553 0.006916603 0.012649486 0.007703247 0.0021605147 0.0092081209 5.385456e-03 0.0013910456 9.612939e-04 5.568301e-04 7.700720e-05 9.838512e-05 0.0011121384
   80    1      1      0    0      1      -1      -1  1000 0.032126420 0.13626379 0.22374401 0.10281288 0.04808387 0.12332149 0.05804849 0.09636213 0.04458323 0.02771742 0.022640675 0.029337495 0.017299505 0.004776351 0.004820785 0.004188629 0.0072526919 0.0033673687 2.848838e-03 0.0048764829 7.675965e-04 1.525082e-03 1.511392e-05 6.820417e-04 0.0025376081
   81    1      1      0    0      1      -1      -1  1000 0.012413336 0.17963994 0.17269660 0.18041348 0.06282747 0.04561508 0.06970771 0.04939961 0.07070376 0.04090895 0.023101221 0.019897286 0.022082238 0.017590452 0.007314717 0.004830822 0.0090314680 0.0054864446 1.836001e-03 0.0017982380 8.174956e-04 1.818943e-04 6.118351e-04 9.448164e-04 0.0001491429
   82    1      1      0    0      1      -1      -1  1000 0.013677519 0.14792978 0.23945774 0.11860104 0.13186504 0.05665334 0.02573074 0.05966452 0.02951443 0.04705992 0.036579827 0.024471014 0.012178112 0.021313328 0.007936184 0.003624316 0.0066070836 0.0058047689 9.980419e-04 0.0012163480 2.984729e-03 3.773428e-04 2.915911e-05 2.853248e-03 0.0028724174
   83    1      1      0    0      1      -1      -1  1000 0.009487233 0.12200008 0.16992031 0.18784534 0.12039796 0.10598336 0.03970585 0.02566832 0.04561857 0.02271341 0.034896509 0.017109219 0.016195495 0.017424467 0.020302514 0.009722203 0.0011780584 0.0128389984 4.809731e-03 0.0047461705 1.206311e-03 3.632052e-03 4.003090e-03 5.045583e-04 0.0020901965
   84    1      1      0    0      1      -1      -1  1000 0.015853138 0.15139962 0.16333994 0.13561815 0.14757394 0.09198875 0.09212594 0.03767035 0.01757907 0.03410430 0.017469157 0.029623514 0.015707030 0.008510687 0.009660302 0.010379356 0.0079478568 0.0009149338 2.629989e-03 0.0032552087 1.096995e-03 3.073153e-03 1.007626e-03 1.238547e-03 0.0002324554
   85    1      1      0    0      1      -1      -1  1000 0.029222432 0.13389116 0.16409905 0.12280697 0.11200248 0.11738063 0.08283827 0.06343214 0.03431469 0.01449345 0.041033248 0.008662405 0.025286772 0.015615669 0.008833638 0.002851268 0.0103335680 0.0051105348 7.180547e-04 0.0012171747 2.089923e-03 1.204828e-03 4.532771e-04 8.341031e-04 0.0012742579
   86    1      1      0    0      1      -1      -1  1000 0.036370171 0.19782262 0.13893231 0.12442506 0.11506227 0.08928392 0.07292552 0.04957150 0.04662172 0.02050137 0.011304467 0.026913512 0.012644664 0.012469563 0.017703529 0.007191720 0.0042773722 0.0047807613 2.837572e-03 0.0003689181 4.576282e-03 4.252043e-05 1.053028e-03 1.856812e-04 0.0021339544
   87    1      1      0    0      1      -1      -1  1000 0.043507325 0.27541716 0.20075467 0.09716423 0.08024740 0.05981718 0.05635583 0.04778461 0.02594407 0.03237859 0.007954007 0.005727093 0.012570124 0.010333056 0.009843786 0.010224809 0.0060541011 0.0017166717 1.884382e-03 0.0043243037 5.932283e-04 1.231203e-03 1.859511e-03 2.970309e-03 0.0033423506
   88    1      1      0    0      1      -1      -1  1000 0.009089293 0.28732541 0.27186332 0.12437825 0.05462071 0.04953826 0.04525181 0.03052057 0.04076970 0.01835840 0.023292342 0.008804751 0.004507710 0.007911303 0.004856384 0.008130278 0.0030463807 0.0036755746 3.406254e-04 0.0006345869 9.597000e-04 3.681401e-04 1.121024e-04 4.003168e-04 0.0012440721
   89    1      1      0    0      1      -1      -1  1000 0.013280384 0.09345538 0.34439432 0.18084635 0.12618105 0.04232152 0.03984333 0.04300169 0.02619643 0.02929906 0.015199638 0.016167525 0.007302991 0.002486587 0.005151273 0.003499724 0.0014667071 0.0044452690 1.795582e-03 0.0004652956 1.224282e-03 2.864748e-04 1.249877e-03 2.338553e-05 0.0004158853
   90    1      1      0    0      1      -1      -1  1000 0.012827026 0.13291434 0.14322600 0.25853446 0.18826278 0.08257898 0.03681406 0.03402372 0.02726258 0.01702022 0.017210859 0.009650401 0.017877185 0.003313472 0.001176916 0.006326106 0.0043558247 0.0009485762 2.788064e-04 0.0003727061 2.194444e-03 5.381116e-04 1.892026e-04 6.176643e-05 0.0020414429
   91    1      1      0    0      1      -1      -1  1000 0.015551413 0.08765100 0.16383834 0.13087312 0.21918048 0.15553670 0.07583434 0.02698708 0.02536585 0.01784263 0.012694507 0.013636251 0.013061732 0.009967946 0.007353863 0.001881825 0.0017947981 0.0031565044 1.569580e-03 0.0005813954 6.343655e-03 1.620786e-03 2.271094e-03 1.262954e-04 0.0052788133
   92    1      1      0    0      1      -1      -1  1000 0.013888725 0.16432365 0.13205120 0.14250868 0.08821514 0.16854770 0.10776688 0.06014910 0.01960105 0.01957156 0.020475705 0.014976635 0.014851938 0.010829936 0.005545610 0.005211625 0.0009498465 0.0047244095 1.023816e-03 0.0004790744 1.310093e-03 1.470776e-03 1.071203e-04 4.587115e-04 0.0009610059
   93    1      1      0    0      1      -1      -1  1000 0.013257122 0.11449523 0.21435571 0.08121632 0.10649959 0.06020680 0.15309314 0.10624004 0.04854795 0.02177045 0.017884731 0.009288140 0.004305754 0.009945157 0.005261480 0.003539124 0.0038562396 0.0008796210 3.294532e-03 0.0033727126 3.053298e-03 4.428064e-04 4.995208e-04 5.142413e-03 0.0095521181
   94    1      1      0    0      1      -1      -1  1000 0.018050032 0.12789093 0.15166314 0.18565016 0.08014859 0.08462343 0.05739893 0.11165701 0.05502069 0.04841826 0.015667317 0.016846007 0.011174447 0.006020579 0.013312197 0.004453157 0.0026219932 0.0015531339 6.157123e-04 0.0020149319 6.732962e-04 1.438573e-03 6.364251e-04 3.636300e-04 0.0020874245
   95    1      1      0    0      1      -1      -1  1000 0.017409328 0.18022058 0.15269776 0.10134746 0.14412820 0.07382379 0.07031412 0.03895863 0.07962579 0.05922274 0.021981834 0.013652285 0.006459403 0.004305900 0.007488562 0.005005102 0.0020790544 0.0074163539 2.002159e-03 0.0017662364 3.668547e-03 2.780871e-04 1.021215e-03 3.901520e-04 0.0047367260
   96    1      1      0    0      1      -1      -1  1000 0.020797568 0.14172628 0.19027135 0.12232758 0.09506349 0.10562552 0.05685143 0.05588879 0.03132363 0.07004593 0.034469699 0.025189653 0.011143600 0.007003912 0.006310234 0.003934074 0.0061560931 0.0030770107 4.879022e-03 0.0007753645 5.411078e-05 1.203249e-03 1.169319e-04 5.059337e-04 0.0052595479
   97    1      1      0    0      1      -1      -1  1000 0.008700612 0.19469697 0.18592961 0.16981802 0.07100039 0.06693294 0.08262273 0.04255244 0.02396132 0.02833300 0.048426944 0.030482223 0.015014488 0.006359575 0.005152639 0.003591178 0.0028817003 0.0025197421 2.979734e-03 0.0005211516 4.144675e-04 2.022430e-04 1.918706e-03 8.791260e-05 0.0048992726
   98    1      1      0    0      1      -1      -1  1000 0.021015994 0.09528422 0.26843398 0.11611512 0.11541073 0.07761849 0.04258666 0.07565503 0.02532921 0.03769897 0.020230584 0.044678885 0.021403653 0.010381683 0.005156579 0.003186273 0.0057867427 0.0006255871 3.087230e-03 0.0009689334 6.918107e-04 5.579229e-04 1.124506e-03 9.544386e-05 0.0068757531
   99    1      1      0    0      1      -1      -1  1000 0.025986002 0.17894588 0.13223975 0.19786056 0.09361093 0.08888751 0.04798645 0.03446802 0.04439537 0.02255875 0.025285466 0.014177771 0.039661704 0.018156236 0.009322312 0.001367475 0.0062473737 0.0044875689 6.539508e-03 0.0015702102 9.244244e-04 4.509965e-04 2.756052e-04 2.798405e-06 0.0045913283
  100    1      1      0    0      1      -1      -1  1000 0.014283265 0.22543766 0.16561846 0.08761417 0.14114030 0.09087446 0.07218688 0.04639011 0.02377678 0.03138632 0.018382267 0.022644688 0.008452872 0.022063574 0.010843937 0.003400367 0.0009685029 0.0022364886 1.475334e-03 0.0006780281 1.048800e-03 5.593558e-03 1.306395e-04 1.333902e-03 0.0020386355
    2    1      2      0    0      1      -1      -1  1000 0.026000000 0.16300000 0.15600000 0.11100000 0.08400000 0.08800000 0.06900000 0.06000000 0.04700000 0.03300000 0.030000000 0.022000000 0.018000000 0.019000000 0.008000000 0.014000000 0.0090000000 0.0080000000 6.000000e-03 0.0030000000 8.000000e-03 4.000000e-03 1.000000e-03 1.000000e-03 0.0120000000
    3    1      2      0    0      1      -1      -1  1000 0.035000000 0.14500000 0.15700000 0.11300000 0.09000000 0.08300000 0.07300000 0.04900000 0.05400000 0.04000000 0.037000000 0.019000000 0.016000000 0.015000000 0.016000000 0.007000000 0.0100000000 0.0110000000 5.000000e-03 0.0070000000 3.000000e-03 3.000000e-03 3.000000e-03 1.000000e-03 0.0080000000
    4    1      2      0    0      1      -1      -1  1000 0.061000000 0.18800000 0.11700000 0.12700000 0.10500000 0.07400000 0.06200000 0.04900000 0.03400000 0.03200000 0.023000000 0.024000000 0.022000000 0.015000000 0.009000000 0.010000000 0.0080000000 0.0010000000 4.000000e-03 0.0060000000 5.000000e-03 7.000000e-03 2.000000e-03 1.000000e-03 0.0140000000
    5    1      2      0    0      1      -1      -1  1000 0.036000000 0.29200000 0.14500000 0.07800000 0.08900000 0.07700000 0.05300000 0.03400000 0.04100000 0.02400000 0.026000000 0.021000000 0.016000000 0.012000000 0.008000000 0.007000000 0.0060000000 0.0060000000 8.000000e-03 0.0020000000 1.000000e-03 3.000000e-03 1.000000e-03 6.000000e-03 0.0080000000
    6    1      2      0    0      1      -1      -1  1000 0.018000000 0.20500000 0.27000000 0.10400000 0.05000000 0.05800000 0.06400000 0.03600000 0.04500000 0.02700000 0.018000000 0.017000000 0.010000000 0.008000000 0.008000000 0.013000000 0.0110000000 0.0060000000 6.000000e-03 0.0040000000 6.000000e-03 3.000000e-03 2.000000e-03 3.000000e-03 0.0080000000
    7    1      2      0    0      1      -1      -1  1000 0.038000000 0.11600000 0.19400000 0.23300000 0.08700000 0.04500000 0.05700000 0.04000000 0.03400000 0.02300000 0.024000000 0.022000000 0.014000000 0.009000000 0.008000000 0.007000000 0.0090000000 0.0070000000 8.000000e-03 0.0040000000 5.000000e-03 3.000000e-03 2.000000e-03 3.000000e-03 0.0080000000
    8    1      2      0    0      1      -1      -1  1000 0.050000000 0.16500000 0.09900000 0.14500000 0.19200000 0.07100000 0.03800000 0.04800000 0.03000000 0.02300000 0.033000000 0.019000000 0.012000000 0.013000000 0.016000000 0.010000000 0.0050000000 0.0090000000 4.000000e-03 0.0020000000 2.000000e-03 3.000000e-03 2.000000e-03 3.000000e-03 0.0060000000
    9    1      2      0    0      1      -1      -1  1000 0.011000000 0.19700000 0.18500000 0.07800000 0.11400000 0.16100000 0.06300000 0.03500000 0.03000000 0.03000000 0.014000000 0.018000000 0.014000000 0.008000000 0.006000000 0.007000000 0.0100000000 0.0040000000 0.000000e+00 0.0040000000 2.000000e-03 4.000000e-03 0.000000e+00 2.000000e-03 0.0030000000
   10    1      2      0    0      1      -1      -1  1000 0.028000000 0.08700000 0.18400000 0.17300000 0.07400000 0.09800000 0.11600000 0.05000000 0.03000000 0.02700000 0.022000000 0.026000000 0.018000000 0.011000000 0.013000000 0.009000000 0.0070000000 0.0070000000 4.000000e-03 0.0020000000 3.000000e-03 2.000000e-03 4.000000e-03 1.000000e-03 0.0040000000
   11    1      2      0    0      1      -1      -1  1000 0.025000000 0.19500000 0.08500000 0.16700000 0.10700000 0.05500000 0.08000000 0.10100000 0.03600000 0.02700000 0.019000000 0.020000000 0.013000000 0.013000000 0.010000000 0.006000000 0.0040000000 0.0080000000 7.000000e-03 0.0000000000 3.000000e-03 2.000000e-03 4.000000e-03 3.000000e-03 0.0100000000
   12    1      2      0    0      1      -1      -1  1000 0.023000000 0.09700000 0.18900000 0.07500000 0.13100000 0.11400000 0.05300000 0.07100000 0.09400000 0.04200000 0.017000000 0.018000000 0.013000000 0.010000000 0.010000000 0.010000000 0.0050000000 0.0050000000 2.000000e-03 0.0040000000 3.000000e-03 1.000000e-03 3.000000e-03 1.000000e-03 0.0090000000
   13    1      2      0    0      1      -1      -1  1000 0.025000000 0.09700000 0.12100000 0.15800000 0.05000000 0.11900000 0.09900000 0.03300000 0.07100000 0.07400000 0.031000000 0.018000000 0.017000000 0.022000000 0.010000000 0.011000000 0.0030000000 0.0080000000 8.000000e-03 0.0060000000 6.000000e-03 0.000000e+00 2.000000e-03 2.000000e-03 0.0090000000
   14    1      2      0    0      1      -1      -1  1000 0.027000000 0.15200000 0.10600000 0.08600000 0.13000000 0.05300000 0.10300000 0.08300000 0.03400000 0.05400000 0.059000000 0.018000000 0.015000000 0.010000000 0.014000000 0.009000000 0.0120000000 0.0070000000 5.000000e-03 0.0060000000 3.000000e-03 4.000000e-03 0.000000e+00 1.000000e-03 0.0090000000
   15    1      2      0    0      1      -1      -1  1000 0.027000000 0.19000000 0.10600000 0.09200000 0.07500000 0.09600000 0.04100000 0.08900000 0.06700000 0.02200000 0.053000000 0.057000000 0.022000000 0.008000000 0.008000000 0.005000000 0.0070000000 0.0060000000 5.000000e-03 0.0050000000 4.000000e-03 2.000000e-03 2.000000e-03 1.000000e-03 0.0100000000
   16    1      2      0    0      1      -1      -1  1000 0.047000000 0.17000000 0.15100000 0.10500000 0.05800000 0.07000000 0.07900000 0.03200000 0.07000000 0.04300000 0.029000000 0.034000000 0.048000000 0.020000000 0.007000000 0.007000000 0.0030000000 0.0050000000 5.000000e-03 0.0030000000 2.000000e-03 2.000000e-03 2.000000e-03 0.000000e+00 0.0080000000
   17    1      2      0    0      1      -1      -1  1000 0.059000000 0.24100000 0.13800000 0.10900000 0.07000000 0.05300000 0.04800000 0.06400000 0.01400000 0.05500000 0.031000000 0.012000000 0.020000000 0.025000000 0.012000000 0.007000000 0.0060000000 0.0060000000 5.000000e-03 0.0110000000 4.000000e-03 2.000000e-03 2.000000e-03 1.000000e-03 0.0050000000
   18    1      2      0    0      1      -1      -1  1000 0.023000000 0.24100000 0.19700000 0.11100000 0.07300000 0.05900000 0.04500000 0.03400000 0.04800000 0.01200000 0.038000000 0.032000000 0.015000000 0.014000000 0.020000000 0.003000000 0.0060000000 0.0040000000 2.000000e-03 0.0040000000 2.000000e-03 1.000000e-03 5.000000e-03 2.000000e-03 0.0090000000
   19    1      2      0    0      1      -1      -1  1000 0.036000000 0.11800000 0.23100000 0.17100000 0.08400000 0.06200000 0.04100000 0.02800000 0.02900000 0.03400000 0.018000000 0.045000000 0.026000000 0.010000000 0.015000000 0.015000000 0.0070000000 0.0040000000 5.000000e-03 0.0020000000 3.000000e-03 1.000000e-03 4.000000e-03 3.000000e-03 0.0080000000
   20    1      2      0    0      1      -1      -1  1000 0.013000000 0.14800000 0.11900000 0.21600000 0.13700000 0.08000000 0.05800000 0.02900000 0.02200000 0.02100000 0.029000000 0.018000000 0.015000000 0.015000000 0.011000000 0.017000000 0.0110000000 0.0070000000 7.000000e-03 0.0030000000 3.000000e-03 2.000000e-03 2.000000e-03 6.000000e-03 0.0110000000
   21    1      2      0    0      1      -1      -1  1000 0.029000000 0.09100000 0.16200000 0.12200000 0.19400000 0.11400000 0.05200000 0.05700000 0.02700000 0.02500000 0.014000000 0.017000000 0.010000000 0.014000000 0.015000000 0.006000000 0.0120000000 0.0080000000 7.000000e-03 0.0030000000 3.000000e-03 4.000000e-03 5.000000e-03 2.000000e-03 0.0070000000
   22    1      2      0    0      1      -1      -1  1000 0.030000000 0.13400000 0.08900000 0.11200000 0.09200000 0.15800000 0.11900000 0.05900000 0.04800000 0.02400000 0.016000000 0.013000000 0.021000000 0.008000000 0.018000000 0.013000000 0.0070000000 0.0100000000 9.000000e-03 0.0070000000 1.000000e-03 1.000000e-03 1.000000e-03 4.000000e-03 0.0060000000
   23    1      2      0    0      1      -1      -1  1000 0.024000000 0.15800000 0.14500000 0.06500000 0.09300000 0.07400000 0.13800000 0.08900000 0.04200000 0.03000000 0.018000000 0.010000000 0.018000000 0.011000000 0.010000000 0.019000000 0.0080000000 0.0070000000 5.000000e-03 0.0130000000 4.000000e-03 2.000000e-03 1.000000e-03 3.000000e-03 0.0130000000
   24    1      2      0    0      1      -1      -1  1000 0.025000000 0.08100000 0.17300000 0.13400000 0.05100000 0.08500000 0.06900000 0.11700000 0.06900000 0.04300000 0.026000000 0.017000000 0.018000000 0.011000000 0.022000000 0.007000000 0.0120000000 0.0120000000 2.000000e-03 0.0020000000 6.000000e-03 2.000000e-03 1.000000e-03 0.000000e+00 0.0150000000
   25    1      2      0    0      1      -1      -1  1000 0.036000000 0.12200000 0.09300000 0.14600000 0.10600000 0.04500000 0.08000000 0.05800000 0.09000000 0.05300000 0.035000000 0.022000000 0.015000000 0.012000000 0.012000000 0.020000000 0.0080000000 0.0120000000 1.100000e-02 0.0040000000 2.000000e-03 7.000000e-03 3.000000e-03 1.000000e-03 0.0070000000
   26    1      2      0    0      1      -1      -1  1000 0.050000000 0.16100000 0.12400000 0.07200000 0.10800000 0.07900000 0.03900000 0.05700000 0.04800000 0.07200000 0.056000000 0.029000000 0.018000000 0.013000000 0.007000000 0.005000000 0.0080000000 0.0060000000 1.200000e-02 0.0110000000 5.000000e-03 4.000000e-03 3.000000e-03 1.000000e-03 0.0120000000
   27    1      2      0    0      1      -1      -1  1000 0.039000000 0.18200000 0.14600000 0.09600000 0.07000000 0.09300000 0.05900000 0.03100000 0.05600000 0.02600000 0.064000000 0.033000000 0.024000000 0.018000000 0.008000000 0.009000000 0.0060000000 0.0050000000 3.000000e-03 0.0080000000 2.000000e-03 0.000000e+00 4.000000e-03 8.000000e-03 0.0100000000
   28    1      2      0    0      1      -1      -1  1000 0.033000000 0.18700000 0.17700000 0.10200000 0.07800000 0.04400000 0.06600000 0.05300000 0.01400000 0.03800000 0.031000000 0.047000000 0.035000000 0.019000000 0.009000000 0.011000000 0.0040000000 0.0050000000 1.000000e-02 0.0030000000 9.000000e-03 4.000000e-03 4.000000e-03 4.000000e-03 0.0130000000
   29    1      2      0    0      1      -1      -1  1000 0.030000000 0.13900000 0.19500000 0.13300000 0.07300000 0.04800000 0.05500000 0.07000000 0.03400000 0.02400000 0.024000000 0.020000000 0.053000000 0.029000000 0.016000000 0.009000000 0.0070000000 0.0070000000 4.000000e-03 0.0070000000 2.000000e-03 5.000000e-03 8.000000e-03 1.000000e-03 0.0070000000
   30    1      2      0    0      1      -1      -1  1000 0.026000000 0.20400000 0.14700000 0.13700000 0.11200000 0.07200000 0.04200000 0.02900000 0.05200000 0.03100000 0.011000000 0.029000000 0.014000000 0.031000000 0.019000000 0.009000000 0.0060000000 0.0040000000 3.000000e-03 0.0040000000 3.000000e-03 2.000000e-03 2.000000e-03 1.000000e-03 0.0100000000
   31    1      2      0    0      1      -1      -1  1000 0.044000000 0.17800000 0.16400000 0.09100000 0.11000000 0.09900000 0.06700000 0.04200000 0.02300000 0.03600000 0.033000000 0.012000000 0.015000000 0.014000000 0.029000000 0.012000000 0.0080000000 0.0040000000 2.000000e-03 0.0030000000 1.000000e-03 0.000000e+00 3.000000e-03 2.000000e-03 0.0080000000
   32    1      2      0    0      1      -1      -1  1000 0.057000000 0.22700000 0.16400000 0.10900000 0.05900000 0.07900000 0.07100000 0.03900000 0.02600000 0.01300000 0.021000000 0.032000000 0.013000000 0.013000000 0.016000000 0.017000000 0.0140000000 0.0060000000 6.000000e-03 0.0040000000 4.000000e-03 1.000000e-03 2.000000e-03 0.000000e+00 0.0070000000
   33    1      2      0    0      1      -1      -1  1000 0.029000000 0.25100000 0.16500000 0.12200000 0.07500000 0.06700000 0.05000000 0.05100000 0.03700000 0.01900000 0.014000000 0.022000000 0.024000000 0.006000000 0.007000000 0.011000000 0.0170000000 0.0100000000 6.000000e-03 0.0030000000 6.000000e-03 3.000000e-03 2.000000e-03 1.000000e-03 0.0020000000
   34    1      2      0    0      1      -1      -1  1000 0.020000000 0.15900000 0.24200000 0.13900000 0.07500000 0.08300000 0.05200000 0.04500000 0.04900000 0.03900000 0.015000000 0.010000000 0.014000000 0.009000000 0.004000000 0.009000000 0.0040000000 0.0050000000 1.100000e-02 0.0010000000 2.000000e-03 1.000000e-03 1.000000e-03 3.000000e-03 0.0080000000
   35    1      2      0    0      1      -1      -1  1000 0.014000000 0.13600000 0.14100000 0.19500000 0.12100000 0.08300000 0.06200000 0.03000000 0.04300000 0.04000000 0.028000000 0.016000000 0.003000000 0.024000000 0.010000000 0.007000000 0.0080000000 0.0070000000 8.000000e-03 0.0050000000 5.000000e-03 4.000000e-03 2.000000e-03 1.000000e-03 0.0070000000
   36    1      2      0    0      1      -1      -1  1000 0.040000000 0.11400000 0.14000000 0.14800000 0.18000000 0.08200000 0.07100000 0.04600000 0.02800000 0.03600000 0.030000000 0.014000000 0.006000000 0.008000000 0.011000000 0.004000000 0.0050000000 0.0070000000 4.000000e-03 0.0090000000 3.000000e-03 2.000000e-03 2.000000e-03 1.000000e-03 0.0090000000
   37    1      2      0    0      1      -1      -1  1000 0.034000000 0.20000000 0.09000000 0.08900000 0.11400000 0.12900000 0.09100000 0.05600000 0.03800000 0.02300000 0.040000000 0.021000000 0.017000000 0.010000000 0.003000000 0.007000000 0.0070000000 0.0020000000 1.000000e-02 0.0040000000 2.000000e-03 1.000000e-03 4.000000e-03 3.000000e-03 0.0050000000
   38    1      2      0    0      1      -1      -1  1000 0.035000000 0.16200000 0.17600000 0.10700000 0.06300000 0.08300000 0.10100000 0.05600000 0.05000000 0.03300000 0.027000000 0.027000000 0.018000000 0.013000000 0.007000000 0.005000000 0.0090000000 0.0060000000 2.000000e-03 0.0030000000 1.000000e-03 5.000000e-03 2.000000e-03 2.000000e-03 0.0070000000
   39    1      2      0    0      1      -1      -1  1000 0.049000000 0.17800000 0.14000000 0.14100000 0.07200000 0.05900000 0.05400000 0.08600000 0.06400000 0.03800000 0.025000000 0.017000000 0.011000000 0.013000000 0.013000000 0.012000000 0.0020000000 0.0060000000 6.000000e-03 0.0000000000 2.000000e-03 7.000000e-03 1.000000e-03 1.000000e-03 0.0030000000
   40    1      2      0    0      1      -1      -1  1000 0.077000000 0.22500000 0.13900000 0.11800000 0.09700000 0.03100000 0.04700000 0.04100000 0.06500000 0.03300000 0.024000000 0.018000000 0.013000000 0.018000000 0.012000000 0.012000000 0.0030000000 0.0040000000 4.000000e-03 0.0040000000 2.000000e-03 4.000000e-03 0.000000e+00 4.000000e-03 0.0050000000
   41    1      2      0    0      1      -1      -1  1000 0.037000000 0.36300000 0.18700000 0.07800000 0.07100000 0.06000000 0.02900000 0.03000000 0.01900000 0.04200000 0.016000000 0.016000000 0.014000000 0.010000000 0.004000000 0.009000000 0.0060000000 0.0020000000 2.000000e-03 0.0020000000 2.000000e-03 0.000000e+00 0.000000e+00 0.000000e+00 0.0010000000
   42    1      2      0    0      1      -1      -1  1000 0.015000000 0.17700000 0.30200000 0.11900000 0.08200000 0.06000000 0.05900000 0.02500000 0.02300000 0.02300000 0.033000000 0.027000000 0.013000000 0.012000000 0.004000000 0.008000000 0.0060000000 0.0020000000 1.000000e-03 0.0020000000 1.000000e-03 1.000000e-03 0.000000e+00 1.000000e-03 0.0040000000
   43    1      2      0    0      1      -1      -1  1000 0.018000000 0.10200000 0.16400000 0.25800000 0.12300000 0.05500000 0.04400000 0.05100000 0.02700000 0.02000000 0.014000000 0.037000000 0.022000000 0.011000000 0.009000000 0.007000000 0.0120000000 0.0050000000 1.000000e-03 0.0010000000 1.000000e-03 9.000000e-03 0.000000e+00 0.000000e+00 0.0090000000
   44    1      2      0    0      1      -1      -1  1000 0.033000000 0.11800000 0.09700000 0.14700000 0.22700000 0.08500000 0.05500000 0.04700000 0.05500000 0.02500000 0.015000000 0.017000000 0.025000000 0.010000000 0.008000000 0.005000000 0.0060000000 0.0050000000 7.000000e-03 0.0010000000 5.000000e-03 0.000000e+00 1.000000e-03 3.000000e-03 0.0030000000
   45    1      2      0    0      1      -1      -1  1000 0.034000000 0.15400000 0.12700000 0.08100000 0.12700000 0.19100000 0.06800000 0.03200000 0.03300000 0.03000000 0.016000000 0.017000000 0.019000000 0.026000000 0.007000000 0.004000000 0.0060000000 0.0030000000 6.000000e-03 0.0040000000 5.000000e-03 1.000000e-03 3.000000e-03 2.000000e-03 0.0040000000
   46    1      2      0    0      1      -1      -1  1000 0.038000000 0.15700000 0.16000000 0.10800000 0.06400000 0.12900000 0.12400000 0.06500000 0.02800000 0.01900000 0.021000000 0.008000000 0.007000000 0.014000000 0.015000000 0.007000000 0.0070000000 0.0070000000 3.000000e-03 0.0010000000 5.000000e-03 0.000000e+00 3.000000e-03 1.000000e-03 0.0090000000
   47    1      2      0    0      1      -1      -1  1000 0.045000000 0.20400000 0.18200000 0.11800000 0.07000000 0.04800000 0.07500000 0.09200000 0.04800000 0.02600000 0.015000000 0.021000000 0.007000000 0.002000000 0.009000000 0.011000000 0.0050000000 0.0040000000 2.000000e-03 0.0040000000 1.000000e-03 3.000000e-03 1.000000e-03 2.000000e-03 0.0050000000
   48    1      2      0    0      1      -1      -1  1000 0.048000000 0.25800000 0.15600000 0.11500000 0.06900000 0.06500000 0.03100000 0.05000000 0.08000000 0.03400000 0.023000000 0.013000000 0.012000000 0.005000000 0.004000000 0.004000000 0.0080000000 0.0010000000 3.000000e-03 0.0040000000 3.000000e-03 5.000000e-03 2.000000e-03 2.000000e-03 0.0050000000
   49    1      2      0    0      1      -1      -1  1000 0.037000000 0.19500000 0.24800000 0.12700000 0.10500000 0.06100000 0.03700000 0.02300000 0.03500000 0.05400000 0.018000000 0.009000000 0.007000000 0.009000000 0.003000000 0.003000000 0.0020000000 0.0110000000 4.000000e-03 0.0020000000 1.000000e-03 0.000000e+00 1.000000e-03 1.000000e-03 0.0070000000
   50    1      2      0    0      1      -1      -1  1000 0.040000000 0.16700000 0.17400000 0.18500000 0.09000000 0.06300000 0.05900000 0.02500000 0.02500000 0.03300000 0.053000000 0.030000000 0.013000000 0.007000000 0.009000000 0.003000000 0.0030000000 0.0050000000 6.000000e-03 0.0060000000 3.000000e-03 0.000000e+00 0.000000e+00 1.000000e-03 0.0000000000
   51    1      2      0    0      1      -1      -1  1000 0.102000000 0.15500000 0.16100000 0.13600000 0.13500000 0.07800000 0.05400000 0.03900000 0.02200000 0.01200000 0.026000000 0.032000000 0.014000000 0.001000000 0.007000000 0.006000000 0.0030000000 0.0000000000 3.000000e-03 0.0060000000 1.000000e-03 2.000000e-03 2.000000e-03 0.000000e+00 0.0030000000
   52    1      2      0    0      1      -1      -1  1000 0.024000000 0.37700000 0.11600000 0.09600000 0.09200000 0.09000000 0.05300000 0.02700000 0.02700000 0.01500000 0.003000000 0.013000000 0.026000000 0.010000000 0.003000000 0.007000000 0.0040000000 0.0040000000 1.000000e-03 0.0020000000 3.000000e-03 3.000000e-03 0.000000e+00 1.000000e-03 0.0030000000
   53    1      2      0    0      1      -1      -1  1000 0.016000000 0.13000000 0.36000000 0.10300000 0.08800000 0.07800000 0.06800000 0.02700000 0.02200000 0.01900000 0.010000000 0.006000000 0.020000000 0.017000000 0.008000000 0.006000000 0.0040000000 0.0070000000 2.000000e-03 0.0010000000 1.000000e-03 3.000000e-03 1.000000e-03 2.000000e-03 0.0010000000
   54    1      2      0    0      1      -1      -1  1000 0.040000000 0.07700000 0.11800000 0.33400000 0.08500000 0.06900000 0.07700000 0.06700000 0.03400000 0.01500000 0.020000000 0.011000000 0.004000000 0.009000000 0.015000000 0.006000000 0.0040000000 0.0040000000 3.000000e-03 0.0010000000 1.000000e-03 2.000000e-03 2.000000e-03 1.000000e-03 0.0010000000
   55    1      2      0    0      1      -1      -1  1000 0.024000000 0.14900000 0.05700000 0.11900000 0.29000000 0.08900000 0.05600000 0.05700000 0.05400000 0.02200000 0.022000000 0.012000000 0.006000000 0.006000000 0.005000000 0.016000000 0.0040000000 0.0020000000 3.000000e-03 0.0030000000 0.000000e+00 0.000000e+00 1.000000e-03 2.000000e-03 0.0010000000
   56    1      2      0    0      1      -1      -1  1000 0.033000000 0.12400000 0.14700000 0.06600000 0.11700000 0.23100000 0.05700000 0.04000000 0.05300000 0.03600000 0.021000000 0.019000000 0.013000000 0.011000000 0.005000000 0.006000000 0.0070000000 0.0060000000 1.000000e-03 0.0010000000 3.000000e-03 1.000000e-03 1.000000e-03 0.000000e+00 0.0010000000
   57    1      2      0    0      1      -1      -1  1000 0.027000000 0.16900000 0.13500000 0.12800000 0.05200000 0.07300000 0.20200000 0.04300000 0.04100000 0.03400000 0.026000000 0.018000000 0.010000000 0.008000000 0.009000000 0.002000000 0.0040000000 0.0050000000 3.000000e-03 0.0010000000 0.000000e+00 2.000000e-03 0.000000e+00 0.000000e+00 0.0080000000
   58    1      2      0    0      1      -1      -1  1000 0.052000000 0.16000000 0.17700000 0.08600000 0.08000000 0.04600000 0.06100000 0.15200000 0.04700000 0.03900000 0.022000000 0.024000000 0.016000000 0.006000000 0.009000000 0.003000000 0.0020000000 0.0040000000 5.000000e-03 0.0020000000 1.000000e-03 1.000000e-03 2.000000e-03 1.000000e-03 0.0020000000
   59    1      2      0    0      1      -1      -1  1000 0.037000000 0.22200000 0.13800000 0.13000000 0.06500000 0.06900000 0.02200000 0.04000000 0.11700000 0.03600000 0.032000000 0.023000000 0.017000000 0.014000000 0.008000000 0.007000000 0.0030000000 0.0010000000 1.000000e-03 0.0060000000 2.000000e-03 2.000000e-03 1.000000e-03 3.000000e-03 0.0040000000
   60    1      2      0    0      1      -1      -1  1000 0.039000000 0.20300000 0.20700000 0.11900000 0.08300000 0.06100000 0.05500000 0.01900000 0.03600000 0.07900000 0.017000000 0.022000000 0.015000000 0.015000000 0.006000000 0.005000000 0.0070000000 0.0000000000 3.000000e-03 0.0030000000 3.000000e-03 1.000000e-03 1.000000e-03 0.000000e+00 0.0010000000
   61    1      2      0    0      1      -1      -1  1000 0.075000000 0.18900000 0.16700000 0.14100000 0.07800000 0.06300000 0.03800000 0.03600000 0.01900000 0.03900000 0.063000000 0.019000000 0.017000000 0.015000000 0.015000000 0.003000000 0.0080000000 0.0020000000 2.000000e-03 0.0000000000 3.000000e-03 4.000000e-03 1.000000e-03 0.000000e+00 0.0030000000
   62    1      2      0    0      1      -1      -1  1000 0.072000000 0.30600000 0.15800000 0.11400000 0.10100000 0.04700000 0.04600000 0.02200000 0.02600000 0.01000000 0.007000000 0.031000000 0.014000000 0.013000000 0.006000000 0.009000000 0.0070000000 0.0020000000 2.000000e-03 0.0020000000 1.000000e-03 1.000000e-03 1.000000e-03 0.000000e+00 0.0020000000
   63    1      2      0    0      1      -1      -1  1000 0.036000000 0.31500000 0.22500000 0.09500000 0.07700000 0.06600000 0.03900000 0.01900000 0.01000000 0.01700000 0.011000000 0.013000000 0.041000000 0.004000000 0.009000000 0.006000000 0.0070000000 0.0030000000 4.000000e-03 0.0000000000 0.000000e+00 0.000000e+00 1.000000e-03 2.000000e-03 0.0000000000
   64    1      2      0    0      1      -1      -1  1000 0.048000000 0.16400000 0.28000000 0.20100000 0.08200000 0.04600000 0.04400000 0.02400000 0.02100000 0.01700000 0.011000000 0.011000000 0.007000000 0.013000000 0.006000000 0.003000000 0.0040000000 0.0090000000 3.000000e-03 0.0010000000 1.000000e-03 1.000000e-03 1.000000e-03 1.000000e-03 0.0010000000
   65    1      2      0    0      1      -1      -1  1000 0.044000000 0.24300000 0.14100000 0.20900000 0.12400000 0.05500000 0.03500000 0.04000000 0.02600000 0.01300000 0.012000000 0.009000000 0.008000000 0.007000000 0.012000000 0.006000000 0.0030000000 0.0030000000 2.000000e-03 0.0010000000 0.000000e+00 4.000000e-03 0.000000e+00 0.000000e+00 0.0030000000
   66    1      2      0    0      1      -1      -1  1000 0.026000000 0.20000000 0.19700000 0.09100000 0.17800000 0.12200000 0.05400000 0.03400000 0.02900000 0.01300000 0.010000000 0.009000000 0.007000000 0.002000000 0.004000000 0.009000000 0.0030000000 0.0040000000 1.000000e-03 0.0020000000 3.000000e-03 0.000000e+00 0.000000e+00 0.000000e+00 0.0020000000
   67    1      2      0    0      1      -1      -1  1000 0.030000000 0.17100000 0.18400000 0.14500000 0.08400000 0.14700000 0.08700000 0.03500000 0.03800000 0.02000000 0.013000000 0.007000000 0.007000000 0.004000000 0.001000000 0.007000000 0.0140000000 0.0000000000 0.000000e+00 0.0030000000 0.000000e+00 0.000000e+00 0.000000e+00 1.000000e-03 0.0020000000
   68    1      2      0    0      1      -1      -1  1000 0.047000000 0.14400000 0.15200000 0.16000000 0.13700000 0.07900000 0.09200000 0.07900000 0.02100000 0.02200000 0.017000000 0.009000000 0.008000000 0.006000000 0.005000000 0.005000000 0.0010000000 0.0090000000 1.000000e-03 0.0000000000 2.000000e-03 0.000000e+00 2.000000e-03 0.000000e+00 0.0020000000
   69    1      2      0    0      1      -1      -1  1000 0.066000000 0.22000000 0.11000000 0.10500000 0.11200000 0.10000000 0.05800000 0.08400000 0.05700000 0.01800000 0.015000000 0.015000000 0.005000000 0.005000000 0.009000000 0.005000000 0.0020000000 0.0020000000 5.000000e-03 0.0040000000 0.000000e+00 2.000000e-03 0.000000e+00 1.000000e-03 0.0000000000
   70    1      2      0    0      1      -1      -1  1000 0.048000000 0.29200000 0.18500000 0.06400000 0.08300000 0.07900000 0.06900000 0.04200000 0.04800000 0.03800000 0.012000000 0.008000000 0.010000000 0.004000000 0.005000000 0.003000000 0.0010000000 0.0020000000 3.000000e-03 0.0010000000 0.000000e+00 1.000000e-03 1.000000e-03 0.000000e+00 0.0010000000
   71    1      2      0    0      1      -1      -1  1000 0.041000000 0.19800000 0.21800000 0.14500000 0.06200000 0.06900000 0.05000000 0.06400000 0.02700000 0.05300000 0.025000000 0.006000000 0.006000000 0.011000000 0.002000000 0.008000000 0.0010000000 0.0000000000 3.000000e-03 0.0030000000 4.000000e-03 1.000000e-03 0.000000e+00 1.000000e-03 0.0020000000
   72    1      2      0    0      1      -1      -1  1000 0.046000000 0.20700000 0.15200000 0.19200000 0.11400000 0.04400000 0.03600000 0.04700000 0.04000000 0.02300000 0.036000000 0.021000000 0.013000000 0.008000000 0.002000000 0.002000000 0.0040000000 0.0030000000 3.000000e-03 0.0020000000 1.000000e-03 1.000000e-03 2.000000e-03 0.000000e+00 0.0010000000
   73    1      2      0    0      1      -1      -1  1000 0.078000000 0.20900000 0.14700000 0.11800000 0.15600000 0.07500000 0.02600000 0.02800000 0.04300000 0.02800000 0.019000000 0.027000000 0.024000000 0.007000000 0.004000000 0.003000000 0.0000000000 0.0020000000 0.000000e+00 0.0000000000 1.000000e-03 2.000000e-03 1.000000e-03 1.000000e-03 0.0010000000
   74    1      2      0    0      1      -1      -1  1000 0.019000000 0.24600000 0.18000000 0.12700000 0.10500000 0.11300000 0.05800000 0.02500000 0.02900000 0.01300000 0.025000000 0.011000000 0.013000000 0.013000000 0.005000000 0.003000000 0.0030000000 0.0040000000 2.000000e-03 0.0020000000 2.000000e-03 0.000000e+00 0.000000e+00 1.000000e-03 0.0010000000
   75    1      2      0    0      1      -1      -1  1000 0.051000000 0.10600000 0.28900000 0.14900000 0.08800000 0.07900000 0.07800000 0.04200000 0.02200000 0.01700000 0.014000000 0.018000000 0.010000000 0.016000000 0.009000000 0.007000000 0.0030000000 0.0000000000 0.000000e+00 0.0000000000 1.000000e-03 0.000000e+00 0.000000e+00 0.000000e+00 0.0010000000
   76    1      2      0    0      1      -1      -1  1000 0.018000000 0.20700000 0.13100000 0.21000000 0.11300000 0.07900000 0.05900000 0.05500000 0.03500000 0.00800000 0.022000000 0.017000000 0.010000000 0.008000000 0.014000000 0.005000000 0.0030000000 0.0020000000 2.000000e-03 0.0000000000 1.000000e-03 0.000000e+00 0.000000e+00 0.000000e+00 0.0010000000
   77    1      2      0    0      1      -1      -1  1000 0.029000000 0.11300000 0.20700000 0.11000000 0.17300000 0.07800000 0.06500000 0.04900000 0.05600000 0.03300000 0.016000000 0.013000000 0.018000000 0.016000000 0.007000000 0.005000000 0.0040000000 0.0010000000 2.000000e-03 0.0010000000 1.000000e-03 2.000000e-03 0.000000e+00 1.000000e-03 0.0000000000
   78    1      2      0    0      1      -1      -1  1000 0.046000000 0.14000000 0.07400000 0.17700000 0.07300000 0.14700000 0.07900000 0.06200000 0.04400000 0.04900000 0.030000000 0.016000000 0.006000000 0.011000000 0.014000000 0.004000000 0.0130000000 0.0050000000 2.000000e-03 0.0020000000 4.000000e-03 0.000000e+00 0.000000e+00 0.000000e+00 0.0020000000
   79    1      2      0    0      1      -1      -1  1000 0.046000000 0.25100000 0.10200000 0.06000000 0.13000000 0.04700000 0.13100000 0.05300000 0.04200000 0.03800000 0.042000000 0.018000000 0.006000000 0.006000000 0.008000000 0.007000000 0.0000000000 0.0070000000 2.000000e-03 0.0010000000 0.000000e+00 2.000000e-03 0.000000e+00 1.000000e-03 0.0000000000
   80    1      2      0    0      1      -1      -1  1000 0.046000000 0.18700000 0.24000000 0.09300000 0.05400000 0.09200000 0.04500000 0.08000000 0.04300000 0.02100000 0.019000000 0.031000000 0.008000000 0.008000000 0.005000000 0.007000000 0.0030000000 0.0020000000 5.000000e-03 0.0010000000 1.000000e-03 1.000000e-03 3.000000e-03 2.000000e-03 0.0030000000
   81    1      2      0    0      1      -1      -1  1000 0.030000000 0.22200000 0.17200000 0.17400000 0.06300000 0.03600000 0.07300000 0.03400000 0.06200000 0.04500000 0.017000000 0.015000000 0.016000000 0.010000000 0.007000000 0.002000000 0.0060000000 0.0010000000 2.000000e-03 0.0030000000 2.000000e-03 2.000000e-03 1.000000e-03 1.000000e-03 0.0040000000
   82    1      2      0    0      1      -1      -1  1000 0.031000000 0.17900000 0.22700000 0.11000000 0.11200000 0.05700000 0.03400000 0.06000000 0.03300000 0.04500000 0.017000000 0.019000000 0.017000000 0.019000000 0.008000000 0.009000000 0.0040000000 0.0010000000 9.000000e-03 0.0050000000 2.000000e-03 1.000000e-03 0.000000e+00 0.000000e+00 0.0010000000
   83    1      2      0    0      1      -1      -1  1000 0.048000000 0.15300000 0.15700000 0.17800000 0.11600000 0.09900000 0.03500000 0.02900000 0.04700000 0.01900000 0.040000000 0.017000000 0.014000000 0.007000000 0.012000000 0.007000000 0.0060000000 0.0040000000 1.000000e-03 0.0010000000 2.000000e-03 1.000000e-03 3.000000e-03 1.000000e-03 0.0030000000
   84    1      2      0    0      1      -1      -1  1000 0.043000000 0.16200000 0.14500000 0.11200000 0.14600000 0.08900000 0.08600000 0.03100000 0.01600000 0.04700000 0.024000000 0.035000000 0.011000000 0.012000000 0.008000000 0.010000000 0.0060000000 0.0040000000 6.000000e-03 0.0010000000 2.000000e-03 0.000000e+00 3.000000e-03 0.000000e+00 0.0010000000
   85    1      2      0    0      1      -1      -1  1000 0.061000000 0.14500000 0.17300000 0.12500000 0.10000000 0.10400000 0.06400000 0.06900000 0.02400000 0.01300000 0.031000000 0.019000000 0.015000000 0.015000000 0.009000000 0.007000000 0.0110000000 0.0030000000 2.000000e-03 0.0000000000 2.000000e-03 1.000000e-03 0.000000e+00 1.000000e-03 0.0060000000
   86    1      2      0    0      1      -1      -1  1000 0.081000000 0.25500000 0.13000000 0.11700000 0.06500000 0.07000000 0.07900000 0.03600000 0.04200000 0.01700000 0.013000000 0.023000000 0.011000000 0.021000000 0.008000000 0.010000000 0.0040000000 0.0060000000 3.000000e-03 0.0020000000 1.000000e-03 0.000000e+00 3.000000e-03 0.000000e+00 0.0030000000
   87    1      2      0    0      1      -1      -1  1000 0.077000000 0.30200000 0.17800000 0.07200000 0.07400000 0.05500000 0.05500000 0.05000000 0.02200000 0.03100000 0.015000000 0.007000000 0.020000000 0.014000000 0.010000000 0.005000000 0.0020000000 0.0020000000 4.000000e-03 0.0020000000 1.000000e-03 1.000000e-03 0.000000e+00 0.000000e+00 0.0010000000
   88    1      2      0    0      1      -1      -1  1000 0.026000000 0.34400000 0.26100000 0.10100000 0.04800000 0.04900000 0.03700000 0.03600000 0.02200000 0.02100000 0.015000000 0.009000000 0.004000000 0.005000000 0.001000000 0.007000000 0.0010000000 0.0020000000 2.000000e-03 0.0020000000 1.000000e-03 2.000000e-03 0.000000e+00 0.000000e+00 0.0040000000
   89    1      2      0    0      1      -1      -1  1000 0.035000000 0.10800000 0.33500000 0.20600000 0.09900000 0.03300000 0.03500000 0.03900000 0.02200000 0.02000000 0.012000000 0.018000000 0.006000000 0.003000000 0.006000000 0.002000000 0.0070000000 0.0060000000 1.000000e-03 0.0000000000 2.000000e-03 0.000000e+00 0.000000e+00 3.000000e-03 0.0020000000
   90    1      2      0    0      1      -1      -1  1000 0.035000000 0.16400000 0.11100000 0.25800000 0.17700000 0.07200000 0.03400000 0.02600000 0.02300000 0.02800000 0.012000000 0.016000000 0.014000000 0.008000000 0.000000000 0.004000000 0.0040000000 0.0010000000 2.000000e-03 0.0030000000 1.000000e-03 3.000000e-03 1.000000e-03 0.000000e+00 0.0030000000
   91    1      2      0    0      1      -1      -1  1000 0.039000000 0.11200000 0.15500000 0.11800000 0.23900000 0.12500000 0.06900000 0.03000000 0.01600000 0.01400000 0.020000000 0.015000000 0.010000000 0.008000000 0.003000000 0.003000000 0.0040000000 0.0060000000 3.000000e-03 0.0040000000 1.000000e-03 1.000000e-03 1.000000e-03 1.000000e-03 0.0030000000
   92    1      2      0    0      1      -1      -1  1000 0.031000000 0.23400000 0.11000000 0.12400000 0.08300000 0.13600000 0.10400000 0.05200000 0.03600000 0.02000000 0.014000000 0.015000000 0.014000000 0.005000000 0.003000000 0.002000000 0.0010000000 0.0050000000 1.000000e-03 0.0020000000 3.000000e-03 0.000000e+00 3.000000e-03 0.000000e+00 0.0020000000
   93    1      2      0    0      1      -1      -1  1000 0.034000000 0.12500000 0.22100000 0.10600000 0.11300000 0.06500000 0.12900000 0.06600000 0.03800000 0.01700000 0.013000000 0.010000000 0.009000000 0.017000000 0.011000000 0.009000000 0.0010000000 0.0030000000 2.000000e-03 0.0020000000 3.000000e-03 2.000000e-03 1.000000e-03 2.000000e-03 0.0010000000
   94    1      2      0    0      1      -1      -1  1000 0.046000000 0.13800000 0.14000000 0.18900000 0.07900000 0.08600000 0.04700000 0.09600000 0.06000000 0.04500000 0.010000000 0.016000000 0.009000000 0.003000000 0.010000000 0.005000000 0.0070000000 0.0010000000 0.000000e+00 0.0020000000 4.000000e-03 0.000000e+00 1.000000e-03 1.000000e-03 0.0050000000
   95    1      2      0    0      1      -1      -1  1000 0.033000000 0.24000000 0.13200000 0.08500000 0.13200000 0.05600000 0.06300000 0.02800000 0.09200000 0.05800000 0.023000000 0.010000000 0.009000000 0.010000000 0.006000000 0.007000000 0.0050000000 0.0070000000 0.000000e+00 0.0000000000 0.000000e+00 0.000000e+00 2.000000e-03 0.000000e+00 0.0020000000
   96    1      2      0    0      1      -1      -1  1000 0.056000000 0.15000000 0.19200000 0.12100000 0.08300000 0.10200000 0.04600000 0.04400000 0.02700000 0.07100000 0.035000000 0.021000000 0.007000000 0.009000000 0.010000000 0.008000000 0.0040000000 0.0010000000 3.000000e-03 0.0020000000 1.000000e-03 1.000000e-03 0.000000e+00 1.000000e-03 0.0050000000
   97    1      2      0    0      1      -1      -1  1000 0.036000000 0.25900000 0.13500000 0.13700000 0.07100000 0.06200000 0.07400000 0.03500000 0.03400000 0.02000000 0.054000000 0.033000000 0.017000000 0.010000000 0.007000000 0.004000000 0.0020000000 0.0020000000 0.000000e+00 0.0020000000 4.000000e-03 0.000000e+00 0.000000e+00 0.000000e+00 0.0020000000
   98    1      2      0    0      1      -1      -1  1000 0.072000000 0.12700000 0.24000000 0.12400000 0.11100000 0.05600000 0.04300000 0.05700000 0.02700000 0.02600000 0.023000000 0.038000000 0.031000000 0.007000000 0.000000000 0.006000000 0.0060000000 0.0000000000 2.000000e-03 0.0010000000 0.000000e+00 1.000000e-03 0.000000e+00 1.000000e-03 0.0010000000
   99    1      2      0    0      1      -1      -1  1000 0.048000000 0.19500000 0.12300000 0.17600000 0.11100000 0.09900000 0.04900000 0.03500000 0.04400000 0.01800000 0.019000000 0.013000000 0.024000000 0.024000000 0.007000000 0.003000000 0.0030000000 0.0020000000 0.000000e+00 0.0010000000 3.000000e-03 1.000000e-03 0.000000e+00 0.000000e+00 0.0020000000
  100    1      2      0    0      1      -1      -1  1000 0.045000000 0.25700000 0.16300000 0.09400000 0.12300000 0.06800000 0.05800000 0.03500000 0.02700000 0.03500000 0.018000000 0.015000000 0.011000000 0.019000000 0.011000000 0.006000000 0.0040000000 0.0020000000 1.000000e-03 0.0000000000 4.000000e-03 1.000000e-03 2.000000e-03 0.000000e+00 0.0010000000
0 #_N_MeanSize_at_Age_obs
0 #_N_environ_variables
0 #_N_environ_obs
0 #_N_sizefreq_methods
0 #_do_tags
0 #_morphcomp_data
#
999
