#C data file created using the SS_writedat function in the R package r4ss
#C should work with SS version: 
#C file write time: 2014-11-06 00:44:28
#
1 #_styr
100 #_endyr
1 #_nseas
12 #_months_per_seas
1 #_spawn_seas
1 #_Nfleet
2 #_Nsurveys
1 #_N_areas
Fishery%Survey%CPUE #_fleetnames
0.5 0.5 0.5 #_surveytiming_in_season
1 1 1 #_area_assignments_for_each_fishery_and_survey
1 #_units of catch:  1=bio; 2=num
0.01 #_se of log(catch) only used for init_eq_catch and for Fmethod 2 and 3
1 #_Ngenders
25 #_Nages
0 #_init_equil_catch_for_each_fishery
100 #_N_lines_of_catch_to_read
 #_Fishery year seas
         0    1    1
         0    2    1
         0    3    1
         0    4    1
         0    5    1
         0    6    1
         0    7    1
         0    8    1
         0    9    1
         0   10    1
         0   11    1
         0   12    1
         0   13    1
         0   14    1
         0   15    1
         0   16    1
         0   17    1
         0   18    1
         0   19    1
         0   20    1
         0   21    1
         0   22    1
         0   23    1
         0   24    1
         0   25    1
 286096000   26    1
 267572000   27    1
 250796000   28    1
 233529000   29    1
 223273000   30    1
 219444000   31    1
 210697000   32    1
 201793000   33    1
 194950000   34    1
 189969000   35    1
 183580000   36    1
 179051000   37    1
 174865000   38    1
 170190000   39    1
 164848000   40    1
 159765000   41    1
 157773000   42    1
 156834000   43    1
 153925000   44    1
 154050000   45    1
 155337000   46    1
 155676000   47    1
 153898000   48    1
 152397000   49    1
 152296000   50    1
 155534000   51    1
 161488000   52    1
 164058000   53    1
 167265000   54    1
 169915000   55    1
 169778000   56    1
 169033000   57    1
 169607000   58    1
 171377000   59    1
 170936000   60    1
 170008000   61    1
 168334000   62    1
 165691000   63    1
 164837000   64    1
 160796000   65    1
 152435000   66    1
 144885000   67    1
 141366000   68    1
 140884000   69    1
 141920000   70    1
 141551000   71    1
 143663000   72    1
 145674000   73    1
 149821000   74    1
 154051000   75    1
 155455000   76    1
 154415000   77    1
 153961000   78    1
 154348000   79    1
 152041000   80    1
 147867000   81    1
 143077000   82    1
 136742000   83    1
 133247000   84    1
 135192000   85    1
 136522000   86    1
 135936000   87    1
 135142000   88    1
 136230000   89    1
 138225000   90    1
 143472000   91    1
 146155000   92    1
 146981000   93    1
 149062000   94    1
 149576000   95    1
 149165000   96    1
 148472000   97    1
 146555000   98    1
 144350000   99    1
 144295000  100    1
13 #_N_cpue
 #_Fleet Units Errtype
       1     1       0
       2     1       0
       3     1       0
 #_year seas index        obs se_log
     76    1     2 2470823450    0.2
     78    1     2 2061348436    0.2
     80    1     2 2227801206    0.2
     82    1     2 1347640180    0.2
     84    1     2 2298524142    0.2
     86    1     2 1943803979    0.2
     88    1     2 1863129556    0.2
     90    1     2 1577284093    0.2
     92    1     2 2347766183    0.2
     94    1     2 1883454723    0.2
     96    1     2 2510914929    0.2
     98    1     2 1718033083    0.2
    100    1     2 1778940974    0.2
0 #_N_discard_fleets
#_discard_units (1=same_as_catchunits(bio/num); 2=fraction; 3=numbers)
#_discard_errtype:  >0 for DF of T-dist(read CV below); 0 for normal with CV; -1 for normal with se; -2 for lognormal
0 #_N_discard
0 #_N_meanbodywt
1 #_DF_for_meanbodywt_T-distribution_like
2 # length bin method: 1=use databins; 2=generate from binwidth,min,max below; 3=read vector
1 # binwidth for population size comp
10 # minimum size in the population (lower edge of first bin and size at age 0.00)
200 # maximum size in the population (lower edge of last bin)
-0.001 #_comp_tail_compression
1e-05 #_add_to_comp
0 #_combine males into females at or below this bin number
21 #_N_lbins
#_lbin_vector
10 53 70 83 94 101 107 111 114 117 120 123 125 127 130 132 135 138 142 148 200
0 #_N_Length_comp_observations
25 #_N_agebins
#_agebin_vector
1 2 3 4 5 6 7 8 9 10 11 12 13 14 15 16 17 18 19 20 21 22 23 24 25
1 #_N_ageerror_definitions
 #_age0   age1   age2   age3   age4   age5   age6   age7   age8   age9  age10  age11  age12  age13  age14  age15  age16  age17  age18  age19  age20  age21  age22  age23  age24  age25
 -1.000 -1.000 -1.000 -1.000 -1.000 -1.000 -1.000 -1.000 -1.000 -1.000 -1.000 -1.000 -1.000 -1.000 -1.000 -1.000 -1.000 -1.000 -1.000 -1.000 -1.000 -1.000 -1.000 -1.000 -1.000 -1.000
  0.001  0.001  0.001  0.001  0.001  0.001  0.001  0.001  0.001  0.001  0.001  0.001  0.001  0.001  0.001  0.001  0.001  0.001  0.001  0.001  0.001  0.001  0.001  0.001  0.001  0.001
22 #_N_agecomp
1 #_Lbin_method: 1=poplenbins; 2=datalenbins; 3=lengths
-1 #_combine males into females at or below this bin number
 #_Yr Seas FltSvy Gender Part Ageerr Lbin_lo Lbin_hi Nsamp           a1         a2        a3         a4         a5         a6         a7         a8          a9         a10          a11         a12          a13          a14          a15          a16          a17          a18          a19          a20           a21          a22          a23          a24          a25
   50    1      1      0    0      1      -1      -1    50 1.147536e-02 0.20788165 0.2403044 0.05082498 0.06268650 0.04983117 0.10747714 0.08471588 0.009716083 0.018225725 4.682166e-02 0.035057328 0.0336284197 5.090695e-03 3.977120e-04 0.0320666205 7.407833e-05 1.192998e-04 2.420051e-03 5.200902e-23  8.389942e-18 4.945937e-04 6.659296e-04 2.295796e-05 1.786234e-06
   55    1      1      0    0      1      -1      -1    50 1.713521e-02 0.10069453 0.2207916 0.13566763 0.09565518 0.10913239 0.05921235 0.07541034 0.007167488 0.020496463 4.629842e-02 0.058721630 0.0001734392 7.386528e-03 1.850517e-02 0.0072139138 1.910101e-11 2.033673e-02 4.802576e-14 1.002820e-06  1.768883e-10 2.441993e-12 1.149843e-12 2.296374e-23 2.016157e-11
   60    1      1      0    0      1      -1      -1    50 8.391891e-04 0.08237441 0.2226020 0.16678977 0.11423136 0.10438658 0.11227282 0.07065992 0.032716539 0.003967869 8.632482e-03 0.008025695 0.0243210646 2.609976e-03 3.476981e-06 0.0088680093 1.276997e-02 1.657948e-05 2.166710e-09 1.375185e-07  2.041692e-08 2.356961e-02 3.450051e-08 2.365755e-06 3.401519e-04
   65    1      1      0    0      1      -1      -1    50 6.937328e-05 0.03111347 0.3638621 0.21068608 0.04503218 0.02979226 0.08698877 0.05454194 0.071468852 0.023274731 5.019859e-03 0.009898275 0.0139646958 2.153822e-02 5.587959e-08 0.0015425765 2.208375e-04 1.179188e-10 1.079785e-04 1.274719e-02  7.522765e-03 1.060732e-02 3.335431e-07 5.428116e-14 9.916046e-08
   70    1      1      0    0      1      -1      -1    50 3.139178e-02 0.15244708 0.2431063 0.15163608 0.15641598 0.01777544 0.05833953 0.00568663 0.004489061 0.091937915 2.613857e-02 0.016964865 0.0033379344 1.790694e-03 2.107611e-02 0.0010925284 1.560933e-04 9.532930e-06 6.830041e-04 4.393074e-04  5.689262e-04 1.309131e-02 1.394040e-03 6.137713e-17 3.127667e-05
   75    1      1      0    0      1      -1      -1    50 3.236883e-03 0.20155514 0.1994038 0.03483241 0.10469395 0.15549360 0.02089586 0.07918090 0.040830895 0.090295493 6.651966e-07 0.047390297 0.0134557556 6.228776e-06 3.352060e-03 0.0013035351 4.790202e-05 2.190894e-04 3.783899e-03 2.156220e-05  1.485132e-09 1.350568e-08 4.329785e-36 9.729077e-22 5.473942e-08
   80    1      1      0    0      1      -1      -1    50 1.252290e-03 0.13046027 0.1531856 0.26254349 0.12993942 0.02903601 0.02912219 0.08066490 0.022562822 0.062461970 1.491116e-02 0.018936709 0.0116660734 2.504353e-03 2.516902e-03 0.0012126342 1.202652e-09 4.368533e-03 2.379163e-03 1.995775e-02  1.002311e-15 2.815977e-04 8.834445e-03 5.359853e-03 5.841871e-03
   85    1      1      0    0      1      -1      -1    50 1.990667e-02 0.21234599 0.3602195 0.05132004 0.02719277 0.10434401 0.01398186 0.07210902 0.013764882 0.021356189 7.687727e-04 0.019537807 0.0118941918 1.921390e-02 5.902599e-04 0.0015488351 1.384036e-03 9.467552e-03 7.797621e-14 1.257044e-03 8.492931e-107 1.562410e-05 1.272191e-03 3.397399e-02 2.534904e-03
   90    1      1      0    0      1      -1      -1    50 8.997915e-03 0.19278421 0.1410021 0.20020853 0.04064119 0.04143942 0.11184086 0.11519026 0.007600739 0.024399881 9.871376e-03 0.014301805 0.0022221126 3.792644e-02 4.489553e-03 0.0298684627 3.283167e-05 1.542574e-04 1.674955e-02 7.920207e-06  2.373824e-08 3.962918e-13 2.690612e-04 4.729399e-11 1.534729e-06
   95    1      1      0    0      1      -1      -1    50 4.863573e-02 0.10868810 0.2229374 0.11531896 0.11872768 0.04697018 0.13957120 0.03638019 0.051310963 0.003373835 3.735038e-02 0.014871124 0.0007225169 1.523016e-02 2.302697e-09 0.0380940409 1.215155e-07 4.930587e-04 5.154921e-05 1.514174e-06  1.537289e-07 6.326890e-05 2.211974e-13 7.195464e-16 1.207939e-03
  100    1      1      0    0      1      -1      -1    50 2.068381e-02 0.26362619 0.2128574 0.12026710 0.08491937 0.08883317 0.04331919 0.05939554 0.017793587 0.002634314 2.937201e-02 0.026840148 0.0074701856 2.267159e-03 9.878034e-07 0.0007603735 8.836623e-04 1.278943e-02 4.239643e-16 1.179063e-20  4.933561e-03 3.528567e-04 7.011103e-43 3.092376e-12 3.049423e-17
   50    1      2      0    0      1      -1      -1    50 4.000000e-02 0.26000000 0.2200000 0.20000000 0.04000000 0.08000000 0.08000000 0.02000000 0.000000000 0.000000000 0.000000e+00 0.000000000 0.0200000000 0.000000e+00 0.000000e+00 0.0200000000 0.000000e+00 0.000000e+00 0.000000e+00 0.000000e+00  0.000000e+00 0.000000e+00 0.000000e+00 0.000000e+00 2.000000e-02
   55    1      2      0    0      1      -1      -1    50 6.000000e-02 0.10000000 0.1400000 0.22000000 0.08000000 0.26000000 0.06000000 0.04000000 0.000000000 0.000000000 0.000000e+00 0.000000000 0.0200000000 0.000000e+00 2.000000e-02 0.0000000000 0.000000e+00 0.000000e+00 0.000000e+00 0.000000e+00  0.000000e+00 0.000000e+00 0.000000e+00 0.000000e+00 0.000000e+00
   60    1      2      0    0      1      -1      -1    50 4.000000e-02 0.14000000 0.1600000 0.14000000 0.14000000 0.14000000 0.00000000 0.04000000 0.020000000 0.040000000 2.000000e-02 0.000000000 0.0200000000 4.000000e-02 0.000000e+00 0.0000000000 2.000000e-02 0.000000e+00 0.000000e+00 2.000000e-02  0.000000e+00 2.000000e-02 0.000000e+00 0.000000e+00 0.000000e+00
   65    1      2      0    0      1      -1      -1    50 0.000000e+00 0.04000000 0.2000000 0.20000000 0.04000000 0.14000000 0.14000000 0.06000000 0.080000000 0.020000000 2.000000e-02 0.000000000 0.0000000000 2.000000e-02 0.000000e+00 0.0200000000 0.000000e+00 0.000000e+00 0.000000e+00 0.000000e+00  0.000000e+00 0.000000e+00 0.000000e+00 0.000000e+00 2.000000e-02
   70    1      2      0    0      1      -1      -1    50 2.000000e-02 0.06000000 0.4200000 0.18000000 0.10000000 0.00000000 0.02000000 0.02000000 0.060000000 0.000000000 4.000000e-02 0.020000000 0.0400000000 0.000000e+00 0.000000e+00 0.0200000000 0.000000e+00 0.000000e+00 0.000000e+00 0.000000e+00  0.000000e+00 0.000000e+00 0.000000e+00 0.000000e+00 0.000000e+00
   75    1      2      0    0      1      -1      -1    50 2.000000e-02 0.22000000 0.2600000 0.10000000 0.08000000 0.16000000 0.00000000 0.04000000 0.020000000 0.020000000 0.000000e+00 0.020000000 0.0000000000 0.000000e+00 2.000000e-02 0.0000000000 0.000000e+00 0.000000e+00 2.000000e-02 2.000000e-02  0.000000e+00 0.000000e+00 0.000000e+00 0.000000e+00 0.000000e+00
   80    1      2      0    0      1      -1      -1    50 2.000000e-02 0.10000000 0.2200000 0.26000000 0.12000000 0.04000000 0.04000000 0.06000000 0.020000000 0.040000000 2.000000e-02 0.000000000 0.0200000000 0.000000e+00 0.000000e+00 0.0000000000 0.000000e+00 0.000000e+00 2.000000e-02 0.000000e+00  2.000000e-02 0.000000e+00 0.000000e+00 0.000000e+00 0.000000e+00
   85    1      2      0    0      1      -1      -1    50 4.000000e-02 0.30000000 0.3000000 0.06000000 0.06000000 0.06000000 0.02000000 0.00000000 0.080000000 0.040000000 0.000000e+00 0.000000000 0.0400000000 0.000000e+00 0.000000e+00 0.0000000000 0.000000e+00 0.000000e+00 0.000000e+00 0.000000e+00  0.000000e+00 0.000000e+00 0.000000e+00 0.000000e+00 0.000000e+00
   90    1      2      0    0      1      -1      -1    50 8.000000e-02 0.28000000 0.1000000 0.18000000 0.10000000 0.08000000 0.02000000 0.04000000 0.040000000 0.020000000 0.000000e+00 0.020000000 0.0000000000 0.000000e+00 2.000000e-02 0.0000000000 2.000000e-02 0.000000e+00 0.000000e+00 0.000000e+00  0.000000e+00 0.000000e+00 0.000000e+00 0.000000e+00 0.000000e+00
   95    1      2      0    0      1      -1      -1    50 0.000000e+00 0.18000000 0.1600000 0.16000000 0.10000000 0.08000000 0.08000000 0.06000000 0.060000000 0.020000000 4.000000e-02 0.000000000 0.0200000000 0.000000e+00 0.000000e+00 0.0000000000 0.000000e+00 2.000000e-02 2.000000e-02 0.000000e+00  0.000000e+00 0.000000e+00 0.000000e+00 0.000000e+00 0.000000e+00
  100    1      2      0    0      1      -1      -1    50 1.000000e-01 0.26000000 0.2400000 0.00000000 0.12000000 0.02000000 0.06000000 0.02000000 0.120000000 0.000000000 4.000000e-02 0.000000000 0.0000000000 0.000000e+00 0.000000e+00 0.0000000000 2.000000e-02 0.000000e+00 0.000000e+00 0.000000e+00  0.000000e+00 0.000000e+00 0.000000e+00 0.000000e+00 0.000000e+00
0 #_N_MeanSize_at_Age_obs
0 #_N_environ_variables
0 #_N_environ_obs
0 #_N_sizefreq_methods
0 #_do_tags
0 #_morphcomp_data
#
999
