#C data file created using the SS_writedat function in the R package r4ss
#C should work with SS version: 
#C file write time: 2014-11-05 23:43:29
#
1 #_styr
100 #_endyr
1 #_nseas
12 #_months_per_seas
1 #_spawn_seas
1 #_Nfleet
2 #_Nsurveys
1 #_N_areas
Fishery%Survey%CPUE #_fleetnames
0.5 0.5 0.5 #_surveytiming_in_season
1 1 1 #_area_assignments_for_each_fishery_and_survey
1 #_units of catch:  1=bio; 2=num
0.01 #_se of log(catch) only used for init_eq_catch and for Fmethod 2 and 3
1 #_Ngenders
25 #_Nages
0 #_init_equil_catch_for_each_fishery
100 #_N_lines_of_catch_to_read
 #_Fishery year seas
         0    1    1
         0    2    1
         0    3    1
         0    4    1
         0    5    1
         0    6    1
         0    7    1
         0    8    1
         0    9    1
         0   10    1
         0   11    1
         0   12    1
         0   13    1
         0   14    1
         0   15    1
         0   16    1
         0   17    1
         0   18    1
         0   19    1
         0   20    1
         0   21    1
         0   22    1
         0   23    1
         0   24    1
         0   25    1
 311830000   26    1
 290027000   27    1
 277912000   28    1
 268031000   29    1
 256766000   30    1
 248045000   31    1
 243141000   32    1
 232680000   33    1
 221185000   34    1
 207852000   35    1
 197380000   36    1
 190927000   37    1
 183152000   38    1
 176318000   39    1
 170069000   40    1
 169135000   41    1
 175363000   42    1
 181195000   43    1
 183362000   44    1
 183414000   45    1
 181845000   46    1
 176352000   47    1
 172123000   48    1
 171461000   49    1
 169333000   50    1
 167481000   51    1
 169086000   52    1
 166419000   53    1
 161408000   54    1
 155156000   55    1
 148324000   56    1
 143150000   57    1
 139516000   58    1
 133536000   59    1
 126814000   60    1
 123178000   61    1
 126486000   62    1
 134709000   63    1
 140786000   64    1
 147241000   65    1
 150034000   66    1
 152067000   67    1
 151039000   68    1
 147974000   69    1
 146559000   70    1
 143344000   71    1
 141946000   72    1
 143093000   73    1
 141668000   74    1
 139397000   75    1
 138633000   76    1
 136083000   77    1
 135443000   78    1
 133882000   79    1
 130430000   80    1
 128320000   81    1
 129424000   82    1
 130688000   83    1
 130467000   84    1
 129753000   85    1
 128818000   86    1
 128147000   87    1
 127902000   88    1
 126892000   89    1
 124687000   90    1
 122626000   91    1
 121959000   92    1
 120506000   93    1
 122051000   94    1
 124915000   95    1
 128189000   96    1
 128312000   97    1
 127438000   98    1
 127725000   99    1
 126631000  100    1
13 #_N_cpue
 #_Fleet Units Errtype
       1     1       0
       2     1       0
       3     1       0
 #_year seas index        obs se_log
     76    1     2 1984023719    0.2
     78    1     2 1365466624    0.2
     80    1     2 1725032627    0.2
     82    1     2 1681986980    0.2
     84    1     2 1239948458    0.2
     86    1     2 2016293173    0.2
     88    1     2 2596659615    0.2
     90    1     2 1763163505    0.2
     92    1     2 1715509653    0.2
     94    1     2 2301103622    0.2
     96    1     2 2169234451    0.2
     98    1     2 2440045753    0.2
    100    1     2 1752671437    0.2
0 #_N_discard_fleets
#_discard_units (1=same_as_catchunits(bio/num); 2=fraction; 3=numbers)
#_discard_errtype:  >0 for DF of T-dist(read CV below); 0 for normal with CV; -1 for normal with se; -2 for lognormal
0 #_N_discard
0 #_N_meanbodywt
1 #_DF_for_meanbodywt_T-distribution_like
2 # length bin method: 1=use databins; 2=generate from binwidth,min,max below; 3=read vector
1 # binwidth for population size comp
10 # minimum size in the population (lower edge of first bin and size at age 0.00)
200 # maximum size in the population (lower edge of last bin)
-0.001 #_comp_tail_compression
1e-05 #_add_to_comp
0 #_combine males into females at or below this bin number
21 #_N_lbins
#_lbin_vector
10 53 70 83 94 101 107 111 114 117 120 123 125 127 130 132 135 138 142 148 200
0 #_N_Length_comp_observations
25 #_N_agebins
#_agebin_vector
1 2 3 4 5 6 7 8 9 10 11 12 13 14 15 16 17 18 19 20 21 22 23 24 25
1 #_N_ageerror_definitions
 #_age0   age1   age2   age3   age4   age5   age6   age7   age8   age9  age10  age11  age12  age13  age14  age15  age16  age17  age18  age19  age20  age21  age22  age23  age24  age25
 -1.000 -1.000 -1.000 -1.000 -1.000 -1.000 -1.000 -1.000 -1.000 -1.000 -1.000 -1.000 -1.000 -1.000 -1.000 -1.000 -1.000 -1.000 -1.000 -1.000 -1.000 -1.000 -1.000 -1.000 -1.000 -1.000
  0.001  0.001  0.001  0.001  0.001  0.001  0.001  0.001  0.001  0.001  0.001  0.001  0.001  0.001  0.001  0.001  0.001  0.001  0.001  0.001  0.001  0.001  0.001  0.001  0.001  0.001
34 #_N_agecomp
1 #_Lbin_method: 1=poplenbins; 2=datalenbins; 3=lengths
-1 #_combine males into females at or below this bin number
 #_Yr Seas FltSvy Gender Part Ageerr Lbin_lo Lbin_hi Nsamp          a1         a2         a3         a4         a5         a6         a7         a8          a9        a10         a11         a12         a13         a14          a15         a16          a17          a18          a19          a20          a21          a22          a23          a24          a25
   50    1      1      0    0      1      -1      -1   200 0.027756944 0.08000539 0.21277794 0.16651497 0.13693812 0.05287908 0.09656384 0.06124354 0.044274211 0.03032329 0.032776391 0.023816749 0.006238999 0.008135284 0.0006531150 0.002972719 0.0080390948 1.473226e-04 4.795621e-04 2.276305e-04 1.092777e-04 8.590639e-08 4.637069e-03 1.868404e-04 2.302528e-03
   60    1      1      0    0      1      -1      -1   200 0.033592751 0.13187941 0.10458027 0.13285795 0.21254005 0.05129977 0.03671146 0.04539345 0.038946375 0.02751417 0.082125562 0.015234565 0.014881355 0.029954977 0.0130350783 0.001983379 0.0080350225 6.220995e-03 6.331330e-05 5.169141e-03 7.289420e-04 1.516831e-03 6.557372e-04 1.163112e-03 3.916345e-03
   70    1      1      0    0      1      -1      -1   200 0.005358730 0.09412005 0.30034405 0.05465751 0.11084915 0.08028695 0.08408004 0.09270790 0.024687446 0.07557257 0.024009164 0.026313663 0.005761843 0.003208314 0.0117705563 0.001287150 0.0011762963 3.517068e-06 2.254343e-04 1.531721e-06 1.731711e-03 1.650598e-03 1.127191e-04 4.188054e-09 8.310444e-05
   75    1      1      0    0      1      -1      -1   200 0.002657603 0.26385418 0.08065898 0.14249554 0.20795657 0.04659468 0.07347409 0.05048621 0.013126658 0.03978929 0.025294697 0.010705176 0.005231059 0.005961164 0.0196021522 0.001075095 0.0030077325 2.971772e-04 7.861149e-07 8.635287e-05 4.097419e-03 2.445539e-04 2.500164e-04 3.815137e-12 3.052829e-03
   76    1      1      0    0      1      -1      -1   200 0.024682950 0.07007733 0.32782787 0.04993067 0.12766626 0.12981591 0.04473906 0.04604972 0.050336406 0.02070916 0.015170102 0.042727540 0.009439059 0.016686515 0.0029388732 0.011969445 0.0022062458 4.658689e-03 1.811886e-12 1.129251e-03 9.921152e-04 5.946344e-05 7.514741e-05 3.582361e-07 1.118482e-04
   79    1      1      0    0      1      -1      -1   200 0.001822897 0.11308110 0.21080278 0.22307940 0.05505937 0.16628855 0.01712500 0.03936691 0.032845304 0.04905427 0.015297824 0.016825237 0.001879030 0.002000990 0.0150175791 0.008142033 0.0030127398 1.024585e-02 6.505424e-03 5.260911e-04 1.943538e-03 1.110092e-03 1.666388e-09 1.572058e-03 7.395922e-03
   82    1      1      0    0      1      -1      -1   200 0.021433986 0.20653591 0.24723478 0.08332272 0.08802049 0.09115253 0.07853558 0.03471024 0.044969573 0.01293423 0.027534930 0.017425007 0.002977048 0.005945196 0.0277738526 0.002920743 0.0002938783 1.439049e-03 2.311265e-03 6.034262e-05 3.366905e-05 1.338838e-04 2.100336e-04 2.079456e-03 1.160679e-05
   85    1      1      0    0      1      -1      -1   200 0.011936475 0.20326471 0.11962777 0.20336988 0.08600399 0.09821727 0.06635664 0.02317631 0.035535157 0.05576126 0.016286437 0.027014767 0.001476068 0.001092316 0.0275967383 0.003809146 0.0074477027 4.916364e-03 7.300441e-04 1.241405e-05 2.129366e-03 2.026821e-03 1.021076e-05 2.542971e-06 2.199601e-03
   88    1      1      0    0      1      -1      -1   200 0.015730059 0.12185520 0.23250736 0.14725221 0.09759656 0.07043752 0.04987065 0.10580639 0.043518132 0.02818081 0.004968575 0.018162847 0.014277125 0.001072976 0.0176578738 0.006079917 0.0006063109 1.179712e-03 1.794958e-02 1.982282e-07 1.659248e-03 1.087287e-03 9.178608e-04 2.296916e-04 1.395914e-03
   89    1      1      0    0      1      -1      -1   200 0.002988625 0.13636290 0.21143938 0.14741822 0.11185476 0.07145906 0.04484681 0.08784911 0.048465232 0.03056585 0.029464838 0.017066620 0.007943675 0.008743863 0.0005292009 0.018161956 0.0011113366 2.866327e-04 7.563194e-03 1.064112e-02 4.058064e-03 2.144529e-05 4.913457e-07 2.459455e-04 9.116694e-04
   91    1      1      0    0      1      -1      -1   200 0.008131427 0.17403373 0.15001315 0.13142983 0.12680275 0.09769158 0.08166353 0.06320350 0.042186601 0.02129746 0.017890555 0.034691969 0.013129265 0.004804517 0.0099209671 0.003239689 0.0002796353 5.760654e-03 3.150373e-03 1.719318e-04 4.070983e-03 5.134023e-03 1.068314e-04 2.306947e-04 9.643552e-04
   93    1      1      0    0      1      -1      -1   200 0.025410248 0.16085546 0.12232924 0.25608328 0.06922670 0.06915520 0.05114719 0.08556917 0.035386973 0.03402324 0.008626923 0.006705651 0.010673274 0.017701923 0.0164540067 0.003549074 0.0060150950 4.874613e-03 3.542391e-03 1.122787e-03 5.438171e-09 5.536886e-04 2.652562e-04 1.048133e-02 2.472720e-04
   95    1      1      0    0      1      -1      -1   200 0.010262818 0.17597876 0.20004578 0.15549337 0.05505778 0.12249392 0.04941331 0.05550945 0.042814448 0.02896425 0.012797831 0.022944337 0.016580386 0.002559185 0.0161188479 0.001968079 0.0005155283 1.063057e-04 6.915559e-03 8.112494e-04 1.287571e-04 2.216050e-02 2.193738e-10 1.200861e-06 3.583397e-04
   97    1      1      0    0      1      -1      -1   200 0.046838412 0.04983809 0.19593750 0.22475395 0.11647330 0.13584127 0.03860530 0.06208342 0.021929018 0.02713342 0.025067483 0.011677263 0.007471622 0.020674413 0.0014059074 0.005484051 0.0031296692 4.178271e-03 8.843291e-06 9.423190e-04 4.476075e-04 6.306809e-05 2.944342e-09 2.218033e-06 1.357070e-05
   98    1      1      0    0      1      -1      -1   200 0.022960943 0.17260285 0.09983185 0.14258740 0.13990508 0.08691299 0.09646006 0.02695395 0.095030636 0.02674890 0.012165733 0.019737786 0.022691590 0.018037904 0.0021895501 0.001541696 0.0025701422 7.949344e-03 1.424422e-03 7.302959e-07 2.029714e-04 1.009790e-05 9.957857e-04 3.922305e-14 4.876022e-04
   99    1      1      0    0      1      -1      -1   200 0.005660289 0.08904231 0.36873707 0.06198618 0.08853333 0.14866678 0.04646030 0.07390588 0.008876255 0.03366532 0.004732223 0.013071122 0.007259807 0.004240482 0.0010304490 0.003155880 0.0073294084 5.143070e-03 4.137506e-03 2.209092e-02 7.502361e-04 3.889210e-05 1.073108e-04 1.098129e-03 2.808529e-04
  100    1      1      0    0      1      -1      -1   200 0.020472857 0.16328117 0.13570975 0.24900930 0.05146648 0.06486793 0.09543736 0.05258563 0.055986978 0.01865253 0.038453756 0.003339739 0.014484335 0.002577628 0.0116779959 0.001264696 0.0015801570 5.905300e-04 7.384358e-06 1.399189e-02 3.200615e-04 9.778135e-06 2.178164e-03 3.603046e-05 2.017875e-03
   50    1      2      0    0      1      -1      -1   200 0.075000000 0.11000000 0.18500000 0.25500000 0.05000000 0.02500000 0.09000000 0.02500000 0.050000000 0.03000000 0.040000000 0.015000000 0.005000000 0.000000000 0.0050000000 0.015000000 0.0100000000 0.000000e+00 0.000000e+00 0.000000e+00 5.000000e-03 0.000000e+00 0.000000e+00 0.000000e+00 1.000000e-02
   60    1      2      0    0      1      -1      -1   200 0.055000000 0.17500000 0.09000000 0.11500000 0.15500000 0.08500000 0.07000000 0.04500000 0.025000000 0.02000000 0.030000000 0.020000000 0.040000000 0.020000000 0.0150000000 0.000000000 0.0150000000 1.500000e-02 5.000000e-03 0.000000e+00 5.000000e-03 0.000000e+00 0.000000e+00 0.000000e+00 0.000000e+00
   70    1      2      0    0      1      -1      -1   200 0.035000000 0.15000000 0.24500000 0.07500000 0.08000000 0.10500000 0.07500000 0.09500000 0.035000000 0.05000000 0.000000000 0.015000000 0.000000000 0.015000000 0.0050000000 0.010000000 0.0000000000 5.000000e-03 0.000000e+00 0.000000e+00 0.000000e+00 0.000000e+00 0.000000e+00 5.000000e-03 0.000000e+00
   75    1      2      0    0      1      -1      -1   200 0.035000000 0.24500000 0.10500000 0.16000000 0.13000000 0.04500000 0.07500000 0.06500000 0.015000000 0.02000000 0.030000000 0.015000000 0.005000000 0.005000000 0.0150000000 0.015000000 0.0100000000 0.000000e+00 0.000000e+00 5.000000e-03 0.000000e+00 0.000000e+00 0.000000e+00 0.000000e+00 5.000000e-03
   76    1      2      0    0      1      -1      -1   200 0.060000000 0.14000000 0.31000000 0.05000000 0.11000000 0.07500000 0.06000000 0.03000000 0.060000000 0.02500000 0.010000000 0.020000000 0.010000000 0.025000000 0.0000000000 0.000000000 0.0050000000 0.000000e+00 0.000000e+00 0.000000e+00 0.000000e+00 0.000000e+00 5.000000e-03 0.000000e+00 5.000000e-03
   79    1      2      0    0      1      -1      -1   200 0.030000000 0.12000000 0.19500000 0.19000000 0.05500000 0.12000000 0.02500000 0.06000000 0.070000000 0.00500000 0.045000000 0.035000000 0.000000000 0.015000000 0.0150000000 0.010000000 0.0000000000 0.000000e+00 0.000000e+00 0.000000e+00 0.000000e+00 0.000000e+00 0.000000e+00 5.000000e-03 5.000000e-03
   82    1      2      0    0      1      -1      -1   200 0.025000000 0.22000000 0.26500000 0.06500000 0.08000000 0.09000000 0.07500000 0.01500000 0.065000000 0.00500000 0.020000000 0.015000000 0.015000000 0.005000000 0.0200000000 0.000000000 0.0050000000 5.000000e-03 0.000000e+00 5.000000e-03 0.000000e+00 5.000000e-03 0.000000e+00 0.000000e+00 0.000000e+00
   85    1      2      0    0      1      -1      -1   200 0.005000000 0.25000000 0.16500000 0.12000000 0.12500000 0.16000000 0.04000000 0.02000000 0.025000000 0.02000000 0.015000000 0.015000000 0.000000000 0.000000000 0.0150000000 0.000000000 0.0150000000 1.000000e-02 0.000000e+00 0.000000e+00 0.000000e+00 0.000000e+00 0.000000e+00 0.000000e+00 0.000000e+00
   88    1      2      0    0      1      -1      -1   200 0.030000000 0.18500000 0.16000000 0.13500000 0.11000000 0.06500000 0.04000000 0.06500000 0.060000000 0.02500000 0.015000000 0.035000000 0.025000000 0.005000000 0.0050000000 0.010000000 0.0050000000 5.000000e-03 0.000000e+00 5.000000e-03 5.000000e-03 0.000000e+00 0.000000e+00 5.000000e-03 5.000000e-03
   89    1      2      0    0      1      -1      -1   200 0.015000000 0.25000000 0.13500000 0.15500000 0.09500000 0.06000000 0.08500000 0.04000000 0.035000000 0.04000000 0.020000000 0.010000000 0.010000000 0.020000000 0.0050000000 0.010000000 0.0050000000 0.000000e+00 5.000000e-03 0.000000e+00 0.000000e+00 0.000000e+00 0.000000e+00 5.000000e-03 0.000000e+00
   91    1      2      0    0      1      -1      -1   200 0.025000000 0.26500000 0.08500000 0.15000000 0.09000000 0.10000000 0.09000000 0.05000000 0.035000000 0.01500000 0.030000000 0.020000000 0.005000000 0.010000000 0.0200000000 0.000000000 0.0000000000 0.000000e+00 0.000000e+00 5.000000e-03 0.000000e+00 0.000000e+00 0.000000e+00 0.000000e+00 5.000000e-03
   93    1      2      0    0      1      -1      -1   200 0.040000000 0.27000000 0.08500000 0.18000000 0.04000000 0.09000000 0.08500000 0.06000000 0.010000000 0.03000000 0.035000000 0.015000000 0.010000000 0.005000000 0.0000000000 0.010000000 0.0050000000 5.000000e-03 5.000000e-03 5.000000e-03 0.000000e+00 5.000000e-03 0.000000e+00 5.000000e-03 5.000000e-03
   95    1      2      0    0      1      -1      -1   200 0.025000000 0.33500000 0.16500000 0.15000000 0.02000000 0.07500000 0.03500000 0.04500000 0.030000000 0.02000000 0.010000000 0.035000000 0.010000000 0.010000000 0.0100000000 0.015000000 0.0000000000 0.000000e+00 0.000000e+00 0.000000e+00 5.000000e-03 5.000000e-03 0.000000e+00 0.000000e+00 0.000000e+00
   97    1      2      0    0      1      -1      -1   200 0.045000000 0.13000000 0.18000000 0.22000000 0.15000000 0.08000000 0.04000000 0.04000000 0.005000000 0.03500000 0.015000000 0.030000000 0.010000000 0.000000000 0.0050000000 0.005000000 0.0050000000 0.000000e+00 5.000000e-03 0.000000e+00 0.000000e+00 0.000000e+00 0.000000e+00 0.000000e+00 0.000000e+00
   98    1      2      0    0      1      -1      -1   200 0.055000000 0.25500000 0.11500000 0.13000000 0.10500000 0.07500000 0.10500000 0.02500000 0.050000000 0.00500000 0.010000000 0.010000000 0.010000000 0.000000000 0.0100000000 0.005000000 0.0050000000 0.000000e+00 1.000000e-02 0.000000e+00 5.000000e-03 5.000000e-03 0.000000e+00 0.000000e+00 1.000000e-02
   99    1      2      0    0      1      -1      -1   200 0.025000000 0.17000000 0.20500000 0.08500000 0.10500000 0.11500000 0.12000000 0.06500000 0.000000000 0.04500000 0.015000000 0.015000000 0.005000000 0.010000000 0.0050000000 0.005000000 0.0000000000 0.000000e+00 5.000000e-03 0.000000e+00 5.000000e-03 0.000000e+00 0.000000e+00 0.000000e+00 0.000000e+00
  100    1      2      0    0      1      -1      -1   200 0.055000000 0.18500000 0.16500000 0.18500000 0.07500000 0.09500000 0.07500000 0.06000000 0.035000000 0.01000000 0.030000000 0.000000000 0.010000000 0.010000000 0.0050000000 0.000000000 0.0050000000 0.000000e+00 0.000000e+00 0.000000e+00 0.000000e+00 0.000000e+00 0.000000e+00 0.000000e+00 0.000000e+00
0 #_N_MeanSize_at_Age_obs
0 #_N_environ_variables
0 #_N_environ_obs
0 #_N_sizefreq_methods
0 #_do_tags
0 #_morphcomp_data
#
999
