#C data file created using the SS_writedat function in the R package r4ss
#C should work with SS version: 
#C file write time: 2014-11-05 23:28:57
#
1 #_styr
100 #_endyr
1 #_nseas
12 #_months_per_seas
1 #_spawn_seas
1 #_Nfleet
2 #_Nsurveys
1 #_N_areas
Fishery%Survey%CPUE #_fleetnames
0.5 0.5 0.5 #_surveytiming_in_season
1 1 1 #_area_assignments_for_each_fishery_and_survey
1 #_units of catch:  1=bio; 2=num
0.01 #_se of log(catch) only used for init_eq_catch and for Fmethod 2 and 3
1 #_Ngenders
25 #_Nages
0 #_init_equil_catch_for_each_fishery
100 #_N_lines_of_catch_to_read
 #_Fishery year seas
         0    1    1
         0    2    1
         0    3    1
         0    4    1
         0    5    1
         0    6    1
         0    7    1
         0    8    1
         0    9    1
         0   10    1
         0   11    1
         0   12    1
         0   13    1
         0   14    1
         0   15    1
         0   16    1
         0   17    1
         0   18    1
         0   19    1
         0   20    1
         0   21    1
         0   22    1
         0   23    1
         0   24    1
         0   25    1
 344907000   26    1
 318638000   27    1
 298526000   28    1
 281299000   29    1
 265245000   30    1
 251959000   31    1
 241127000   32    1
 234957000   33    1
 231468000   34    1
 224146000   35    1
 213295000   36    1
 201635000   37    1
 191391000   38    1
 181238000   39    1
 173151000   40    1
 171849000   41    1
 175797000   42    1
 175476000   43    1
 170404000   44    1
 163564000   45    1
 156664000   46    1
 150525000   47    1
 147063000   48    1
 146515000   49    1
 146306000   50    1
 145777000   51    1
 150168000   52    1
 159406000   53    1
 160769000   54    1
 157457000   55    1
 151984000   56    1
 144714000   57    1
 137379000   58    1
 131222000   59    1
 127175000   60    1
 124204000   61    1
 124748000   62    1
 131592000   63    1
 139752000   64    1
 145504000   65    1
 151227000   66    1
 154511000   67    1
 154015000   68    1
 152180000   69    1
 153340000   70    1
 156200000   71    1
 157680000   72    1
 159322000   73    1
 162701000   74    1
 166159000   75    1
 166142000   76    1
 164025000   77    1
 157334000   78    1
 151184000   79    1
 147262000   80    1
 144399000   81    1
 142775000   82    1
 140083000   83    1
 136757000   84    1
 133032000   85    1
 130550000   86    1
 133936000   87    1
 145036000   88    1
 157094000   89    1
 163009000   90    1
 165332000   91    1
 164897000   92    1
 163426000   93    1
 158850000   94    1
 154287000   95    1
 150723000   96    1
 148235000   97    1
 146919000   98    1
 144264000   99    1
 143909000  100    1
13 #_N_cpue
 #_Fleet Units Errtype
       1     1       0
       2     1       0
       3     1       0
 #_year seas index        obs se_log
     76    1     2 2055548065    0.2
     78    1     2 2033476295    0.2
     80    1     2 2151338123    0.2
     82    1     2 1794997507    0.2
     84    1     2 2241776106    0.2
     86    1     2 1665583680    0.2
     88    1     2 2306038448    0.2
     90    1     2 2172337913    0.2
     92    1     2 2311242460    0.2
     94    1     2 2204155606    0.2
     96    1     2 2424320225    0.2
     98    1     2 2040751394    0.2
    100    1     2 2351788907    0.2
0 #_N_discard_fleets
#_discard_units (1=same_as_catchunits(bio/num); 2=fraction; 3=numbers)
#_discard_errtype:  >0 for DF of T-dist(read CV below); 0 for normal with CV; -1 for normal with se; -2 for lognormal
0 #_N_discard
0 #_N_meanbodywt
1 #_DF_for_meanbodywt_T-distribution_like
2 # length bin method: 1=use databins; 2=generate from binwidth,min,max below; 3=read vector
1 # binwidth for population size comp
10 # minimum size in the population (lower edge of first bin and size at age 0.00)
200 # maximum size in the population (lower edge of last bin)
-0.001 #_comp_tail_compression
1e-05 #_add_to_comp
0 #_combine males into females at or below this bin number
21 #_N_lbins
#_lbin_vector
10 53 70 83 94 101 107 111 114 117 120 123 125 127 130 132 135 138 142 148 200
0 #_N_Length_comp_observations
25 #_N_agebins
#_agebin_vector
1 2 3 4 5 6 7 8 9 10 11 12 13 14 15 16 17 18 19 20 21 22 23 24 25
1 #_N_ageerror_definitions
 #_age0   age1   age2   age3   age4   age5   age6   age7   age8   age9  age10  age11  age12  age13  age14  age15  age16  age17  age18  age19  age20  age21  age22  age23  age24  age25
 -1.000 -1.000 -1.000 -1.000 -1.000 -1.000 -1.000 -1.000 -1.000 -1.000 -1.000 -1.000 -1.000 -1.000 -1.000 -1.000 -1.000 -1.000 -1.000 -1.000 -1.000 -1.000 -1.000 -1.000 -1.000 -1.000
  0.001  0.001  0.001  0.001  0.001  0.001  0.001  0.001  0.001  0.001  0.001  0.001  0.001  0.001  0.001  0.001  0.001  0.001  0.001  0.001  0.001  0.001  0.001  0.001  0.001  0.001
34 #_N_agecomp
1 #_Lbin_method: 1=poplenbins; 2=datalenbins; 3=lengths
-1 #_combine males into females at or below this bin number
 #_Yr Seas FltSvy Gender Part Ageerr Lbin_lo Lbin_hi Nsamp           a1         a2         a3         a4         a5         a6         a7          a8           a9          a10          a11          a12          a13          a14          a15          a16          a17          a18          a19          a20          a21          a22          a23          a24          a25
   50    1      1      0    0      1      -1      -1    50 2.224221e-02 0.12920106 0.21761794 0.15724405 0.09332321 0.11410600 0.06257539 0.022737641 0.0382609672 0.0316900330 2.592937e-02 0.0608737026 2.000860e-03 6.993063e-03 3.253842e-03 5.331147e-03 1.666626e-04 8.747482e-08 3.816556e-03 8.957836e-06 2.529220e-03 2.964397e-05 1.037334e-33 6.341181e-05 4.980488e-06
   60    1      1      0    0      1      -1      -1    50 7.483795e-03 0.13117826 0.31859044 0.07564939 0.11106163 0.06177404 0.08668628 0.015085555 0.0340870166 0.1000851853 1.174036e-02 0.0171107254 1.036688e-02 6.623813e-03 5.875653e-04 5.445814e-04 4.147019e-05 2.370953e-03 5.459090e-03 1.247229e-07 1.939709e-04 3.343624e-05 2.845730e-07 8.927579e-22 3.245147e-03
   70    1      1      0    0      1      -1      -1    50 1.009192e-04 0.24029561 0.25946192 0.10722063 0.12913370 0.07819928 0.10227145 0.027718316 0.0135042006 0.0194852697 7.632062e-03 0.0031021674 2.317803e-03 1.131140e-05 5.118803e-06 3.847149e-03 2.345986e-03 3.101099e-41 7.914815e-08 2.449623e-03 2.346648e-12 2.539654e-07 8.959404e-04 1.213767e-06 9.187518e-14
   75    1      1      0    0      1      -1      -1    50 1.988925e-02 0.08925958 0.28529834 0.08904496 0.12352586 0.10456877 0.04219609 0.162433888 0.0140011924 0.0216729609 1.606394e-03 0.0034434333 7.420054e-03 5.811696e-03 2.304221e-04 5.406313e-05 8.648654e-12 2.848250e-05 8.435748e-04 8.937458e-08 1.658701e-12 2.100748e-03 1.351932e-47 2.990022e-45 2.657016e-02
   76    1      1      0    0      1      -1      -1    50 1.650032e-05 0.19420666 0.19567278 0.14202119 0.15197767 0.05760446 0.01185370 0.084747072 0.0510553556 0.0004239166 1.132522e-02 0.0070867977 2.232029e-02 3.975324e-02 4.608833e-03 7.956736e-03 1.665061e-02 7.584906e-08 2.486700e-10 5.201420e-25 1.451561e-09 5.227501e-23 5.592316e-14 1.612771e-66 7.189125e-04
   79    1      1      0    0      1      -1      -1    50 2.073169e-02 0.10597560 0.20973163 0.06010712 0.20058350 0.10231842 0.06294759 0.118740628 0.0243894168 0.0309450133 1.220336e-02 0.0114853100 1.237170e-03 2.663662e-03 8.006839e-03 2.184343e-02 1.378721e-04 8.130953e-04 4.012589e-07 5.432844e-04 3.361746e-03 5.237051e-18 5.303493e-12 3.050864e-13 1.233228e-03
   82    1      1      0    0      1      -1      -1    50 3.398920e-03 0.13462769 0.21940431 0.18728572 0.14412144 0.06725539 0.08466893 0.038901650 0.0358076111 0.0229805285 1.973156e-02 0.0070734613 5.118800e-03 1.561190e-02 6.402728e-03 7.007589e-04 3.491045e-03 2.560359e-06 6.843941e-04 5.251148e-04 5.271937e-10 1.330139e-08 9.443174e-04 1.903224e-11 1.261156e-03
   85    1      1      0    0      1      -1      -1    50 1.840701e-02 0.14223308 0.08365884 0.22048894 0.08270054 0.11053579 0.07567785 0.072705961 0.0202337362 0.0644518338 3.183213e-02 0.0264557475 2.046354e-02 1.921604e-03 5.642783e-04 3.210159e-03 5.888132e-03 1.361952e-03 1.753199e-03 7.141739e-03 6.061411e-03 6.592434e-10 1.523720e-08 6.338389e-18 2.252524e-03
   88    1      1      0    0      1      -1      -1    50 7.969392e-03 0.23104647 0.19227574 0.16419214 0.11447384 0.02877612 0.03025849 0.011992137 0.1005989420 0.0254643799 4.043878e-02 0.0087563029 1.191889e-02 1.573013e-04 2.984942e-02 1.064941e-04 1.095435e-05 1.697274e-03 1.690079e-05 1.405159e-13 8.647419e-16 3.400287e-86 3.550170e-25 2.144530e-08 1.887263e-08
   89    1      1      0    0      1      -1      -1    50 5.570301e-02 0.12637448 0.28610884 0.22024674 0.08304482 0.03135711 0.02277089 0.004561636 0.0077451381 0.0540287805 9.067393e-02 0.0013632482 5.035399e-05 6.920140e-05 1.509661e-03 1.177290e-15 6.766452e-03 1.922560e-04 1.093493e-11 2.886733e-14 1.663997e-08 2.469654e-03 7.547983e-17 6.676810e-15 4.963778e-03
   91    1      1      0    0      1      -1      -1    50 3.237630e-03 0.05946903 0.16888824 0.08973390 0.19939056 0.26755657 0.02119143 0.038573272 0.0004588655 0.0553048182 4.292127e-02 0.0334332797 1.306391e-02 5.391433e-04 1.121294e-04 2.177056e-03 1.337658e-03 1.960418e-03 1.119202e-10 1.093577e-06 9.968318e-06 3.106411e-04 3.256093e-04 1.944429e-10 3.511401e-06
   93    1      1      0    0      1      -1      -1    50 1.991483e-02 0.11476038 0.30271085 0.07033706 0.11150528 0.03464630 0.13868520 0.098054838 0.0298499258 0.0059123473 1.061754e-02 0.0252730286 5.330849e-03 7.474951e-06 2.370950e-03 4.704814e-04 6.550920e-07 2.109972e-03 1.876453e-03 1.573399e-05 1.417111e-05 4.924145e-10 7.973403e-05 3.356780e-22 2.545595e-02
   95    1      1      0    0      1      -1      -1    50 4.332200e-02 0.21344013 0.15393088 0.10175636 0.16069695 0.04566510 0.05948861 0.002377488 0.0932604948 0.0235556326 4.507814e-02 0.0061378234 4.412924e-03 1.426483e-02 3.070415e-04 2.692975e-02 8.981336e-05 2.460560e-03 2.481440e-18 2.430354e-09 2.009298e-05 1.998836e-08 2.488529e-03 1.228130e-06 3.155796e-04
   97    1      1      0    0      1      -1      -1    50 7.154762e-03 0.08736483 0.08558789 0.20505541 0.15143687 0.06859732 0.13226226 0.037304342 0.0559878270 0.0531446806 3.303551e-02 0.0304513709 2.046871e-03 4.968281e-03 8.375996e-07 4.481223e-02 2.793318e-13 2.598478e-12 4.451917e-06 7.744646e-04 4.269086e-06 2.408284e-11 4.696691e-07 1.394874e-06 3.658513e-06
   98    1      1      0    0      1      -1      -1    50 4.009889e-03 0.03376451 0.40927253 0.11058942 0.08474524 0.11145546 0.01389578 0.027293712 0.0867160516 0.0125339507 4.481745e-02 0.0197850272 2.440742e-02 3.333931e-03 4.764744e-03 6.555298e-04 7.007541e-05 2.106852e-09 3.512135e-03 1.296939e-09 1.271183e-06 3.113809e-13 5.023944e-52 9.313611e-22 4.375875e-03
   99    1      1      0    0      1      -1      -1    50 1.247005e-02 0.19784139 0.07883839 0.18140326 0.07436378 0.11595609 0.01249985 0.105234660 0.0277769522 0.1052591680 6.125744e-05 0.0006408954 3.586030e-03 3.657326e-03 7.251150e-02 2.797021e-04 5.151195e-06 6.344346e-06 8.700491e-05 7.203117e-03 1.058677e-05 3.744205e-06 1.898259e-06 3.018475e-04 6.606500e-13
  100    1      1      0    0      1      -1      -1    50 2.359540e-03 0.27087752 0.15168634 0.12315629 0.19654584 0.09531683 0.06257227 0.005452408 0.0150031003 0.0144513565 2.798192e-03 0.0073223344 9.132556e-05 1.477311e-02 4.325258e-03 2.029060e-02 1.036262e-03 2.814452e-03 7.967917e-03 2.880678e-05 5.861707e-05 1.008553e-05 1.262597e-10 1.575607e-25 1.061545e-03
   50    1      2      0    0      1      -1      -1    50 6.000000e-02 0.24000000 0.24000000 0.16000000 0.08000000 0.10000000 0.00000000 0.000000000 0.0200000000 0.0200000000 4.000000e-02 0.0200000000 0.000000e+00 0.000000e+00 0.000000e+00 0.000000e+00 0.000000e+00 0.000000e+00 0.000000e+00 0.000000e+00 2.000000e-02 0.000000e+00 0.000000e+00 0.000000e+00 0.000000e+00
   60    1      2      0    0      1      -1      -1    50 8.000000e-02 0.20000000 0.16000000 0.10000000 0.12000000 0.04000000 0.04000000 0.060000000 0.0600000000 0.0800000000 0.000000e+00 0.0000000000 4.000000e-02 0.000000e+00 0.000000e+00 0.000000e+00 0.000000e+00 2.000000e-02 0.000000e+00 0.000000e+00 0.000000e+00 0.000000e+00 0.000000e+00 0.000000e+00 0.000000e+00
   70    1      2      0    0      1      -1      -1    50 6.000000e-02 0.28000000 0.06000000 0.04000000 0.08000000 0.12000000 0.16000000 0.040000000 0.0800000000 0.0600000000 2.000000e-02 0.0000000000 0.000000e+00 0.000000e+00 0.000000e+00 0.000000e+00 0.000000e+00 0.000000e+00 0.000000e+00 0.000000e+00 0.000000e+00 0.000000e+00 0.000000e+00 0.000000e+00 0.000000e+00
   75    1      2      0    0      1      -1      -1    50 6.000000e-02 0.14000000 0.22000000 0.18000000 0.12000000 0.04000000 0.02000000 0.040000000 0.0400000000 0.0400000000 2.000000e-02 0.0000000000 0.000000e+00 0.000000e+00 4.000000e-02 2.000000e-02 0.000000e+00 0.000000e+00 0.000000e+00 0.000000e+00 0.000000e+00 2.000000e-02 0.000000e+00 0.000000e+00 0.000000e+00
   76    1      2      0    0      1      -1      -1    50 0.000000e+00 0.28000000 0.08000000 0.18000000 0.10000000 0.14000000 0.04000000 0.080000000 0.0200000000 0.0000000000 2.000000e-02 0.0200000000 2.000000e-02 0.000000e+00 2.000000e-02 0.000000e+00 0.000000e+00 0.000000e+00 0.000000e+00 0.000000e+00 0.000000e+00 0.000000e+00 0.000000e+00 0.000000e+00 0.000000e+00
   79    1      2      0    0      1      -1      -1    50 6.000000e-02 0.22000000 0.12000000 0.06000000 0.16000000 0.12000000 0.06000000 0.040000000 0.0000000000 0.0200000000 4.000000e-02 0.0200000000 0.000000e+00 2.000000e-02 4.000000e-02 0.000000e+00 0.000000e+00 0.000000e+00 0.000000e+00 0.000000e+00 0.000000e+00 0.000000e+00 0.000000e+00 0.000000e+00 2.000000e-02
   82    1      2      0    0      1      -1      -1    50 4.000000e-02 0.26000000 0.20000000 0.08000000 0.18000000 0.02000000 0.02000000 0.060000000 0.0200000000 0.0200000000 2.000000e-02 0.0200000000 0.000000e+00 0.000000e+00 2.000000e-02 0.000000e+00 2.000000e-02 2.000000e-02 0.000000e+00 0.000000e+00 0.000000e+00 0.000000e+00 0.000000e+00 0.000000e+00 0.000000e+00
   85    1      2      0    0      1      -1      -1    50 6.000000e-02 0.14000000 0.10000000 0.20000000 0.08000000 0.12000000 0.06000000 0.060000000 0.0000000000 0.0000000000 0.000000e+00 0.0200000000 6.000000e-02 2.000000e-02 4.000000e-02 2.000000e-02 0.000000e+00 2.000000e-02 0.000000e+00 0.000000e+00 0.000000e+00 0.000000e+00 0.000000e+00 0.000000e+00 0.000000e+00
   88    1      2      0    0      1      -1      -1    50 0.000000e+00 0.38000000 0.20000000 0.16000000 0.04000000 0.06000000 0.06000000 0.020000000 0.0400000000 0.0200000000 2.000000e-02 0.0000000000 0.000000e+00 0.000000e+00 0.000000e+00 0.000000e+00 0.000000e+00 0.000000e+00 0.000000e+00 0.000000e+00 0.000000e+00 0.000000e+00 0.000000e+00 0.000000e+00 0.000000e+00
   89    1      2      0    0      1      -1      -1    50 6.000000e-02 0.14000000 0.38000000 0.20000000 0.04000000 0.04000000 0.02000000 0.000000000 0.0000000000 0.0200000000 4.000000e-02 0.0400000000 0.000000e+00 0.000000e+00 0.000000e+00 0.000000e+00 2.000000e-02 0.000000e+00 0.000000e+00 0.000000e+00 0.000000e+00 0.000000e+00 0.000000e+00 0.000000e+00 0.000000e+00
   91    1      2      0    0      1      -1      -1    50 6.000000e-02 0.10000000 0.10000000 0.14000000 0.12000000 0.18000000 0.10000000 0.020000000 0.0000000000 0.0400000000 2.000000e-02 0.0200000000 4.000000e-02 0.000000e+00 4.000000e-02 0.000000e+00 2.000000e-02 0.000000e+00 0.000000e+00 0.000000e+00 0.000000e+00 0.000000e+00 0.000000e+00 0.000000e+00 0.000000e+00
   93    1      2      0    0      1      -1      -1    50 0.000000e+00 0.12000000 0.20000000 0.10000000 0.08000000 0.04000000 0.22000000 0.060000000 0.1200000000 0.0200000000 2.000000e-02 0.0200000000 0.000000e+00 0.000000e+00 0.000000e+00 0.000000e+00 0.000000e+00 0.000000e+00 0.000000e+00 0.000000e+00 0.000000e+00 0.000000e+00 0.000000e+00 0.000000e+00 0.000000e+00
   95    1      2      0    0      1      -1      -1    50 4.000000e-02 0.18000000 0.20000000 0.04000000 0.12000000 0.02000000 0.04000000 0.060000000 0.1400000000 0.1000000000 2.000000e-02 0.0000000000 2.000000e-02 0.000000e+00 0.000000e+00 0.000000e+00 0.000000e+00 0.000000e+00 2.000000e-02 0.000000e+00 0.000000e+00 0.000000e+00 0.000000e+00 0.000000e+00 0.000000e+00
   97    1      2      0    0      1      -1      -1    50 2.000000e-02 0.26000000 0.12000000 0.20000000 0.04000000 0.02000000 0.08000000 0.000000000 0.0800000000 0.0000000000 2.000000e-02 0.0600000000 0.000000e+00 0.000000e+00 0.000000e+00 2.000000e-02 4.000000e-02 0.000000e+00 0.000000e+00 2.000000e-02 0.000000e+00 2.000000e-02 0.000000e+00 0.000000e+00 0.000000e+00
   98    1      2      0    0      1      -1      -1    50 2.000000e-02 0.10000000 0.20000000 0.10000000 0.14000000 0.06000000 0.10000000 0.100000000 0.0200000000 0.0600000000 0.000000e+00 0.0800000000 0.000000e+00 2.000000e-02 0.000000e+00 0.000000e+00 0.000000e+00 0.000000e+00 0.000000e+00 0.000000e+00 0.000000e+00 0.000000e+00 0.000000e+00 0.000000e+00 0.000000e+00
   99    1      2      0    0      1      -1      -1    50 4.000000e-02 0.24000000 0.14000000 0.12000000 0.08000000 0.04000000 0.02000000 0.020000000 0.1200000000 0.0200000000 0.000000e+00 0.0200000000 4.000000e-02 2.000000e-02 4.000000e-02 0.000000e+00 0.000000e+00 0.000000e+00 0.000000e+00 0.000000e+00 0.000000e+00 2.000000e-02 2.000000e-02 0.000000e+00 0.000000e+00
  100    1      2      0    0      1      -1      -1    50 6.000000e-02 0.32000000 0.16000000 0.06000000 0.20000000 0.04000000 0.04000000 0.060000000 0.0000000000 0.0200000000 2.000000e-02 0.0000000000 0.000000e+00 0.000000e+00 2.000000e-02 0.000000e+00 0.000000e+00 0.000000e+00 0.000000e+00 0.000000e+00 0.000000e+00 0.000000e+00 0.000000e+00 0.000000e+00 0.000000e+00
0 #_N_MeanSize_at_Age_obs
0 #_N_environ_variables
0 #_N_environ_obs
0 #_N_sizefreq_methods
0 #_do_tags
0 #_morphcomp_data
#
999
