#C data file created using the SS_writedat function in the R package r4ss
#C should work with SS version: 
#C file write time: 2014-11-06 00:40:31
#
1 #_styr
100 #_endyr
1 #_nseas
12 #_months_per_seas
1 #_spawn_seas
1 #_Nfleet
2 #_Nsurveys
1 #_N_areas
Fishery%Survey%CPUE #_fleetnames
0.5 0.5 0.5 #_surveytiming_in_season
1 1 1 #_area_assignments_for_each_fishery_and_survey
1 #_units of catch:  1=bio; 2=num
0.01 #_se of log(catch) only used for init_eq_catch and for Fmethod 2 and 3
1 #_Ngenders
25 #_Nages
0 #_init_equil_catch_for_each_fishery
100 #_N_lines_of_catch_to_read
 #_Fishery year seas
         0    1    1
         0    2    1
         0    3    1
         0    4    1
         0    5    1
         0    6    1
         0    7    1
         0    8    1
         0    9    1
         0   10    1
         0   11    1
         0   12    1
         0   13    1
         0   14    1
         0   15    1
         0   16    1
         0   17    1
         0   18    1
         0   19    1
         0   20    1
         0   21    1
         0   22    1
         0   23    1
         0   24    1
         0   25    1
 303607000   26    1
 289688000   27    1
 273921000   28    1
 257769000   29    1
 244950000   30    1
 229833000   31    1
 215324000   32    1
 201100000   33    1
 188072000   34    1
 180384000   35    1
 181257000   36    1
 182521000   37    1
 180242000   38    1
 176105000   39    1
 173665000   40    1
 171589000   41    1
 168302000   42    1
 166110000   43    1
 163723000   44    1
 161524000   45    1
 162080000   46    1
 164420000   47    1
 166889000   48    1
 171439000   49    1
 172836000   50    1
 168967000   51    1
 161993000   52    1
 156023000   53    1
 152621000   54    1
 148517000   55    1
 143951000   56    1
 140461000   57    1
 136332000   58    1
 132010000   59    1
 132944000   60    1
 137761000   61    1
 139598000   62    1
 138150000   63    1
 134271000   64    1
 131294000   65    1
 129951000   66    1
 129688000   67    1
 133239000   68    1
 134967000   69    1
 134155000   70    1
 131779000   71    1
 133296000   72    1
 134326000   73    1
 133893000   74    1
 136482000   75    1
 141267000   76    1
 145704000   77    1
 149647000   78    1
 151411000   79    1
 149289000   80    1
 145178000   81    1
 140984000   82    1
 135202000   83    1
 129068000   84    1
 125579000   85    1
 126513000   86    1
 131996000   87    1
 135968000   88    1
 139171000   89    1
 143061000   90    1
 145619000   91    1
 149204000   92    1
 150795000   93    1
 153118000   94    1
 159110000   95    1
 162626000   96    1
 163288000   97    1
 159456000   98    1
 153827000   99    1
 148811000  100    1
13 #_N_cpue
 #_Fleet Units Errtype
       1     1       0
       2     1       0
       3     1       0
 #_year seas index        obs se_log
     76    1     2 1793260069    0.2
     78    1     2 2340621543    0.2
     80    1     2 2631241823    0.2
     82    1     2 1654294021    0.2
     84    1     2 1678041838    0.2
     86    1     2 1339848695    0.2
     88    1     2 2179854752    0.2
     90    1     2 2450852882    0.2
     92    1     2 2588841999    0.2
     94    1     2 1854481261    0.2
     96    1     2 3283265737    0.2
     98    1     2 2061235530    0.2
    100    1     2 3488351298    0.2
0 #_N_discard_fleets
#_discard_units (1=same_as_catchunits(bio/num); 2=fraction; 3=numbers)
#_discard_errtype:  >0 for DF of T-dist(read CV below); 0 for normal with CV; -1 for normal with se; -2 for lognormal
0 #_N_discard
0 #_N_meanbodywt
1 #_DF_for_meanbodywt_T-distribution_like
2 # length bin method: 1=use databins; 2=generate from binwidth,min,max below; 3=read vector
1 # binwidth for population size comp
10 # minimum size in the population (lower edge of first bin and size at age 0.00)
200 # maximum size in the population (lower edge of last bin)
-0.001 #_comp_tail_compression
1e-05 #_add_to_comp
0 #_combine males into females at or below this bin number
21 #_N_lbins
#_lbin_vector
10 53 70 83 94 101 107 111 114 117 120 123 125 127 130 132 135 138 142 148 200
0 #_N_Length_comp_observations
25 #_N_agebins
#_agebin_vector
1 2 3 4 5 6 7 8 9 10 11 12 13 14 15 16 17 18 19 20 21 22 23 24 25
1 #_N_ageerror_definitions
 #_age0   age1   age2   age3   age4   age5   age6   age7   age8   age9  age10  age11  age12  age13  age14  age15  age16  age17  age18  age19  age20  age21  age22  age23  age24  age25
 -1.000 -1.000 -1.000 -1.000 -1.000 -1.000 -1.000 -1.000 -1.000 -1.000 -1.000 -1.000 -1.000 -1.000 -1.000 -1.000 -1.000 -1.000 -1.000 -1.000 -1.000 -1.000 -1.000 -1.000 -1.000 -1.000
  0.001  0.001  0.001  0.001  0.001  0.001  0.001  0.001  0.001  0.001  0.001  0.001  0.001  0.001  0.001  0.001  0.001  0.001  0.001  0.001  0.001  0.001  0.001  0.001  0.001  0.001
22 #_N_agecomp
1 #_Lbin_method: 1=poplenbins; 2=datalenbins; 3=lengths
-1 #_combine males into females at or below this bin number
 #_Yr Seas FltSvy Gender Part Ageerr Lbin_lo Lbin_hi Nsamp          a1         a2         a3         a4         a5         a6         a7         a8          a9         a10         a11          a12          a13          a14          a15          a16          a17          a18          a19          a20          a21          a22          a23          a24          a25
   50    1      1      0    0      1      -1      -1    50 0.017979290 0.11316465 0.33458444 0.17342668 0.08170100 0.08482856 0.04197028 0.02620812 0.019341648 0.009831593 0.013356250 6.980100e-02 2.392305e-05 9.198859e-04 5.262460e-05 2.951164e-04 1.662479e-03 6.172776e-03 1.796425e-04 9.236645e-07 2.436157e-03 1.768069e-11 1.245985e-09 1.743861e-03 3.190946e-04
   55    1      1      0    0      1      -1      -1    50 0.003520534 0.06617884 0.20560557 0.24539918 0.15299189 0.01549603 0.05273024 0.08159086 0.028376820 0.020613229 0.077457381 3.600597e-02 9.485878e-04 2.846575e-03 5.267674e-03 1.959687e-03 6.727875e-05 2.935054e-06 3.664894e-07 2.620383e-03 9.205132e-05 2.269524e-04 9.195939e-07 4.182414e-08 1.219072e-09
   60    1      1      0    0      1      -1      -1    50 0.008787988 0.35043037 0.16018801 0.01961353 0.14380680 0.10562593 0.03237294 0.01194690 0.071365022 0.010660424 0.001207983 1.983763e-02 9.417055e-03 1.720646e-03 1.826880e-02 3.174633e-04 1.241542e-02 6.681336e-08 1.228943e-02 4.018040e-03 7.587359e-04 2.943829e-04 7.873589e-08 3.736303e-26 4.656337e-03
   65    1      1      0    0      1      -1      -1    50 0.003483520 0.15802820 0.11987721 0.17631871 0.12421227 0.07067122 0.21556158 0.02246910 0.027385468 0.012946949 0.007633681 4.351599e-02 3.260106e-03 6.763919e-03 1.977588e-04 7.552358e-04 2.252071e-03 2.814423e-06 1.202180e-05 1.774875e-05 3.545955e-03 1.088404e-03 5.522181e-11 3.703906e-25 7.033571e-08
   70    1      1      0    0      1      -1      -1    50 0.003547641 0.03787750 0.16764205 0.22642400 0.19013372 0.04382333 0.16051257 0.01611279 0.002064576 0.024099342 0.007942292 7.173717e-03 1.959218e-04 1.745165e-03 2.960781e-03 7.522767e-06 9.023690e-02 6.683539e-03 1.080484e-02 9.312737e-06 9.488669e-20 1.972333e-15 2.486264e-06 3.377806e-11 2.082662e-09
   75    1      1      0    0      1      -1      -1    50 0.021527759 0.20793040 0.13146957 0.09907263 0.17609733 0.08612285 0.02784582 0.06333856 0.030676835 0.063749409 0.001545847 7.108115e-03 7.090572e-03 8.833011e-06 2.821583e-02 3.244089e-03 2.088191e-03 6.384678e-03 3.140783e-02 1.630805e-03 3.972733e-11 8.142106e-39 3.244880e-05 3.265709e-03 1.458891e-04
   80    1      1      0    0      1      -1      -1    50 0.028246380 0.10786227 0.09325268 0.13134936 0.17391449 0.19062168 0.13397157 0.04701104 0.021080143 0.042067080 0.026143129 6.643153e-07 1.482505e-03 3.114453e-04 1.594671e-03 4.927045e-04 4.792795e-04 3.833885e-07 9.807941e-06 1.517859e-07 1.076257e-04 9.109062e-07 2.640264e-08 2.661530e-16 1.132259e-15
   85    1      1      0    0      1      -1      -1    50 0.042309653 0.09625505 0.18550200 0.07223256 0.11724370 0.08242735 0.07709843 0.07524014 0.036041628 0.094520101 0.018467685 6.625734e-02 2.093691e-02 4.573766e-03 7.114544e-03 9.635220e-04 8.980069e-08 4.858417e-12 4.901440e-06 2.577506e-03 3.440412e-06 1.857026e-10 9.993334e-22 6.841430e-11 2.296859e-04
   90    1      1      0    0      1      -1      -1    50 0.047442624 0.12006405 0.39980030 0.04393928 0.05215880 0.04997099 0.09682490 0.08739156 0.015643101 0.009618162 0.008240244 4.255057e-02 5.795900e-03 4.985507e-03 9.568149e-03 2.340886e-03 2.363756e-03 6.290218e-10 2.401170e-04 5.064337e-04 9.046248e-08 8.938970e-39 7.581895e-08 7.458327e-08 5.544294e-04
   95    1      1      0    0      1      -1      -1    50 0.016483271 0.22222773 0.25942773 0.10676112 0.05182459 0.16944590 0.02227859 0.03540057 0.038474714 0.005476583 0.042235105 1.766818e-02 1.805207e-05 2.898383e-12 7.193218e-07 5.312269e-05 1.539130e-10 3.789342e-06 1.957412e-05 1.776031e-05 3.060103e-06 4.409846e-03 6.445188e-03 3.407081e-07 1.324460e-03
  100    1      1      0    0      1      -1      -1    50 0.009257805 0.18249831 0.25217723 0.05061619 0.04919577 0.12524953 0.06103429 0.07242358 0.032649657 0.012120003 0.045556115 3.676477e-02 2.501415e-02 1.312222e-02 3.817138e-05 1.740491e-02 9.119675e-03 3.405114e-03 1.338522e-07 3.934292e-05 4.042759e-21 1.060055e-27 3.582390e-19 6.338846e-35 2.313034e-03
   50    1      2      0    0      1      -1      -1    50 0.040000000 0.18000000 0.16000000 0.20000000 0.06000000 0.18000000 0.00000000 0.06000000 0.020000000 0.020000000 0.020000000 2.000000e-02 2.000000e-02 0.000000e+00 0.000000e+00 2.000000e-02 0.000000e+00 0.000000e+00 0.000000e+00 0.000000e+00 0.000000e+00 0.000000e+00 0.000000e+00 0.000000e+00 0.000000e+00
   55    1      2      0    0      1      -1      -1    50 0.020000000 0.10000000 0.24000000 0.08000000 0.06000000 0.08000000 0.04000000 0.04000000 0.200000000 0.020000000 0.060000000 0.000000e+00 0.000000e+00 2.000000e-02 0.000000e+00 0.000000e+00 0.000000e+00 2.000000e-02 0.000000e+00 2.000000e-02 0.000000e+00 0.000000e+00 0.000000e+00 0.000000e+00 0.000000e+00
   60    1      2      0    0      1      -1      -1    50 0.080000000 0.40000000 0.14000000 0.04000000 0.08000000 0.04000000 0.02000000 0.04000000 0.080000000 0.020000000 0.000000000 2.000000e-02 0.000000e+00 0.000000e+00 0.000000e+00 2.000000e-02 0.000000e+00 0.000000e+00 0.000000e+00 0.000000e+00 0.000000e+00 2.000000e-02 0.000000e+00 0.000000e+00 0.000000e+00
   65    1      2      0    0      1      -1      -1    50 0.040000000 0.26000000 0.12000000 0.10000000 0.08000000 0.04000000 0.16000000 0.08000000 0.000000000 0.040000000 0.020000000 0.000000e+00 4.000000e-02 0.000000e+00 0.000000e+00 0.000000e+00 0.000000e+00 2.000000e-02 0.000000e+00 0.000000e+00 0.000000e+00 0.000000e+00 0.000000e+00 0.000000e+00 0.000000e+00
   70    1      2      0    0      1      -1      -1    50 0.040000000 0.10000000 0.22000000 0.14000000 0.20000000 0.06000000 0.10000000 0.02000000 0.060000000 0.000000000 0.040000000 0.000000e+00 0.000000e+00 2.000000e-02 0.000000e+00 0.000000e+00 0.000000e+00 0.000000e+00 0.000000e+00 0.000000e+00 0.000000e+00 0.000000e+00 0.000000e+00 0.000000e+00 0.000000e+00
   75    1      2      0    0      1      -1      -1    50 0.040000000 0.22000000 0.14000000 0.04000000 0.12000000 0.12000000 0.02000000 0.08000000 0.100000000 0.040000000 0.020000000 4.000000e-02 2.000000e-02 0.000000e+00 0.000000e+00 0.000000e+00 0.000000e+00 0.000000e+00 0.000000e+00 0.000000e+00 0.000000e+00 0.000000e+00 0.000000e+00 0.000000e+00 0.000000e+00
   80    1      2      0    0      1      -1      -1    50 0.020000000 0.14000000 0.16000000 0.20000000 0.16000000 0.04000000 0.08000000 0.00000000 0.060000000 0.020000000 0.000000000 0.000000e+00 4.000000e-02 0.000000e+00 4.000000e-02 2.000000e-02 0.000000e+00 0.000000e+00 0.000000e+00 0.000000e+00 0.000000e+00 0.000000e+00 2.000000e-02 0.000000e+00 0.000000e+00
   85    1      2      0    0      1      -1      -1    50 0.080000000 0.32000000 0.16000000 0.08000000 0.10000000 0.08000000 0.06000000 0.00000000 0.020000000 0.020000000 0.040000000 2.000000e-02 0.000000e+00 0.000000e+00 0.000000e+00 0.000000e+00 0.000000e+00 0.000000e+00 2.000000e-02 0.000000e+00 0.000000e+00 0.000000e+00 0.000000e+00 0.000000e+00 0.000000e+00
   90    1      2      0    0      1      -1      -1    50 0.100000000 0.16000000 0.22000000 0.04000000 0.06000000 0.20000000 0.02000000 0.06000000 0.020000000 0.020000000 0.020000000 0.000000e+00 0.000000e+00 4.000000e-02 0.000000e+00 2.000000e-02 0.000000e+00 0.000000e+00 0.000000e+00 2.000000e-02 0.000000e+00 0.000000e+00 0.000000e+00 0.000000e+00 0.000000e+00
   95    1      2      0    0      1      -1      -1    50 0.060000000 0.20000000 0.24000000 0.06000000 0.08000000 0.12000000 0.04000000 0.10000000 0.040000000 0.000000000 0.020000000 2.000000e-02 0.000000e+00 0.000000e+00 2.000000e-02 0.000000e+00 0.000000e+00 0.000000e+00 0.000000e+00 0.000000e+00 0.000000e+00 0.000000e+00 0.000000e+00 0.000000e+00 0.000000e+00
  100    1      2      0    0      1      -1      -1    50 0.040000000 0.20000000 0.18000000 0.16000000 0.10000000 0.00000000 0.08000000 0.10000000 0.000000000 0.060000000 0.020000000 2.000000e-02 2.000000e-02 0.000000e+00 0.000000e+00 2.000000e-02 0.000000e+00 0.000000e+00 0.000000e+00 0.000000e+00 0.000000e+00 0.000000e+00 0.000000e+00 0.000000e+00 0.000000e+00
0 #_N_MeanSize_at_Age_obs
0 #_N_environ_variables
0 #_N_environ_obs
0 #_N_sizefreq_methods
0 #_do_tags
0 #_morphcomp_data
#
999
