#C data file created using the SS_writedat function in the R package r4ss
#C should work with SS version: 
#C file write time: 2014-11-06 00:20:23
#
1 #_styr
100 #_endyr
1 #_nseas
12 #_months_per_seas
1 #_spawn_seas
1 #_Nfleet
2 #_Nsurveys
1 #_N_areas
Fishery%Survey%CPUE #_fleetnames
0.5 0.5 0.5 #_surveytiming_in_season
1 1 1 #_area_assignments_for_each_fishery_and_survey
1 #_units of catch:  1=bio; 2=num
0.01 #_se of log(catch) only used for init_eq_catch and for Fmethod 2 and 3
1 #_Ngenders
25 #_Nages
0 #_init_equil_catch_for_each_fishery
100 #_N_lines_of_catch_to_read
 #_Fishery year seas
         0    1    1
         0    2    1
         0    3    1
         0    4    1
         0    5    1
         0    6    1
         0    7    1
         0    8    1
         0    9    1
         0   10    1
         0   11    1
         0   12    1
         0   13    1
         0   14    1
         0   15    1
         0   16    1
         0   17    1
         0   18    1
         0   19    1
         0   20    1
         0   21    1
         0   22    1
         0   23    1
         0   24    1
         0   25    1
 265127000   26    1
 245664000   27    1
 225202000   28    1
 207665000   29    1
 193282000   30    1
 181438000   31    1
 172868000   32    1
 168812000   33    1
 170577000   34    1
 173205000   35    1
 174953000   36    1
 175085000   37    1
 173723000   38    1
 167430000   39    1
 159022000   40    1
 151099000   41    1
 145087000   42    1
 142514000   43    1
 142063000   44    1
 142396000   45    1
 144831000   46    1
 149505000   47    1
 152109000   48    1
 153056000   49    1
 157318000   50    1
 164764000   51    1
 167975000   52    1
 168252000   53    1
 165337000   54    1
 161048000   55    1
 157615000   56    1
 152286000   57    1
 144983000   58    1
 136855000   59    1
 131742000   60    1
 127819000   61    1
 124941000   62    1
 124782000   63    1
 125202000   64    1
 125826000   65    1
 128677000   66    1
 131406000   67    1
 132867000   68    1
 133441000   69    1
 134265000   70    1
 134578000   71    1
 133419000   72    1
 131747000   73    1
 130598000   74    1
 131147000   75    1
 129377000   76    1
 126723000   77    1
 125026000   78    1
 124852000   79    1
 127282000   80    1
 126807000   81    1
 125893000   82    1
 125986000   83    1
 122872000   84    1
 116760000   85    1
 111442000   86    1
 111930000   87    1
 117125000   88    1
 120885000   89    1
 124662000   90    1
 127200000   91    1
 127187000   92    1
 126820000   93    1
 125616000   94    1
 123874000   95    1
 125022000   96    1
 130814000   97    1
 138594000   98    1
 146480000   99    1
 153779000  100    1
13 #_N_cpue
 #_Fleet Units Errtype
       1     1       0
       2     1       0
       3     1       0
 #_year seas index        obs se_log
     76    1     2 1515385318    0.2
     78    1     2 1725929369    0.2
     80    1     2 1485230884    0.2
     82    1     2 1840370872    0.2
     84    1     2 1547376096    0.2
     86    1     2 1598737489    0.2
     88    1     2 1382029982    0.2
     90    1     2 1785148831    0.2
     92    1     2 2073847516    0.2
     94    1     2 1195522171    0.2
     96    1     2 1718525265    0.2
     98    1     2 1867997040    0.2
    100    1     2 2968177387    0.2
0 #_N_discard_fleets
#_discard_units (1=same_as_catchunits(bio/num); 2=fraction; 3=numbers)
#_discard_errtype:  >0 for DF of T-dist(read CV below); 0 for normal with CV; -1 for normal with se; -2 for lognormal
0 #_N_discard
0 #_N_meanbodywt
1 #_DF_for_meanbodywt_T-distribution_like
2 # length bin method: 1=use databins; 2=generate from binwidth,min,max below; 3=read vector
1 # binwidth for population size comp
10 # minimum size in the population (lower edge of first bin and size at age 0.00)
200 # maximum size in the population (lower edge of last bin)
-0.001 #_comp_tail_compression
1e-05 #_add_to_comp
0 #_combine males into females at or below this bin number
21 #_N_lbins
#_lbin_vector
10 53 70 83 94 101 107 111 114 117 120 123 125 127 130 132 135 138 142 148 200
0 #_N_Length_comp_observations
25 #_N_agebins
#_agebin_vector
1 2 3 4 5 6 7 8 9 10 11 12 13 14 15 16 17 18 19 20 21 22 23 24 25
1 #_N_ageerror_definitions
 #_age0   age1   age2   age3   age4   age5   age6   age7   age8   age9  age10  age11  age12  age13  age14  age15  age16  age17  age18  age19  age20  age21  age22  age23  age24  age25
 -1.000 -1.000 -1.000 -1.000 -1.000 -1.000 -1.000 -1.000 -1.000 -1.000 -1.000 -1.000 -1.000 -1.000 -1.000 -1.000 -1.000 -1.000 -1.000 -1.000 -1.000 -1.000 -1.000 -1.000 -1.000 -1.000
  0.001  0.001  0.001  0.001  0.001  0.001  0.001  0.001  0.001  0.001  0.001  0.001  0.001  0.001  0.001  0.001  0.001  0.001  0.001  0.001  0.001  0.001  0.001  0.001  0.001  0.001
34 #_N_agecomp
1 #_Lbin_method: 1=poplenbins; 2=datalenbins; 3=lengths
-1 #_combine males into females at or below this bin number
 #_Yr Seas FltSvy Gender Part Ageerr Lbin_lo Lbin_hi Nsamp          a1         a2         a3         a4         a5         a6         a7         a8         a9         a10         a11         a12         a13         a14          a15          a16          a17          a18          a19          a20          a21          a22          a23          a24          a25
   50    1      1      0    0      1      -1      -1   500 0.014705625 0.25886019 0.15691384 0.11658064 0.11349263 0.11856922 0.05460310 0.03555676 0.04160409 0.033768492 0.013273072 0.003505469 0.002453624 0.003606410 0.0016455059 0.0048887590 0.0023591677 0.0095259679 1.112681e-02 5.411985e-05 0.0012185795 2.093898e-04 4.819416e-06 1.328896e-04 1.340831e-03
   60    1      1      0    0      1      -1      -1   500 0.012251354 0.17757517 0.19680369 0.05637542 0.08190540 0.10085865 0.09125994 0.03792349 0.04016836 0.038820544 0.025136751 0.074416884 0.019127234 0.007436552 0.0118928047 0.0116459385 0.0067709939 0.0034713410 1.269350e-03 4.950101e-04 0.0006019093 3.141996e-03 1.471696e-06 7.870695e-05 5.710253e-04
   70    1      1      0    0      1      -1      -1   500 0.012538067 0.16201789 0.24475478 0.15221650 0.11386232 0.07601124 0.06095117 0.03780254 0.04559260 0.029750942 0.013409220 0.009088324 0.016863165 0.002131367 0.0019614219 0.0038021822 0.0043370571 0.0014440420 2.121879e-03 2.679684e-04 0.0047065810 6.955906e-04 1.311627e-03 1.273643e-03 1.087890e-03
   75    1      1      0    0      1      -1      -1   500 0.013196146 0.15200349 0.29622519 0.09712626 0.08735437 0.04652347 0.08103304 0.04421002 0.03470191 0.029735987 0.030728450 0.024261819 0.010049413 0.016363258 0.0127488385 0.0028735627 0.0022726834 0.0027036625 4.966732e-03 7.459028e-04 0.0009471118 1.587072e-03 1.139296e-04 6.555507e-07 7.527007e-03
   76    1      1      0    0      1      -1      -1   500 0.021647812 0.07727225 0.18885764 0.22744396 0.09883017 0.11453331 0.05004813 0.06341049 0.03344408 0.025590359 0.026014489 0.019698296 0.019715919 0.005993253 0.0068953237 0.0020048997 0.0075045469 0.0032089137 2.298180e-03 5.468970e-06 0.0002524360 1.152014e-04 4.960205e-03 1.068108e-05 2.439923e-04
   79    1      1      0    0      1      -1      -1   500 0.008838012 0.24120476 0.15526581 0.16397773 0.05555598 0.07812117 0.08529765 0.04461773 0.03525905 0.019847819 0.029479943 0.016073705 0.015110699 0.009096278 0.0117826731 0.0112832146 0.0005237830 0.0008832912 8.350254e-05 6.227220e-03 0.0038386900 1.744727e-03 2.684160e-07 5.983210e-06 5.880317e-03
   82    1      1      0    0      1      -1      -1   500 0.019813492 0.24624606 0.09924972 0.12683352 0.18567031 0.06623788 0.09088088 0.02492127 0.03027747 0.040805606 0.012170621 0.014362188 0.011691425 0.006702805 0.0073248702 0.0024298463 0.0033854882 0.0030958214 2.308327e-03 2.370281e-04 0.0008415934 6.501881e-04 3.745715e-06 3.810238e-03 4.960851e-05
   85    1      1      0    0      1      -1      -1   500 0.024540571 0.09041173 0.07508417 0.12485735 0.20566694 0.08002550 0.07409806 0.10364036 0.05419095 0.033823187 0.011310794 0.023776027 0.034823520 0.012777718 0.0077165409 0.0039917681 0.0152511634 0.0050701960 2.913486e-04 1.003582e-02 0.0031369536 1.932529e-04 1.443705e-03 2.993180e-03 8.491925e-04
   88    1      1      0    0      1      -1      -1   500 0.020965714 0.14107240 0.40238443 0.12274716 0.03852789 0.01843736 0.05955960 0.05255342 0.01606024 0.025026339 0.037653443 0.005286500 0.016211640 0.001677053 0.0065266522 0.0087122434 0.0125053656 0.0014717842 6.518715e-04 1.344464e-03 0.0081079183 9.411591e-05 1.924417e-04 4.623195e-05 2.183714e-03
   89    1      1      0    0      1      -1      -1   500 0.016755267 0.14914917 0.20039572 0.24044265 0.10989545 0.03985568 0.01694686 0.03689919 0.05529711 0.013117009 0.030475273 0.028763675 0.017780438 0.013788435 0.0071882336 0.0026051017 0.0061796560 0.0001331193 4.853557e-03 7.066825e-04 0.0001681233 8.115383e-03 7.813023e-07 4.960148e-06 4.824647e-04
   91    1      1      0    0      1      -1      -1   500 0.020920733 0.11473164 0.21705156 0.15420036 0.11836640 0.17244976 0.07258754 0.01943089 0.01265286 0.015659487 0.023323090 0.013544112 0.010583617 0.018575708 0.0020554569 0.0024943296 0.0040160306 0.0029260500 6.869548e-04 6.802239e-04 0.0010161786 2.365253e-04 1.420310e-05 8.799250e-06 1.787493e-03
   93    1      1      0    0      1      -1      -1   500 0.019526547 0.16476595 0.17946918 0.12272725 0.12611505 0.10091964 0.06490744 0.09791798 0.04889287 0.007472128 0.003636793 0.011739881 0.015122577 0.002961363 0.0102429943 0.0135486028 0.0028849585 0.0024122265 3.868429e-05 9.724277e-04 0.0004196044 3.583713e-04 2.570485e-03 2.007364e-07 3.768001e-04
   95    1      1      0    0      1      -1      -1   500 0.021412154 0.18328482 0.13056001 0.15822288 0.11673444 0.04845521 0.09669603 0.04072098 0.05049135 0.070889113 0.017877881 0.006601098 0.006595533 0.009548837 0.0078497382 0.0029944114 0.0015662356 0.0175825410 1.790362e-03 1.920892e-04 0.0010862245 1.580170e-03 4.381673e-03 1.319329e-03 1.566897e-03
   97    1      1      0    0      1      -1      -1   500 0.019591407 0.25357044 0.22788220 0.12843614 0.07325388 0.05592421 0.04438407 0.02525293 0.05065832 0.025099571 0.016750978 0.034499211 0.011073821 0.007716369 0.0005838733 0.0104844695 0.0095119288 0.0004295808 9.485669e-04 5.073594e-04 0.0008233991 7.736038e-05 5.542287e-05 2.730818e-08 2.484460e-03
   98    1      1      0    0      1      -1      -1   500 0.026816316 0.15310906 0.28735529 0.17751449 0.08563443 0.03539038 0.04499257 0.03526743 0.01231745 0.038948275 0.022607283 0.019845629 0.021325140 0.006653773 0.0033364171 0.0036138611 0.0005924324 0.0076364731 5.144365e-03 2.272518e-03 0.0043372304 3.289641e-03 4.295878e-05 3.724741e-11 1.956596e-03
   99    1      1      0    0      1      -1      -1   500 0.009836013 0.22002109 0.17766829 0.20768213 0.11531476 0.08246874 0.02417598 0.04199823 0.02405428 0.015346462 0.023363601 0.019074027 0.004729302 0.014359710 0.0092468888 0.0004422277 0.0016387620 0.0017728907 4.176476e-03 3.352858e-05 0.0003689240 1.349754e-04 4.661730e-11 1.346969e-03 7.457383e-04
  100    1      1      0    0      1      -1      -1   500 0.011784954 0.05995663 0.31763669 0.14553898 0.13541131 0.11375251 0.04596647 0.04390729 0.02897455 0.019517016 0.011354619 0.014797025 0.007286655 0.004016594 0.0176467948 0.0031686333 0.0007565443 0.0025895341 2.834469e-03 3.040218e-03 0.0001950815 7.395831e-03 1.096401e-03 1.162583e-03 2.126058e-04
   50    1      2      0    0      1      -1      -1   500 0.036000000 0.37200000 0.11800000 0.10200000 0.09400000 0.08000000 0.05600000 0.03200000 0.03200000 0.028000000 0.008000000 0.008000000 0.006000000 0.002000000 0.0000000000 0.0040000000 0.0080000000 0.0000000000 0.000000e+00 2.000000e-03 0.0000000000 4.000000e-03 0.000000e+00 2.000000e-03 6.000000e-03
   60    1      2      0    0      1      -1      -1   500 0.032000000 0.24200000 0.17200000 0.06200000 0.07000000 0.07000000 0.08600000 0.06200000 0.03200000 0.032000000 0.034000000 0.042000000 0.022000000 0.004000000 0.0100000000 0.0080000000 0.0060000000 0.0040000000 4.000000e-03 2.000000e-03 0.0000000000 0.000000e+00 0.000000e+00 0.000000e+00 4.000000e-03
   70    1      2      0    0      1      -1      -1   500 0.024000000 0.22600000 0.18400000 0.13000000 0.10400000 0.10000000 0.06800000 0.03400000 0.03800000 0.024000000 0.018000000 0.026000000 0.008000000 0.002000000 0.0040000000 0.0000000000 0.0040000000 0.0000000000 2.000000e-03 2.000000e-03 0.0000000000 2.000000e-03 0.000000e+00 0.000000e+00 0.000000e+00
   75    1      2      0    0      1      -1      -1   500 0.024000000 0.16800000 0.28600000 0.09600000 0.10400000 0.06600000 0.07000000 0.04000000 0.03200000 0.038000000 0.020000000 0.014000000 0.010000000 0.006000000 0.0100000000 0.0000000000 0.0000000000 0.0040000000 2.000000e-03 4.000000e-03 0.0020000000 0.000000e+00 2.000000e-03 0.000000e+00 2.000000e-03
   76    1      2      0    0      1      -1      -1   500 0.040000000 0.12000000 0.17800000 0.22800000 0.09600000 0.07800000 0.04000000 0.05000000 0.03600000 0.028000000 0.024000000 0.030000000 0.024000000 0.004000000 0.0120000000 0.0000000000 0.0040000000 0.0020000000 2.000000e-03 0.000000e+00 0.0020000000 2.000000e-03 0.000000e+00 0.000000e+00 0.000000e+00
   79    1      2      0    0      1      -1      -1   500 0.030000000 0.32400000 0.12400000 0.12200000 0.06800000 0.07400000 0.08400000 0.02800000 0.04800000 0.028000000 0.022000000 0.014000000 0.006000000 0.006000000 0.0100000000 0.0040000000 0.0000000000 0.0020000000 2.000000e-03 2.000000e-03 0.0000000000 2.000000e-03 0.000000e+00 0.000000e+00 0.000000e+00
   82    1      2      0    0      1      -1      -1   500 0.042000000 0.28200000 0.07800000 0.10800000 0.18000000 0.06000000 0.07400000 0.03200000 0.03800000 0.030000000 0.018000000 0.018000000 0.002000000 0.002000000 0.0040000000 0.0100000000 0.0020000000 0.0040000000 4.000000e-03 4.000000e-03 0.0020000000 4.000000e-03 0.000000e+00 0.000000e+00 2.000000e-03
   85    1      2      0    0      1      -1      -1   500 0.062000000 0.13800000 0.07600000 0.15400000 0.15600000 0.05800000 0.06400000 0.10400000 0.04600000 0.034000000 0.012000000 0.016000000 0.018000000 0.012000000 0.0100000000 0.0080000000 0.0020000000 0.0080000000 4.000000e-03 6.000000e-03 0.0060000000 4.000000e-03 0.000000e+00 0.000000e+00 2.000000e-03
   88    1      2      0    0      1      -1      -1   500 0.044000000 0.17400000 0.35400000 0.12400000 0.04600000 0.03000000 0.05800000 0.05000000 0.01400000 0.016000000 0.036000000 0.016000000 0.010000000 0.004000000 0.0020000000 0.0100000000 0.0040000000 0.0020000000 0.000000e+00 4.000000e-03 0.0000000000 0.000000e+00 0.000000e+00 0.000000e+00 2.000000e-03
   89    1      2      0    0      1      -1      -1   500 0.050000000 0.21400000 0.17000000 0.22800000 0.09600000 0.03400000 0.02800000 0.03800000 0.03600000 0.012000000 0.012000000 0.030000000 0.006000000 0.010000000 0.0020000000 0.0060000000 0.0020000000 0.0000000000 2.000000e-03 0.000000e+00 0.0100000000 4.000000e-03 4.000000e-03 2.000000e-03 4.000000e-03
   91    1      2      0    0      1      -1      -1   500 0.036000000 0.14400000 0.22400000 0.11600000 0.12000000 0.19800000 0.05400000 0.01600000 0.01000000 0.018000000 0.022000000 0.002000000 0.014000000 0.004000000 0.0060000000 0.0040000000 0.0000000000 0.0020000000 4.000000e-03 0.000000e+00 0.0000000000 4.000000e-03 0.000000e+00 0.000000e+00 2.000000e-03
   93    1      2      0    0      1      -1      -1   500 0.034000000 0.25000000 0.12800000 0.08600000 0.13600000 0.09200000 0.06000000 0.10400000 0.03200000 0.010000000 0.010000000 0.004000000 0.012000000 0.002000000 0.0080000000 0.0040000000 0.0020000000 0.0040000000 2.000000e-03 2.000000e-03 0.0060000000 4.000000e-03 4.000000e-03 0.000000e+00 4.000000e-03
   95    1      2      0    0      1      -1      -1   500 0.058000000 0.20400000 0.13600000 0.12800000 0.11400000 0.07400000 0.08000000 0.05000000 0.03600000 0.050000000 0.020000000 0.008000000 0.002000000 0.006000000 0.0040000000 0.0080000000 0.0040000000 0.0120000000 0.000000e+00 0.000000e+00 0.0000000000 2.000000e-03 0.000000e+00 0.000000e+00 4.000000e-03
   97    1      2      0    0      1      -1      -1   500 0.050000000 0.29200000 0.24400000 0.11000000 0.06200000 0.07200000 0.04200000 0.01800000 0.01800000 0.034000000 0.020000000 0.018000000 0.004000000 0.004000000 0.0020000000 0.0020000000 0.0000000000 0.0000000000 0.000000e+00 2.000000e-03 0.0000000000 2.000000e-03 2.000000e-03 2.000000e-03 0.000000e+00
   98    1      2      0    0      1      -1      -1   500 0.066000000 0.19600000 0.26800000 0.16800000 0.09800000 0.03400000 0.04800000 0.04000000 0.02400000 0.010000000 0.014000000 0.004000000 0.012000000 0.006000000 0.0020000000 0.0000000000 0.0000000000 0.0020000000 0.000000e+00 0.000000e+00 0.0000000000 0.000000e+00 6.000000e-03 0.000000e+00 2.000000e-03
   99    1      2      0    0      1      -1      -1   500 0.020000000 0.28600000 0.16600000 0.19600000 0.11800000 0.05200000 0.04200000 0.03400000 0.02200000 0.014000000 0.022000000 0.010000000 0.004000000 0.008000000 0.0000000000 0.0000000000 0.0000000000 0.0020000000 0.000000e+00 0.000000e+00 0.0020000000 2.000000e-03 0.000000e+00 0.000000e+00 0.000000e+00
  100    1      2      0    0      1      -1      -1   500 0.024000000 0.11200000 0.30200000 0.13800000 0.14200000 0.10600000 0.05600000 0.02600000 0.01400000 0.012000000 0.010000000 0.010000000 0.012000000 0.014000000 0.0100000000 0.0020000000 0.0000000000 0.0000000000 0.000000e+00 2.000000e-03 0.0000000000 2.000000e-03 2.000000e-03 0.000000e+00 4.000000e-03
0 #_N_MeanSize_at_Age_obs
0 #_N_environ_variables
0 #_N_environ_obs
0 #_N_sizefreq_methods
0 #_do_tags
0 #_morphcomp_data
#
999
