#C data file created using the SS_writedat function in the R package r4ss
#C should work with SS version: 
#C file write time: 2014-11-06 00:26:20
#
1 #_styr
100 #_endyr
1 #_nseas
12 #_months_per_seas
1 #_spawn_seas
1 #_Nfleet
2 #_Nsurveys
1 #_N_areas
Fishery%Survey%CPUE #_fleetnames
0.5 0.5 0.5 #_surveytiming_in_season
1 1 1 #_area_assignments_for_each_fishery_and_survey
1 #_units of catch:  1=bio; 2=num
0.01 #_se of log(catch) only used for init_eq_catch and for Fmethod 2 and 3
1 #_Ngenders
25 #_Nages
0 #_init_equil_catch_for_each_fishery
100 #_N_lines_of_catch_to_read
 #_Fishery year seas
         0    1    1
         0    2    1
         0    3    1
         0    4    1
         0    5    1
         0    6    1
         0    7    1
         0    8    1
         0    9    1
         0   10    1
         0   11    1
         0   12    1
         0   13    1
         0   14    1
         0   15    1
         0   16    1
         0   17    1
         0   18    1
         0   19    1
         0   20    1
         0   21    1
         0   22    1
         0   23    1
         0   24    1
         0   25    1
 294459000   26    1
 275511000   27    1
 257882000   28    1
 240388000   29    1
 227192000   30    1
 218496000   31    1
 212586000   32    1
 212535000   33    1
 207137000   34    1
 200095000   35    1
 194531000   36    1
 187173000   37    1
 176606000   38    1
 166251000   39    1
 159644000   40    1
 156885000   41    1
 152360000   42    1
 147827000   43    1
 147706000   44    1
 150466000   45    1
 151934000   46    1
 152866000   47    1
 153409000   48    1
 150741000   49    1
 146725000   50    1
 143231000   51    1
 140239000   52    1
 139733000   53    1
 139779000   54    1
 136983000   55    1
 134165000   56    1
 131147000   57    1
 130138000   58    1
 131854000   59    1
 137212000   60    1
 143372000   61    1
 147426000   62    1
 148213000   63    1
 146969000   64    1
 143913000   65    1
 143361000   66    1
 147885000   67    1
 157639000   68    1
 161072000   69    1
 158731000   70    1
 154465000   71    1
 151716000   72    1
 150157000   73    1
 147555000   74    1
 144695000   75    1
 141250000   76    1
 137883000   77    1
 138138000   78    1
 145157000   79    1
 152175000   80    1
 155733000   81    1
 155230000   82    1
 150850000   83    1
 143862000   84    1
 138129000   85    1
 135848000   86    1
 139876000   87    1
 147297000   88    1
 153276000   89    1
 154939000   90    1
 154573000   91    1
 154145000   92    1
 149516000   93    1
 144020000   94    1
 139640000   95    1
 136420000   96    1
 131587000   97    1
 127941000   98    1
 125782000   99    1
 127328000  100    1
13 #_N_cpue
 #_Fleet Units Errtype
       1     1       0
       2     1       0
       3     1       0
 #_year seas index        obs se_log
     76    1     2 1947622602    0.2
     78    1     2 2997915393    0.2
     80    1     2 1738997433    0.2
     82    1     2 3457333173    0.2
     84    1     2 2294608292    0.2
     86    1     2 2630631260    0.2
     88    1     2 2022146995    0.2
     90    1     2 2412090422    0.2
     92    1     2 2153965314    0.2
     94    1     2 2142994318    0.2
     96    1     2 2451030051    0.2
     98    1     2 1664403977    0.2
    100    1     2 1612402781    0.2
0 #_N_discard_fleets
#_discard_units (1=same_as_catchunits(bio/num); 2=fraction; 3=numbers)
#_discard_errtype:  >0 for DF of T-dist(read CV below); 0 for normal with CV; -1 for normal with se; -2 for lognormal
0 #_N_discard
0 #_N_meanbodywt
1 #_DF_for_meanbodywt_T-distribution_like
2 # length bin method: 1=use databins; 2=generate from binwidth,min,max below; 3=read vector
1 # binwidth for population size comp
10 # minimum size in the population (lower edge of first bin and size at age 0.00)
200 # maximum size in the population (lower edge of last bin)
-0.001 #_comp_tail_compression
1e-05 #_add_to_comp
0 #_combine males into females at or below this bin number
21 #_N_lbins
#_lbin_vector
10 53 70 83 94 101 107 111 114 117 120 123 125 127 130 132 135 138 142 148 200
0 #_N_Length_comp_observations
25 #_N_agebins
#_agebin_vector
1 2 3 4 5 6 7 8 9 10 11 12 13 14 15 16 17 18 19 20 21 22 23 24 25
1 #_N_ageerror_definitions
 #_age0   age1   age2   age3   age4   age5   age6   age7   age8   age9  age10  age11  age12  age13  age14  age15  age16  age17  age18  age19  age20  age21  age22  age23  age24  age25
 -1.000 -1.000 -1.000 -1.000 -1.000 -1.000 -1.000 -1.000 -1.000 -1.000 -1.000 -1.000 -1.000 -1.000 -1.000 -1.000 -1.000 -1.000 -1.000 -1.000 -1.000 -1.000 -1.000 -1.000 -1.000 -1.000
  0.001  0.001  0.001  0.001  0.001  0.001  0.001  0.001  0.001  0.001  0.001  0.001  0.001  0.001  0.001  0.001  0.001  0.001  0.001  0.001  0.001  0.001  0.001  0.001  0.001  0.001
34 #_N_agecomp
1 #_Lbin_method: 1=poplenbins; 2=datalenbins; 3=lengths
-1 #_combine males into females at or below this bin number
 #_Yr Seas FltSvy Gender Part Ageerr Lbin_lo Lbin_hi Nsamp          a1         a2         a3         a4         a5         a6         a7          a8         a9         a10         a11         a12         a13         a14          a15          a16         a17          a18          a19          a20          a21          a22          a23          a24          a25
   50    1      1      0    0      1      -1      -1   500 0.018053878 0.16330505 0.16199967 0.11352393 0.13630304 0.06936354 0.07399922 0.097720439 0.05421979 0.012790410 0.025265069 0.022920298 0.010814429 0.008683132 0.0052825308 0.0064961162 0.008112601 7.104445e-05 6.967785e-04 2.695832e-03 5.556814e-04 4.617780e-03 3.430007e-05 3.512439e-04 0.0021241898
   60    1      1      0    0      1      -1      -1   500 0.019369229 0.16346813 0.24991338 0.14685783 0.12978718 0.04703265 0.05712155 0.024322831 0.03836528 0.045456857 0.014719282 0.008361494 0.014289866 0.011693490 0.0071971352 0.0020734997 0.001538318 1.482037e-03 2.893842e-03 4.400719e-03 3.359890e-03 5.367118e-03 4.134441e-08 2.318594e-04 0.0006964951
   70    1      1      0    0      1      -1      -1   500 0.009482843 0.06312750 0.08002939 0.17673787 0.27578459 0.10907377 0.06761642 0.018439831 0.04243604 0.019576441 0.024279500 0.036038483 0.021092442 0.022193897 0.0149031872 0.0046966622 0.004323483 7.258061e-06 1.647348e-03 7.239885e-04 1.102883e-03 8.164095e-05 4.668001e-03 2.558248e-04 0.0016807110
   75    1      1      0    0      1      -1      -1   500 0.014479104 0.14456519 0.16891410 0.16354187 0.16168654 0.09703712 0.03673942 0.020407530 0.04382791 0.060396556 0.016538555 0.016131131 0.009154025 0.010838250 0.0003960799 0.0069450332 0.006059539 1.120564e-02 7.400253e-04 6.185236e-04 8.876459e-04 1.848402e-06 7.457391e-08 8.294689e-03 0.0005935999
   76    1      1      0    0      1      -1      -1   500 0.027414334 0.13380347 0.15307446 0.13602771 0.11081293 0.14762160 0.08522114 0.020850139 0.02108045 0.030978760 0.054428885 0.021702116 0.013608777 0.009040021 0.0024097311 0.0006959889 0.003068260 7.280856e-03 3.654273e-03 3.833801e-03 1.212496e-02 1.769789e-04 2.592949e-04 4.252332e-08 0.0008310275
   79    1      1      0    0      1      -1      -1   500 0.017699647 0.21090116 0.30109951 0.11594437 0.06449477 0.05766684 0.05199407 0.027908718 0.05220776 0.022993609 0.005186901 0.003659350 0.015605606 0.015934031 0.0047449082 0.0109198099 0.002378097 3.217478e-03 8.889862e-04 4.062510e-03 5.201541e-03 1.270038e-04 2.716079e-03 9.562011e-04 0.0014910402
   82    1      1      0    0      1      -1      -1   500 0.002546699 0.09944662 0.15771714 0.15885807 0.16723015 0.17750257 0.05609128 0.046203390 0.01562617 0.026002301 0.017938419 0.035178640 0.008938812 0.004890755 0.0004399280 0.0073476539 0.008338550 1.024429e-03 2.320840e-03 1.961037e-04 6.300703e-04 7.459969e-04 2.336998e-05 3.447600e-05 0.0047275841
   85    1      1      0    0      1      -1      -1   500 0.032143561 0.15279537 0.18872688 0.05409721 0.09055265 0.08367193 0.09030135 0.095193457 0.11113870 0.018608575 0.019319071 0.003570820 0.019421737 0.007084552 0.0113715779 0.0024591905 0.001518958 4.787590e-03 3.895279e-03 8.409480e-04 4.173111e-03 6.288097e-04 5.631491e-04 1.873962e-03 0.0012615625
   88    1      1      0    0      1      -1      -1   500 0.017840890 0.17892251 0.30314803 0.17633754 0.06774557 0.05110171 0.01455228 0.036447999 0.02107537 0.042002847 0.032652496 0.028291907 0.006681040 0.006388107 0.0029115452 0.0028458395 0.001990798 3.507600e-03 6.904433e-04 1.209566e-05 1.342355e-05 2.069008e-04 2.659578e-03 5.621513e-09 0.0019734542
   89    1      1      0    0      1      -1      -1   500 0.009551095 0.11696192 0.19206059 0.23243887 0.18304018 0.06654264 0.05817360 0.008983396 0.02180980 0.021071103 0.015673073 0.020467736 0.016402727 0.018162439 0.0056419087 0.0009159832 0.001096244 1.536397e-03 1.709424e-03 6.692629e-05 4.355522e-04 3.539664e-05 2.099799e-03 2.742185e-03 0.0023810233
   91    1      1      0    0      1      -1      -1   500 0.005062898 0.21347327 0.09992284 0.11000743 0.16735795 0.14909125 0.12241373 0.033263145 0.02721741 0.006370706 0.016221681 0.009693569 0.006049750 0.010831790 0.0091131958 0.0033743301 0.003343859 1.544267e-04 1.003206e-03 3.747109e-03 1.066284e-03 8.945026e-08 2.275518e-06 1.743720e-04 0.0010434239
   93    1      1      0    0      1      -1      -1   500 0.018521266 0.12436553 0.11485689 0.23864210 0.05446134 0.08443323 0.09255075 0.101880650 0.04620158 0.018059922 0.032359876 0.010387469 0.010503009 0.003429434 0.0104652696 0.0111609497 0.005961185 7.714821e-04 3.801059e-03 1.229330e-03 5.971937e-03 2.346436e-03 5.172467e-04 4.223446e-03 0.0028986096
   95    1      1      0    0      1      -1      -1   500 0.013418201 0.25121434 0.15742775 0.10448181 0.04442372 0.11952711 0.04553888 0.037831136 0.05483669 0.049966637 0.046255684 0.022013765 0.010418081 0.003511368 0.0030046217 0.0126626013 0.007607122 8.192490e-03 2.538075e-03 5.707733e-04 6.795878e-04 4.473334e-04 7.102306e-04 1.005540e-03 0.0017164635
   97    1      1      0    0      1      -1      -1   500 0.008837639 0.19605788 0.08271481 0.20182211 0.08600237 0.10799945 0.03007453 0.086495729 0.01925926 0.033150773 0.035416551 0.029041753 0.032966453 0.007682794 0.0099024578 0.0018334858 0.001290775 3.100466e-03 5.126734e-03 1.057541e-02 9.578001e-03 5.317904e-05 1.574706e-04 9.200682e-06 0.0008507185
   98    1      1      0    0      1      -1      -1   500 0.013928714 0.12399907 0.18558181 0.08273855 0.18840859 0.06934314 0.06394017 0.027041124 0.06611663 0.015397063 0.028590722 0.039267885 0.023127569 0.024347347 0.0140633099 0.0076509472 0.002292742 7.202327e-03 8.661454e-04 4.953665e-04 3.380565e-03 5.476285e-03 6.088844e-05 9.538101e-05 0.0065876585
   99    1      1      0    0      1      -1      -1   500 0.041126576 0.17583210 0.19148059 0.14143229 0.06614723 0.12611408 0.04629997 0.036456888 0.02094498 0.048099619 0.018317576 0.027878760 0.019827130 0.011655646 0.0115205515 0.0030725165 0.002571946 8.462409e-04 4.079533e-06 1.061971e-04 8.919842e-04 6.229938e-03 2.086301e-03 2.355330e-04 0.0008212852
  100    1      1      0    0      1      -1      -1   500 0.015120338 0.23369902 0.21102828 0.12926034 0.08938863 0.03326645 0.10457377 0.031268476 0.02643787 0.018866451 0.034339840 0.010826055 0.005177797 0.013880959 0.0113720156 0.0181400864 0.002954447 1.947849e-03 1.043456e-03 8.221552e-04 2.644009e-04 1.052136e-03 1.219526e-03 1.929263e-03 0.0021203826
   50    1      2      0    0      1      -1      -1   500 0.024000000 0.18200000 0.10600000 0.11400000 0.15600000 0.10200000 0.07400000 0.082000000 0.03800000 0.016000000 0.022000000 0.038000000 0.010000000 0.010000000 0.0020000000 0.0060000000 0.002000000 0.000000e+00 0.000000e+00 4.000000e-03 0.000000e+00 2.000000e-03 0.000000e+00 0.000000e+00 0.0100000000
   60    1      2      0    0      1      -1      -1   500 0.044000000 0.24600000 0.23800000 0.13400000 0.07400000 0.04400000 0.06200000 0.014000000 0.04400000 0.038000000 0.016000000 0.012000000 0.010000000 0.004000000 0.0040000000 0.0020000000 0.000000000 6.000000e-03 0.000000e+00 0.000000e+00 0.000000e+00 2.000000e-03 2.000000e-03 2.000000e-03 0.0020000000
   70    1      2      0    0      1      -1      -1   500 0.046000000 0.08400000 0.09200000 0.17200000 0.28800000 0.08400000 0.06600000 0.020000000 0.04400000 0.012000000 0.028000000 0.016000000 0.016000000 0.008000000 0.0080000000 0.0020000000 0.004000000 2.000000e-03 2.000000e-03 0.000000e+00 0.000000e+00 0.000000e+00 4.000000e-03 0.000000e+00 0.0020000000
   75    1      2      0    0      1      -1      -1   500 0.044000000 0.19800000 0.16000000 0.13200000 0.13000000 0.08400000 0.02400000 0.014000000 0.04800000 0.072000000 0.026000000 0.026000000 0.014000000 0.002000000 0.0000000000 0.0100000000 0.008000000 4.000000e-03 2.000000e-03 0.000000e+00 0.000000e+00 0.000000e+00 0.000000e+00 2.000000e-03 0.0000000000
   76    1      2      0    0      1      -1      -1   500 0.032000000 0.21000000 0.18200000 0.13000000 0.10200000 0.12000000 0.05800000 0.022000000 0.01400000 0.026000000 0.054000000 0.018000000 0.018000000 0.002000000 0.0040000000 0.0000000000 0.004000000 2.000000e-03 0.000000e+00 0.000000e+00 0.000000e+00 0.000000e+00 2.000000e-03 0.000000e+00 0.0000000000
   79    1      2      0    0      1      -1      -1   500 0.038000000 0.27800000 0.26800000 0.07800000 0.07800000 0.05200000 0.05800000 0.028000000 0.04400000 0.012000000 0.006000000 0.000000000 0.016000000 0.024000000 0.0060000000 0.0040000000 0.002000000 2.000000e-03 0.000000e+00 2.000000e-03 2.000000e-03 0.000000e+00 0.000000e+00 2.000000e-03 0.0000000000
   82    1      2      0    0      1      -1      -1   500 0.010000000 0.13200000 0.13600000 0.14200000 0.19400000 0.14400000 0.05000000 0.048000000 0.02800000 0.022000000 0.022000000 0.024000000 0.018000000 0.006000000 0.0060000000 0.0020000000 0.008000000 0.000000e+00 4.000000e-03 0.000000e+00 2.000000e-03 0.000000e+00 2.000000e-03 0.000000e+00 0.0000000000
   85    1      2      0    0      1      -1      -1   500 0.062000000 0.21400000 0.14800000 0.05000000 0.09400000 0.05600000 0.07800000 0.082000000 0.08000000 0.040000000 0.016000000 0.010000000 0.012000000 0.016000000 0.0180000000 0.0120000000 0.002000000 4.000000e-03 0.000000e+00 6.000000e-03 0.000000e+00 0.000000e+00 0.000000e+00 0.000000e+00 0.0000000000
   88    1      2      0    0      1      -1      -1   500 0.044000000 0.25200000 0.24400000 0.15600000 0.06400000 0.05000000 0.01800000 0.042000000 0.02800000 0.026000000 0.016000000 0.024000000 0.006000000 0.006000000 0.0020000000 0.0040000000 0.004000000 4.000000e-03 2.000000e-03 0.000000e+00 4.000000e-03 0.000000e+00 2.000000e-03 2.000000e-03 0.0000000000
   89    1      2      0    0      1      -1      -1   500 0.012000000 0.13000000 0.22000000 0.24600000 0.14800000 0.05800000 0.03800000 0.012000000 0.02000000 0.026000000 0.010000000 0.024000000 0.016000000 0.012000000 0.0020000000 0.0020000000 0.004000000 6.000000e-03 4.000000e-03 2.000000e-03 2.000000e-03 0.000000e+00 0.000000e+00 4.000000e-03 0.0020000000
   91    1      2      0    0      1      -1      -1   500 0.020000000 0.24600000 0.07000000 0.12600000 0.13200000 0.14800000 0.08600000 0.044000000 0.02200000 0.014000000 0.016000000 0.012000000 0.018000000 0.024000000 0.0160000000 0.0000000000 0.000000000 2.000000e-03 0.000000e+00 0.000000e+00 2.000000e-03 0.000000e+00 0.000000e+00 0.000000e+00 0.0020000000
   93    1      2      0    0      1      -1      -1   500 0.036000000 0.15200000 0.10600000 0.23800000 0.06000000 0.05400000 0.12800000 0.076000000 0.05800000 0.018000000 0.014000000 0.004000000 0.010000000 0.006000000 0.0040000000 0.0160000000 0.008000000 4.000000e-03 0.000000e+00 0.000000e+00 4.000000e-03 0.000000e+00 0.000000e+00 0.000000e+00 0.0040000000
   95    1      2      0    0      1      -1      -1   500 0.016000000 0.23800000 0.11800000 0.11000000 0.06200000 0.12800000 0.04000000 0.046000000 0.06200000 0.070000000 0.042000000 0.016000000 0.006000000 0.002000000 0.0100000000 0.0080000000 0.004000000 4.000000e-03 2.000000e-03 4.000000e-03 2.000000e-03 2.000000e-03 2.000000e-03 2.000000e-03 0.0040000000
   97    1      2      0    0      1      -1      -1   500 0.038000000 0.17400000 0.11800000 0.22600000 0.08200000 0.06000000 0.04600000 0.084000000 0.03800000 0.022000000 0.040000000 0.026000000 0.014000000 0.008000000 0.0060000000 0.0000000000 0.004000000 2.000000e-03 0.000000e+00 6.000000e-03 2.000000e-03 0.000000e+00 2.000000e-03 0.000000e+00 0.0020000000
   98    1      2      0    0      1      -1      -1   500 0.038000000 0.19600000 0.16000000 0.08800000 0.18400000 0.07200000 0.02400000 0.026000000 0.05200000 0.022000000 0.020000000 0.038000000 0.030000000 0.010000000 0.0060000000 0.0120000000 0.000000000 6.000000e-03 2.000000e-03 6.000000e-03 0.000000e+00 4.000000e-03 2.000000e-03 2.000000e-03 0.0000000000
   99    1      2      0    0      1      -1      -1   500 0.064000000 0.21400000 0.15400000 0.14600000 0.04800000 0.09200000 0.05800000 0.038000000 0.02200000 0.048000000 0.012000000 0.020000000 0.026000000 0.022000000 0.0060000000 0.0140000000 0.002000000 0.000000e+00 2.000000e-03 0.000000e+00 2.000000e-03 0.000000e+00 2.000000e-03 2.000000e-03 0.0060000000
  100    1      2      0    0      1      -1      -1   500 0.054000000 0.28600000 0.18400000 0.10200000 0.08000000 0.03200000 0.10400000 0.020000000 0.02200000 0.012000000 0.026000000 0.006000000 0.016000000 0.010000000 0.0120000000 0.0060000000 0.012000000 4.000000e-03 0.000000e+00 4.000000e-03 2.000000e-03 0.000000e+00 0.000000e+00 4.000000e-03 0.0020000000
0 #_N_MeanSize_at_Age_obs
0 #_N_environ_variables
0 #_N_environ_obs
0 #_N_sizefreq_methods
0 #_do_tags
0 #_morphcomp_data
#
999
