#C data file created using the SS_writedat function in the R package r4ss
#C should work with SS version: 
#C file write time: 2014-11-06 00:49:14
#
1 #_styr
100 #_endyr
1 #_nseas
12 #_months_per_seas
1 #_spawn_seas
1 #_Nfleet
2 #_Nsurveys
1 #_N_areas
Fishery%Survey%CPUE #_fleetnames
0.5 0.5 0.5 #_surveytiming_in_season
1 1 1 #_area_assignments_for_each_fishery_and_survey
1 #_units of catch:  1=bio; 2=num
0.01 #_se of log(catch) only used for init_eq_catch and for Fmethod 2 and 3
1 #_Ngenders
25 #_Nages
0 #_init_equil_catch_for_each_fishery
100 #_N_lines_of_catch_to_read
 #_Fishery year seas
         0    1    1
         0    2    1
         0    3    1
         0    4    1
         0    5    1
         0    6    1
         0    7    1
         0    8    1
         0    9    1
         0   10    1
         0   11    1
         0   12    1
         0   13    1
         0   14    1
         0   15    1
         0   16    1
         0   17    1
         0   18    1
         0   19    1
         0   20    1
         0   21    1
         0   22    1
         0   23    1
         0   24    1
         0   25    1
 280874000   26    1
 265890000   27    1
 248999000   28    1
 232719000   29    1
 217514000   30    1
 204154000   31    1
 193594000   32    1
 183828000   33    1
 172456000   34    1
 160973000   35    1
 149979000   36    1
 142416000   37    1
 138065000   38    1
 137532000   39    1
 139610000   40    1
 144486000   41    1
 145698000   42    1
 149776000   43    1
 157754000   44    1
 163060000   45    1
 166396000   46    1
 169956000   47    1
 170650000   48    1
 169376000   49    1
 167415000   50    1
 163873000   51    1
 162071000   52    1
 163662000   53    1
 164571000   54    1
 163712000   55    1
 169393000   56    1
 177947000   57    1
 182508000   58    1
 181609000   59    1
 175876000   60    1
 170732000   61    1
 169528000   62    1
 165925000   63    1
 161565000   64    1
 156189000   65    1
 151991000   66    1
 149484000   67    1
 143903000   68    1
 137497000   69    1
 132485000   70    1
 129384000   71    1
 128978000   72    1
 130386000   73    1
 128630000   74    1
 125872000   75    1
 123810000   76    1
 123991000   77    1
 125301000   78    1
 127911000   79    1
 131948000   80    1
 136273000   81    1
 140709000   82    1
 141270000   83    1
 140979000   84    1
 141568000   85    1
 141129000   86    1
 141974000   87    1
 142218000   88    1
 140224000   89    1
 139364000   90    1
 138310000   91    1
 137572000   92    1
 136153000   93    1
 135523000   94    1
 137572000   95    1
 140163000   96    1
 146566000   97    1
 153261000   98    1
 154392000   99    1
 154270000  100    1
13 #_N_cpue
 #_Fleet Units Errtype
       1     1       0
       2     1       0
       3     1       0
 #_year seas index        obs se_log
     76    1     2 1514623142    0.2
     78    1     2 1596245153    0.2
     80    1     2 1716038415    0.2
     82    1     2 2307399732    0.2
     84    1     2 2225354368    0.2
     86    1     2 1887030960    0.2
     88    1     2 1979121222    0.2
     90    1     2 2483221935    0.2
     92    1     2 2189655718    0.2
     94    1     2 1813068115    0.2
     96    1     2 2046982139    0.2
     98    1     2 2145882901    0.2
    100    1     2 2688350158    0.2
0 #_N_discard_fleets
#_discard_units (1=same_as_catchunits(bio/num); 2=fraction; 3=numbers)
#_discard_errtype:  >0 for DF of T-dist(read CV below); 0 for normal with CV; -1 for normal with se; -2 for lognormal
0 #_N_discard
0 #_N_meanbodywt
1 #_DF_for_meanbodywt_T-distribution_like
2 # length bin method: 1=use databins; 2=generate from binwidth,min,max below; 3=read vector
1 # binwidth for population size comp
10 # minimum size in the population (lower edge of first bin and size at age 0.00)
200 # maximum size in the population (lower edge of last bin)
-0.001 #_comp_tail_compression
1e-05 #_add_to_comp
0 #_combine males into females at or below this bin number
21 #_N_lbins
#_lbin_vector
10 53 70 83 94 101 107 111 114 117 120 123 125 127 130 132 135 138 142 148 200
0 #_N_Length_comp_observations
25 #_N_agebins
#_agebin_vector
1 2 3 4 5 6 7 8 9 10 11 12 13 14 15 16 17 18 19 20 21 22 23 24 25
1 #_N_ageerror_definitions
 #_age0   age1   age2   age3   age4   age5   age6   age7   age8   age9  age10  age11  age12  age13  age14  age15  age16  age17  age18  age19  age20  age21  age22  age23  age24  age25
 -1.000 -1.000 -1.000 -1.000 -1.000 -1.000 -1.000 -1.000 -1.000 -1.000 -1.000 -1.000 -1.000 -1.000 -1.000 -1.000 -1.000 -1.000 -1.000 -1.000 -1.000 -1.000 -1.000 -1.000 -1.000 -1.000
  0.001  0.001  0.001  0.001  0.001  0.001  0.001  0.001  0.001  0.001  0.001  0.001  0.001  0.001  0.001  0.001  0.001  0.001  0.001  0.001  0.001  0.001  0.001  0.001  0.001  0.001
22 #_N_agecomp
1 #_Lbin_method: 1=poplenbins; 2=datalenbins; 3=lengths
-1 #_combine males into females at or below this bin number
 #_Yr Seas FltSvy Gender Part Ageerr Lbin_lo Lbin_hi Nsamp          a1         a2         a3         a4         a5         a6          a7          a8          a9         a10         a11         a12          a13          a14          a15          a16          a17          a18          a19          a20          a21          a22          a23          a24          a25
   50    1      1      0    0      1      -1      -1    50 0.013552196 0.17819139 0.28344182 0.05436619 0.08328960 0.07049707 0.022397035 0.103759482 0.048969094 0.033563256 0.019362218 0.065311902 3.039573e-03 1.403416e-02 0.0030332946 9.547350e-08 7.685327e-13 2.834718e-03 5.589720e-05 1.313455e-06 8.286069e-19 6.365100e-26 6.291379e-13 2.992786e-04 4.184778e-07
   55    1      1      0    0      1      -1      -1    50 0.069474175 0.16745128 0.07247347 0.17124022 0.08749943 0.11801294 0.054943448 0.023945705 0.025641973 0.028860929 0.008452076 0.042197796 1.180117e-02 2.048410e-03 0.0030331560 1.013080e-01 3.076591e-03 1.715874e-03 5.723828e-04 1.183506e-11 1.033707e-04 2.099667e-28 1.182926e-06 4.140476e-33 6.146399e-03
   60    1      1      0    0      1      -1      -1    50 0.015834975 0.03788516 0.32105206 0.08504483 0.14060501 0.25360737 0.034956359 0.002525400 0.017891310 0.009160825 0.004201329 0.011084752 9.912855e-04 4.052325e-03 0.0002776735 1.008027e-02 5.641859e-03 2.505943e-03 4.201348e-02 8.407711e-16 5.352268e-05 2.104249e-11 5.761333e-31 1.062530e-24 5.342689e-04
   65    1      1      0    0      1      -1      -1    50 0.031138580 0.17286235 0.19945268 0.13450716 0.13993759 0.10466616 0.008299725 0.025968467 0.023186388 0.039722228 0.084474393 0.025139388 9.993437e-06 9.514511e-03 0.0003796915 1.444351e-05 2.574042e-04 3.872945e-04 1.403055e-05 2.600048e-07 6.156935e-05 6.862017e-09 5.662766e-06 1.978554e-08 2.151757e-14
   70    1      1      0    0      1      -1      -1    50 0.008120882 0.10277662 0.25318412 0.05260600 0.06728913 0.20125883 0.038830673 0.030483391 0.073670490 0.007764688 0.055215512 0.040004425 3.522076e-03 4.438529e-03 0.0262895007 4.628295e-03 9.848383e-04 2.784515e-08 9.699759e-13 7.780293e-03 2.777813e-04 8.804438e-08 8.436504e-16 2.087380e-02 4.307229e-14
   75    1      1      0    0      1      -1      -1    50 0.022249228 0.23601976 0.14235552 0.08875116 0.13005836 0.10384868 0.028182608 0.063971882 0.034652208 0.006227110 0.021117320 0.007545116 2.956606e-02 5.409093e-02 0.0005049792 1.385657e-02 2.620444e-11 3.077499e-05 1.412010e-02 5.499203e-06 7.087834e-04 3.274787e-04 2.869174e-31 7.243165e-10 1.809873e-03
   80    1      1      0    0      1      -1      -1    50 0.020728609 0.11059344 0.22664332 0.19422740 0.09726535 0.09330612 0.084398488 0.060281293 0.013286382 0.032309223 0.007868562 0.045629024 1.994599e-03 2.656559e-03 0.0003046624 3.483382e-03 1.741502e-03 2.766243e-08 1.991687e-41 6.302078e-05 3.206443e-03 3.407287e-15 2.948475e-16 1.259644e-05 4.145865e-16
   85    1      1      0    0      1      -1      -1    50 0.002674243 0.11926875 0.21696572 0.20508509 0.05389543 0.07543431 0.087656046 0.086373333 0.031263986 0.084225605 0.015484568 0.012240021 4.195658e-04 7.391600e-05 0.0030508190 5.235490e-03 6.520470e-04 1.203368e-19 1.246203e-09 1.706333e-17 2.226567e-12 1.062758e-06 2.570070e-21 1.131464e-14 3.830012e-14
   90    1      1      0    0      1      -1      -1    50 0.017374787 0.10889498 0.16974996 0.12882165 0.19010429 0.04896940 0.063091401 0.097026130 0.078925508 0.025952843 0.021400330 0.007909704 4.809389e-03 2.210832e-03 0.0282292975 5.156443e-03 3.954513e-05 7.263251e-04 3.399554e-05 4.682671e-05 5.247199e-04 7.054495e-10 3.460235e-25 1.475415e-06 1.546417e-07
   95    1      1      0    0      1      -1      -1    50 0.055096959 0.20595231 0.24858050 0.07874946 0.15140778 0.08949135 0.042268091 0.009843993 0.032151882 0.030242519 0.011034826 0.013895512 1.093759e-02 7.077981e-03 0.0024063600 9.661153e-05 6.170584e-05 4.348603e-06 8.024641e-03 4.769338e-08 2.509126e-03 1.582455e-05 1.529988e-08 8.005141e-10 1.505733e-04
  100    1      1      0    0      1      -1      -1    50 0.002338260 0.06350934 0.20238969 0.11816567 0.29300956 0.11720420 0.087041040 0.036468072 0.008727054 0.003456874 0.010724492 0.004066598 1.581861e-02 2.293599e-05 0.0026210472 1.935689e-05 1.352830e-02 2.209289e-04 1.147263e-13 2.664557e-11 1.145711e-13 5.951655e-04 1.642885e-02 3.363627e-03 2.803151e-04
   50    1      2      0    0      1      -1      -1    50 0.040000000 0.14000000 0.18000000 0.14000000 0.14000000 0.06000000 0.060000000 0.040000000 0.100000000 0.020000000 0.020000000 0.020000000 2.000000e-02 2.000000e-02 0.0000000000 0.000000e+00 0.000000e+00 0.000000e+00 0.000000e+00 0.000000e+00 0.000000e+00 0.000000e+00 0.000000e+00 0.000000e+00 0.000000e+00
   55    1      2      0    0      1      -1      -1    50 0.020000000 0.22000000 0.06000000 0.20000000 0.06000000 0.12000000 0.020000000 0.100000000 0.020000000 0.040000000 0.080000000 0.000000000 2.000000e-02 0.000000e+00 0.0200000000 0.000000e+00 2.000000e-02 0.000000e+00 0.000000e+00 0.000000e+00 0.000000e+00 0.000000e+00 0.000000e+00 0.000000e+00 0.000000e+00
   60    1      2      0    0      1      -1      -1    50 0.060000000 0.04000000 0.06000000 0.08000000 0.16000000 0.26000000 0.120000000 0.020000000 0.020000000 0.020000000 0.020000000 0.000000000 4.000000e-02 2.000000e-02 0.0200000000 4.000000e-02 0.000000e+00 0.000000e+00 0.000000e+00 2.000000e-02 0.000000e+00 0.000000e+00 0.000000e+00 0.000000e+00 0.000000e+00
   65    1      2      0    0      1      -1      -1    50 0.080000000 0.22000000 0.12000000 0.14000000 0.04000000 0.18000000 0.020000000 0.040000000 0.000000000 0.020000000 0.080000000 0.020000000 2.000000e-02 2.000000e-02 0.0000000000 0.000000e+00 0.000000e+00 0.000000e+00 0.000000e+00 0.000000e+00 0.000000e+00 0.000000e+00 0.000000e+00 0.000000e+00 0.000000e+00
   70    1      2      0    0      1      -1      -1    50 0.060000000 0.20000000 0.18000000 0.08000000 0.08000000 0.18000000 0.040000000 0.060000000 0.020000000 0.020000000 0.020000000 0.000000000 4.000000e-02 0.000000e+00 0.0000000000 0.000000e+00 0.000000e+00 0.000000e+00 0.000000e+00 0.000000e+00 0.000000e+00 2.000000e-02 0.000000e+00 0.000000e+00 0.000000e+00
   75    1      2      0    0      1      -1      -1    50 0.080000000 0.14000000 0.12000000 0.14000000 0.10000000 0.04000000 0.060000000 0.080000000 0.020000000 0.020000000 0.100000000 0.020000000 4.000000e-02 0.000000e+00 0.0200000000 2.000000e-02 0.000000e+00 0.000000e+00 0.000000e+00 0.000000e+00 0.000000e+00 0.000000e+00 0.000000e+00 0.000000e+00 0.000000e+00
   80    1      2      0    0      1      -1      -1    50 0.100000000 0.32000000 0.26000000 0.08000000 0.08000000 0.04000000 0.040000000 0.000000000 0.020000000 0.020000000 0.000000000 0.000000000 0.000000e+00 0.000000e+00 0.0000000000 2.000000e-02 0.000000e+00 0.000000e+00 0.000000e+00 0.000000e+00 0.000000e+00 0.000000e+00 0.000000e+00 0.000000e+00 2.000000e-02
   85    1      2      0    0      1      -1      -1    50 0.060000000 0.08000000 0.28000000 0.02000000 0.08000000 0.14000000 0.080000000 0.080000000 0.100000000 0.020000000 0.060000000 0.000000000 0.000000e+00 0.000000e+00 0.0000000000 0.000000e+00 0.000000e+00 0.000000e+00 0.000000e+00 0.000000e+00 0.000000e+00 0.000000e+00 0.000000e+00 0.000000e+00 0.000000e+00
   90    1      2      0    0      1      -1      -1    50 0.060000000 0.18000000 0.18000000 0.04000000 0.16000000 0.10000000 0.060000000 0.080000000 0.020000000 0.040000000 0.020000000 0.000000000 2.000000e-02 0.000000e+00 0.0000000000 0.000000e+00 0.000000e+00 0.000000e+00 2.000000e-02 0.000000e+00 0.000000e+00 0.000000e+00 0.000000e+00 0.000000e+00 2.000000e-02
   95    1      2      0    0      1      -1      -1    50 0.040000000 0.20000000 0.26000000 0.12000000 0.08000000 0.14000000 0.000000000 0.040000000 0.020000000 0.080000000 0.000000000 0.020000000 0.000000e+00 0.000000e+00 0.0000000000 0.000000e+00 0.000000e+00 0.000000e+00 0.000000e+00 0.000000e+00 0.000000e+00 0.000000e+00 0.000000e+00 0.000000e+00 0.000000e+00
  100    1      2      0    0      1      -1      -1    50 0.020000000 0.16000000 0.18000000 0.06000000 0.20000000 0.12000000 0.060000000 0.080000000 0.040000000 0.020000000 0.000000000 0.040000000 0.000000e+00 0.000000e+00 0.0000000000 0.000000e+00 2.000000e-02 0.000000e+00 0.000000e+00 0.000000e+00 0.000000e+00 0.000000e+00 0.000000e+00 0.000000e+00 0.000000e+00
0 #_N_MeanSize_at_Age_obs
0 #_N_environ_variables
0 #_N_environ_obs
0 #_N_sizefreq_methods
0 #_do_tags
0 #_morphcomp_data
#
999
