#C data file created using the SS_writedat function in the R package r4ss
#C should work with SS version: 
#C file write time: 2014-11-06 00:32:18
#
1 #_styr
100 #_endyr
1 #_nseas
12 #_months_per_seas
1 #_spawn_seas
1 #_Nfleet
2 #_Nsurveys
1 #_N_areas
Fishery%Survey%CPUE #_fleetnames
0.5 0.5 0.5 #_surveytiming_in_season
1 1 1 #_area_assignments_for_each_fishery_and_survey
1 #_units of catch:  1=bio; 2=num
0.01 #_se of log(catch) only used for init_eq_catch and for Fmethod 2 and 3
1 #_Ngenders
25 #_Nages
0 #_init_equil_catch_for_each_fishery
100 #_N_lines_of_catch_to_read
 #_Fishery year seas
         0    1    1
         0    2    1
         0    3    1
         0    4    1
         0    5    1
         0    6    1
         0    7    1
         0    8    1
         0    9    1
         0   10    1
         0   11    1
         0   12    1
         0   13    1
         0   14    1
         0   15    1
         0   16    1
         0   17    1
         0   18    1
         0   19    1
         0   20    1
         0   21    1
         0   22    1
         0   23    1
         0   24    1
         0   25    1
 277862000   26    1
 252856000   27    1
 233660000   28    1
 220726000   29    1
 205970000   30    1
 190881000   31    1
 176861000   32    1
 163651000   33    1
 152256000   34    1
 146050000   35    1
 140361000   36    1
 133052000   37    1
 126110000   38    1
 119568000   39    1
 118444000   40    1
 120399000   41    1
 121395000   42    1
 121580000   43    1
 120894000   44    1
 119234000   45    1
 121670000   46    1
 126816000   47    1
 131495000   48    1
 135737000   49    1
 141836000   50    1
 147585000   51    1
 149973000   52    1
 152566000   53    1
 155675000   54    1
 156021000   55    1
 155380000   56    1
 157632000   57    1
 162089000   58    1
 164341000   59    1
 162039000   60    1
 158713000   61    1
 158203000   62    1
 158551000   63    1
 163134000   64    1
 173921000   65    1
 184897000   66    1
 187995000   67    1
 185947000   68    1
 180266000   69    1
 173386000   70    1
 167555000   71    1
 164486000   72    1
 161246000   73    1
 161389000   74    1
 162757000   75    1
 162259000   76    1
 158911000   77    1
 154571000   78    1
 151254000   79    1
 148595000   80    1
 145009000   81    1
 141781000   82    1
 137630000   83    1
 133591000   84    1
 131688000   85    1
 129277000   86    1
 128615000   87    1
 129495000   88    1
 127558000   89    1
 124200000   90    1
 122022000   91    1
 122257000   92    1
 122867000   93    1
 120940000   94    1
 119765000   95    1
 117446000   96    1
 113703000   97    1
 110300000   98    1
 107590000   99    1
 110244000  100    1
13 #_N_cpue
 #_Fleet Units Errtype
       1     1       0
       2     1       0
       3     1       0
 #_year seas index        obs se_log
     76    1     2 3036149906    0.2
     78    1     2 2222611002    0.2
     80    1     2 1798783779    0.2
     82    1     2 2160117452    0.2
     84    1     2 1732309951    0.2
     86    1     2 2247238033    0.2
     88    1     2 2287808860    0.2
     90    1     2 1248292336    0.2
     92    1     2 2837103225    0.2
     94    1     2 2012121932    0.2
     96    1     2 1800511491    0.2
     98    1     2 1275535233    0.2
    100    1     2 1587106128    0.2
0 #_N_discard_fleets
#_discard_units (1=same_as_catchunits(bio/num); 2=fraction; 3=numbers)
#_discard_errtype:  >0 for DF of T-dist(read CV below); 0 for normal with CV; -1 for normal with se; -2 for lognormal
0 #_N_discard
0 #_N_meanbodywt
1 #_DF_for_meanbodywt_T-distribution_like
2 # length bin method: 1=use databins; 2=generate from binwidth,min,max below; 3=read vector
1 # binwidth for population size comp
10 # minimum size in the population (lower edge of first bin and size at age 0.00)
200 # maximum size in the population (lower edge of last bin)
-0.001 #_comp_tail_compression
1e-05 #_add_to_comp
0 #_combine males into females at or below this bin number
21 #_N_lbins
#_lbin_vector
10 53 70 83 94 101 107 111 114 117 120 123 125 127 130 132 135 138 142 148 200
0 #_N_Length_comp_observations
25 #_N_agebins
#_agebin_vector
1 2 3 4 5 6 7 8 9 10 11 12 13 14 15 16 17 18 19 20 21 22 23 24 25
1 #_N_ageerror_definitions
 #_age0   age1   age2   age3   age4   age5   age6   age7   age8   age9  age10  age11  age12  age13  age14  age15  age16  age17  age18  age19  age20  age21  age22  age23  age24  age25
 -1.000 -1.000 -1.000 -1.000 -1.000 -1.000 -1.000 -1.000 -1.000 -1.000 -1.000 -1.000 -1.000 -1.000 -1.000 -1.000 -1.000 -1.000 -1.000 -1.000 -1.000 -1.000 -1.000 -1.000 -1.000 -1.000
  0.001  0.001  0.001  0.001  0.001  0.001  0.001  0.001  0.001  0.001  0.001  0.001  0.001  0.001  0.001  0.001  0.001  0.001  0.001  0.001  0.001  0.001  0.001  0.001  0.001  0.001
34 #_N_agecomp
1 #_Lbin_method: 1=poplenbins; 2=datalenbins; 3=lengths
-1 #_combine males into females at or below this bin number
 #_Yr Seas FltSvy Gender Part Ageerr Lbin_lo Lbin_hi Nsamp          a1         a2        a3         a4         a5         a6         a7         a8         a9         a10         a11         a12         a13         a14         a15          a16          a17          a18          a19          a20          a21          a22          a23          a24          a25
   50    1      1      0    0      1      -1      -1   500 0.009427582 0.20967937 0.2264382 0.11445353 0.12375165 0.10060266 0.06224750 0.01930194 0.03338537 0.015305761 0.013960225 0.023888344 0.011677084 0.003462326 0.005152673 0.0001090795 0.0058213500 0.0013265046 0.0026659759 1.166898e-02 3.504385e-06 7.121528e-04 2.974535e-03 1.512572e-05 0.0019686162
   60    1      1      0    0      1      -1      -1   500 0.045587366 0.08370769 0.1749390 0.15422254 0.17711803 0.08883928 0.03518181 0.07026562 0.04878528 0.032778637 0.004855615 0.031644691 0.021261100 0.009878206 0.003256303 0.0024865040 0.0022290651 0.0019840219 0.0013544034 2.581642e-03 2.197530e-03 2.989306e-03 1.517324e-03 1.564189e-05 0.0003233750
   70    1      1      0    0      1      -1      -1   500 0.020557551 0.09473495 0.1796658 0.07848010 0.09790692 0.06322506 0.17949410 0.08840596 0.06722869 0.031136854 0.036245327 0.003132752 0.008097805 0.026147927 0.005862874 0.0062531117 0.0021751177 0.0007885408 0.0027934263 4.214872e-03 8.884711e-04 6.526032e-04 6.095593e-05 4.780228e-04 0.0013722421
   75    1      1      0    0      1      -1      -1   500 0.007420712 0.18817818 0.2412976 0.15649516 0.08237865 0.09880823 0.05116352 0.03472414 0.02054971 0.016022619 0.011586234 0.031138829 0.021091590 0.011241772 0.004782810 0.0139534266 0.0004651709 0.0014020784 0.0015970952 2.179627e-03 3.754118e-05 9.611399e-05 1.680424e-03 1.412121e-03 0.0002966738
   76    1      1      0    0      1      -1      -1   500 0.007937631 0.12826591 0.2061557 0.20714694 0.12454387 0.06769394 0.08966720 0.03340816 0.02247428 0.008535409 0.011661769 0.015554056 0.022202756 0.016449229 0.005906332 0.0119711835 0.0058881966 0.0010256032 0.0058996248 1.511311e-03 2.499197e-03 1.890921e-04 1.730185e-03 1.306632e-03 0.0003758215
   79    1      1      0    0      1      -1      -1   500 0.012008782 0.17272509 0.1761691 0.10789635 0.09482496 0.12063900 0.07135606 0.06709748 0.04052136 0.040103858 0.005450077 0.025844068 0.006275188 0.004358371 0.002352459 0.0100544129 0.0143058214 0.0080540154 0.0040829171 2.686066e-04 7.882538e-03 1.127815e-03 2.416124e-03 1.200467e-05 0.0041735651
   82    1      1      0    0      1      -1      -1   500 0.011602819 0.14568172 0.1714520 0.10483598 0.14373611 0.09104792 0.05962048 0.04633328 0.05266477 0.045105885 0.027779782 0.021028331 0.018308683 0.021328786 0.009296425 0.0004278978 0.0013523345 0.0011811305 0.0104586310 3.756139e-03 3.608647e-04 9.105090e-04 1.066887e-02 2.337734e-07 0.0010604389
   85    1      1      0    0      1      -1      -1   500 0.017734743 0.11756099 0.2655685 0.08866113 0.09168653 0.08052206 0.05823557 0.08179638 0.05433988 0.028438540 0.012829125 0.022471474 0.022694797 0.015837827 0.006329765 0.0074424470 0.0081144160 0.0027910939 0.0076736816 5.613167e-04 1.056822e-03 2.844096e-03 9.288543e-04 4.039226e-04 0.0034759890
   88    1      1      0    0      1      -1      -1   500 0.008520243 0.12619100 0.3103564 0.15020127 0.09691006 0.08438218 0.02755967 0.05419756 0.03845503 0.025271405 0.015905917 0.013969513 0.008878625 0.011468055 0.007520730 0.0036305472 0.0051093373 0.0013282544 0.0020727415 4.772760e-04 7.695718e-04 6.713666e-04 2.936488e-03 1.267097e-03 0.0019496553
   89    1      1      0    0      1      -1      -1   500 0.008100572 0.08329772 0.1664023 0.21608126 0.11043966 0.09823161 0.10122212 0.02965555 0.03532903 0.041225229 0.015736265 0.034268571 0.020354351 0.006863201 0.009304889 0.0098018209 0.0045121590 0.0022218275 0.0003484135 2.358864e-03 3.566131e-04 9.821570e-04 5.921954e-05 8.643669e-04 0.0019822578
   91    1      1      0    0      1      -1      -1   500 0.037936970 0.20602643 0.1602931 0.06403327 0.10768465 0.10847699 0.07490931 0.08328483 0.03901650 0.027949851 0.023032159 0.019771066 0.003156432 0.008252226 0.010226807 0.0060289639 0.0030833406 0.0061914233 0.0012822201 2.055576e-03 3.221131e-03 2.010963e-03 1.469747e-03 2.111672e-06 0.0006039253
   93    1      1      0    0      1      -1      -1   500 0.007020979 0.08105983 0.3189636 0.15614863 0.08734700 0.04377533 0.06585910 0.08744845 0.02812167 0.027452427 0.038354612 0.007463275 0.007330526 0.007107723 0.010763030 0.0064086706 0.0035126547 0.0048746618 0.0006434094 4.585776e-03 9.719531e-04 1.322461e-03 7.333202e-04 4.663068e-04 0.0022646272
   95    1      1      0    0      1      -1      -1   500 0.007902680 0.19012092 0.1935129 0.09874548 0.18403033 0.08734017 0.05177855 0.01773088 0.01849996 0.041215252 0.021997078 0.028394736 0.017967956 0.004433295 0.010536164 0.0092213296 0.0035387946 0.0018173833 0.0033058912 8.440142e-04 6.664133e-04 1.097383e-03 2.409203e-04 1.347077e-05 0.0050480316
   97    1      1      0    0      1      -1      -1   500 0.028403096 0.15412058 0.1337014 0.16030215 0.11210573 0.04756014 0.10912690 0.04580948 0.05097062 0.015825718 0.026504560 0.030672484 0.010212943 0.015809035 0.012325244 0.0116212233 0.0041712091 0.0005542292 0.0048584560 5.199999e-03 1.174061e-02 8.615105e-04 7.756390e-04 5.816473e-03 0.0009505568
   98    1      1      0    0      1      -1      -1   500 0.010914523 0.13485228 0.2210489 0.07378094 0.14363231 0.11398876 0.05054146 0.07144956 0.04693592 0.027643843 0.024984166 0.012916892 0.025959839 0.010137267 0.005636033 0.0073178526 0.0061201324 0.0037282882 0.0024124145 1.147670e-03 8.793730e-04 1.334554e-04 1.411987e-06 1.112171e-03 0.0027245675
   99    1      1      0    0      1      -1      -1   500 0.033505911 0.19447211 0.1444391 0.13066873 0.07513256 0.09496225 0.08435541 0.02670855 0.05911511 0.029250974 0.023949864 0.012167215 0.019303416 0.016340250 0.010373351 0.0112975868 0.0138269915 0.0025537458 0.0060429255 1.422204e-03 2.426138e-03 2.863209e-03 1.424142e-03 8.230851e-04 0.0025751752
  100    1      1      0    0      1      -1      -1   500 0.023074884 0.32055169 0.1965377 0.09826103 0.07362125 0.03936079 0.06575049 0.05393530 0.01341927 0.026172236 0.026586080 0.014942464 0.004165372 0.007407238 0.011282845 0.0028946913 0.0015258417 0.0041407395 0.0060790161 4.208765e-05 1.965121e-03 1.893765e-05 2.199988e-03 7.785635e-04 0.0052864220
   50    1      2      0    0      1      -1      -1   500 0.034000000 0.25400000 0.2000000 0.11400000 0.09600000 0.11600000 0.04200000 0.02200000 0.02800000 0.022000000 0.016000000 0.016000000 0.014000000 0.004000000 0.006000000 0.0000000000 0.0060000000 0.0040000000 0.0020000000 0.000000e+00 2.000000e-03 0.000000e+00 0.000000e+00 0.000000e+00 0.0020000000
   60    1      2      0    0      1      -1      -1   500 0.056000000 0.10800000 0.1260000 0.20200000 0.16600000 0.11400000 0.03400000 0.03800000 0.06000000 0.018000000 0.012000000 0.022000000 0.018000000 0.010000000 0.008000000 0.0040000000 0.0020000000 0.0000000000 0.0000000000 0.000000e+00 0.000000e+00 0.000000e+00 2.000000e-03 0.000000e+00 0.0000000000
   70    1      2      0    0      1      -1      -1   500 0.064000000 0.13400000 0.2000000 0.06600000 0.09800000 0.07000000 0.13000000 0.06800000 0.04200000 0.026000000 0.040000000 0.004000000 0.008000000 0.016000000 0.010000000 0.0080000000 0.0020000000 0.0020000000 0.0000000000 2.000000e-03 0.000000e+00 2.000000e-03 2.000000e-03 0.000000e+00 0.0060000000
   75    1      2      0    0      1      -1      -1   500 0.030000000 0.18600000 0.2520000 0.14800000 0.05800000 0.09600000 0.03200000 0.04600000 0.01200000 0.010000000 0.010000000 0.040000000 0.028000000 0.012000000 0.006000000 0.0140000000 0.0040000000 0.0020000000 0.0020000000 4.000000e-03 0.000000e+00 0.000000e+00 0.000000e+00 2.000000e-03 0.0060000000
   76    1      2      0    0      1      -1      -1   500 0.036000000 0.14800000 0.2180000 0.17400000 0.08800000 0.07000000 0.07000000 0.03600000 0.02800000 0.022000000 0.012000000 0.020000000 0.028000000 0.024000000 0.012000000 0.0020000000 0.0040000000 0.0000000000 0.0020000000 0.000000e+00 0.000000e+00 2.000000e-03 2.000000e-03 0.000000e+00 0.0020000000
   79    1      2      0    0      1      -1      -1   500 0.022000000 0.21000000 0.1720000 0.07600000 0.09600000 0.10400000 0.09200000 0.05600000 0.02000000 0.064000000 0.014000000 0.010000000 0.010000000 0.004000000 0.006000000 0.0180000000 0.0080000000 0.0060000000 0.0020000000 0.000000e+00 0.000000e+00 0.000000e+00 0.000000e+00 6.000000e-03 0.0040000000
   82    1      2      0    0      1      -1      -1   500 0.026000000 0.20200000 0.1880000 0.12000000 0.10200000 0.09600000 0.04400000 0.04000000 0.04200000 0.034000000 0.030000000 0.014000000 0.034000000 0.004000000 0.006000000 0.0000000000 0.0020000000 0.0000000000 0.0100000000 4.000000e-03 0.000000e+00 0.000000e+00 0.000000e+00 0.000000e+00 0.0020000000
   85    1      2      0    0      1      -1      -1   500 0.046000000 0.20200000 0.2420000 0.07200000 0.09200000 0.06800000 0.05600000 0.05400000 0.03000000 0.024000000 0.022000000 0.012000000 0.022000000 0.024000000 0.006000000 0.0140000000 0.0000000000 0.0000000000 0.0000000000 0.000000e+00 2.000000e-03 4.000000e-03 2.000000e-03 0.000000e+00 0.0060000000
   88    1      2      0    0      1      -1      -1   500 0.026000000 0.14400000 0.2700000 0.12400000 0.09400000 0.10000000 0.05000000 0.04800000 0.02600000 0.018000000 0.024000000 0.016000000 0.010000000 0.012000000 0.004000000 0.0080000000 0.0080000000 0.0060000000 0.0060000000 0.000000e+00 2.000000e-03 0.000000e+00 0.000000e+00 0.000000e+00 0.0040000000
   89    1      2      0    0      1      -1      -1   500 0.052000000 0.09600000 0.1640000 0.22600000 0.10000000 0.07800000 0.08200000 0.02800000 0.04200000 0.034000000 0.028000000 0.026000000 0.008000000 0.006000000 0.006000000 0.0060000000 0.0040000000 0.0040000000 0.0000000000 4.000000e-03 2.000000e-03 4.000000e-03 0.000000e+00 0.000000e+00 0.0000000000
   91    1      2      0    0      1      -1      -1   500 0.076000000 0.18600000 0.1680000 0.06600000 0.08000000 0.12400000 0.07200000 0.03800000 0.07200000 0.014000000 0.022000000 0.012000000 0.012000000 0.020000000 0.006000000 0.0100000000 0.0060000000 0.0080000000 0.0020000000 2.000000e-03 0.000000e+00 0.000000e+00 2.000000e-03 0.000000e+00 0.0020000000
   93    1      2      0    0      1      -1      -1   500 0.034000000 0.12000000 0.2440000 0.16800000 0.11000000 0.04800000 0.04600000 0.07800000 0.02400000 0.026000000 0.034000000 0.010000000 0.016000000 0.012000000 0.006000000 0.0080000000 0.0020000000 0.0020000000 0.0040000000 0.000000e+00 2.000000e-03 4.000000e-03 0.000000e+00 2.000000e-03 0.0000000000
   95    1      2      0    0      1      -1      -1   500 0.022000000 0.19600000 0.1640000 0.07400000 0.18600000 0.11000000 0.06000000 0.02400000 0.03400000 0.056000000 0.016000000 0.008000000 0.010000000 0.008000000 0.004000000 0.0080000000 0.0040000000 0.0040000000 0.0020000000 6.000000e-03 0.000000e+00 0.000000e+00 0.000000e+00 2.000000e-03 0.0020000000
   97    1      2      0    0      1      -1      -1   500 0.032000000 0.22600000 0.0960000 0.15400000 0.11400000 0.04600000 0.12000000 0.05800000 0.04000000 0.018000000 0.020000000 0.020000000 0.010000000 0.010000000 0.006000000 0.0040000000 0.0020000000 0.0100000000 0.0020000000 2.000000e-03 4.000000e-03 0.000000e+00 2.000000e-03 0.000000e+00 0.0040000000
   98    1      2      0    0      1      -1      -1   500 0.036000000 0.15000000 0.2020000 0.09000000 0.15400000 0.08600000 0.03600000 0.10200000 0.02800000 0.032000000 0.014000000 0.014000000 0.020000000 0.012000000 0.002000000 0.0080000000 0.0000000000 0.0020000000 0.0020000000 2.000000e-03 2.000000e-03 0.000000e+00 4.000000e-03 0.000000e+00 0.0020000000
   99    1      2      0    0      1      -1      -1   500 0.116000000 0.22000000 0.1240000 0.14000000 0.05400000 0.08800000 0.06600000 0.01600000 0.04600000 0.028000000 0.032000000 0.012000000 0.012000000 0.026000000 0.004000000 0.0020000000 0.0000000000 0.0000000000 0.0000000000 2.000000e-03 6.000000e-03 0.000000e+00 4.000000e-03 0.000000e+00 0.0020000000
  100    1      2      0    0      1      -1      -1   500 0.044000000 0.36800000 0.1760000 0.07400000 0.08200000 0.05000000 0.04000000 0.03200000 0.01800000 0.052000000 0.012000000 0.008000000 0.008000000 0.004000000 0.018000000 0.0020000000 0.0040000000 0.0000000000 0.0000000000 4.000000e-03 0.000000e+00 2.000000e-03 0.000000e+00 2.000000e-03 0.0000000000
0 #_N_MeanSize_at_Age_obs
0 #_N_environ_variables
0 #_N_environ_obs
0 #_N_sizefreq_methods
0 #_do_tags
0 #_morphcomp_data
#
999
