#C data file created using the SS_writedat function in the R package r4ss
#C should work with SS version: 
#C file write time: 2014-11-06 00:28:42
#
1 #_styr
100 #_endyr
1 #_nseas
12 #_months_per_seas
1 #_spawn_seas
1 #_Nfleet
2 #_Nsurveys
1 #_N_areas
Fishery%Survey%CPUE #_fleetnames
0.5 0.5 0.5 #_surveytiming_in_season
1 1 1 #_area_assignments_for_each_fishery_and_survey
1 #_units of catch:  1=bio; 2=num
0.01 #_se of log(catch) only used for init_eq_catch and for Fmethod 2 and 3
1 #_Ngenders
25 #_Nages
0 #_init_equil_catch_for_each_fishery
100 #_N_lines_of_catch_to_read
 #_Fishery year seas
         0    1    1
         0    2    1
         0    3    1
         0    4    1
         0    5    1
         0    6    1
         0    7    1
         0    8    1
         0    9    1
         0   10    1
         0   11    1
         0   12    1
         0   13    1
         0   14    1
         0   15    1
         0   16    1
         0   17    1
         0   18    1
         0   19    1
         0   20    1
         0   21    1
         0   22    1
         0   23    1
         0   24    1
         0   25    1
 254866000   26    1
 237242000   27    1
 221307000   28    1
 206058000   29    1
 194945000   30    1
 188266000   31    1
 182626000   32    1
 177453000   33    1
 175615000   34    1
 179256000   35    1
 180376000   36    1
 180022000   37    1
 179675000   38    1
 175370000   39    1
 169243000   40    1
 166177000   41    1
 164024000   42    1
 160042000   43    1
 156171000   44    1
 150663000   45    1
 146524000   46    1
 147840000   47    1
 149379000   48    1
 152363000   49    1
 159678000   50    1
 166464000   51    1
 172686000   52    1
 177990000   53    1
 181947000   54    1
 190501000   55    1
 195124000   56    1
 193171000   57    1
 190987000   58    1
 193263000   59    1
 192101000   60    1
 188713000   61    1
 187844000   62    1
 189729000   63    1
 187447000   64    1
 185251000   65    1
 186636000   66    1
 192095000   67    1
 194664000   68    1
 195157000   69    1
 194466000   70    1
 196189000   71    1
 199705000   72    1
 197325000   73    1
 190795000   74    1
 184894000   75    1
 178302000   76    1
 175060000   77    1
 176527000   78    1
 176317000   79    1
 174033000   80    1
 171146000   81    1
 171337000   82    1
 171094000   83    1
 169467000   84    1
 166388000   85    1
 165856000   86    1
 164771000   87    1
 162883000   88    1
 162652000   89    1
 161234000   90    1
 157941000   91    1
 152726000   92    1
 149503000   93    1
 147354000   94    1
 146681000   95    1
 147655000   96    1
 149304000   97    1
 149896000   98    1
 147407000   99    1
 145464000  100    1
13 #_N_cpue
 #_Fleet Units Errtype
       1     1       0
       2     1       0
       3     1       0
 #_year seas index        obs se_log
     76    1     2 2437140432    0.2
     78    1     2 3312231079    0.2
     80    1     2 2806989432    0.2
     82    1     2 2205384066    0.2
     84    1     2 2404738996    0.2
     86    1     2 2344677032    0.2
     88    1     2 1907596811    0.2
     90    1     2 2376098838    0.2
     92    1     2 3025259967    0.2
     94    1     2 2223382586    0.2
     96    1     2 2036658129    0.2
     98    1     2 2317085246    0.2
    100    1     2 2317657761    0.2
0 #_N_discard_fleets
#_discard_units (1=same_as_catchunits(bio/num); 2=fraction; 3=numbers)
#_discard_errtype:  >0 for DF of T-dist(read CV below); 0 for normal with CV; -1 for normal with se; -2 for lognormal
0 #_N_discard
0 #_N_meanbodywt
1 #_DF_for_meanbodywt_T-distribution_like
2 # length bin method: 1=use databins; 2=generate from binwidth,min,max below; 3=read vector
1 # binwidth for population size comp
10 # minimum size in the population (lower edge of first bin and size at age 0.00)
200 # maximum size in the population (lower edge of last bin)
-0.001 #_comp_tail_compression
1e-05 #_add_to_comp
0 #_combine males into females at or below this bin number
21 #_N_lbins
#_lbin_vector
10 53 70 83 94 101 107 111 114 117 120 123 125 127 130 132 135 138 142 148 200
0 #_N_Length_comp_observations
25 #_N_agebins
#_agebin_vector
1 2 3 4 5 6 7 8 9 10 11 12 13 14 15 16 17 18 19 20 21 22 23 24 25
1 #_N_ageerror_definitions
 #_age0   age1   age2   age3   age4   age5   age6   age7   age8   age9  age10  age11  age12  age13  age14  age15  age16  age17  age18  age19  age20  age21  age22  age23  age24  age25
 -1.000 -1.000 -1.000 -1.000 -1.000 -1.000 -1.000 -1.000 -1.000 -1.000 -1.000 -1.000 -1.000 -1.000 -1.000 -1.000 -1.000 -1.000 -1.000 -1.000 -1.000 -1.000 -1.000 -1.000 -1.000 -1.000
  0.001  0.001  0.001  0.001  0.001  0.001  0.001  0.001  0.001  0.001  0.001  0.001  0.001  0.001  0.001  0.001  0.001  0.001  0.001  0.001  0.001  0.001  0.001  0.001  0.001  0.001
34 #_N_agecomp
1 #_Lbin_method: 1=poplenbins; 2=datalenbins; 3=lengths
-1 #_combine males into females at or below this bin number
 #_Yr Seas FltSvy Gender Part Ageerr Lbin_lo Lbin_hi Nsamp          a1         a2        a3         a4         a5         a6         a7         a8         a9         a10         a11         a12         a13          a14         a15         a16          a17          a18          a19          a20          a21          a22          a23          a24          a25
   50    1      1      0    0      1      -1      -1   500 0.022738153 0.21032652 0.2621330 0.09047768 0.13016912 0.09649457 0.02780962 0.02995517 0.03119962 0.013001128 0.027663216 0.012750836 0.001955182 0.0099599725 0.007998704 0.003805540 0.0054278558 0.0064868555 2.469776e-05 0.0037417302 0.0012490271 1.721648e-03 2.263012e-03 1.957167e-05 6.275833e-04
   60    1      1      0    0      1      -1      -1   500 0.010386691 0.12898119 0.1655298 0.28755938 0.04101677 0.05926002 0.06106113 0.09641508 0.02021333 0.040388106 0.022519192 0.020074619 0.029823354 0.0044892021 0.003227886 0.001173743 0.0031145795 0.0001111600 1.968538e-03 0.0015386580 0.0002613461 3.831264e-04 5.709412e-10 4.431565e-04 5.997324e-05
   70    1      1      0    0      1      -1      -1   500 0.024130202 0.14700347 0.1828758 0.12425030 0.08860533 0.15538955 0.05119234 0.05161168 0.03072401 0.050856059 0.021738641 0.012459674 0.005412766 0.0140600815 0.007657156 0.002497915 0.0048469996 0.0023049500 6.414444e-03 0.0020619511 0.0077173285 2.349803e-03 6.619505e-04 7.362956e-09 3.177589e-03
   75    1      1      0    0      1      -1      -1   500 0.018995018 0.12090738 0.1837583 0.05138788 0.11956514 0.18559270 0.06656471 0.05917078 0.03925206 0.028361416 0.039705558 0.011671972 0.014272259 0.0123601780 0.013970855 0.005691659 0.0012916772 0.0081875921 3.991614e-03 0.0042921203 0.0012179920 1.365414e-03 6.241048e-04 2.908552e-04 7.510731e-03
   76    1      1      0    0      1      -1      -1   500 0.038285410 0.13086335 0.1929198 0.17701209 0.03828518 0.08829120 0.10795509 0.03844287 0.02434498 0.039801097 0.023070344 0.046393874 0.012880853 0.0039492624 0.002407851 0.016136454 0.0019357081 0.0006616908 5.517124e-03 0.0044612576 0.0004999790 5.119265e-04 5.174390e-04 2.145755e-04 4.640596e-03
   79    1      1      0    0      1      -1      -1   500 0.005418533 0.13408874 0.1898816 0.23879168 0.09595454 0.05552309 0.05792082 0.01759953 0.03733189 0.074040559 0.019674445 0.012370535 0.008079755 0.0161227399 0.012179883 0.008156464 0.0040570486 0.0031877762 2.882509e-03 0.0005211212 0.0010495630 2.867027e-06 4.631793e-03 1.000927e-05 5.225301e-04
   82    1      1      0    0      1      -1      -1   500 0.010669979 0.17037432 0.2797735 0.06098110 0.12377238 0.06910453 0.10552056 0.04807097 0.01691997 0.032083885 0.008810874 0.013627159 0.014325590 0.0062602554 0.012146406 0.002695960 0.0050960819 0.0077351925 5.638341e-03 0.0001716523 0.0011329535 6.836380e-04 4.127131e-03 1.489363e-04 1.285862e-04
   85    1      1      0    0      1      -1      -1   500 0.018443316 0.19176727 0.1141980 0.16484590 0.12334930 0.13696956 0.03247738 0.04221949 0.03324873 0.048251138 0.025653963 0.010987280 0.019002040 0.0004918943 0.009161234 0.016004735 0.0012605058 0.0045820728 7.620556e-04 0.0008540733 0.0013226162 1.777003e-03 4.111617e-04 3.761542e-04 1.583111e-03
   88    1      1      0    0      1      -1      -1   500 0.020457111 0.18903348 0.1275574 0.19886946 0.12489997 0.04410354 0.07276900 0.04434717 0.05833632 0.020127887 0.013614294 0.013056034 0.029623781 0.0041603814 0.009076855 0.006646833 0.0001760149 0.0046146630 4.062804e-03 0.0050295173 0.0026875583 4.368368e-03 2.037678e-04 1.951740e-04 1.982663e-03
   89    1      1      0    0      1      -1      -1   500 0.016049832 0.13180935 0.2612727 0.10298038 0.13404255 0.11098048 0.04036759 0.04991602 0.03480929 0.029513860 0.003574231 0.007755046 0.013147013 0.0150304221 0.007473166 0.011863334 0.0055567182 0.0047251574 1.149314e-02 0.0048094890 0.0003522676 7.388942e-04 1.234899e-03 2.867114e-06 5.013317e-04
   91    1      1      0    0      1      -1      -1   500 0.015295435 0.06496751 0.2033914 0.18352569 0.13413137 0.06488435 0.09732939 0.07138865 0.03681441 0.025327127 0.021611339 0.029810556 0.003080460 0.0067973661 0.008868961 0.007323003 0.0021698132 0.0038850411 2.400927e-05 0.0008942515 0.0064013791 4.367615e-03 4.467767e-03 1.460544e-03 1.782618e-03
   93    1      1      0    0      1      -1      -1   500 0.023372832 0.17422568 0.2059545 0.06570418 0.11505717 0.10152601 0.09267218 0.02853229 0.04681082 0.042039909 0.023314639 0.020463900 0.020363839 0.0213957925 0.002876616 0.006018292 0.0018160615 0.0061968619 2.360625e-05 0.0003147517 0.0003385576 9.676744e-05 2.137597e-04 3.713219e-04 2.997142e-04
   95    1      1      0    0      1      -1      -1   500 0.022362009 0.18151941 0.1691090 0.16513744 0.12263130 0.03335662 0.08268071 0.04179866 0.04447183 0.021253196 0.026732015 0.015056217 0.005343027 0.0162135196 0.012158041 0.017838056 0.0023363123 0.0011736707 4.853141e-03 0.0075211240 0.0001278380 4.808525e-04 1.684549e-03 3.092346e-05 4.130558e-03
   97    1      1      0    0      1      -1      -1   500 0.018980645 0.19324598 0.1528100 0.15269742 0.11912168 0.10021651 0.06709604 0.01953751 0.04141093 0.020882667 0.043216772 0.020730096 0.012419524 0.0096828032 0.003374370 0.008293271 0.0032948216 0.0041394110 4.904980e-04 0.0033912060 0.0005301148 2.150213e-03 4.328768e-04 4.712679e-05 1.807545e-03
   98    1      1      0    0      1      -1      -1   500 0.012586466 0.07297769 0.2792496 0.13715534 0.14763654 0.08127879 0.07708298 0.03961168 0.02202620 0.019857598 0.017199678 0.030104832 0.010444194 0.0119525453 0.008701962 0.004513798 0.0062049262 0.0039651061 4.968090e-03 0.0027486856 0.0008426761 1.764389e-03 3.600759e-04 3.638053e-08 6.766108e-03
   99    1      1      0    0      1      -1      -1   500 0.014403001 0.12536546 0.1206593 0.21560612 0.13362516 0.13522186 0.06442823 0.05314340 0.03920065 0.008475097 0.024821009 0.013016772 0.012007122 0.0040528480 0.007028378 0.010741796 0.0011473966 0.0042312686 2.688236e-03 0.0021501360 0.0022233155 2.747414e-03 4.248313e-04 9.707456e-04 1.620495e-03
  100    1      1      0    0      1      -1      -1   500 0.028845578 0.14958043 0.1720091 0.08418590 0.13488342 0.09238324 0.09387189 0.05312610 0.05180358 0.033241413 0.007165641 0.029060234 0.021082421 0.0148866374 0.003476338 0.006767209 0.0039062292 0.0035106207 3.265865e-03 0.0018558981 0.0018978874 4.387200e-03 1.649515e-04 3.898101e-05 4.603259e-03
   50    1      2      0    0      1      -1      -1   500 0.042000000 0.26200000 0.2320000 0.07800000 0.10800000 0.08400000 0.01400000 0.03600000 0.04600000 0.012000000 0.016000000 0.002000000 0.004000000 0.0080000000 0.014000000 0.010000000 0.0080000000 0.0160000000 2.000000e-03 0.0040000000 0.0000000000 0.000000e+00 0.000000e+00 0.000000e+00 2.000000e-03
   60    1      2      0    0      1      -1      -1   500 0.030000000 0.15200000 0.1720000 0.23800000 0.06200000 0.07200000 0.08000000 0.06600000 0.01000000 0.032000000 0.020000000 0.020000000 0.022000000 0.0060000000 0.008000000 0.002000000 0.0000000000 0.0020000000 2.000000e-03 0.0000000000 0.0040000000 0.000000e+00 0.000000e+00 0.000000e+00 0.000000e+00
   70    1      2      0    0      1      -1      -1   500 0.068000000 0.18400000 0.1280000 0.13000000 0.09800000 0.15000000 0.04800000 0.04200000 0.02000000 0.034000000 0.018000000 0.020000000 0.012000000 0.0120000000 0.000000000 0.006000000 0.0120000000 0.0060000000 0.000000e+00 0.0080000000 0.0020000000 0.000000e+00 2.000000e-03 0.000000e+00 0.000000e+00
   75    1      2      0    0      1      -1      -1   500 0.032000000 0.16400000 0.1700000 0.06800000 0.10600000 0.14200000 0.08600000 0.05400000 0.03200000 0.040000000 0.054000000 0.020000000 0.004000000 0.0000000000 0.010000000 0.006000000 0.0000000000 0.0000000000 4.000000e-03 0.0000000000 0.0000000000 2.000000e-03 4.000000e-03 0.000000e+00 2.000000e-03
   76    1      2      0    0      1      -1      -1   500 0.058000000 0.19600000 0.1680000 0.12000000 0.04800000 0.09400000 0.09600000 0.05000000 0.04200000 0.034000000 0.028000000 0.022000000 0.006000000 0.0020000000 0.004000000 0.008000000 0.0100000000 0.0020000000 2.000000e-03 0.0060000000 0.0000000000 2.000000e-03 2.000000e-03 0.000000e+00 0.000000e+00
   79    1      2      0    0      1      -1      -1   500 0.032000000 0.19400000 0.1480000 0.25400000 0.07600000 0.07000000 0.05400000 0.01400000 0.02800000 0.038000000 0.012000000 0.014000000 0.014000000 0.0180000000 0.012000000 0.000000000 0.0060000000 0.0020000000 6.000000e-03 0.0020000000 0.0020000000 2.000000e-03 0.000000e+00 2.000000e-03 0.000000e+00
   82    1      2      0    0      1      -1      -1   500 0.052000000 0.17800000 0.2580000 0.05000000 0.08200000 0.07800000 0.09800000 0.03600000 0.04000000 0.026000000 0.010000000 0.022000000 0.022000000 0.0160000000 0.006000000 0.004000000 0.0060000000 0.0060000000 4.000000e-03 0.0020000000 0.0000000000 0.000000e+00 0.000000e+00 4.000000e-03 0.000000e+00
   85    1      2      0    0      1      -1      -1   500 0.030000000 0.21800000 0.0880000 0.17800000 0.12000000 0.10800000 0.02800000 0.06000000 0.04200000 0.046000000 0.014000000 0.018000000 0.012000000 0.0060000000 0.014000000 0.008000000 0.0020000000 0.0020000000 0.000000e+00 0.0020000000 0.0020000000 2.000000e-03 0.000000e+00 0.000000e+00 0.000000e+00
   88    1      2      0    0      1      -1      -1   500 0.046000000 0.23600000 0.1260000 0.15000000 0.11400000 0.06200000 0.06200000 0.04800000 0.04600000 0.014000000 0.020000000 0.014000000 0.022000000 0.0120000000 0.006000000 0.006000000 0.0020000000 0.0020000000 4.000000e-03 0.0040000000 0.0020000000 0.000000e+00 2.000000e-03 0.000000e+00 0.000000e+00
   89    1      2      0    0      1      -1      -1   500 0.046000000 0.16000000 0.2360000 0.07600000 0.10600000 0.09600000 0.03000000 0.06400000 0.04400000 0.044000000 0.006000000 0.022000000 0.012000000 0.0100000000 0.008000000 0.008000000 0.0060000000 0.0040000000 6.000000e-03 0.0040000000 0.0020000000 2.000000e-03 2.000000e-03 0.000000e+00 6.000000e-03
   91    1      2      0    0      1      -1      -1   500 0.046000000 0.09800000 0.2380000 0.10000000 0.15000000 0.05600000 0.08000000 0.07800000 0.02400000 0.032000000 0.024000000 0.018000000 0.004000000 0.0080000000 0.008000000 0.014000000 0.0040000000 0.0000000000 2.000000e-03 0.0000000000 0.0040000000 2.000000e-03 2.000000e-03 0.000000e+00 8.000000e-03
   93    1      2      0    0      1      -1      -1   500 0.032000000 0.22000000 0.2280000 0.04800000 0.12000000 0.07400000 0.07200000 0.03800000 0.04800000 0.028000000 0.018000000 0.020000000 0.014000000 0.0040000000 0.006000000 0.008000000 0.0060000000 0.0080000000 2.000000e-03 0.0000000000 0.0040000000 0.000000e+00 2.000000e-03 0.000000e+00 0.000000e+00
   95    1      2      0    0      1      -1      -1   500 0.052000000 0.23800000 0.1640000 0.12200000 0.10600000 0.04200000 0.06400000 0.05600000 0.05000000 0.024000000 0.030000000 0.010000000 0.010000000 0.0040000000 0.014000000 0.008000000 0.0000000000 0.0020000000 4.000000e-03 0.0000000000 0.0000000000 0.000000e+00 0.000000e+00 0.000000e+00 0.000000e+00
   97    1      2      0    0      1      -1      -1   500 0.022000000 0.22800000 0.1720000 0.16200000 0.11600000 0.07000000 0.06800000 0.01800000 0.03200000 0.020000000 0.028000000 0.014000000 0.010000000 0.0040000000 0.008000000 0.004000000 0.0020000000 0.0040000000 2.000000e-03 0.0020000000 0.0020000000 6.000000e-03 0.000000e+00 0.000000e+00 6.000000e-03
   98    1      2      0    0      1      -1      -1   500 0.042000000 0.10400000 0.2400000 0.14400000 0.11600000 0.08200000 0.08800000 0.04000000 0.03400000 0.028000000 0.014000000 0.022000000 0.016000000 0.0020000000 0.010000000 0.002000000 0.0000000000 0.0040000000 4.000000e-03 0.0040000000 0.0020000000 2.000000e-03 0.000000e+00 0.000000e+00 0.000000e+00
   99    1      2      0    0      1      -1      -1   500 0.050000000 0.20400000 0.1200000 0.15000000 0.10800000 0.10200000 0.05400000 0.05800000 0.04800000 0.012000000 0.026000000 0.014000000 0.008000000 0.0140000000 0.004000000 0.006000000 0.0040000000 0.0040000000 2.000000e-03 0.0080000000 0.0000000000 0.000000e+00 2.000000e-03 2.000000e-03 0.000000e+00
  100    1      2      0    0      1      -1      -1   500 0.052000000 0.23400000 0.1400000 0.07800000 0.15000000 0.08600000 0.07800000 0.03800000 0.04400000 0.022000000 0.012000000 0.010000000 0.020000000 0.0140000000 0.002000000 0.002000000 0.0100000000 0.0020000000 4.000000e-03 0.0000000000 0.0000000000 0.000000e+00 0.000000e+00 0.000000e+00 2.000000e-03
0 #_N_MeanSize_at_Age_obs
0 #_N_environ_variables
0 #_N_environ_obs
0 #_N_sizefreq_methods
0 #_do_tags
0 #_morphcomp_data
#
999
