#C data file created using the SS_writedat function in the R package r4ss
#C should work with SS version: 
#C file write time: 2014-11-06 11:07:11
#
1 #_styr
100 #_endyr
1 #_nseas
12 #_months_per_seas
1 #_spawn_seas
1 #_Nfleet
2 #_Nsurveys
1 #_N_areas
Fishery%Survey%CPUE #_fleetnames
0.5 0.5 0.5 #_surveytiming_in_season
1 1 1 #_area_assignments_for_each_fishery_and_survey
1 #_units of catch:  1=bio; 2=num
0.01 #_se of log(catch) only used for init_eq_catch and for Fmethod 2 and 3
1 #_Ngenders
25 #_Nages
0 #_init_equil_catch_for_each_fishery
100 #_N_lines_of_catch_to_read
 #_Fishery year seas
         0    1    1
         0    2    1
         0    3    1
         0    4    1
         0    5    1
         0    6    1
         0    7    1
         0    8    1
         0    9    1
         0   10    1
         0   11    1
         0   12    1
         0   13    1
         0   14    1
         0   15    1
         0   16    1
         0   17    1
         0   18    1
         0   19    1
         0   20    1
         0   21    1
         0   22    1
         0   23    1
         0   24    1
         0   25    1
 254866000   26    1
 237242000   27    1
 221307000   28    1
 206058000   29    1
 194945000   30    1
 188266000   31    1
 182626000   32    1
 177453000   33    1
 175615000   34    1
 179256000   35    1
 180376000   36    1
 180022000   37    1
 179675000   38    1
 175370000   39    1
 169243000   40    1
 166177000   41    1
 164024000   42    1
 160042000   43    1
 156171000   44    1
 150663000   45    1
 146524000   46    1
 147840000   47    1
 149379000   48    1
 152363000   49    1
 159678000   50    1
 166464000   51    1
 172686000   52    1
 177990000   53    1
 181947000   54    1
 190501000   55    1
 195124000   56    1
 193171000   57    1
 190987000   58    1
 193263000   59    1
 192101000   60    1
 188713000   61    1
 187844000   62    1
 189729000   63    1
 187447000   64    1
 185251000   65    1
 186636000   66    1
 192095000   67    1
 194664000   68    1
 195157000   69    1
 194466000   70    1
 196189000   71    1
 199705000   72    1
 197325000   73    1
 190795000   74    1
 184894000   75    1
 178302000   76    1
 175060000   77    1
 176527000   78    1
 176317000   79    1
 174033000   80    1
 171146000   81    1
 171337000   82    1
 171094000   83    1
 169467000   84    1
 166388000   85    1
 165856000   86    1
 164771000   87    1
 162883000   88    1
 162652000   89    1
 161234000   90    1
 157941000   91    1
 152726000   92    1
 149503000   93    1
 147354000   94    1
 146681000   95    1
 147655000   96    1
 149304000   97    1
 149896000   98    1
 147407000   99    1
 145464000  100    1
13 #_N_cpue
 #_Fleet Units Errtype
       1     1       0
       2     1       0
       3     1       0
 #_year seas index        obs se_log
     76    1     2 2437140432    0.2
     78    1     2 3312231079    0.2
     80    1     2 2806989432    0.2
     82    1     2 2205384066    0.2
     84    1     2 2404738996    0.2
     86    1     2 2344677032    0.2
     88    1     2 1907596811    0.2
     90    1     2 2376098838    0.2
     92    1     2 3025259967    0.2
     94    1     2 2223382586    0.2
     96    1     2 2036658129    0.2
     98    1     2 2317085246    0.2
    100    1     2 2317657761    0.2
0 #_N_discard_fleets
#_discard_units (1=same_as_catchunits(bio/num); 2=fraction; 3=numbers)
#_discard_errtype:  >0 for DF of T-dist(read CV below); 0 for normal with CV; -1 for normal with se; -2 for lognormal
0 #_N_discard
0 #_N_meanbodywt
1 #_DF_for_meanbodywt_T-distribution_like
2 # length bin method: 1=use databins; 2=generate from binwidth,min,max below; 3=read vector
1 # binwidth for population size comp
10 # minimum size in the population (lower edge of first bin and size at age 0.00)
200 # maximum size in the population (lower edge of last bin)
-0.001 #_comp_tail_compression
1e-05 #_add_to_comp
0 #_combine males into females at or below this bin number
21 #_N_lbins
#_lbin_vector
10 53 70 83 94 101 107 111 114 117 120 123 125 127 130 132 135 138 142 148 200
0 #_N_Length_comp_observations
25 #_N_agebins
#_agebin_vector
1 2 3 4 5 6 7 8 9 10 11 12 13 14 15 16 17 18 19 20 21 22 23 24 25
1 #_N_ageerror_definitions
 #_age0   age1   age2   age3   age4   age5   age6   age7   age8   age9  age10  age11  age12  age13  age14  age15  age16  age17  age18  age19  age20  age21  age22  age23  age24  age25
 -1.000 -1.000 -1.000 -1.000 -1.000 -1.000 -1.000 -1.000 -1.000 -1.000 -1.000 -1.000 -1.000 -1.000 -1.000 -1.000 -1.000 -1.000 -1.000 -1.000 -1.000 -1.000 -1.000 -1.000 -1.000 -1.000
  0.001  0.001  0.001  0.001  0.001  0.001  0.001  0.001  0.001  0.001  0.001  0.001  0.001  0.001  0.001  0.001  0.001  0.001  0.001  0.001  0.001  0.001  0.001  0.001  0.001  0.001
198 #_N_agecomp
1 #_Lbin_method: 1=poplenbins; 2=datalenbins; 3=lengths
-1 #_combine males into females at or below this bin number
 #_Yr Seas FltSvy Gender Part Ageerr Lbin_lo Lbin_hi Nsamp          a1         a2         a3         a4         a5         a6         a7         a8         a9         a10         a11         a12         a13         a14          a15          a16          a17          a18          a19          a20          a21          a22          a23          a24          a25
    2    1      1      0    0      1      -1      -1  1000 0.014548437 0.12549161 0.15262885 0.11602585 0.11288667 0.07841675 0.07352534 0.05462046 0.04948352 0.034372711 0.033429480 0.023983881 0.016286511 0.020635508 0.0142524860 0.0122531262 0.0107956308 0.0088991334 6.299826e-03 1.020370e-02 3.703010e-03 5.185775e-03 7.367141e-03 3.848364e-03 0.0108562119
    3    1      1      0    0      1      -1      -1  1000 0.008966979 0.10359719 0.16097114 0.15599415 0.10255148 0.07736581 0.05583806 0.05935127 0.04779263 0.046354880 0.035668005 0.026376606 0.024564637 0.020094454 0.0164426919 0.0080533473 0.0095384642 0.0087608048 9.328367e-03 3.427132e-03 1.950074e-03 2.593205e-03 2.139770e-03 3.479651e-03 0.0087992080
    4    1      1      0    0      1      -1      -1  1000 0.009910642 0.07913085 0.12254767 0.14539351 0.11896830 0.09268024 0.08202982 0.06056417 0.03933691 0.038187460 0.044179570 0.025349224 0.022147991 0.013921213 0.0226341206 0.0122736487 0.0175373934 0.0061345050 1.135967e-02 5.795756e-03 5.858459e-03 3.924598e-03 1.498402e-03 6.096776e-03 0.0125390989
    5    1      1      0    0      1      -1      -1  1000 0.011828457 0.14147356 0.09680320 0.09932612 0.11704742 0.10524488 0.07528798 0.06591751 0.04493230 0.052541274 0.033377574 0.031943524 0.030994749 0.019240318 0.0138606115 0.0158297668 0.0046672684 0.0034717380 5.101465e-03 6.894743e-03 7.755587e-03 3.371332e-03 1.822106e-03 3.283306e-03 0.0079832027
    6    1      1      0    0      1      -1      -1  1000 0.014101422 0.11832038 0.19661778 0.06858709 0.07708258 0.10755978 0.07491233 0.07590681 0.05275005 0.034320830 0.030302618 0.035143681 0.021693367 0.015680713 0.0101803577 0.0065225122 0.0104082646 0.0105960520 8.254806e-03 5.307119e-03 2.288359e-03 2.560429e-03 3.364076e-03 7.762255e-04 0.0167623683
    7    1      1      0    0      1      -1      -1  1000 0.008121796 0.13699039 0.15318587 0.15363118 0.07336582 0.05963079 0.07055838 0.06120808 0.04901131 0.054231250 0.029248366 0.023890166 0.017820558 0.022851665 0.0134301013 0.0152094302 0.0106951020 0.0103642825 5.470568e-03 3.742678e-03 3.830866e-03 5.300469e-04 4.433104e-03 1.497745e-03 0.0170504442
    8    1      1      0    0      1      -1      -1  1000 0.006267002 0.10655889 0.20962950 0.14345752 0.14174303 0.04570035 0.05461730 0.06754844 0.03418124 0.024074132 0.031971748 0.022465227 0.020539390 0.015424423 0.0097867939 0.0084367364 0.0138146046 0.0054560079 6.913112e-03 6.322264e-03 7.554117e-03 2.576572e-03 1.695939e-03 2.751324e-03 0.0105143394
    9    1      1      0    0      1      -1      -1  1000 0.011781064 0.12861801 0.11074354 0.16907844 0.10346695 0.10327666 0.04196311 0.05532516 0.05000324 0.042108700 0.035555348 0.033042087 0.020434584 0.014900491 0.0123825505 0.0110125324 0.0141224246 0.0059514858 9.762133e-03 2.281381e-03 5.134951e-03 5.904429e-03 8.511750e-04 4.039171e-03 0.0082603863
   10    1      1      0    0      1      -1      -1  1000 0.016337888 0.12102638 0.16687763 0.10518875 0.13163215 0.08608410 0.08138781 0.03706481 0.03281403 0.042186215 0.041071497 0.026322458 0.019621914 0.018728560 0.0120033680 0.0138706427 0.0127537752 0.0045541176 4.851215e-03 7.795107e-03 2.515568e-03 5.008616e-03 3.538180e-03 5.660943e-04 0.0061991387
   11    1      1      0    0      1      -1      -1  1000 0.020523733 0.14144955 0.17104564 0.12729709 0.07026687 0.11340696 0.07986903 0.06089470 0.03122186 0.022378958 0.028221181 0.027786650 0.021493013 0.015296470 0.0158513647 0.0113205827 0.0071190366 0.0054683287 2.843866e-03 1.225881e-03 1.051231e-03 3.051619e-03 1.753246e-03 2.695371e-03 0.0164677822
   12    1      1      0    0      1      -1      -1  1000 0.008685021 0.15097904 0.20273601 0.13424106 0.08759217 0.06435541 0.09044298 0.04555241 0.04431044 0.016958629 0.024337554 0.021765103 0.016055358 0.014859580 0.0106178795 0.0106330459 0.0158626885 0.0037430688 6.131351e-03 6.030682e-03 4.865299e-03 6.199486e-03 7.059868e-04 1.066742e-03 0.0112730019
   13    1      1      0    0      1      -1      -1  1000 0.010398571 0.06042847 0.21864691 0.16068569 0.10471332 0.08875302 0.04403074 0.06794696 0.04549755 0.049357709 0.017616015 0.023349215 0.018688786 0.020700854 0.0136311948 0.0139548606 0.0084017666 0.0059667601 3.898966e-03 3.112892e-03 5.275255e-03 2.242773e-03 8.304618e-04 8.920367e-04 0.0109792259
   14    1      1      0    0      1      -1      -1  1000 0.013144623 0.13507003 0.09717062 0.18658930 0.13501012 0.08856501 0.05941700 0.04591085 0.04631666 0.032475651 0.032443817 0.017717406 0.019356107 0.015704479 0.0098472648 0.0141343052 0.0088467740 0.0048248739 8.014980e-03 6.660195e-03 2.641720e-03 6.125998e-03 1.674051e-03 1.118438e-03 0.0112197239
   15    1      1      0    0      1      -1      -1  1000 0.012617118 0.07369777 0.17478183 0.08179915 0.15427662 0.09693735 0.05488514 0.06764542 0.04235749 0.043833035 0.031584051 0.039298880 0.014206805 0.015863151 0.0106304131 0.0123824080 0.0120429492 0.0144192510 8.575916e-03 1.058437e-02 2.673800e-03 2.697759e-03 3.647137e-03 1.137848e-03 0.0174243406
   16    1      1      0    0      1      -1      -1  1000 0.027494431 0.11897652 0.10936817 0.15207398 0.06714624 0.11717867 0.09578643 0.06361176 0.04226131 0.038750103 0.039109896 0.021665166 0.016736085 0.006122751 0.0110376455 0.0096858120 0.0124438877 0.0060687624 6.738710e-03 7.957085e-03 3.149852e-03 9.601297e-03 1.695518e-03 4.133108e-03 0.0112068193
   17    1      1      0    0      1      -1      -1  1000 0.011826863 0.14737559 0.16735166 0.07534347 0.11288278 0.05605574 0.09686167 0.07339775 0.04690876 0.039573550 0.027175525 0.031954258 0.022275368 0.025501345 0.0072502008 0.0048185675 0.0120051566 0.0102827628 2.632918e-03 5.059410e-03 5.330003e-03 1.825887e-03 1.124918e-03 2.358624e-03 0.0128272229
   18    1      1      0    0      1      -1      -1  1000 0.017364425 0.09509276 0.22127979 0.13511652 0.07443310 0.09232119 0.04247652 0.07479476 0.05553421 0.035693686 0.027450605 0.025672633 0.023363384 0.009074954 0.0087272192 0.0084854215 0.0081055772 0.0030092498 6.935499e-03 8.624684e-03 4.811812e-03 4.612346e-03 1.015720e-03 2.103509e-03 0.0139004164
   19    1      1      0    0      1      -1      -1  1000 0.015519982 0.14750226 0.11333065 0.17107226 0.10441602 0.05897863 0.08455428 0.02724495 0.06142103 0.048815394 0.027425860 0.022542497 0.019278436 0.020510980 0.0167643655 0.0149053995 0.0038093463 0.0105391943 1.017007e-02 5.369801e-03 2.969300e-03 2.868779e-03 1.888866e-03 3.511045e-03 0.0045905995
   20    1      1      0    0      1      -1      -1  1000 0.007875660 0.09780211 0.19969177 0.07225021 0.14650416 0.09866952 0.05215671 0.05987045 0.03357441 0.052797985 0.039922559 0.029579044 0.012873088 0.016696270 0.0184372339 0.0090846935 0.0114107300 0.0056940763 4.626220e-03 6.369594e-03 8.436900e-03 5.136262e-03 8.228575e-04 1.281331e-03 0.0084361502
   21    1      1      0    0      1      -1      -1  1000 0.004693690 0.08566658 0.16915946 0.18033111 0.06509613 0.13300041 0.08313285 0.03636157 0.05164463 0.020883881 0.042239224 0.026161489 0.014126267 0.012861960 0.0092947612 0.0110198424 0.0114429520 0.0060054795 6.649876e-03 2.770049e-03 3.667453e-03 1.779170e-03 3.865199e-03 1.864729e-03 0.0162812447
   22    1      1      0    0      1      -1      -1  1000 0.009346738 0.05666625 0.14589583 0.12811660 0.14071921 0.06060871 0.11955768 0.05991771 0.03641273 0.033653248 0.024485087 0.045259442 0.023896120 0.016308433 0.0144278245 0.0162556130 0.0180415150 0.0126623219 6.234233e-03 2.768886e-03 7.651398e-04 6.724063e-03 6.469150e-03 3.621912e-03 0.0111855704
   23    1      1      0    0      1      -1      -1  1000 0.012281797 0.15084740 0.08083515 0.12232913 0.10982597 0.11695075 0.05209527 0.08430217 0.04815485 0.033822682 0.035171249 0.024128686 0.027451629 0.017041408 0.0132009015 0.0099712307 0.0058084532 0.0090549095 6.651748e-03 1.246547e-02 2.301761e-03 3.838026e-03 4.327587e-03 1.027841e-03 0.0161139473
   24    1      1      0    0      1      -1      -1  1000 0.011528018 0.11940144 0.19729347 0.05807903 0.08783568 0.08644120 0.09157427 0.03938500 0.07180197 0.043066392 0.021782786 0.031405194 0.013526584 0.028586706 0.0192335222 0.0129908102 0.0129920921 0.0079596022 1.351858e-02 6.366361e-03 3.978890e-03 1.983085e-03 2.398427e-03 4.258177e-03 0.0126127206
   25    1      1      0    0      1      -1      -1  1000 0.010757071 0.11969292 0.15443572 0.15514171 0.05412765 0.05721231 0.07927536 0.08136646 0.02761745 0.073434240 0.034036978 0.015790254 0.027393454 0.008965810 0.0185377155 0.0139233352 0.0117516260 0.0086113685 5.729825e-03 8.040486e-03 7.754078e-03 6.350155e-03 3.684733e-04 3.389083e-03 0.0162964750
   26    1      1      0    0      1      -1      -1  1000 0.010507598 0.12413542 0.13459100 0.12822349 0.14649416 0.04732315 0.07370341 0.05042901 0.05946595 0.034203383 0.050309530 0.025557925 0.018336104 0.016304820 0.0087826123 0.0271414256 0.0083075075 0.0075808977 6.473496e-03 2.918932e-03 3.224473e-03 2.358630e-03 4.264772e-03 1.365546e-03 0.0079967545
   27    1      1      0    0      1      -1      -1  1000 0.007030403 0.13662964 0.16176787 0.10262830 0.09507761 0.10529531 0.02542408 0.03451206 0.05890853 0.058921152 0.028506316 0.046146741 0.017038794 0.011805242 0.0117015044 0.0107603544 0.0170317144 0.0217747325 6.884934e-03 9.489575e-03 3.537115e-03 5.195821e-03 3.946494e-03 2.447766e-03 0.0175379230
   28    1      1      0    0      1      -1      -1  1000 0.020184264 0.09189316 0.18178898 0.14704712 0.08640368 0.07573241 0.10501705 0.02308997 0.04059016 0.038118995 0.040760432 0.020516702 0.038508542 0.019183291 0.0108633135 0.0142755496 0.0064634149 0.0138673335 6.966292e-03 3.073969e-03 3.401581e-03 2.902113e-03 2.599748e-03 1.156487e-03 0.0055954447
   29    1      1      0    0      1      -1      -1  1000 0.021862039 0.12295132 0.12596723 0.16286303 0.10824688 0.08601615 0.06937738 0.08067582 0.01663526 0.035570811 0.033336304 0.028489806 0.019009752 0.019407944 0.0090235375 0.0075843236 0.0099994859 0.0047172965 1.124600e-02 6.911822e-03 4.157123e-03 3.271313e-03 2.004236e-03 2.497350e-03 0.0081777851
   30    1      1      0    0      1      -1      -1  1000 0.014354000 0.18133073 0.14627683 0.09749988 0.12142529 0.08192171 0.06867737 0.05258301 0.05275218 0.010645673 0.014266321 0.026668876 0.026934857 0.013665518 0.0202378545 0.0155271347 0.0051421780 0.0117554498 4.649962e-03 1.051986e-02 7.237041e-03 6.528275e-03 1.370052e-03 4.984699e-04 0.0075314956
   31    1      1      0    0      1      -1      -1  1000 0.019359434 0.16148172 0.24533779 0.10644241 0.07610635 0.09012175 0.06799305 0.05081974 0.02559259 0.031640921 0.009124956 0.013287345 0.019227829 0.020315296 0.0097502466 0.0119625686 0.0089027695 0.0021641412 2.964339e-03 1.673660e-03 6.266171e-03 4.446161e-03 2.052318e-03 3.117682e-03 0.0098487659
   32    1      1      0    0      1      -1      -1  1000 0.011501037 0.13371007 0.19194096 0.20201523 0.08794646 0.05643273 0.07064329 0.05607105 0.02754248 0.025290655 0.038442743 0.010503365 0.017785285 0.013997520 0.0125035589 0.0062859458 0.0150047615 0.0038178782 3.340802e-03 4.209535e-03 2.035739e-04 1.868508e-03 1.320233e-03 1.701987e-03 0.0059203440
   33    1      1      0    0      1      -1      -1  1000 0.025980287 0.11836775 0.21179752 0.13097753 0.16660661 0.04963761 0.04807415 0.04965221 0.04027130 0.024635132 0.030700574 0.015750851 0.009139718 0.006252990 0.0134795217 0.0131946999 0.0061409754 0.0145607146 3.811620e-03 3.977401e-03 3.640137e-03 1.808182e-03 3.872525e-03 1.078940e-03 0.0065910565
   34    1      1      0    0      1      -1      -1  1000 0.019817972 0.24963363 0.12452443 0.12702764 0.10257592 0.10861204 0.05694662 0.02854794 0.03982367 0.019675397 0.024458442 0.019314348 0.016573157 0.006335248 0.0104530495 0.0071118416 0.0097933377 0.0018226069 9.724245e-03 1.453319e-03 1.575314e-03 1.037909e-03 4.558431e-03 7.169189e-04 0.0078865709
   35    1      1      0    0      1      -1      -1  1000 0.005397554 0.18293654 0.29788605 0.08288809 0.08944753 0.05691662 0.08990048 0.03894757 0.02658274 0.027053683 0.021337992 0.008173444 0.012149210 0.015676480 0.0043468845 0.0126097280 0.0011371911 0.0029867786 2.056704e-03 6.338709e-03 5.293363e-03 3.076398e-03 2.065844e-03 1.315082e-03 0.0034793344
   36    1      1      0    0      1      -1      -1  1000 0.020994397 0.10479117 0.21907120 0.23014871 0.07929431 0.09561272 0.06203225 0.05676270 0.03121137 0.007415020 0.014603192 0.014128219 0.014866343 0.006211127 0.0118571164 0.0049880088 0.0037469921 0.0033162940 4.909981e-03 3.942239e-03 2.721476e-03 8.999940e-04 4.912676e-05 7.302041e-04 0.0056958439
   37    1      1      0    0      1      -1      -1  1000 0.010438331 0.17352171 0.12627341 0.15046149 0.19040976 0.05459803 0.07821010 0.04218797 0.04790760 0.018944739 0.023822727 0.020346388 0.010696336 0.008541695 0.0033266984 0.0117489187 0.0017584718 0.0075142478 1.816910e-03 7.407100e-03 1.170512e-03 1.064160e-03 3.024873e-04 7.667934e-04 0.0067634130
   38    1      1      0    0      1      -1      -1  1000 0.009684566 0.13546314 0.22038713 0.10192591 0.14271207 0.15170750 0.04449597 0.04290601 0.03377652 0.027172374 0.017425092 0.012984516 0.015235083 0.005385269 0.0061911970 0.0058657563 0.0059685962 0.0028861748 9.217494e-04 1.519480e-03 3.899321e-03 8.425647e-04 9.985373e-04 1.348917e-03 0.0082965544
   39    1      1      0    0      1      -1      -1  1000 0.019626108 0.07573578 0.17460835 0.18618956 0.08277003 0.11039696 0.12657400 0.03817097 0.03991030 0.028979219 0.039400000 0.015233011 0.006814949 0.009222678 0.0084091705 0.0097758866 0.0059823847 0.0040017594 2.306222e-03 2.577189e-03 7.746124e-04 2.950405e-03 1.637025e-03 1.748612e-03 0.0062048159
   40    1      1      0    0      1      -1      -1  1000 0.033408221 0.15083930 0.09526215 0.12476987 0.15763144 0.06500894 0.10268056 0.10109680 0.03035562 0.039166369 0.020925779 0.024152430 0.012144530 0.010310186 0.0054903954 0.0040633843 0.0027833114 0.0055627456 5.726984e-03 2.065828e-04 9.284486e-04 2.600222e-04 1.159781e-03 1.627280e-03 0.0044388724
   41    1      1      0    0      1      -1      -1  1000 0.008208682 0.19134262 0.20440376 0.07615271 0.10660142 0.11109744 0.04646202 0.05345168 0.07941531 0.016383496 0.031907887 0.012506750 0.016847771 0.007951184 0.0071063629 0.0091412871 0.0041935487 0.0029362928 1.266064e-03 1.992259e-03 2.220959e-04 1.248237e-03 3.478216e-04 1.080944e-03 0.0077323720
   42    1      1      0    0      1      -1      -1  1000 0.017192429 0.10492068 0.25663961 0.14796716 0.05604695 0.07216536 0.09446738 0.04797474 0.06068601 0.054824682 0.020520004 0.010346569 0.012789478 0.016047270 0.0043518281 0.0017453719 0.0035973395 0.0050890075 3.931121e-03 1.096884e-03 1.782388e-03 3.221467e-04 5.361912e-04 1.423873e-03 0.0035355151
   43    1      1      0    0      1      -1      -1  1000 0.013420365 0.13723660 0.15082342 0.19893308 0.12619462 0.04671275 0.06159106 0.07466968 0.02913844 0.044221740 0.043290979 0.014617146 0.013829853 0.010362101 0.0099917678 0.0069644048 0.0021015818 0.0030663252 1.093379e-03 4.833933e-04 2.269306e-03 6.760539e-04 1.482994e-03 1.181624e-03 0.0056473337
   44    1      1      0    0      1      -1      -1  1000 0.014544212 0.13394792 0.18353679 0.10892023 0.18525561 0.09984608 0.03286073 0.04273241 0.04264993 0.026602299 0.033819039 0.041120350 0.008363148 0.013720165 0.0101762761 0.0085438563 0.0028192846 0.0025208979 1.918771e-03 2.036034e-03 1.451354e-03 1.151787e-03 2.973407e-04 1.542614e-04 0.0010112247
   45    1      1      0    0      1      -1      -1  1000 0.029655080 0.08340798 0.16619099 0.14608118 0.10108506 0.13574131 0.08821202 0.04364591 0.03734840 0.042931435 0.020392129 0.030153228 0.026030066 0.009840346 0.0079303884 0.0105291431 0.0091116853 0.0018601528 5.884828e-04 9.262371e-04 2.050524e-03 2.495822e-04 5.315102e-04 4.857826e-04 0.0050213870
   46    1      1      0    0      1      -1      -1  1000 0.022955121 0.23711243 0.10041380 0.12903185 0.11237697 0.07171126 0.08467164 0.06199770 0.02364421 0.034171571 0.033850214 0.012506006 0.016531534 0.029020075 0.0036560917 0.0079339694 0.0030111583 0.0057140686 1.184630e-03 2.051110e-03 1.969120e-04 3.340481e-04 3.354392e-04 9.740999e-04 0.0046141007
   47    1      1      0    0      1      -1      -1  1000 0.013891071 0.19173295 0.29658272 0.06569776 0.08149618 0.07924898 0.05047478 0.07134021 0.04117762 0.014672288 0.015316076 0.021706681 0.009544970 0.016137609 0.0118169708 0.0031451106 0.0038929087 0.0026542112 3.884368e-03 1.145181e-03 8.746995e-05 1.696359e-03 8.039547e-04 1.639379e-05 0.0018371650
   48    1      1      0    0      1      -1      -1  1000 0.025008351 0.13750282 0.21936156 0.22442155 0.04893476 0.06538168 0.06450885 0.04104101 0.04038335 0.038492427 0.011988317 0.019931575 0.011895196 0.005692244 0.0114084346 0.0110636880 0.0059853814 0.0011872799 9.345553e-03 2.784359e-03 8.439283e-04 1.261631e-04 9.648076e-05 8.504367e-04 0.0017646198
   49    1      1      0    0      1      -1      -1  1000 0.019212898 0.24856070 0.14584991 0.17842029 0.15452646 0.01919711 0.04287926 0.03918486 0.03818136 0.031827293 0.018843835 0.008289415 0.009612904 0.015158849 0.0050152110 0.0057234781 0.0086841249 0.0005168661 2.318434e-03 3.934674e-03 5.553028e-04 3.534890e-04 3.329075e-04 5.159888e-04 0.0023043892
   50    1      1      0    0      1      -1      -1  1000 0.021595199 0.19481891 0.26131209 0.12761530 0.10925195 0.10891193 0.02275085 0.03940667 0.03423152 0.013068169 0.014474524 0.010377368 0.007160564 0.007735332 0.0106266440 0.0044570450 0.0056994705 0.0013298401 9.075702e-04 1.280049e-03 2.645092e-04 1.172224e-03 3.207105e-04 1.736150e-07 0.0012313887
   51    1      1      0    0      1      -1      -1  1000 0.024176916 0.11945014 0.26110532 0.20470534 0.06834099 0.08983906 0.07640525 0.02485731 0.03012326 0.027532416 0.011044811 0.015912525 0.006482130 0.002986233 0.0059247444 0.0085067778 0.0008740230 0.0021654252 7.339985e-03 8.234684e-04 1.387782e-03 4.128289e-03 6.987223e-04 1.792203e-03 0.0033968738
   52    1      1      0    0      1      -1      -1  1000 0.009231706 0.21757756 0.16655495 0.18623584 0.14717614 0.07115305 0.05494929 0.05515021 0.01227805 0.016395257 0.016911154 0.008198141 0.013064164 0.006070901 0.0036464142 0.0020276075 0.0073814859 0.0001867279 1.203640e-03 2.801076e-03 8.647380e-04 1.023350e-04 2.240229e-04 6.857173e-05 0.0005469608
   53    1      1      0    0      1      -1      -1  1000 0.024251612 0.07424218 0.26248980 0.14110384 0.13864969 0.11887093 0.05499163 0.05011364 0.05054144 0.009051967 0.013480287 0.011093392 0.011546466 0.016165534 0.0061350195 0.0012463542 0.0047644851 0.0024738079 3.179366e-03 1.465202e-03 2.941503e-03 4.254686e-04 9.518791e-05 4.325540e-04 0.0002486464
   54    1      1      0    0      1      -1      -1  1000 0.014894367 0.26080839 0.10373659 0.17821714 0.11918730 0.09440487 0.08460893 0.03526176 0.03098346 0.027788896 0.005631135 0.009904138 0.004235078 0.002315417 0.0102806589 0.0037928528 0.0065095641 0.0016839932 2.532437e-03 4.240940e-04 1.271394e-03 7.407513e-04 3.036363e-04 5.546938e-05 0.0004276858
   55    1      1      0    0      1      -1      -1  1000 0.009503195 0.17205542 0.27251221 0.05746207 0.15181323 0.06677863 0.07507585 0.07440855 0.02460519 0.025705294 0.026693715 0.003501169 0.007170353 0.009204835 0.0029735103 0.0049583608 0.0015072473 0.0019658317 6.602938e-04 3.925271e-03 1.835714e-03 5.504434e-05 1.111225e-03 1.639994e-03 0.0028778019
   56    1      1      0    0      1      -1      -1  1000 0.007891839 0.11715895 0.21213244 0.23748689 0.06157684 0.10549209 0.05526111 0.07841119 0.03965090 0.015583117 0.015963929 0.022099287 0.003421041 0.003560464 0.0043008440 0.0014049163 0.0026635785 0.0088026256 7.105019e-04 1.792414e-04 4.848528e-04 1.638542e-05 3.296992e-04 1.053334e-03 0.0043639295
   57    1      1      0    0      1      -1      -1  1000 0.024107201 0.05643978 0.15524524 0.19849675 0.20972590 0.05145014 0.09346195 0.04522404 0.04390969 0.032664184 0.013984465 0.022099552 0.022386179 0.005617697 0.0063377508 0.0030589244 0.0051554347 0.0027777831 1.794804e-03 1.020758e-03 4.688343e-04 2.576033e-03 1.908638e-04 9.213096e-05 0.0017139089
   58    1      1      0    0      1      -1      -1  1000 0.012109051 0.24051936 0.07587953 0.08748642 0.14419648 0.15911726 0.04255279 0.06684938 0.03259049 0.044974245 0.026686550 0.012238886 0.016048774 0.018573356 0.0006049189 0.0006313587 0.0037209458 0.0006454278 2.677823e-03 1.862576e-03 2.231625e-03 1.893044e-03 4.150656e-03 1.692363e-08 0.0017590369
   59    1      1      0    0      1      -1      -1  1000 0.019489399 0.15778734 0.30291922 0.05388051 0.07778822 0.10869876 0.09874839 0.01959055 0.04590892 0.032939122 0.023534740 0.021667938 0.007966526 0.008752261 0.0082518125 0.0007448752 0.0020792586 0.0008721995 1.958792e-04 1.042548e-03 1.083498e-03 4.423338e-04 1.245338e-03 3.879318e-04 0.0039824340
   60    1      1      0    0      1      -1      -1  1000 0.017834055 0.11868539 0.20109216 0.24896427 0.03364629 0.05903693 0.08311563 0.08899956 0.01831587 0.038934478 0.014643893 0.023367614 0.014934159 0.012577794 0.0065985004 0.0100941676 0.0018647258 0.0023767699 5.533993e-04 2.248503e-03 7.784636e-04 1.080945e-03 3.821966e-05 5.634103e-06 0.0002125817
   61    1      1      0    0      1      -1      -1  1000 0.033512832 0.12478926 0.16935356 0.13972804 0.18211559 0.02819475 0.04778052 0.06798516 0.06285964 0.025852900 0.037811233 0.011544835 0.019999602 0.019854978 0.0071285706 0.0065434612 0.0038411636 0.0006399318 2.267166e-03 2.642942e-03 5.718650e-04 2.848065e-03 4.771437e-04 5.262219e-04 0.0011305766
   62    1      1      0    0      1      -1      -1  1000 0.011086540 0.24937945 0.15026201 0.11418745 0.09813384 0.14403057 0.02573681 0.03240722 0.03784847 0.053511580 0.007115587 0.025922457 0.005528692 0.019058753 0.0081262958 0.0039254638 0.0039509460 0.0021168652 1.032040e-03 9.515947e-05 3.034672e-04 3.240973e-03 1.125737e-03 1.429558e-04 0.0017306647
   63    1      1      0    0      1      -1      -1  1000 0.022921626 0.10320910 0.33459612 0.10281428 0.07987643 0.06131720 0.12432848 0.02513084 0.02130733 0.027170308 0.032263244 0.007838628 0.010674044 0.012794218 0.0100261147 0.0052844829 0.0038576659 0.0032869138 8.876932e-04 5.603409e-04 1.263111e-03 2.490302e-03 3.022007e-03 8.638969e-04 0.0022156204
   64    1      1      0    0      1      -1      -1  1000 0.018178148 0.15350226 0.12753370 0.23596628 0.08552481 0.06436574 0.05591487 0.08635038 0.02073248 0.027511286 0.036411737 0.038227325 0.013562828 0.009629275 0.0068315332 0.0099623101 0.0035646977 0.0014040074 1.761188e-03 5.898783e-04 4.492766e-04 3.475727e-04 8.639244e-05 3.931354e-04 0.0011988996
   65    1      1      0    0      1      -1      -1  1000 0.031174423 0.15176040 0.16997754 0.09688605 0.19720051 0.06738443 0.04478376 0.04850216 0.07425520 0.017791256 0.021360356 0.021701292 0.016914802 0.005207628 0.0099133176 0.0025314982 0.0082086823 0.0029960629 3.567702e-03 1.759838e-03 2.641172e-04 1.232336e-03 5.274058e-05 1.087053e-03 0.0034868560
   66    1      1      0    0      1      -1      -1  1000 0.014200880 0.24846448 0.16092668 0.12328602 0.07214925 0.14153091 0.03687207 0.03026160 0.02983713 0.057630398 0.006109299 0.014761601 0.012060803 0.009499380 0.0081072803 0.0067122800 0.0023448346 0.0047198481 1.161769e-02 2.736145e-03 2.714212e-03 8.535256e-04 2.652862e-04 5.522175e-04 0.0017861818
   67    1      1      0    0      1      -1      -1  1000 0.008612796 0.13321255 0.33262687 0.10279414 0.11543169 0.04792660 0.08762618 0.02445853 0.01917340 0.032293206 0.028312779 0.003833538 0.007279644 0.014511973 0.0167182792 0.0027578411 0.0082208381 0.0015703863 1.080650e-03 6.024961e-03 7.028366e-04 2.432577e-04 3.171731e-04 9.368750e-05 0.0041761918
   68    1      1      0    0      1      -1      -1  1000 0.006801175 0.14241676 0.17191973 0.25040428 0.09107375 0.06779914 0.05337827 0.06913225 0.02692103 0.022530982 0.017840051 0.036589887 0.005917014 0.003315414 0.0114887620 0.0063327717 0.0009687820 0.0018572332 2.764474e-03 2.702868e-03 9.952910e-04 1.053452e-03 2.551239e-03 2.654269e-03 0.0005911396
   69    1      1      0    0      1      -1      -1  1000 0.018250389 0.11245518 0.16237282 0.15945361 0.19137761 0.08017214 0.07770586 0.03846139 0.05394640 0.018344762 0.023386492 0.011959761 0.016708412 0.002029622 0.0073873505 0.0100324372 0.0037557186 0.0018233891 3.181145e-03 2.839215e-03 1.512032e-03 1.262100e-03 1.801302e-05 1.682953e-04 0.0013958463
   70    1      1      0    0      1      -1      -1  1000 0.019383181 0.14814617 0.16726341 0.15003123 0.11535806 0.15659461 0.05314469 0.04735345 0.02344211 0.048175379 0.010910990 0.009932709 0.008826343 0.017312906 0.0010653026 0.0034142636 0.0057162966 0.0045756289 2.551377e-03 1.541295e-03 7.346480e-04 3.081796e-03 1.439011e-04 3.583645e-04 0.0009418859
   71    1      1      0    0      1      -1      -1  1000 0.015946113 0.22232426 0.15495652 0.12304590 0.10447177 0.08353005 0.11352615 0.03814795 0.02660210 0.018153651 0.032926852 0.010639854 0.010945209 0.013513976 0.0099143866 0.0023573590 0.0035452563 0.0049461142 2.325847e-03 1.398147e-03 2.293555e-03 2.794467e-04 6.619763e-04 1.475993e-03 0.0020715645
   72    1      1      0    0      1      -1      -1  1000 0.005671582 0.12657781 0.27232290 0.14464549 0.08257448 0.08401357 0.06637651 0.08585539 0.04120987 0.022430773 0.008828124 0.021246097 0.008979736 0.008395292 0.0082128202 0.0043269031 0.0004886818 0.0002186278 1.836452e-03 1.921912e-03 2.465785e-03 6.690258e-04 1.295772e-04 7.683624e-05 0.0005257427
   73    1      1      0    0      1      -1      -1  1000 0.013209920 0.05016207 0.19784923 0.25155359 0.11014966 0.05768795 0.06607064 0.06078048 0.05212246 0.038153771 0.030072473 0.019526040 0.020263758 0.007715684 0.0055054290 0.0051635382 0.0062908133 0.0008529304 1.912451e-03 8.256995e-04 2.125284e-03 1.425587e-04 7.308450e-04 7.181150e-05 0.0010609121
   74    1      1      0    0      1      -1      -1  1000 0.015270879 0.14099174 0.07918857 0.13985621 0.21160132 0.08770752 0.06591396 0.04883792 0.05974677 0.064813347 0.021958282 0.011479420 0.005540275 0.013709721 0.0092344862 0.0048774140 0.0036936424 0.0053554525 1.144690e-03 4.571052e-04 3.033945e-03 2.862540e-03 1.594542e-04 9.150208e-04 0.0016503073
   75    1      1      0    0      1      -1      -1  1000 0.019939394 0.14050894 0.19015646 0.06146606 0.11829349 0.17184190 0.06786220 0.04052752 0.04056345 0.039638559 0.049703770 0.017913201 0.008510289 0.006124319 0.0100180603 0.0047525091 0.0050257547 0.0018723324 1.374108e-03 2.990890e-05 3.531704e-04 1.116531e-03 1.596486e-03 1.005730e-04 0.0007110088
   76    1      1      0    0      1      -1      -1  1000 0.036186890 0.10952133 0.17587234 0.15671239 0.04796966 0.08045617 0.14915269 0.06927688 0.03492776 0.034535211 0.027413920 0.029587356 0.010032850 0.008481452 0.0035655367 0.0082795029 0.0014690539 0.0054884832 2.269599e-03 3.449184e-03 2.243256e-04 2.337110e-04 5.937639e-04 3.533181e-03 0.0007667464
   77    1      1      0    0      1      -1      -1  1000 0.021495891 0.27058388 0.14173251 0.11305273 0.07783811 0.02929484 0.07840654 0.08213985 0.03806951 0.029172532 0.024484971 0.018968065 0.033169806 0.008798743 0.0028482521 0.0034912793 0.0063985879 0.0047053031 1.667193e-03 3.280674e-03 4.006451e-03 8.136600e-06 2.162503e-03 1.643706e-03 0.0025799445
   78    1      1      0    0      1      -1      -1  1000 0.017948968 0.14300551 0.34278660 0.11050275 0.09576832 0.07057538 0.01830561 0.03523036 0.05398281 0.023058912 0.023729973 0.012500005 0.015680121 0.015461475 0.0048448355 0.0044713219 0.0045006936 0.0017957198 8.048874e-05 1.099189e-03 7.969229e-04 2.878897e-03 1.015420e-04 9.137356e-05 0.0008022154
   79    1      1      0    0      1      -1      -1  1000 0.008172153 0.14830792 0.17897437 0.25545486 0.07468742 0.06909884 0.06346632 0.01442648 0.03585556 0.045976106 0.031693254 0.011236390 0.015619581 0.013095114 0.0172162257 0.0028353709 0.0030005244 0.0023040968 2.755714e-03 3.871533e-04 6.681183e-04 5.387405e-04 1.688344e-04 2.098666e-05 0.0040398636
   80    1      1      0    0      1      -1      -1  1000 0.034300031 0.07377787 0.19087598 0.13893802 0.19696535 0.06493381 0.07332705 0.05731609 0.01428025 0.032231299 0.044844682 0.018342245 0.015276928 0.010184120 0.0106289165 0.0065910409 0.0072658719 0.0023812774 1.565394e-03 1.844467e-03 1.470306e-03 3.661602e-04 6.021337e-04 9.374970e-04 0.0007532087
   81    1      1      0    0      1      -1      -1  1000 0.011566744 0.21824370 0.09764593 0.15153883 0.11424571 0.15655899 0.04855000 0.04292271 0.03390932 0.014032313 0.019858605 0.024786301 0.017406298 0.010740182 0.0081396457 0.0034332274 0.0111537473 0.0035526112 5.147327e-04 1.128169e-03 5.934674e-03 9.265784e-04 5.470585e-04 1.208871e-05 0.0026518273
   82    1      1      0    0      1      -1      -1  1000 0.017303290 0.15341343 0.24056051 0.07284843 0.10325819 0.09948523 0.11890666 0.03396914 0.04002859 0.027024545 0.011047226 0.014286727 0.019389711 0.008003544 0.0091284831 0.0043111453 0.0074004984 0.0105683322 9.361820e-04 4.434357e-04 2.443487e-03 1.403208e-03 7.711675e-05 1.230676e-03 0.0025322010
   83    1      1      0    0      1      -1      -1  1000 0.010356769 0.15435793 0.18806655 0.19652865 0.06623004 0.07685361 0.07011210 0.08173094 0.03689552 0.025936424 0.020906320 0.006723049 0.010787612 0.018818704 0.0071770123 0.0042702889 0.0098506932 0.0024975306 4.425465e-03 1.512980e-03 1.067023e-03 1.798586e-06 3.136832e-03 8.407995e-04 0.0009153574
   84    1      1      0    0      1      -1      -1  1000 0.014384524 0.08965472 0.20145398 0.15908988 0.17859025 0.04165052 0.05473560 0.05085816 0.07066761 0.024172104 0.021122495 0.020344928 0.002694549 0.010600474 0.0231952591 0.0056448683 0.0014374902 0.0058097501 5.551232e-03 1.040986e-02 3.192707e-03 1.131552e-03 6.496395e-04 2.305599e-03 0.0006522545
   85    1      1      0    0      1      -1      -1  1000 0.018944204 0.16460252 0.11841323 0.17381414 0.12254784 0.12242208 0.04087723 0.04998530 0.03972192 0.052232073 0.021720921 0.018463961 0.014471063 0.004171063 0.0062523213 0.0121586053 0.0023932400 0.0079854169 2.089192e-03 2.320544e-03 2.343157e-03 6.672715e-04 2.908348e-04 6.040386e-06 0.0011058243
   86    1      1      0    0      1      -1      -1  1000 0.015222161 0.19214036 0.21761164 0.08895108 0.11894354 0.07508550 0.09605126 0.03051223 0.03714526 0.038734505 0.029912886 0.011188322 0.010442461 0.007633407 0.0030529369 0.0055674622 0.0059464153 0.0063138951 6.412661e-04 3.341874e-03 9.113394e-04 6.838207e-04 1.169796e-04 1.507360e-04 0.0036986628
   87    1      1      0    0      1      -1      -1  1000 0.024759923 0.10735014 0.23231349 0.15953232 0.04852104 0.12209908 0.08096092 0.08075687 0.02376384 0.034412283 0.020379487 0.019697214 0.005243200 0.005184868 0.0121018879 0.0024367710 0.0049819075 0.0062735230 3.156937e-03 1.122803e-03 1.373833e-03 2.933463e-04 9.811627e-04 1.568358e-03 0.0007348029
   88    1      1      0    0      1      -1      -1  1000 0.017747875 0.19160882 0.11888071 0.17609545 0.13231661 0.04952551 0.07163228 0.05201072 0.07271997 0.012853406 0.015121918 0.020015809 0.031592022 0.010579802 0.0032538199 0.0057871653 0.0001329114 0.0036070175 4.782199e-03 2.541297e-03 3.285838e-03 2.712739e-04 1.726264e-04 2.912943e-03 0.0005520038
   89    1      1      0    0      1      -1      -1  1000 0.017024076 0.14390809 0.23146032 0.07938393 0.15032963 0.09881257 0.04027844 0.04425014 0.04181050 0.042078682 0.009710451 0.018999739 0.016992516 0.025842324 0.0083736671 0.0057729521 0.0029958057 0.0039491390 5.058647e-03 1.551569e-03 2.172028e-03 2.088869e-03 1.351297e-03 3.078895e-03 0.0027257288
   90    1      1      0    0      1      -1      -1  1000 0.012472595 0.15951368 0.18078012 0.18762643 0.06935676 0.09022001 0.07634267 0.03378606 0.04688577 0.032974132 0.041791001 0.010609470 0.012330729 0.012008702 0.0109304730 0.0036209210 0.0026024994 0.0039502191 1.852698e-03 1.444170e-03 1.862638e-03 1.127975e-03 1.194590e-03 7.081280e-04 0.0040075595
   91    1      1      0    0      1      -1      -1  1000 0.011810477 0.07866685 0.20753570 0.15590206 0.13972543 0.07834750 0.08099302 0.06094808 0.02301798 0.036008566 0.029955487 0.032168342 0.011130179 0.014747382 0.0072585772 0.0081982330 0.0077227599 0.0009627212 1.439320e-03 3.214485e-04 7.183700e-03 9.351828e-04 3.601551e-04 1.488451e-03 0.0031723842
   92    1      1      0    0      1      -1      -1  1000 0.015606114 0.17114014 0.07922916 0.16999227 0.12128319 0.14480184 0.04925650 0.06968345 0.05631327 0.017487760 0.024545577 0.017487780 0.017411570 0.007569211 0.0105741765 0.0070436505 0.0109490647 0.0015462422 2.801566e-03 2.130356e-03 6.209292e-06 5.884585e-04 2.094490e-04 1.308011e-03 0.0010349722
   93    1      1      0    0      1      -1      -1  1000 0.020596242 0.15207768 0.20872346 0.08032322 0.12356061 0.09203968 0.08490078 0.03836648 0.05781149 0.032782745 0.015044851 0.024465403 0.015990826 0.018608892 0.0049457067 0.0099754049 0.0038611205 0.0064207285 1.188209e-03 3.600028e-03 1.321812e-03 7.307287e-04 2.409084e-04 2.617028e-04 0.0021612961
   94    1      1      0    0      1      -1      -1  1000 0.024239072 0.15390813 0.21026250 0.14811157 0.05282672 0.09566611 0.06593213 0.07339468 0.02326172 0.041999746 0.026451167 0.013212285 0.020231322 0.016840535 0.0137394619 0.0010619000 0.0053995965 0.0017139059 2.720631e-03 1.400732e-03 8.598569e-04 6.884163e-04 9.015818e-04 1.686900e-03 0.0034893371
   95    1      1      0    0      1      -1      -1  1000 0.015718826 0.19269956 0.18800127 0.15683369 0.10689984 0.04032969 0.07084763 0.04063788 0.06037500 0.016695825 0.029365981 0.023255207 0.005113333 0.014071153 0.0079061735 0.0122084772 0.0009447145 0.0032657997 3.338758e-03 7.899859e-03 4.815537e-04 4.073216e-05 1.955191e-03 4.880560e-05 0.0010650505
   96    1      1      0    0      1      -1      -1  1000 0.020806988 0.16786285 0.22389961 0.12151002 0.10239535 0.09648952 0.03570852 0.04003025 0.03520291 0.048314330 0.019272376 0.022355567 0.015238484 0.008119611 0.0074297688 0.0038776108 0.0089799528 0.0012729527 4.166548e-03 2.084350e-03 3.710873e-03 5.445958e-03 1.554481e-03 2.564091e-03 0.0017070189
   97    1      1      0    0      1      -1      -1  1000 0.011166118 0.18894740 0.17741063 0.18897842 0.09986433 0.07616319 0.07034647 0.01852325 0.03985810 0.026968915 0.039513385 0.010150680 0.016893748 0.008728033 0.0016398856 0.0050253466 0.0075540056 0.0010683250 2.323728e-03 3.525037e-04 3.595372e-03 3.018768e-03 2.511951e-04 3.796237e-05 0.0016202299
   98    1      1      0    0      1      -1      -1  1000 0.020660808 0.09167390 0.23722705 0.16653226 0.14421167 0.07011413 0.06399546 0.06356910 0.01677812 0.027489060 0.022718252 0.020297002 0.008848977 0.009832513 0.0095483072 0.0052124251 0.0027633745 0.0008562006 6.878020e-03 7.543057e-04 1.193658e-03 4.264834e-03 1.078532e-03 7.820101e-04 0.0027200166
   99    1      1      0    0      1      -1      -1  1000 0.022455929 0.13550674 0.10808206 0.18521567 0.13172702 0.10980578 0.07017970 0.06450969 0.04486496 0.020405774 0.014042088 0.031990334 0.016914169 0.006013127 0.0134269998 0.0063720808 0.0054517620 0.0053950168 1.912330e-03 2.686472e-03 6.217247e-05 1.720843e-04 9.255812e-04 5.867846e-04 0.0012956726
  100    1      1      0    0      1      -1      -1  1000 0.029149423 0.17960539 0.18935843 0.07705966 0.14687902 0.07887682 0.08524049 0.05234681 0.03372241 0.033110611 0.014665247 0.019990457 0.007982858 0.012174252 0.0028324802 0.0112950983 0.0101599347 0.0037414903 3.188800e-03 2.503895e-03 2.336010e-03 2.880693e-04 3.246029e-04 1.368532e-04 0.0030308819
    2    1      2      0    0      1      -1      -1  1000 0.030000000 0.17200000 0.12300000 0.11000000 0.10200000 0.09000000 0.06300000 0.06900000 0.03500000 0.037000000 0.026000000 0.029000000 0.021000000 0.010000000 0.0130000000 0.0130000000 0.0140000000 0.0080000000 6.000000e-03 7.000000e-03 8.000000e-03 2.000000e-03 2.000000e-03 1.000000e-03 0.0090000000
    3    1      2      0    0      1      -1      -1  1000 0.011000000 0.13000000 0.14300000 0.10800000 0.09900000 0.09900000 0.07100000 0.06300000 0.05000000 0.039000000 0.032000000 0.027000000 0.021000000 0.025000000 0.0140000000 0.0090000000 0.0120000000 0.0110000000 4.000000e-03 1.000000e-02 4.000000e-03 5.000000e-03 3.000000e-03 2.000000e-03 0.0080000000
    4    1      2      0    0      1      -1      -1  1000 0.052000000 0.09700000 0.13400000 0.13100000 0.09600000 0.09200000 0.07400000 0.06300000 0.05200000 0.036000000 0.042000000 0.017000000 0.023000000 0.012000000 0.0140000000 0.0160000000 0.0090000000 0.0120000000 5.000000e-03 2.000000e-03 4.000000e-03 2.000000e-03 2.000000e-03 4.000000e-03 0.0090000000
    5    1      2      0    0      1      -1      -1  1000 0.035000000 0.20200000 0.09800000 0.09300000 0.11600000 0.08300000 0.07200000 0.05100000 0.03700000 0.044000000 0.029000000 0.025000000 0.016000000 0.014000000 0.0150000000 0.0120000000 0.0100000000 0.0050000000 9.000000e-03 5.000000e-03 3.000000e-03 6.000000e-03 3.000000e-03 4.000000e-03 0.0130000000
    6    1      2      0    0      1      -1      -1  1000 0.036000000 0.15600000 0.17100000 0.08200000 0.08800000 0.09500000 0.06000000 0.05600000 0.05500000 0.036000000 0.025000000 0.029000000 0.020000000 0.010000000 0.0110000000 0.0140000000 0.0110000000 0.0110000000 3.000000e-03 7.000000e-03 3.000000e-03 3.000000e-03 1.000000e-03 5.000000e-03 0.0120000000
    7    1      2      0    0      1      -1      -1  1000 0.029000000 0.18000000 0.14300000 0.14900000 0.04500000 0.06000000 0.06700000 0.04500000 0.04900000 0.041000000 0.033000000 0.035000000 0.021000000 0.017000000 0.0220000000 0.0090000000 0.0120000000 0.0060000000 9.000000e-03 4.000000e-03 6.000000e-03 2.000000e-03 3.000000e-03 2.000000e-03 0.0110000000
    8    1      2      0    0      1      -1      -1  1000 0.038000000 0.11500000 0.19100000 0.10400000 0.12100000 0.05000000 0.05100000 0.06400000 0.04600000 0.031000000 0.022000000 0.039000000 0.025000000 0.026000000 0.0100000000 0.0070000000 0.0080000000 0.0070000000 7.000000e-03 5.000000e-03 5.000000e-03 4.000000e-03 5.000000e-03 2.000000e-03 0.0170000000
    9    1      2      0    0      1      -1      -1  1000 0.039000000 0.15000000 0.10900000 0.13900000 0.10500000 0.10800000 0.04000000 0.04600000 0.04800000 0.037000000 0.037000000 0.027000000 0.028000000 0.019000000 0.0130000000 0.0090000000 0.0090000000 0.0110000000 4.000000e-03 6.000000e-03 2.000000e-03 1.000000e-03 2.000000e-03 1.000000e-03 0.0100000000
   10    1      2      0    0      1      -1      -1  1000 0.039000000 0.16100000 0.14500000 0.09100000 0.13900000 0.05800000 0.09800000 0.03800000 0.02800000 0.026000000 0.036000000 0.018000000 0.026000000 0.017000000 0.0150000000 0.0110000000 0.0110000000 0.0070000000 8.000000e-03 4.000000e-03 4.000000e-03 7.000000e-03 2.000000e-03 1.000000e-03 0.0100000000
   11    1      2      0    0      1      -1      -1  1000 0.046000000 0.21400000 0.15400000 0.10300000 0.07900000 0.08500000 0.04400000 0.05500000 0.02800000 0.030000000 0.027000000 0.022000000 0.021000000 0.011000000 0.0130000000 0.0130000000 0.0090000000 0.0080000000 4.000000e-03 5.000000e-03 6.000000e-03 3.000000e-03 3.000000e-03 3.000000e-03 0.0140000000
   12    1      2      0    0      1      -1      -1  1000 0.024000000 0.16200000 0.20000000 0.11300000 0.09100000 0.06200000 0.07200000 0.04300000 0.05700000 0.023000000 0.020000000 0.021000000 0.021000000 0.015000000 0.0150000000 0.0080000000 0.0140000000 0.0080000000 3.000000e-03 3.000000e-03 2.000000e-03 3.000000e-03 7.000000e-03 1.000000e-03 0.0120000000
   13    1      2      0    0      1      -1      -1  1000 0.039000000 0.08600000 0.21600000 0.15400000 0.09500000 0.08200000 0.05700000 0.06100000 0.04500000 0.029000000 0.017000000 0.017000000 0.026000000 0.017000000 0.0170000000 0.0070000000 0.0080000000 0.0060000000 5.000000e-03 2.000000e-03 1.000000e-03 7.000000e-03 3.000000e-03 1.000000e-03 0.0020000000
   14    1      2      0    0      1      -1      -1  1000 0.026000000 0.19100000 0.08300000 0.15400000 0.14400000 0.07800000 0.05900000 0.05100000 0.05000000 0.026000000 0.027000000 0.008000000 0.010000000 0.020000000 0.0120000000 0.0140000000 0.0070000000 0.0080000000 2.000000e-03 3.000000e-03 6.000000e-03 4.000000e-03 2.000000e-03 1.000000e-03 0.0140000000
   15    1      2      0    0      1      -1      -1  1000 0.028000000 0.10800000 0.16800000 0.07500000 0.13100000 0.11800000 0.06900000 0.05800000 0.03100000 0.057000000 0.015000000 0.029000000 0.011000000 0.016000000 0.0190000000 0.0210000000 0.0070000000 0.0040000000 4.000000e-03 7.000000e-03 4.000000e-03 2.000000e-03 2.000000e-03 5.000000e-03 0.0110000000
   16    1      2      0    0      1      -1      -1  1000 0.034000000 0.15400000 0.10800000 0.14700000 0.04400000 0.11700000 0.08700000 0.06500000 0.04100000 0.037000000 0.036000000 0.025000000 0.021000000 0.009000000 0.0160000000 0.0130000000 0.0120000000 0.0090000000 5.000000e-03 3.000000e-03 4.000000e-03 1.000000e-03 2.000000e-03 4.000000e-03 0.0060000000
   17    1      2      0    0      1      -1      -1  1000 0.015000000 0.22200000 0.13700000 0.07900000 0.11100000 0.04600000 0.07800000 0.06700000 0.03800000 0.045000000 0.019000000 0.026000000 0.020000000 0.021000000 0.0110000000 0.0060000000 0.0070000000 0.0080000000 9.000000e-03 7.000000e-03 6.000000e-03 3.000000e-03 4.000000e-03 0.000000e+00 0.0150000000
   18    1      2      0    0      1      -1      -1  1000 0.041000000 0.09900000 0.21900000 0.13000000 0.07100000 0.08400000 0.03300000 0.06100000 0.06000000 0.048000000 0.025000000 0.015000000 0.021000000 0.017000000 0.0190000000 0.0080000000 0.0110000000 0.0040000000 3.000000e-03 8.000000e-03 5.000000e-03 2.000000e-03 1.000000e-03 1.000000e-03 0.0140000000
   19    1      2      0    0      1      -1      -1  1000 0.034000000 0.17100000 0.08000000 0.17800000 0.10000000 0.04900000 0.07600000 0.03100000 0.06200000 0.047000000 0.039000000 0.023000000 0.021000000 0.024000000 0.0130000000 0.0110000000 0.0020000000 0.0090000000 4.000000e-03 5.000000e-03 3.000000e-03 2.000000e-03 3.000000e-03 3.000000e-03 0.0100000000
   20    1      2      0    0      1      -1      -1  1000 0.017000000 0.12300000 0.18500000 0.07700000 0.14800000 0.08600000 0.04600000 0.06300000 0.02900000 0.057000000 0.037000000 0.023000000 0.019000000 0.016000000 0.0170000000 0.0070000000 0.0090000000 0.0030000000 9.000000e-03 5.000000e-03 2.000000e-03 5.000000e-03 6.000000e-03 0.000000e+00 0.0110000000
   21    1      2      0    0      1      -1      -1  1000 0.017000000 0.11300000 0.13700000 0.15600000 0.06300000 0.11700000 0.06400000 0.05100000 0.06600000 0.022000000 0.052000000 0.039000000 0.018000000 0.016000000 0.0080000000 0.0140000000 0.0100000000 0.0080000000 3.000000e-03 5.000000e-03 2.000000e-03 6.000000e-03 3.000000e-03 2.000000e-03 0.0080000000
   22    1      2      0    0      1      -1      -1  1000 0.030000000 0.07500000 0.13000000 0.13300000 0.12900000 0.06500000 0.10300000 0.07200000 0.03100000 0.048000000 0.019000000 0.040000000 0.032000000 0.022000000 0.0110000000 0.0070000000 0.0120000000 0.0030000000 1.300000e-02 6.000000e-03 4.000000e-03 3.000000e-03 2.000000e-03 3.000000e-03 0.0070000000
   23    1      2      0    0      1      -1      -1  1000 0.029000000 0.20500000 0.06500000 0.09700000 0.11100000 0.10000000 0.05500000 0.09400000 0.04900000 0.023000000 0.032000000 0.016000000 0.029000000 0.023000000 0.0130000000 0.0120000000 0.0070000000 0.0070000000 5.000000e-03 8.000000e-03 1.000000e-03 3.000000e-03 2.000000e-03 3.000000e-03 0.0110000000
   24    1      2      0    0      1      -1      -1  1000 0.026000000 0.16600000 0.18000000 0.06700000 0.08400000 0.07300000 0.06900000 0.03800000 0.08200000 0.056000000 0.020000000 0.030000000 0.015000000 0.033000000 0.0140000000 0.0090000000 0.0080000000 0.0060000000 4.000000e-03 2.000000e-03 5.000000e-03 2.000000e-03 3.000000e-03 3.000000e-03 0.0050000000
   25    1      2      0    0      1      -1      -1  1000 0.022000000 0.14800000 0.16000000 0.19300000 0.04000000 0.05300000 0.05900000 0.07400000 0.02900000 0.039000000 0.031000000 0.020000000 0.036000000 0.010000000 0.0270000000 0.0120000000 0.0100000000 0.0040000000 4.000000e-03 7.000000e-03 8.000000e-03 3.000000e-03 1.000000e-03 1.000000e-03 0.0090000000
   26    1      2      0    0      1      -1      -1  1000 0.039000000 0.15700000 0.16300000 0.11100000 0.12600000 0.03200000 0.06400000 0.03900000 0.05800000 0.025000000 0.046000000 0.031000000 0.017000000 0.019000000 0.0080000000 0.0150000000 0.0110000000 0.0080000000 5.000000e-03 4.000000e-03 4.000000e-03 2.000000e-03 3.000000e-03 1.000000e-03 0.0120000000
   27    1      2      0    0      1      -1      -1  1000 0.022000000 0.17800000 0.14200000 0.09600000 0.10600000 0.08800000 0.03700000 0.04200000 0.05100000 0.056000000 0.017000000 0.045000000 0.022000000 0.011000000 0.0160000000 0.0100000000 0.0140000000 0.0050000000 3.000000e-03 6.000000e-03 4.000000e-03 6.000000e-03 3.000000e-03 5.000000e-03 0.0150000000
   28    1      2      0    0      1      -1      -1  1000 0.026000000 0.12800000 0.17700000 0.13800000 0.07700000 0.07200000 0.07800000 0.03600000 0.04000000 0.033000000 0.044000000 0.013000000 0.026000000 0.025000000 0.0200000000 0.0130000000 0.0000000000 0.0090000000 1.100000e-02 9.000000e-03 6.000000e-03 3.000000e-03 3.000000e-03 2.000000e-03 0.0110000000
   29    1      2      0    0      1      -1      -1  1000 0.059000000 0.14300000 0.10900000 0.15400000 0.10800000 0.06700000 0.06600000 0.06800000 0.01200000 0.029000000 0.034000000 0.030000000 0.010000000 0.027000000 0.0130000000 0.0100000000 0.0130000000 0.0030000000 8.000000e-03 7.000000e-03 4.000000e-03 5.000000e-03 1.000000e-03 1.000000e-03 0.0190000000
   30    1      2      0    0      1      -1      -1  1000 0.030000000 0.28200000 0.14900000 0.07500000 0.08500000 0.08600000 0.05500000 0.03700000 0.04300000 0.015000000 0.022000000 0.017000000 0.020000000 0.010000000 0.0130000000 0.0100000000 0.0120000000 0.0090000000 2.000000e-03 7.000000e-03 9.000000e-03 3.000000e-03 2.000000e-03 1.000000e-03 0.0060000000
   31    1      2      0    0      1      -1      -1  1000 0.043000000 0.19200000 0.19400000 0.10200000 0.06800000 0.08100000 0.07800000 0.04500000 0.03800000 0.036000000 0.014000000 0.016000000 0.012000000 0.014000000 0.0090000000 0.0130000000 0.0080000000 0.0050000000 5.000000e-03 4.000000e-03 1.000000e-03 6.000000e-03 2.000000e-03 5.000000e-03 0.0090000000
   32    1      2      0    0      1      -1      -1  1000 0.030000000 0.19100000 0.15900000 0.18700000 0.07500000 0.05500000 0.08100000 0.04100000 0.02200000 0.029000000 0.029000000 0.011000000 0.011000000 0.019000000 0.0130000000 0.0070000000 0.0070000000 0.0030000000 5.000000e-03 5.000000e-03 3.000000e-03 3.000000e-03 1.000000e-03 2.000000e-03 0.0110000000
   33    1      2      0    0      1      -1      -1  1000 0.085000000 0.14600000 0.17100000 0.15300000 0.12700000 0.05900000 0.05900000 0.04000000 0.02700000 0.020000000 0.015000000 0.022000000 0.008000000 0.009000000 0.0080000000 0.0070000000 0.0040000000 0.0110000000 5.000000e-03 4.000000e-03 1.000000e-03 2.000000e-03 1.000000e-03 3.000000e-03 0.0130000000
   34    1      2      0    0      1      -1      -1  1000 0.046000000 0.30900000 0.13400000 0.10900000 0.10000000 0.08200000 0.04400000 0.03300000 0.02500000 0.033000000 0.013000000 0.018000000 0.012000000 0.005000000 0.0050000000 0.0060000000 0.0050000000 0.0020000000 8.000000e-03 3.000000e-03 0.000000e+00 1.000000e-03 0.000000e+00 0.000000e+00 0.0070000000
   35    1      2      0    0      1      -1      -1  1000 0.029000000 0.19900000 0.31700000 0.07600000 0.08200000 0.05000000 0.07400000 0.03900000 0.02500000 0.019000000 0.017000000 0.012000000 0.012000000 0.015000000 0.0040000000 0.0030000000 0.0070000000 0.0040000000 2.000000e-03 3.000000e-03 3.000000e-03 2.000000e-03 3.000000e-03 0.000000e+00 0.0030000000
   36    1      2      0    0      1      -1      -1  1000 0.044000000 0.12700000 0.20300000 0.25600000 0.06600000 0.06900000 0.04000000 0.06000000 0.03400000 0.013000000 0.014000000 0.016000000 0.008000000 0.011000000 0.0080000000 0.0020000000 0.0050000000 0.0050000000 6.000000e-03 2.000000e-03 1.000000e-03 0.000000e+00 1.000000e-03 1.000000e-03 0.0080000000
   37    1      2      0    0      1      -1      -1  1000 0.041000000 0.19800000 0.14400000 0.12600000 0.18500000 0.05000000 0.04500000 0.04500000 0.05200000 0.024000000 0.020000000 0.007000000 0.008000000 0.017000000 0.0070000000 0.0050000000 0.0030000000 0.0040000000 5.000000e-03 2.000000e-03 3.000000e-03 3.000000e-03 1.000000e-03 2.000000e-03 0.0030000000
   38    1      2      0    0      1      -1      -1  1000 0.019000000 0.15600000 0.19600000 0.10900000 0.11700000 0.14800000 0.04300000 0.04600000 0.03700000 0.043000000 0.016000000 0.012000000 0.018000000 0.005000000 0.0030000000 0.0050000000 0.0030000000 0.0030000000 1.000000e-03 3.000000e-03 2.000000e-03 5.000000e-03 1.000000e-03 2.000000e-03 0.0070000000
   39    1      2      0    0      1      -1      -1  1000 0.056000000 0.11200000 0.16400000 0.18800000 0.09300000 0.09200000 0.09400000 0.02900000 0.04200000 0.024000000 0.028000000 0.016000000 0.013000000 0.015000000 0.0090000000 0.0060000000 0.0030000000 0.0050000000 1.000000e-03 1.000000e-03 1.000000e-03 3.000000e-03 0.000000e+00 1.000000e-03 0.0040000000
   40    1      2      0    0      1      -1      -1  1000 0.051000000 0.21700000 0.10200000 0.10800000 0.12600000 0.07500000 0.09800000 0.09400000 0.02600000 0.022000000 0.020000000 0.023000000 0.008000000 0.004000000 0.0040000000 0.0060000000 0.0010000000 0.0040000000 2.000000e-03 1.000000e-03 1.000000e-03 1.000000e-03 2.000000e-03 0.000000e+00 0.0040000000
   41    1      2      0    0      1      -1      -1  1000 0.029000000 0.25100000 0.17800000 0.06000000 0.08900000 0.08700000 0.05300000 0.06600000 0.06200000 0.023000000 0.024000000 0.015000000 0.016000000 0.006000000 0.0040000000 0.0060000000 0.0100000000 0.0090000000 1.000000e-03 4.000000e-03 0.000000e+00 2.000000e-03 1.000000e-03 1.000000e-03 0.0030000000
   42    1      2      0    0      1      -1      -1  1000 0.038000000 0.14400000 0.24700000 0.14600000 0.04800000 0.07100000 0.08100000 0.04800000 0.02800000 0.066000000 0.020000000 0.011000000 0.009000000 0.012000000 0.0050000000 0.0050000000 0.0040000000 0.0060000000 2.000000e-03 3.000000e-03 3.000000e-03 0.000000e+00 0.000000e+00 2.000000e-03 0.0010000000
   43    1      2      0    0      1      -1      -1  1000 0.032000000 0.17300000 0.14000000 0.20300000 0.11300000 0.03900000 0.05900000 0.07600000 0.02400000 0.035000000 0.032000000 0.018000000 0.014000000 0.004000000 0.0190000000 0.0040000000 0.0020000000 0.0020000000 1.000000e-03 1.000000e-03 1.000000e-03 2.000000e-03 0.000000e+00 1.000000e-03 0.0050000000
   44    1      2      0    0      1      -1      -1  1000 0.026000000 0.18100000 0.16600000 0.12500000 0.14500000 0.08600000 0.03700000 0.04100000 0.05600000 0.016000000 0.029000000 0.043000000 0.003000000 0.013000000 0.0090000000 0.0070000000 0.0020000000 0.0010000000 6.000000e-03 0.000000e+00 1.000000e-03 1.000000e-03 1.000000e-03 0.000000e+00 0.0050000000
   45    1      2      0    0      1      -1      -1  1000 0.065000000 0.11200000 0.17500000 0.13100000 0.08800000 0.11700000 0.07900000 0.02800000 0.04600000 0.034000000 0.024000000 0.023000000 0.028000000 0.008000000 0.0100000000 0.0080000000 0.0090000000 0.0020000000 2.000000e-03 2.000000e-03 3.000000e-03 3.000000e-03 0.000000e+00 2.000000e-03 0.0010000000
   46    1      2      0    0      1      -1      -1  1000 0.064000000 0.29500000 0.07400000 0.09300000 0.10800000 0.06100000 0.09900000 0.05200000 0.01300000 0.029000000 0.033000000 0.013000000 0.018000000 0.018000000 0.0070000000 0.0050000000 0.0030000000 0.0060000000 4.000000e-03 0.000000e+00 1.000000e-03 1.000000e-03 1.000000e-03 0.000000e+00 0.0020000000
   47    1      2      0    0      1      -1      -1  1000 0.038000000 0.25700000 0.24600000 0.05500000 0.07700000 0.08000000 0.04800000 0.05300000 0.04400000 0.010000000 0.024000000 0.015000000 0.011000000 0.013000000 0.0180000000 0.0030000000 0.0030000000 0.0020000000 0.000000e+00 2.000000e-03 1.000000e-03 0.000000e+00 0.000000e+00 0.000000e+00 0.0000000000
   48    1      2      0    0      1      -1      -1  1000 0.068000000 0.16700000 0.21800000 0.19900000 0.04700000 0.05700000 0.06100000 0.02900000 0.04800000 0.032000000 0.007000000 0.011000000 0.019000000 0.003000000 0.0080000000 0.0110000000 0.0010000000 0.0010000000 2.000000e-03 4.000000e-03 3.000000e-03 2.000000e-03 0.000000e+00 1.000000e-03 0.0010000000
   49    1      2      0    0      1      -1      -1  1000 0.047000000 0.29000000 0.13300000 0.15900000 0.13800000 0.02600000 0.03200000 0.03600000 0.02300000 0.030000000 0.021000000 0.010000000 0.011000000 0.015000000 0.0070000000 0.0040000000 0.0070000000 0.0010000000 3.000000e-03 1.000000e-03 3.000000e-03 1.000000e-03 1.000000e-03 0.000000e+00 0.0010000000
   50    1      2      0    0      1      -1      -1  1000 0.042000000 0.23600000 0.23900000 0.09000000 0.10000000 0.10700000 0.02000000 0.03000000 0.03500000 0.018000000 0.028000000 0.017000000 0.004000000 0.006000000 0.0070000000 0.0030000000 0.0030000000 0.0070000000 2.000000e-03 2.000000e-03 2.000000e-03 1.000000e-03 0.000000e+00 0.000000e+00 0.0010000000
   51    1      2      0    0      1      -1      -1  1000 0.062000000 0.17500000 0.21500000 0.19200000 0.07100000 0.09400000 0.07400000 0.02000000 0.01400000 0.018000000 0.006000000 0.017000000 0.011000000 0.002000000 0.0070000000 0.0060000000 0.0080000000 0.0010000000 3.000000e-03 0.000000e+00 2.000000e-03 1.000000e-03 0.000000e+00 0.000000e+00 0.0010000000
   52    1      2      0    0      1      -1      -1  1000 0.024000000 0.26500000 0.13900000 0.15300000 0.13800000 0.06400000 0.05600000 0.05500000 0.01800000 0.019000000 0.016000000 0.005000000 0.013000000 0.010000000 0.0040000000 0.0020000000 0.0070000000 0.0030000000 1.000000e-03 5.000000e-03 1.000000e-03 0.000000e+00 0.000000e+00 0.000000e+00 0.0020000000
   53    1      2      0    0      1      -1      -1  1000 0.071000000 0.10200000 0.25900000 0.11700000 0.13700000 0.11200000 0.04000000 0.04900000 0.04300000 0.006000000 0.009000000 0.010000000 0.004000000 0.014000000 0.0060000000 0.0010000000 0.0050000000 0.0050000000 0.000000e+00 3.000000e-03 1.000000e-03 2.000000e-03 1.000000e-03 0.000000e+00 0.0030000000
   54    1      2      0    0      1      -1      -1  1000 0.049000000 0.29700000 0.09400000 0.17200000 0.07300000 0.09000000 0.08000000 0.02300000 0.04100000 0.020000000 0.008000000 0.013000000 0.010000000 0.010000000 0.0060000000 0.0030000000 0.0020000000 0.0020000000 4.000000e-03 0.000000e+00 1.000000e-03 0.000000e+00 1.000000e-03 0.000000e+00 0.0010000000
   55    1      2      0    0      1      -1      -1  1000 0.023000000 0.22500000 0.25800000 0.06200000 0.13400000 0.08000000 0.06300000 0.05000000 0.02000000 0.029000000 0.021000000 0.003000000 0.007000000 0.006000000 0.0010000000 0.0050000000 0.0020000000 0.0020000000 3.000000e-03 0.000000e+00 0.000000e+00 1.000000e-03 3.000000e-03 2.000000e-03 0.0000000000
   56    1      2      0    0      1      -1      -1  1000 0.015000000 0.13600000 0.24700000 0.21800000 0.05200000 0.10000000 0.04700000 0.05400000 0.04900000 0.020000000 0.012000000 0.017000000 0.003000000 0.007000000 0.0030000000 0.0050000000 0.0040000000 0.0000000000 3.000000e-03 1.000000e-03 3.000000e-03 0.000000e+00 0.000000e+00 2.000000e-03 0.0020000000
   57    1      2      0    0      1      -1      -1  1000 0.069000000 0.07400000 0.12900000 0.18800000 0.21400000 0.04700000 0.07600000 0.03400000 0.04800000 0.040000000 0.014000000 0.016000000 0.019000000 0.005000000 0.0040000000 0.0060000000 0.0020000000 0.0060000000 2.000000e-03 3.000000e-03 1.000000e-03 0.000000e+00 0.000000e+00 0.000000e+00 0.0030000000
   58    1      2      0    0      1      -1      -1  1000 0.037000000 0.32200000 0.07100000 0.07900000 0.12100000 0.13900000 0.02000000 0.06700000 0.02800000 0.035000000 0.020000000 0.012000000 0.013000000 0.014000000 0.0030000000 0.0020000000 0.0020000000 0.0070000000 3.000000e-03 1.000000e-03 0.000000e+00 0.000000e+00 1.000000e-03 0.000000e+00 0.0030000000
   59    1      2      0    0      1      -1      -1  1000 0.030000000 0.18400000 0.28800000 0.04700000 0.06600000 0.09800000 0.10300000 0.03100000 0.03600000 0.025000000 0.023000000 0.025000000 0.014000000 0.011000000 0.0040000000 0.0030000000 0.0040000000 0.0010000000 1.000000e-03 2.000000e-03 1.000000e-03 0.000000e+00 0.000000e+00 1.000000e-03 0.0020000000
   60    1      2      0    0      1      -1      -1  1000 0.036000000 0.14500000 0.17800000 0.22600000 0.05000000 0.05400000 0.09400000 0.07600000 0.02500000 0.037000000 0.023000000 0.020000000 0.013000000 0.004000000 0.0060000000 0.0030000000 0.0010000000 0.0010000000 2.000000e-03 0.000000e+00 3.000000e-03 0.000000e+00 0.000000e+00 0.000000e+00 0.0030000000
   61    1      2      0    0      1      -1      -1  1000 0.087000000 0.13000000 0.15200000 0.14200000 0.17500000 0.03100000 0.05200000 0.06400000 0.05500000 0.012000000 0.035000000 0.016000000 0.015000000 0.011000000 0.0020000000 0.0050000000 0.0020000000 0.0020000000 3.000000e-03 2.000000e-03 2.000000e-03 2.000000e-03 1.000000e-03 0.000000e+00 0.0020000000
   62    1      2      0    0      1      -1      -1  1000 0.028000000 0.31800000 0.13300000 0.09600000 0.10000000 0.11400000 0.02000000 0.03000000 0.04400000 0.039000000 0.009000000 0.024000000 0.010000000 0.011000000 0.0140000000 0.0020000000 0.0010000000 0.0020000000 1.000000e-03 0.000000e+00 0.000000e+00 1.000000e-03 0.000000e+00 0.000000e+00 0.0030000000
   63    1      2      0    0      1      -1      -1  1000 0.041000000 0.11400000 0.27700000 0.10900000 0.08100000 0.08700000 0.11200000 0.02300000 0.02000000 0.027000000 0.036000000 0.009000000 0.023000000 0.010000000 0.0070000000 0.0070000000 0.0040000000 0.0030000000 2.000000e-03 2.000000e-03 1.000000e-03 1.000000e-03 1.000000e-03 0.000000e+00 0.0030000000
   64    1      2      0    0      1      -1      -1  1000 0.039000000 0.20500000 0.12700000 0.22600000 0.07800000 0.05200000 0.05700000 0.09300000 0.01300000 0.016000000 0.022000000 0.019000000 0.004000000 0.014000000 0.0020000000 0.0070000000 0.0060000000 0.0030000000 4.000000e-03 3.000000e-03 0.000000e+00 3.000000e-03 1.000000e-03 2.000000e-03 0.0040000000
   65    1      2      0    0      1      -1      -1  1000 0.074000000 0.18600000 0.17000000 0.10200000 0.16400000 0.05100000 0.04500000 0.03200000 0.06500000 0.011000000 0.013000000 0.029000000 0.016000000 0.005000000 0.0140000000 0.0030000000 0.0030000000 0.0030000000 6.000000e-03 5.000000e-03 2.000000e-03 0.000000e+00 0.000000e+00 0.000000e+00 0.0010000000
   66    1      2      0    0      1      -1      -1  1000 0.053000000 0.31400000 0.15000000 0.10400000 0.05200000 0.10700000 0.03000000 0.03200000 0.03600000 0.048000000 0.004000000 0.010000000 0.017000000 0.016000000 0.0040000000 0.0110000000 0.0040000000 0.0000000000 2.000000e-03 1.000000e-03 2.000000e-03 3.000000e-03 0.000000e+00 0.000000e+00 0.0000000000
   67    1      2      0    0      1      -1      -1  1000 0.045000000 0.18300000 0.26700000 0.12500000 0.08200000 0.04800000 0.11000000 0.02500000 0.02300000 0.015000000 0.029000000 0.001000000 0.006000000 0.010000000 0.0130000000 0.0060000000 0.0010000000 0.0040000000 3.000000e-03 1.000000e-03 0.000000e+00 2.000000e-03 0.000000e+00 0.000000e+00 0.0010000000
   68    1      2      0    0      1      -1      -1  1000 0.042000000 0.17100000 0.19100000 0.21600000 0.08000000 0.05900000 0.04300000 0.07600000 0.01900000 0.017000000 0.017000000 0.024000000 0.003000000 0.007000000 0.0150000000 0.0060000000 0.0000000000 0.0050000000 3.000000e-03 1.000000e-03 2.000000e-03 1.000000e-03 1.000000e-03 0.000000e+00 0.0010000000
   69    1      2      0    0      1      -1      -1  1000 0.045000000 0.17500000 0.16700000 0.13900000 0.16900000 0.09200000 0.03700000 0.02300000 0.05300000 0.020000000 0.015000000 0.008000000 0.027000000 0.002000000 0.0020000000 0.0050000000 0.0050000000 0.0030000000 3.000000e-03 3.000000e-03 2.000000e-03 2.000000e-03 0.000000e+00 0.000000e+00 0.0030000000
   70    1      2      0    0      1      -1      -1  1000 0.063000000 0.18800000 0.15600000 0.12700000 0.11000000 0.12100000 0.05400000 0.04300000 0.02100000 0.045000000 0.012000000 0.009000000 0.009000000 0.016000000 0.0020000000 0.0050000000 0.0010000000 0.0050000000 3.000000e-03 1.000000e-03 3.000000e-03 2.000000e-03 2.000000e-03 1.000000e-03 0.0010000000
   71    1      2      0    0      1      -1      -1  1000 0.032000000 0.26500000 0.16500000 0.10200000 0.09500000 0.07100000 0.09400000 0.02900000 0.03100000 0.016000000 0.039000000 0.008000000 0.009000000 0.014000000 0.0110000000 0.0030000000 0.0050000000 0.0030000000 3.000000e-03 0.000000e+00 0.000000e+00 0.000000e+00 1.000000e-03 1.000000e-03 0.0030000000
   72    1      2      0    0      1      -1      -1  1000 0.017000000 0.15100000 0.25800000 0.13000000 0.09400000 0.07300000 0.06700000 0.06900000 0.02800000 0.022000000 0.017000000 0.023000000 0.009000000 0.008000000 0.0060000000 0.0070000000 0.0030000000 0.0010000000 4.000000e-03 6.000000e-03 1.000000e-03 2.000000e-03 0.000000e+00 2.000000e-03 0.0020000000
   73    1      2      0    0      1      -1      -1  1000 0.041000000 0.05200000 0.19800000 0.23300000 0.11200000 0.06700000 0.06000000 0.05000000 0.05700000 0.032000000 0.022000000 0.020000000 0.021000000 0.002000000 0.0070000000 0.0030000000 0.0050000000 0.0010000000 3.000000e-03 0.000000e+00 3.000000e-03 2.000000e-03 2.000000e-03 1.000000e-03 0.0060000000
   74    1      2      0    0      1      -1      -1  1000 0.039000000 0.18500000 0.07200000 0.14500000 0.18400000 0.09700000 0.05800000 0.04500000 0.03000000 0.059000000 0.019000000 0.013000000 0.005000000 0.021000000 0.0060000000 0.0060000000 0.0050000000 0.0040000000 1.000000e-03 1.000000e-03 0.000000e+00 1.000000e-03 1.000000e-03 0.000000e+00 0.0030000000
   75    1      2      0    0      1      -1      -1  1000 0.042000000 0.18900000 0.15600000 0.04800000 0.10600000 0.16500000 0.08800000 0.04500000 0.03300000 0.029000000 0.036000000 0.016000000 0.011000000 0.009000000 0.0140000000 0.0010000000 0.0010000000 0.0020000000 2.000000e-03 0.000000e+00 2.000000e-03 3.000000e-03 0.000000e+00 0.000000e+00 0.0020000000
   76    1      2      0    0      1      -1      -1  1000 0.070000000 0.15800000 0.15400000 0.15200000 0.02600000 0.07800000 0.11300000 0.06800000 0.04700000 0.029000000 0.021000000 0.024000000 0.015000000 0.003000000 0.0110000000 0.0130000000 0.0080000000 0.0010000000 3.000000e-03 3.000000e-03 0.000000e+00 1.000000e-03 0.000000e+00 0.000000e+00 0.0020000000
   77    1      2      0    0      1      -1      -1  1000 0.033000000 0.32800000 0.10900000 0.11200000 0.10000000 0.02800000 0.05200000 0.08600000 0.03700000 0.026000000 0.020000000 0.010000000 0.022000000 0.004000000 0.0090000000 0.0030000000 0.0060000000 0.0020000000 5.000000e-03 0.000000e+00 3.000000e-03 1.000000e-03 0.000000e+00 0.000000e+00 0.0040000000
   78    1      2      0    0      1      -1      -1  1000 0.033000000 0.21000000 0.27800000 0.09700000 0.09000000 0.05900000 0.01800000 0.04800000 0.05400000 0.020000000 0.021000000 0.016000000 0.009000000 0.017000000 0.0070000000 0.0050000000 0.0030000000 0.0010000000 4.000000e-03 0.000000e+00 2.000000e-03 3.000000e-03 1.000000e-03 1.000000e-03 0.0030000000
   79    1      2      0    0      1      -1      -1  1000 0.028000000 0.16300000 0.17500000 0.23200000 0.08100000 0.06900000 0.04500000 0.01600000 0.03400000 0.051000000 0.021000000 0.021000000 0.006000000 0.011000000 0.0220000000 0.0070000000 0.0010000000 0.0000000000 6.000000e-03 1.000000e-03 3.000000e-03 1.000000e-03 3.000000e-03 1.000000e-03 0.0020000000
   80    1      2      0    0      1      -1      -1  1000 0.055000000 0.11900000 0.20500000 0.13800000 0.16000000 0.06400000 0.04500000 0.05200000 0.01400000 0.027000000 0.038000000 0.018000000 0.007000000 0.014000000 0.0100000000 0.0110000000 0.0070000000 0.0030000000 2.000000e-03 3.000000e-03 1.000000e-03 2.000000e-03 2.000000e-03 2.000000e-03 0.0010000000
   81    1      2      0    0      1      -1      -1  1000 0.046000000 0.24600000 0.10500000 0.13200000 0.08900000 0.13400000 0.05000000 0.04100000 0.02700000 0.011000000 0.022000000 0.038000000 0.015000000 0.008000000 0.0080000000 0.0030000000 0.0050000000 0.0040000000 1.000000e-03 3.000000e-03 5.000000e-03 3.000000e-03 2.000000e-03 0.000000e+00 0.0020000000
   82    1      2      0    0      1      -1      -1  1000 0.046000000 0.20200000 0.21800000 0.07300000 0.09300000 0.08500000 0.10300000 0.03800000 0.02000000 0.032000000 0.004000000 0.022000000 0.018000000 0.008000000 0.0040000000 0.0070000000 0.0050000000 0.0070000000 4.000000e-03 2.000000e-03 3.000000e-03 2.000000e-03 1.000000e-03 0.000000e+00 0.0030000000
   83    1      2      0    0      1      -1      -1  1000 0.028000000 0.20200000 0.17000000 0.18400000 0.05700000 0.07500000 0.06400000 0.07400000 0.03200000 0.019000000 0.019000000 0.007000000 0.014000000 0.022000000 0.0100000000 0.0050000000 0.0020000000 0.0010000000 9.000000e-03 0.000000e+00 2.000000e-03 0.000000e+00 2.000000e-03 0.000000e+00 0.0020000000
   84    1      2      0    0      1      -1      -1  1000 0.060000000 0.10900000 0.18300000 0.16300000 0.16900000 0.04000000 0.05100000 0.05100000 0.05200000 0.021000000 0.017000000 0.021000000 0.005000000 0.014000000 0.0170000000 0.0060000000 0.0040000000 0.0020000000 4.000000e-03 6.000000e-03 0.000000e+00 1.000000e-03 0.000000e+00 2.000000e-03 0.0020000000
   85    1      2      0    0      1      -1      -1  1000 0.048000000 0.24500000 0.11600000 0.13100000 0.09800000 0.09400000 0.04200000 0.05000000 0.03400000 0.041000000 0.022000000 0.021000000 0.019000000 0.005000000 0.0070000000 0.0090000000 0.0040000000 0.0030000000 3.000000e-03 2.000000e-03 2.000000e-03 0.000000e+00 0.000000e+00 1.000000e-03 0.0030000000
   86    1      2      0    0      1      -1      -1  1000 0.025000000 0.25600000 0.18400000 0.08000000 0.12700000 0.08700000 0.07200000 0.02200000 0.03200000 0.018000000 0.029000000 0.016000000 0.010000000 0.009000000 0.0020000000 0.0060000000 0.0070000000 0.0020000000 4.000000e-03 4.000000e-03 1.000000e-03 2.000000e-03 1.000000e-03 1.000000e-03 0.0030000000
   87    1      2      0    0      1      -1      -1  1000 0.048000000 0.12900000 0.22500000 0.17600000 0.06700000 0.08000000 0.06300000 0.04900000 0.02400000 0.035000000 0.022000000 0.028000000 0.010000000 0.009000000 0.0070000000 0.0010000000 0.0040000000 0.0120000000 4.000000e-03 2.000000e-03 1.000000e-03 1.000000e-03 1.000000e-03 0.000000e+00 0.0020000000
   88    1      2      0    0      1      -1      -1  1000 0.037000000 0.25500000 0.09600000 0.18600000 0.11200000 0.04200000 0.07400000 0.05500000 0.03400000 0.013000000 0.015000000 0.020000000 0.023000000 0.006000000 0.0060000000 0.0070000000 0.0020000000 0.0050000000 2.000000e-03 2.000000e-03 1.000000e-03 1.000000e-03 5.000000e-03 1.000000e-03 0.0000000000
   89    1      2      0    0      1      -1      -1  1000 0.046000000 0.17500000 0.21900000 0.11200000 0.12000000 0.09500000 0.02500000 0.04600000 0.03700000 0.045000000 0.014000000 0.018000000 0.010000000 0.015000000 0.0020000000 0.0040000000 0.0030000000 0.0020000000 4.000000e-03 4.000000e-03 2.000000e-03 1.000000e-03 0.000000e+00 1.000000e-03 0.0000000000
   90    1      2      0    0      1      -1      -1  1000 0.021000000 0.18800000 0.19100000 0.16600000 0.07200000 0.11300000 0.07600000 0.02700000 0.03100000 0.025000000 0.018000000 0.012000000 0.013000000 0.004000000 0.0110000000 0.0060000000 0.0060000000 0.0030000000 1.000000e-03 4.000000e-03 5.000000e-03 2.000000e-03 0.000000e+00 1.000000e-03 0.0040000000
   91    1      2      0    0      1      -1      -1  1000 0.047000000 0.09900000 0.19300000 0.15800000 0.14600000 0.05800000 0.08200000 0.06200000 0.02500000 0.037000000 0.013000000 0.020000000 0.010000000 0.006000000 0.0080000000 0.0150000000 0.0070000000 0.0020000000 1.000000e-03 0.000000e+00 3.000000e-03 3.000000e-03 0.000000e+00 1.000000e-03 0.0040000000
   92    1      2      0    0      1      -1      -1  1000 0.057000000 0.20000000 0.08500000 0.15400000 0.11400000 0.12800000 0.05200000 0.05700000 0.03700000 0.015000000 0.016000000 0.020000000 0.020000000 0.009000000 0.0110000000 0.0050000000 0.0100000000 0.0000000000 3.000000e-03 3.000000e-03 0.000000e+00 1.000000e-03 2.000000e-03 0.000000e+00 0.0010000000
   93    1      2      0    0      1      -1      -1  1000 0.054000000 0.20200000 0.18700000 0.05600000 0.10100000 0.07600000 0.09200000 0.02900000 0.04800000 0.051000000 0.018000000 0.022000000 0.019000000 0.011000000 0.0050000000 0.0110000000 0.0030000000 0.0060000000 1.000000e-03 3.000000e-03 3.000000e-03 0.000000e+00 1.000000e-03 1.000000e-03 0.0000000000
   94    1      2      0    0      1      -1      -1  1000 0.060000000 0.21700000 0.18100000 0.13200000 0.05300000 0.09100000 0.04700000 0.06300000 0.02800000 0.039000000 0.026000000 0.009000000 0.013000000 0.013000000 0.0050000000 0.0040000000 0.0040000000 0.0040000000 2.000000e-03 1.000000e-03 2.000000e-03 2.000000e-03 1.000000e-03 1.000000e-03 0.0020000000
   95    1      2      0    0      1      -1      -1  1000 0.044000000 0.21200000 0.17800000 0.15300000 0.09600000 0.04300000 0.06100000 0.05300000 0.05000000 0.015000000 0.027000000 0.020000000 0.005000000 0.008000000 0.0080000000 0.0120000000 0.0050000000 0.0020000000 1.000000e-03 0.000000e+00 4.000000e-03 0.000000e+00 1.000000e-03 0.000000e+00 0.0020000000
   96    1      2      0    0      1      -1      -1  1000 0.045000000 0.20100000 0.20000000 0.13500000 0.09400000 0.08800000 0.02100000 0.04900000 0.03800000 0.027000000 0.017000000 0.025000000 0.018000000 0.003000000 0.0120000000 0.0050000000 0.0060000000 0.0010000000 3.000000e-03 2.000000e-03 2.000000e-03 0.000000e+00 1.000000e-03 1.000000e-03 0.0060000000
   97    1      2      0    0      1      -1      -1  1000 0.025000000 0.23300000 0.20100000 0.15100000 0.09200000 0.07600000 0.06500000 0.01900000 0.03800000 0.022000000 0.014000000 0.014000000 0.007000000 0.013000000 0.0040000000 0.0030000000 0.0070000000 0.0060000000 1.000000e-03 2.000000e-03 2.000000e-03 2.000000e-03 0.000000e+00 1.000000e-03 0.0020000000
   98    1      2      0    0      1      -1      -1  1000 0.028000000 0.11500000 0.22400000 0.16800000 0.13400000 0.07200000 0.06700000 0.05200000 0.01400000 0.025000000 0.020000000 0.025000000 0.007000000 0.016000000 0.0070000000 0.0020000000 0.0040000000 0.0020000000 5.000000e-03 3.000000e-03 0.000000e+00 4.000000e-03 3.000000e-03 2.000000e-03 0.0010000000
   99    1      2      0    0      1      -1      -1  1000 0.043000000 0.17900000 0.10100000 0.18400000 0.11700000 0.11500000 0.06000000 0.04700000 0.04400000 0.014000000 0.027000000 0.012000000 0.016000000 0.005000000 0.0080000000 0.0090000000 0.0030000000 0.0030000000 5.000000e-03 3.000000e-03 1.000000e-03 0.000000e+00 1.000000e-03 0.000000e+00 0.0030000000
  100    1      2      0    0      1      -1      -1  1000 0.054000000 0.23100000 0.14300000 0.08300000 0.14900000 0.09300000 0.06500000 0.04500000 0.03400000 0.025000000 0.006000000 0.014000000 0.017000000 0.013000000 0.0060000000 0.0050000000 0.0070000000 0.0030000000 1.000000e-03 1.000000e-03 1.000000e-03 1.000000e-03 0.000000e+00 0.000000e+00 0.0030000000
0 #_N_MeanSize_at_Age_obs
0 #_N_environ_variables
0 #_N_environ_obs
0 #_N_sizefreq_methods
0 #_do_tags
0 #_morphcomp_data
#
999
