#C data file created using the SS_writedat function in the R package r4ss
#C should work with SS version: 
#C file write time: 2014-11-05 23:54:42
#
1 #_styr
100 #_endyr
1 #_nseas
12 #_months_per_seas
1 #_spawn_seas
1 #_Nfleet
2 #_Nsurveys
1 #_N_areas
Fishery%Survey%CPUE #_fleetnames
0.5 0.5 0.5 #_surveytiming_in_season
1 1 1 #_area_assignments_for_each_fishery_and_survey
1 #_units of catch:  1=bio; 2=num
0.01 #_se of log(catch) only used for init_eq_catch and for Fmethod 2 and 3
1 #_Ngenders
25 #_Nages
0 #_init_equil_catch_for_each_fishery
100 #_N_lines_of_catch_to_read
 #_Fishery year seas
         0    1    1
         0    2    1
         0    3    1
         0    4    1
         0    5    1
         0    6    1
         0    7    1
         0    8    1
         0    9    1
         0   10    1
         0   11    1
         0   12    1
         0   13    1
         0   14    1
         0   15    1
         0   16    1
         0   17    1
         0   18    1
         0   19    1
         0   20    1
         0   21    1
         0   22    1
         0   23    1
         0   24    1
         0   25    1
 344907000   26    1
 318638000   27    1
 298526000   28    1
 281299000   29    1
 265245000   30    1
 251959000   31    1
 241127000   32    1
 234957000   33    1
 231468000   34    1
 224146000   35    1
 213295000   36    1
 201635000   37    1
 191391000   38    1
 181238000   39    1
 173151000   40    1
 171849000   41    1
 175797000   42    1
 175476000   43    1
 170404000   44    1
 163564000   45    1
 156664000   46    1
 150525000   47    1
 147063000   48    1
 146515000   49    1
 146306000   50    1
 145777000   51    1
 150168000   52    1
 159406000   53    1
 160769000   54    1
 157457000   55    1
 151984000   56    1
 144714000   57    1
 137379000   58    1
 131222000   59    1
 127175000   60    1
 124204000   61    1
 124748000   62    1
 131592000   63    1
 139752000   64    1
 145504000   65    1
 151227000   66    1
 154511000   67    1
 154015000   68    1
 152180000   69    1
 153340000   70    1
 156200000   71    1
 157680000   72    1
 159322000   73    1
 162701000   74    1
 166159000   75    1
 166142000   76    1
 164025000   77    1
 157334000   78    1
 151184000   79    1
 147262000   80    1
 144399000   81    1
 142775000   82    1
 140083000   83    1
 136757000   84    1
 133032000   85    1
 130550000   86    1
 133936000   87    1
 145036000   88    1
 157094000   89    1
 163009000   90    1
 165332000   91    1
 164897000   92    1
 163426000   93    1
 158850000   94    1
 154287000   95    1
 150723000   96    1
 148235000   97    1
 146919000   98    1
 144264000   99    1
 143909000  100    1
13 #_N_cpue
 #_Fleet Units Errtype
       1     1       0
       2     1       0
       3     1       0
 #_year seas index        obs se_log
     76    1     2 2055548065    0.2
     78    1     2 2033476295    0.2
     80    1     2 2151338123    0.2
     82    1     2 1794997507    0.2
     84    1     2 2241776106    0.2
     86    1     2 1665583680    0.2
     88    1     2 2306038448    0.2
     90    1     2 2172337913    0.2
     92    1     2 2311242460    0.2
     94    1     2 2204155606    0.2
     96    1     2 2424320225    0.2
     98    1     2 2040751394    0.2
    100    1     2 2351788907    0.2
0 #_N_discard_fleets
#_discard_units (1=same_as_catchunits(bio/num); 2=fraction; 3=numbers)
#_discard_errtype:  >0 for DF of T-dist(read CV below); 0 for normal with CV; -1 for normal with se; -2 for lognormal
0 #_N_discard
0 #_N_meanbodywt
1 #_DF_for_meanbodywt_T-distribution_like
2 # length bin method: 1=use databins; 2=generate from binwidth,min,max below; 3=read vector
1 # binwidth for population size comp
10 # minimum size in the population (lower edge of first bin and size at age 0.00)
200 # maximum size in the population (lower edge of last bin)
-0.001 #_comp_tail_compression
1e-05 #_add_to_comp
0 #_combine males into females at or below this bin number
21 #_N_lbins
#_lbin_vector
10 53 70 83 94 101 107 111 114 117 120 123 125 127 130 132 135 138 142 148 200
0 #_N_Length_comp_observations
25 #_N_agebins
#_agebin_vector
1 2 3 4 5 6 7 8 9 10 11 12 13 14 15 16 17 18 19 20 21 22 23 24 25
1 #_N_ageerror_definitions
 #_age0   age1   age2   age3   age4   age5   age6   age7   age8   age9  age10  age11  age12  age13  age14  age15  age16  age17  age18  age19  age20  age21  age22  age23  age24  age25
 -1.000 -1.000 -1.000 -1.000 -1.000 -1.000 -1.000 -1.000 -1.000 -1.000 -1.000 -1.000 -1.000 -1.000 -1.000 -1.000 -1.000 -1.000 -1.000 -1.000 -1.000 -1.000 -1.000 -1.000 -1.000 -1.000
  0.001  0.001  0.001  0.001  0.001  0.001  0.001  0.001  0.001  0.001  0.001  0.001  0.001  0.001  0.001  0.001  0.001  0.001  0.001  0.001  0.001  0.001  0.001  0.001  0.001  0.001
34 #_N_agecomp
1 #_Lbin_method: 1=poplenbins; 2=datalenbins; 3=lengths
-1 #_combine males into females at or below this bin number
 #_Yr Seas FltSvy Gender Part Ageerr Lbin_lo Lbin_hi Nsamp          a1         a2         a3         a4         a5         a6         a7         a8          a9        a10         a11         a12         a13         a14          a15          a16          a17          a18          a19          a20          a21          a22          a23          a24          a25
   50    1      1      0    0      1      -1      -1   200 0.008662476 0.11530030 0.17510809 0.18198448 0.10491502 0.09699526 0.06216176 0.03000654 0.031591193 0.03698498 0.040402799 0.043782445 0.010286884 0.003073310 5.002333e-03 4.766763e-03 0.0056524842 8.195266e-03 1.408786e-02 1.632210e-05 1.437156e-02 2.533568e-03 2.280633e-06 4.202703e-05 4.074001e-03
   60    1      1      0    0      1      -1      -1   200 0.027235298 0.15656191 0.23045639 0.13130711 0.09158636 0.06650339 0.04618493 0.02611364 0.034093391 0.08839985 0.013324446 0.021375517 0.029196463 0.004668223 6.408575e-03 6.703945e-03 0.0084254188 2.188385e-04 3.485371e-04 2.573353e-03 3.687413e-03 6.119858e-05 1.232993e-03 3.771869e-16 3.332804e-03
   70    1      1      0    0      1      -1      -1   200 0.020831198 0.27590855 0.21271939 0.11264630 0.08649588 0.06297427 0.06718979 0.03486939 0.026282757 0.03244083 0.019201314 0.006179160 0.014063365 0.006404414 4.454193e-03 3.850024e-04 0.0003308524 2.674853e-06 2.238105e-03 6.671559e-05 1.968481e-08 3.466417e-04 1.798787e-03 5.804410e-04 1.158996e-02
   75    1      1      0    0      1      -1      -1   200 0.011268885 0.07016664 0.34241889 0.13964237 0.11168145 0.04992337 0.07328236 0.03755058 0.003468498 0.03669677 0.011825541 0.019469533 0.040041838 0.029216875 1.697086e-02 4.012465e-04 0.0051175784 5.730049e-05 2.334440e-04 5.275374e-04 4.519663e-10 7.530837e-10 7.660053e-07 6.689348e-17 3.766220e-05
   76    1      1      0    0      1      -1      -1   200 0.001084743 0.20383514 0.08247188 0.25935355 0.08869863 0.09760003 0.04438180 0.05912172 0.064584495 0.01163464 0.006230798 0.047760235 0.002816881 0.001587523 1.939726e-02 1.376350e-03 0.0022072923 1.595879e-03 1.071845e-04 1.129082e-03 2.189058e-03 3.995209e-10 2.028398e-04 1.199180e-17 6.329873e-04
   79    1      1      0    0      1      -1      -1   200 0.025530459 0.19682432 0.10060420 0.06476078 0.11728511 0.05628259 0.13032787 0.09666522 0.045108935 0.04588476 0.046600994 0.009055853 0.004377640 0.003222262 1.107614e-02 8.421556e-03 0.0078613932 8.040992e-03 1.550884e-02 2.853126e-03 3.981353e-05 1.043649e-03 2.464912e-03 1.434880e-04 1.509794e-05
   82    1      1      0    0      1      -1      -1   200 0.006519338 0.12488324 0.26475971 0.12409298 0.14345017 0.04352252 0.02473356 0.07400541 0.019555392 0.03545533 0.039418865 0.025277013 0.004495140 0.006996197 1.972383e-02 3.508617e-03 0.0097475452 1.678089e-02 7.875579e-03 1.320534e-03 3.102335e-03 6.555943e-07 1.677624e-08 2.473248e-08 7.751010e-04
   85    1      1      0    0      1      -1      -1   200 0.024367691 0.14251345 0.14244521 0.15574727 0.10225630 0.12165855 0.06222811 0.04688808 0.042640767 0.01503278 0.011730775 0.019924482 0.019744301 0.029246078 1.369923e-02 1.075459e-02 0.0072720634 1.924357e-02 4.069494e-03 1.370805e-04 1.506891e-05 2.365192e-03 1.399465e-04 1.182366e-04 5.761687e-03
   88    1      1      0    0      1      -1      -1   200 0.013087961 0.31947192 0.25866904 0.08364829 0.04940347 0.07155996 0.01331264 0.02257900 0.064212224 0.02554365 0.030542811 0.006986896 0.006077211 0.012591868 4.731903e-04 1.667237e-02 0.0005035076 4.686689e-04 2.542922e-03 1.445746e-03 7.466243e-08 1.746937e-10 2.946280e-24 3.322986e-08 2.065551e-04
   89    1      1      0    0      1      -1      -1   200 0.028907297 0.11443799 0.31454870 0.22212796 0.09599726 0.04050789 0.03303066 0.01613425 0.008516450 0.04652163 0.037617997 0.015247686 0.005100834 0.011823160 1.251488e-03 3.496838e-06 0.0052151069 1.653342e-03 1.281210e-03 3.598331e-06 2.168758e-05 1.310685e-05 1.832542e-06 5.526890e-06 2.984283e-05
   91    1      1      0    0      1      -1      -1   200 0.009725880 0.09359752 0.16065545 0.09450310 0.28934602 0.10689997 0.08019353 0.01281344 0.044230486 0.03115863 0.011389258 0.018656701 0.024662444 0.002937188 6.711402e-05 1.812735e-03 0.0058114230 3.733304e-03 2.973037e-03 9.173476e-04 3.316258e-03 1.161358e-04 1.011063e-04 1.491638e-04 2.327554e-04
   93    1      1      0    0      1      -1      -1   200 0.010661453 0.13380468 0.22388360 0.06811607 0.13222425 0.06441947 0.13596502 0.07734054 0.076244147 0.01314226 0.020607699 0.004330560 0.003074818 0.005683296 4.798735e-03 1.748364e-02 0.0003786435 8.568904e-04 1.314775e-03 3.465154e-03 8.546407e-04 3.866744e-04 3.569426e-05 1.646270e-05 9.108433e-04
   95    1      1      0    0      1      -1      -1   200 0.006348315 0.15492456 0.16089542 0.12817519 0.13220718 0.06692916 0.08137277 0.04143826 0.083238157 0.07877160 0.019573478 0.011607964 0.010180400 0.004719578 3.859635e-03 2.097355e-03 0.0062530363 4.172339e-03 1.131572e-03 4.856600e-05 4.901985e-08 1.282910e-03 1.939673e-05 1.123229e-04 6.407995e-04
   97    1      1      0    0      1      -1      -1   200 0.010497479 0.21974379 0.15819423 0.15376763 0.07991048 0.03392736 0.06973767 0.02479197 0.038537076 0.03750484 0.063751198 0.027791426 0.040680649 0.005669041 6.160046e-03 7.258332e-04 0.0146441911 3.344087e-05 4.807335e-03 5.699527e-03 2.228412e-09 1.760831e-04 1.409752e-05 6.312408e-04 2.603344e-03
   98    1      1      0    0      1      -1      -1   200 0.015225601 0.08339788 0.25323527 0.14565947 0.16226877 0.05675788 0.04965211 0.04243064 0.027123177 0.02905356 0.004756851 0.048270246 0.012171640 0.037634985 2.938650e-03 6.922757e-03 0.0048360688 1.583520e-03 9.427625e-05 9.032757e-04 4.731657e-04 1.141567e-02 5.860536e-06 4.077317e-08 3.188638e-03
   99    1      1      0    0      1      -1      -1   200 0.028166284 0.16789589 0.15162443 0.20370701 0.08940646 0.09636307 0.03989832 0.03619567 0.041826943 0.01244861 0.047654611 0.007605659 0.030029248 0.028214104 2.332959e-03 5.018678e-03 0.0059798505 4.054842e-03 4.114800e-05 2.034551e-04 3.924328e-05 4.302494e-07 3.537791e-11 4.988777e-10 1.293081e-03
  100    1      1      0    0      1      -1      -1   200 0.007434582 0.20873924 0.20010934 0.11230545 0.13016639 0.03370190 0.09952658 0.04461619 0.024252704 0.02289008 0.011228991 0.019298480 0.018396550 0.013675409 2.338455e-02 7.962982e-03 0.0055276178 4.193720e-03 1.142077e-03 5.445658e-06 1.785421e-04 8.700218e-03 5.019269e-06 2.108785e-03 4.491672e-04
   50    1      2      0    0      1      -1      -1   200 0.045000000 0.16500000 0.15500000 0.17000000 0.09000000 0.10000000 0.06000000 0.03500000 0.035000000 0.03000000 0.055000000 0.020000000 0.010000000 0.010000000 0.000000e+00 5.000000e-03 0.0000000000 5.000000e-03 5.000000e-03 0.000000e+00 5.000000e-03 0.000000e+00 0.000000e+00 0.000000e+00 0.000000e+00
   60    1      2      0    0      1      -1      -1   200 0.025000000 0.22500000 0.18000000 0.12000000 0.11000000 0.07000000 0.06500000 0.02000000 0.035000000 0.09500000 0.005000000 0.010000000 0.015000000 0.010000000 5.000000e-03 5.000000e-03 0.0000000000 0.000000e+00 0.000000e+00 0.000000e+00 0.000000e+00 0.000000e+00 0.000000e+00 0.000000e+00 5.000000e-03
   70    1      2      0    0      1      -1      -1   200 0.080000000 0.20000000 0.20500000 0.10000000 0.07000000 0.07500000 0.09500000 0.05000000 0.055000000 0.01500000 0.010000000 0.020000000 0.000000000 0.000000000 5.000000e-03 0.000000e+00 0.0100000000 0.000000e+00 0.000000e+00 0.000000e+00 0.000000e+00 0.000000e+00 5.000000e-03 5.000000e-03 0.000000e+00
   75    1      2      0    0      1      -1      -1   200 0.050000000 0.14000000 0.30500000 0.13000000 0.10000000 0.05000000 0.08500000 0.04500000 0.010000000 0.00500000 0.015000000 0.020000000 0.015000000 0.015000000 0.000000e+00 0.000000e+00 0.0000000000 5.000000e-03 5.000000e-03 0.000000e+00 0.000000e+00 0.000000e+00 0.000000e+00 0.000000e+00 5.000000e-03
   76    1      2      0    0      1      -1      -1   200 0.030000000 0.20500000 0.10500000 0.22500000 0.13500000 0.06500000 0.06000000 0.06000000 0.020000000 0.02000000 0.020000000 0.015000000 0.010000000 0.010000000 1.000000e-02 5.000000e-03 0.0000000000 0.000000e+00 5.000000e-03 0.000000e+00 0.000000e+00 0.000000e+00 0.000000e+00 0.000000e+00 0.000000e+00
   79    1      2      0    0      1      -1      -1   200 0.065000000 0.24500000 0.07000000 0.05500000 0.12500000 0.06500000 0.09500000 0.07000000 0.065000000 0.03000000 0.025000000 0.025000000 0.010000000 0.010000000 5.000000e-03 1.500000e-02 0.0050000000 0.000000e+00 1.000000e-02 5.000000e-03 0.000000e+00 0.000000e+00 5.000000e-03 0.000000e+00 0.000000e+00
   82    1      2      0    0      1      -1      -1   200 0.030000000 0.18000000 0.23500000 0.13000000 0.11500000 0.06500000 0.04500000 0.05000000 0.020000000 0.02500000 0.040000000 0.010000000 0.015000000 0.010000000 5.000000e-03 0.000000e+00 0.0000000000 0.000000e+00 5.000000e-03 5.000000e-03 5.000000e-03 1.000000e-02 0.000000e+00 0.000000e+00 0.000000e+00
   85    1      2      0    0      1      -1      -1   200 0.070000000 0.14000000 0.16000000 0.12000000 0.11500000 0.13000000 0.06000000 0.07000000 0.025000000 0.02000000 0.035000000 0.010000000 0.020000000 0.010000000 0.000000e+00 5.000000e-03 0.0000000000 0.000000e+00 0.000000e+00 0.000000e+00 5.000000e-03 5.000000e-03 0.000000e+00 0.000000e+00 0.000000e+00
   88    1      2      0    0      1      -1      -1   200 0.020000000 0.32500000 0.23500000 0.08500000 0.06500000 0.05500000 0.03000000 0.02500000 0.045000000 0.02000000 0.020000000 0.015000000 0.000000000 0.030000000 0.000000e+00 1.500000e-02 0.0000000000 0.000000e+00 0.000000e+00 5.000000e-03 0.000000e+00 0.000000e+00 5.000000e-03 0.000000e+00 5.000000e-03
   89    1      2      0    0      1      -1      -1   200 0.060000000 0.14000000 0.30000000 0.27000000 0.06000000 0.02000000 0.02000000 0.03000000 0.025000000 0.03000000 0.010000000 0.000000000 0.010000000 0.000000000 0.000000e+00 0.000000e+00 0.0000000000 0.000000e+00 1.000000e-02 0.000000e+00 5.000000e-03 0.000000e+00 5.000000e-03 0.000000e+00 5.000000e-03
   91    1      2      0    0      1      -1      -1   200 0.025000000 0.12500000 0.14000000 0.06500000 0.22500000 0.16000000 0.06500000 0.03500000 0.055000000 0.01500000 0.010000000 0.030000000 0.015000000 0.020000000 0.000000e+00 0.000000e+00 0.0000000000 0.000000e+00 5.000000e-03 0.000000e+00 5.000000e-03 5.000000e-03 0.000000e+00 0.000000e+00 0.000000e+00
   93    1      2      0    0      1      -1      -1   200 0.025000000 0.17000000 0.20000000 0.08500000 0.12000000 0.05500000 0.14000000 0.09000000 0.025000000 0.01500000 0.005000000 0.005000000 0.005000000 0.025000000 5.000000e-03 5.000000e-03 0.0000000000 0.000000e+00 0.000000e+00 5.000000e-03 0.000000e+00 5.000000e-03 5.000000e-03 0.000000e+00 1.000000e-02
   95    1      2      0    0      1      -1      -1   200 0.025000000 0.19500000 0.19000000 0.11000000 0.14500000 0.05000000 0.05000000 0.06000000 0.070000000 0.03500000 0.040000000 0.005000000 0.005000000 0.010000000 0.000000e+00 0.000000e+00 0.0000000000 5.000000e-03 0.000000e+00 0.000000e+00 0.000000e+00 0.000000e+00 0.000000e+00 0.000000e+00 5.000000e-03
   97    1      2      0    0      1      -1      -1   200 0.020000000 0.24500000 0.15500000 0.15000000 0.06000000 0.05000000 0.08500000 0.04500000 0.025000000 0.01500000 0.060000000 0.045000000 0.015000000 0.005000000 0.000000e+00 1.500000e-02 0.0000000000 1.000000e-02 0.000000e+00 0.000000e+00 0.000000e+00 0.000000e+00 0.000000e+00 0.000000e+00 0.000000e+00
   98    1      2      0    0      1      -1      -1   200 0.055000000 0.11000000 0.25000000 0.12500000 0.11000000 0.04500000 0.04500000 0.06000000 0.050000000 0.02000000 0.025000000 0.060000000 0.025000000 0.005000000 5.000000e-03 0.000000e+00 0.0050000000 0.000000e+00 0.000000e+00 0.000000e+00 5.000000e-03 0.000000e+00 0.000000e+00 0.000000e+00 0.000000e+00
   99    1      2      0    0      1      -1      -1   200 0.075000000 0.17000000 0.12000000 0.14500000 0.10000000 0.11500000 0.06000000 0.05500000 0.045000000 0.00500000 0.020000000 0.025000000 0.015000000 0.020000000 1.500000e-02 0.000000e+00 0.0050000000 5.000000e-03 0.000000e+00 0.000000e+00 0.000000e+00 0.000000e+00 0.000000e+00 0.000000e+00 5.000000e-03
  100    1      2      0    0      1      -1      -1   200 0.040000000 0.28500000 0.20500000 0.06000000 0.10500000 0.06000000 0.09000000 0.01500000 0.030000000 0.02500000 0.005000000 0.010000000 0.010000000 0.025000000 1.000000e-02 1.000000e-02 0.0050000000 5.000000e-03 5.000000e-03 0.000000e+00 0.000000e+00 0.000000e+00 0.000000e+00 0.000000e+00 0.000000e+00
0 #_N_MeanSize_at_Age_obs
0 #_N_environ_variables
0 #_N_environ_obs
0 #_N_sizefreq_methods
0 #_do_tags
0 #_morphcomp_data
#
999
