#C data file created using the SS_writedat function in the R package r4ss
#C should work with SS version: 
#C file write time: 2014-11-06 01:37:05
#
1 #_styr
100 #_endyr
1 #_nseas
12 #_months_per_seas
1 #_spawn_seas
1 #_Nfleet
2 #_Nsurveys
1 #_N_areas
Fishery%Survey%CPUE #_fleetnames
0.5 0.5 0.5 #_surveytiming_in_season
1 1 1 #_area_assignments_for_each_fishery_and_survey
1 #_units of catch:  1=bio; 2=num
0.01 #_se of log(catch) only used for init_eq_catch and for Fmethod 2 and 3
1 #_Ngenders
25 #_Nages
0 #_init_equil_catch_for_each_fishery
100 #_N_lines_of_catch_to_read
 #_Fishery year seas
         0    1    1
         0    2    1
         0    3    1
         0    4    1
         0    5    1
         0    6    1
         0    7    1
         0    8    1
         0    9    1
         0   10    1
         0   11    1
         0   12    1
         0   13    1
         0   14    1
         0   15    1
         0   16    1
         0   17    1
         0   18    1
         0   19    1
         0   20    1
         0   21    1
         0   22    1
         0   23    1
         0   24    1
         0   25    1
 264739000   26    1
 250119000   27    1
 234767000   28    1
 217566000   29    1
 199013000   30    1
 185518000   31    1
 180072000   32    1
 180289000   33    1
 182455000   34    1
 183575000   35    1
 185913000   36    1
 190225000   37    1
 190183000   38    1
 186367000   39    1
 178945000   40    1
 172080000   41    1
 168001000   42    1
 166381000   43    1
 164294000   44    1
 160985000   45    1
 154732000   46    1
 146991000   47    1
 139632000   48    1
 132686000   49    1
 124697000   50    1
 119589000   51    1
 117474000   52    1
 115779000   53    1
 114893000   54    1
 117620000   55    1
 121411000   56    1
 123632000   57    1
 123149000   58    1
 119919000   59    1
 118132000   60    1
 118702000   61    1
 120271000   62    1
 122176000   63    1
 120608000   64    1
 118820000   65    1
 116977000   66    1
 116569000   67    1
 119326000   68    1
 123223000   69    1
 128871000   70    1
 135258000   71    1
 138388000   72    1
 137874000   73    1
 136504000   74    1
 133757000   75    1
 129841000   76    1
 127898000   77    1
 130704000   78    1
 138617000   79    1
 146952000   80    1
 152666000   81    1
 158892000   82    1
 162492000   83    1
 164097000   84    1
 167774000   85    1
 167015000   86    1
 163136000   87    1
 161397000   88    1
 167364000   89    1
 170690000   90    1
 171430000   91    1
 174578000   92    1
 178344000   93    1
 179144000   94    1
 185830000   95    1
 192593000   96    1
 192509000   97    1
 187683000   98    1
 183039000   99    1
 180168000  100    1
13 #_N_cpue
 #_Fleet Units Errtype
       1     1       0
       2     1       0
       3     1       0
 #_year seas index        obs se_log
     76    1     2 1171027960    0.2
     78    1     2 2556132992    0.2
     80    1     2 2225150763    0.2
     82    1     2 1653630157    0.2
     84    1     2 2191605512    0.2
     86    1     2 2269570635    0.2
     88    1     2 1672701269    0.2
     90    1     2 1938024497    0.2
     92    1     2 1775640482    0.2
     94    1     2 2236239719    0.2
     96    1     2 2031857005    0.2
     98    1     2 4039057976    0.2
    100    1     2 2206999752    0.2
0 #_N_discard_fleets
#_discard_units (1=same_as_catchunits(bio/num); 2=fraction; 3=numbers)
#_discard_errtype:  >0 for DF of T-dist(read CV below); 0 for normal with CV; -1 for normal with se; -2 for lognormal
0 #_N_discard
0 #_N_meanbodywt
1 #_DF_for_meanbodywt_T-distribution_like
2 # length bin method: 1=use databins; 2=generate from binwidth,min,max below; 3=read vector
1 # binwidth for population size comp
10 # minimum size in the population (lower edge of first bin and size at age 0.00)
200 # maximum size in the population (lower edge of last bin)
-0.001 #_comp_tail_compression
1e-05 #_add_to_comp
0 #_combine males into females at or below this bin number
21 #_N_lbins
#_lbin_vector
10 53 70 83 94 101 107 111 114 117 120 123 125 127 130 132 135 138 142 148 200
0 #_N_Length_comp_observations
25 #_N_agebins
#_agebin_vector
1 2 3 4 5 6 7 8 9 10 11 12 13 14 15 16 17 18 19 20 21 22 23 24 25
1 #_N_ageerror_definitions
 #_age0   age1   age2   age3   age4   age5   age6   age7   age8   age9  age10  age11  age12  age13  age14  age15  age16  age17  age18  age19  age20  age21  age22  age23  age24  age25
 -1.000 -1.000 -1.000 -1.000 -1.000 -1.000 -1.000 -1.000 -1.000 -1.000 -1.000 -1.000 -1.000 -1.000 -1.000 -1.000 -1.000 -1.000 -1.000 -1.000 -1.000 -1.000 -1.000 -1.000 -1.000 -1.000
  0.001  0.001  0.001  0.001  0.001  0.001  0.001  0.001  0.001  0.001  0.001  0.001  0.001  0.001  0.001  0.001  0.001  0.001  0.001  0.001  0.001  0.001  0.001  0.001  0.001  0.001
22 #_N_agecomp
1 #_Lbin_method: 1=poplenbins; 2=datalenbins; 3=lengths
-1 #_combine males into females at or below this bin number
 #_Yr Seas FltSvy Gender Part Ageerr Lbin_lo Lbin_hi Nsamp          a1        a2         a3         a4         a5         a6         a7         a8          a9        a10         a11         a12         a13         a14         a15          a16          a17          a18          a19          a20          a21          a22          a23          a24          a25
   50    1      1      0    0      1      -1      -1   500 0.027451757 0.1414545 0.08323585 0.21294288 0.07171015 0.06114317 0.05380987 0.06529481 0.055073156 0.05779016 0.042944035 0.020684399 0.013157483 0.026029419 0.009444185 0.0156067232 0.0122166149 2.285343e-03 6.459602e-03 5.072212e-03 4.182000e-03 2.908257e-03 5.339098e-04 6.706299e-03 1.863244e-03
   55    1      1      0    0      1      -1      -1   500 0.021984416 0.2019622 0.22975440 0.07972253 0.12240550 0.09966936 0.06164036 0.01709096 0.042748267 0.02261977 0.020593364 0.007549955 0.013785526 0.015165887 0.019792239 0.0097242599 0.0007004633 1.262765e-03 1.625993e-03 8.068091e-04 1.994393e-03 8.622261e-04 3.838204e-03 1.339615e-04 2.566196e-03
   60    1      1      0    0      1      -1      -1   500 0.018087882 0.2077705 0.13628155 0.08493992 0.10214231 0.09754978 0.10047805 0.07510544 0.025294444 0.03356930 0.029529115 0.011674101 0.008208893 0.015583572 0.007057738 0.0059957630 0.0137025825 8.772927e-03 3.191006e-03 2.438875e-03 1.477642e-03 2.717286e-07 4.749470e-05 9.419205e-04 1.015891e-02
   65    1      1      0    0      1      -1      -1   500 0.014990576 0.1410178 0.16535672 0.08347833 0.19175157 0.09603172 0.09713901 0.04706015 0.019165558 0.02630563 0.022871610 0.025833944 0.023514468 0.006029022 0.020541365 0.0094376928 0.0016141586 2.332413e-04 3.442504e-03 5.063054e-05 6.642554e-04 1.261246e-05 2.100502e-05 8.684830e-04 2.567919e-03
   70    1      1      0    0      1      -1      -1   500 0.014149720 0.2060057 0.23812607 0.14414298 0.15265023 0.04909106 0.04542345 0.03788662 0.016557122 0.02667140 0.015737589 0.011244866 0.008242210 0.004564161 0.008009533 0.0020268061 0.0101710666 1.227501e-03 2.318015e-03 3.402067e-03 1.030179e-03 4.695849e-05 9.915217e-08 1.855038e-05 1.256095e-03
   75    1      1      0    0      1      -1      -1   500 0.009339340 0.1134038 0.21179821 0.12725590 0.06954451 0.08763967 0.13417508 0.06390393 0.043214910 0.03924893 0.016498938 0.020767287 0.009544910 0.002282249 0.014779675 0.0030444230 0.0083769146 1.047567e-02 2.654210e-04 5.691205e-03 3.645889e-03 3.356387e-03 7.133658e-04 5.357830e-05 9.797676e-04
   80    1      1      0    0      1      -1      -1   500 0.016398757 0.1252246 0.26728037 0.19733243 0.14761359 0.05475232 0.04643061 0.03553878 0.015358493 0.00640967 0.019819713 0.019358064 0.018565937 0.009081543 0.007280639 0.0059524474 0.0017537858 9.256922e-05 6.016534e-04 1.019140e-03 1.943337e-05 3.285973e-03 6.357794e-05 2.551627e-09 7.659134e-04
   85    1      1      0    0      1      -1      -1   500 0.009295548 0.1104018 0.28647516 0.07790328 0.18637245 0.08926883 0.03952391 0.06125594 0.061028680 0.02758826 0.007504535 0.007634361 0.010023493 0.006498321 0.002759107 0.0026878775 0.0063266565 3.746870e-03 4.093267e-04 9.962173e-04 7.732931e-05 1.326478e-06 1.257134e-03 2.713964e-12 9.636369e-04
   90    1      1      0    0      1      -1      -1   500 0.010194809 0.1142575 0.21032414 0.29963824 0.03840073 0.06691049 0.04907100 0.08559167 0.006734266 0.04219187 0.035044772 0.008242688 0.007854679 0.009420011 0.002734494 0.0009547858 0.0002363522 5.991041e-03 2.289040e-03 6.700996e-04 7.106959e-06 4.745131e-04 1.831586e-03 3.250277e-05 9.015878e-04
   95    1      1      0    0      1      -1      -1   500 0.012177589 0.2140227 0.22248565 0.07539538 0.15513346 0.05898936 0.05522170 0.04615441 0.077097065 0.00545802 0.015802491 0.016428928 0.015037987 0.002178711 0.005042729 0.0022711516 0.0145181015 1.455421e-03 1.324174e-03 2.420088e-03 7.944999e-04 4.344410e-04 1.009977e-04 1.236309e-10 5.491395e-05
  100    1      1      0    0      1      -1      -1   500 0.015470693 0.1031861 0.28160540 0.09624577 0.07414262 0.07094324 0.11493239 0.06898065 0.010234948 0.04813985 0.030847842 0.011570524 0.016019449 0.024954259 0.004058405 0.0094002234 0.0055482647 4.228026e-03 1.696627e-05 2.888520e-03 2.534431e-03 7.402389e-05 1.404448e-03 9.815428e-04 1.591428e-03
   50    1      2      0    0      1      -1      -1   500 0.058000000 0.1980000 0.06800000 0.19000000 0.06400000 0.07200000 0.06000000 0.07400000 0.030000000 0.07000000 0.036000000 0.024000000 0.004000000 0.014000000 0.002000000 0.0120000000 0.0060000000 2.000000e-03 2.000000e-03 2.000000e-03 4.000000e-03 2.000000e-03 0.000000e+00 2.000000e-03 4.000000e-03
   55    1      2      0    0      1      -1      -1   500 0.052000000 0.2460000 0.19200000 0.06200000 0.11600000 0.09200000 0.05600000 0.02200000 0.036000000 0.02800000 0.014000000 0.008000000 0.020000000 0.008000000 0.014000000 0.0100000000 0.0000000000 4.000000e-03 0.000000e+00 4.000000e-03 4.000000e-03 4.000000e-03 2.000000e-03 2.000000e-03 4.000000e-03
   60    1      2      0    0      1      -1      -1   500 0.038000000 0.2980000 0.12600000 0.06400000 0.10400000 0.08200000 0.08800000 0.05800000 0.038000000 0.01800000 0.032000000 0.014000000 0.002000000 0.004000000 0.008000000 0.0040000000 0.0060000000 6.000000e-03 0.000000e+00 2.000000e-03 0.000000e+00 4.000000e-03 0.000000e+00 2.000000e-03 2.000000e-03
   65    1      2      0    0      1      -1      -1   500 0.034000000 0.2160000 0.14200000 0.06400000 0.20000000 0.08000000 0.11000000 0.02200000 0.018000000 0.02200000 0.030000000 0.028000000 0.014000000 0.002000000 0.000000000 0.0080000000 0.0020000000 0.000000e+00 0.000000e+00 4.000000e-03 0.000000e+00 2.000000e-03 2.000000e-03 0.000000e+00 0.000000e+00
   70    1      2      0    0      1      -1      -1   500 0.040000000 0.2680000 0.20800000 0.15600000 0.09600000 0.05000000 0.04400000 0.02200000 0.016000000 0.03000000 0.016000000 0.024000000 0.004000000 0.006000000 0.010000000 0.0000000000 0.0020000000 2.000000e-03 0.000000e+00 2.000000e-03 0.000000e+00 0.000000e+00 0.000000e+00 2.000000e-03 2.000000e-03
   75    1      2      0    0      1      -1      -1   500 0.048000000 0.1400000 0.17600000 0.14800000 0.07400000 0.10400000 0.09600000 0.04600000 0.046000000 0.03800000 0.016000000 0.016000000 0.018000000 0.004000000 0.006000000 0.0100000000 0.0080000000 2.000000e-03 0.000000e+00 2.000000e-03 2.000000e-03 0.000000e+00 0.000000e+00 0.000000e+00 0.000000e+00
   80    1      2      0    0      1      -1      -1   500 0.034000000 0.1720000 0.29600000 0.16400000 0.10600000 0.05600000 0.04600000 0.03600000 0.016000000 0.00400000 0.016000000 0.010000000 0.008000000 0.010000000 0.010000000 0.0000000000 0.0060000000 2.000000e-03 4.000000e-03 4.000000e-03 0.000000e+00 0.000000e+00 0.000000e+00 0.000000e+00 0.000000e+00
   85    1      2      0    0      1      -1      -1   500 0.036000000 0.1340000 0.29200000 0.06000000 0.11600000 0.08600000 0.05800000 0.06600000 0.046000000 0.03400000 0.020000000 0.012000000 0.008000000 0.006000000 0.004000000 0.0040000000 0.0000000000 6.000000e-03 6.000000e-03 0.000000e+00 4.000000e-03 2.000000e-03 0.000000e+00 0.000000e+00 0.000000e+00
   90    1      2      0    0      1      -1      -1   500 0.050000000 0.1400000 0.22000000 0.27200000 0.03400000 0.07000000 0.03200000 0.06200000 0.018000000 0.02800000 0.018000000 0.010000000 0.014000000 0.020000000 0.000000000 0.0000000000 0.0000000000 2.000000e-03 0.000000e+00 0.000000e+00 6.000000e-03 0.000000e+00 2.000000e-03 0.000000e+00 2.000000e-03
   95    1      2      0    0      1      -1      -1   500 0.026000000 0.2620000 0.22600000 0.05200000 0.15800000 0.07800000 0.04200000 0.05000000 0.050000000 0.00800000 0.010000000 0.004000000 0.010000000 0.002000000 0.004000000 0.0020000000 0.0040000000 8.000000e-03 2.000000e-03 0.000000e+00 2.000000e-03 0.000000e+00 0.000000e+00 0.000000e+00 0.000000e+00
  100    1      2      0    0      1      -1      -1   500 0.024000000 0.1460000 0.22800000 0.10400000 0.05600000 0.07600000 0.10000000 0.09200000 0.014000000 0.05200000 0.022000000 0.018000000 0.008000000 0.034000000 0.002000000 0.0100000000 0.0020000000 6.000000e-03 2.000000e-03 0.000000e+00 0.000000e+00 4.000000e-03 0.000000e+00 0.000000e+00 0.000000e+00
0 #_N_MeanSize_at_Age_obs
0 #_N_environ_variables
0 #_N_environ_obs
0 #_N_sizefreq_methods
0 #_do_tags
0 #_morphcomp_data
#
999
