#C data file created using the SS_writedat function in the R package r4ss
#C should work with SS version: 
#C file write time: 2014-11-06 10:57:59
#
1 #_styr
100 #_endyr
1 #_nseas
12 #_months_per_seas
1 #_spawn_seas
1 #_Nfleet
2 #_Nsurveys
1 #_N_areas
Fishery%Survey%CPUE #_fleetnames
0.5 0.5 0.5 #_surveytiming_in_season
1 1 1 #_area_assignments_for_each_fishery_and_survey
1 #_units of catch:  1=bio; 2=num
0.01 #_se of log(catch) only used for init_eq_catch and for Fmethod 2 and 3
1 #_Ngenders
25 #_Nages
0 #_init_equil_catch_for_each_fishery
100 #_N_lines_of_catch_to_read
 #_Fishery year seas
         0    1    1
         0    2    1
         0    3    1
         0    4    1
         0    5    1
         0    6    1
         0    7    1
         0    8    1
         0    9    1
         0   10    1
         0   11    1
         0   12    1
         0   13    1
         0   14    1
         0   15    1
         0   16    1
         0   17    1
         0   18    1
         0   19    1
         0   20    1
         0   21    1
         0   22    1
         0   23    1
         0   24    1
         0   25    1
 279967000   26    1
 272733000   27    1
 262160000   28    1
 250141000   29    1
 241282000   30    1
 233911000   31    1
 223988000   32    1
 213381000   33    1
 200678000   34    1
 186832000   35    1
 174103000   36    1
 161819000   37    1
 149297000   38    1
 140589000   39    1
 137545000   40    1
 134816000   41    1
 139079000   42    1
 150140000   43    1
 157530000   44    1
 161782000   45    1
 161484000   46    1
 160242000   47    1
 157995000   48    1
 152745000   49    1
 146707000   50    1
 141706000   51    1
 136597000   52    1
 135127000   53    1
 137822000   54    1
 141266000   55    1
 143563000   56    1
 144494000   57    1
 149298000   58    1
 156161000   59    1
 161368000   60    1
 166034000   61    1
 168225000   62    1
 166874000   63    1
 164907000   64    1
 159417000   65    1
 155509000   66    1
 152892000   67    1
 146598000   68    1
 139807000   69    1
 138297000   70    1
 139225000   71    1
 137947000   72    1
 135459000   73    1
 133255000   74    1
 135551000   75    1
 140135000   76    1
 145583000   77    1
 150426000   78    1
 156524000   79    1
 166619000   80    1
 175956000   81    1
 182075000   82    1
 183006000   83    1
 183084000   84    1
 182239000   85    1
 181026000   86    1
 179240000   87    1
 178575000   88    1
 177012000   89    1
 176897000   90    1
 177429000   91    1
 178357000   92    1
 183236000   93    1
 185267000   94    1
 183737000   95    1
 182900000   96    1
 186873000   97    1
 189730000   98    1
 192144000   99    1
 192638000  100    1
13 #_N_cpue
 #_Fleet Units Errtype
       1     1       0
       2     1       0
       3     1       0
 #_year seas index        obs se_log
     76    1     2 1970868434    0.2
     78    1     2 1522563356    0.2
     80    1     2 3140850232    0.2
     82    1     2 2617361290    0.2
     84    1     2 2486812651    0.2
     86    1     2 2917558096    0.2
     88    1     2 2523038244    0.2
     90    1     2 2706901670    0.2
     92    1     2 2826970019    0.2
     94    1     2 1953074431    0.2
     96    1     2 3371523694    0.2
     98    1     2 2308766302    0.2
    100    1     2 2199114452    0.2
0 #_N_discard_fleets
#_discard_units (1=same_as_catchunits(bio/num); 2=fraction; 3=numbers)
#_discard_errtype:  >0 for DF of T-dist(read CV below); 0 for normal with CV; -1 for normal with se; -2 for lognormal
0 #_N_discard
0 #_N_meanbodywt
1 #_DF_for_meanbodywt_T-distribution_like
2 # length bin method: 1=use databins; 2=generate from binwidth,min,max below; 3=read vector
1 # binwidth for population size comp
10 # minimum size in the population (lower edge of first bin and size at age 0.00)
200 # maximum size in the population (lower edge of last bin)
-0.001 #_comp_tail_compression
1e-05 #_add_to_comp
0 #_combine males into females at or below this bin number
21 #_N_lbins
#_lbin_vector
10 53 70 83 94 101 107 111 114 117 120 123 125 127 130 132 135 138 142 148 200
0 #_N_Length_comp_observations
25 #_N_agebins
#_agebin_vector
1 2 3 4 5 6 7 8 9 10 11 12 13 14 15 16 17 18 19 20 21 22 23 24 25
1 #_N_ageerror_definitions
 #_age0   age1   age2   age3   age4   age5   age6   age7   age8   age9  age10  age11  age12  age13  age14  age15  age16  age17  age18  age19  age20  age21  age22  age23  age24  age25
 -1.000 -1.000 -1.000 -1.000 -1.000 -1.000 -1.000 -1.000 -1.000 -1.000 -1.000 -1.000 -1.000 -1.000 -1.000 -1.000 -1.000 -1.000 -1.000 -1.000 -1.000 -1.000 -1.000 -1.000 -1.000 -1.000
  0.001  0.001  0.001  0.001  0.001  0.001  0.001  0.001  0.001  0.001  0.001  0.001  0.001  0.001  0.001  0.001  0.001  0.001  0.001  0.001  0.001  0.001  0.001  0.001  0.001  0.001
198 #_N_agecomp
1 #_Lbin_method: 1=poplenbins; 2=datalenbins; 3=lengths
-1 #_combine males into females at or below this bin number
 #_Yr Seas FltSvy Gender Part Ageerr Lbin_lo Lbin_hi Nsamp          a1         a2         a3         a4         a5         a6         a7         a8         a9         a10         a11         a12         a13         a14         a15          a16          a17          a18          a19          a20          a21          a22          a23          a24          a25
    2    1      1      0    0      1      -1      -1  1000 0.008961377 0.11537242 0.17070922 0.13892915 0.09702396 0.07313481 0.06991596 0.05035187 0.06070462 0.032740364 0.037402400 0.035676266 0.020684850 0.013703052 0.013021071 0.0135048488 8.615093e-03 0.0065081891 2.531933e-03 3.903071e-03 3.958435e-03 4.761766e-03 4.498898e-03 1.854945e-03 0.0115314301
    3    1      1      0    0      1      -1      -1  1000 0.008371625 0.09115174 0.15521530 0.11836446 0.12066635 0.09102343 0.07826675 0.07620139 0.04715772 0.040607905 0.040281127 0.020008809 0.017306115 0.017519503 0.016292741 0.0082560652 8.359620e-03 0.0081407672 8.347483e-03 4.641012e-03 5.618259e-03 2.238822e-03 2.895777e-03 5.273023e-03 0.0077942272
    4    1      1      0    0      1      -1      -1  1000 0.012400803 0.10794180 0.10400462 0.13280432 0.11005534 0.09817768 0.06376435 0.05703109 0.05484951 0.049855051 0.035393092 0.049860837 0.024267628 0.022834777 0.011969000 0.0113864506 4.726388e-03 0.0160359274 4.408180e-03 2.892981e-03 5.092894e-03 3.355636e-03 2.142896e-03 3.044772e-03 0.0117039823
    5    1      1      0    0      1      -1      -1  1000 0.018246444 0.10724231 0.14758256 0.11251976 0.09981117 0.08238656 0.07240014 0.06055235 0.04843714 0.047159017 0.036610951 0.020702809 0.015832944 0.016744135 0.020034637 0.0139867294 1.203198e-02 0.0058491491 4.679585e-03 7.630382e-03 8.358157e-03 5.710754e-03 1.035690e-02 8.291289e-03 0.0168421584
    6    1      1      0    0      1      -1      -1  1000 0.015297212 0.15160970 0.13348648 0.12304370 0.07546822 0.07894485 0.06870884 0.06231685 0.04832114 0.051310006 0.034101258 0.021474880 0.025119367 0.015296795 0.010415023 0.0219976457 7.832167e-03 0.0087995036 1.339222e-02 5.708615e-03 5.282242e-03 4.564934e-03 4.186431e-03 1.562291e-03 0.0117596224
    7    1      1      0    0      1      -1      -1  1000 0.010571224 0.08225196 0.19668723 0.09290259 0.11702754 0.06601474 0.06688728 0.07139972 0.05597889 0.035596362 0.033958905 0.026540254 0.023245938 0.025128282 0.014549298 0.0157179928 7.787906e-03 0.0069967853 6.044089e-03 6.478721e-03 1.153133e-02 4.844161e-03 3.162151e-03 5.633810e-03 0.0130628193
    8    1      1      0    0      1      -1      -1  1000 0.026680930 0.08721349 0.11728403 0.15948546 0.08838855 0.09335060 0.07080546 0.06103456 0.06021032 0.047462201 0.033691900 0.029423926 0.021447542 0.018829516 0.019715985 0.0145468890 5.418437e-03 0.0075064463 8.240463e-03 4.817747e-03 2.676636e-03 1.487287e-03 4.927089e-03 1.632732e-03 0.0137218036
    9    1      1      0    0      1      -1      -1  1000 0.008864227 0.25441568 0.10786213 0.09261164 0.12663834 0.07725246 0.05466102 0.03631030 0.04626311 0.032872161 0.030360417 0.031349946 0.013175430 0.018259673 0.009990671 0.0122880235 6.625836e-03 0.0054653380 8.127831e-03 5.082842e-03 3.930064e-03 3.255908e-03 3.873638e-03 2.644701e-03 0.0078186149
   10    1      1      0    0      1      -1      -1  1000 0.023129374 0.08919714 0.30951328 0.08032352 0.08844074 0.08419040 0.05089549 0.04973775 0.02825008 0.035059773 0.033016670 0.025201131 0.020094672 0.013582301 0.011555761 0.0116835304 8.023331e-03 0.0085029869 5.332273e-03 2.170414e-03 4.730703e-03 1.685991e-03 2.624756e-03 3.259458e-03 0.0097984697
   11    1      1      0    0      1      -1      -1  1000 0.043798553 0.11330181 0.11041779 0.25203918 0.07802755 0.06292468 0.07531095 0.04675058 0.03938362 0.026816682 0.026833491 0.019476503 0.022346491 0.011653348 0.010512041 0.0155447808 8.496428e-03 0.0055469486 4.581389e-03 5.726035e-03 6.035615e-03 3.974691e-03 2.676624e-04 4.977736e-03 0.0052554469
   12    1      1      0    0      1      -1      -1  1000 0.011977480 0.20485243 0.14397217 0.08898725 0.21154391 0.04087700 0.04377423 0.05807341 0.03461710 0.029451196 0.016790818 0.027360851 0.009629950 0.014550232 0.009986970 0.0103008024 8.530832e-03 0.0055233491 8.225456e-03 3.236800e-03 5.162592e-03 2.018694e-03 3.347332e-04 3.682525e-03 0.0065392290
   13    1      1      0    0      1      -1      -1  1000 0.009186881 0.11554123 0.28160372 0.11003232 0.06379738 0.15472692 0.02476410 0.03305808 0.03832784 0.030998354 0.019174560 0.015057290 0.021088987 0.014468151 0.007322815 0.0090222215 1.348242e-02 0.0089076750 9.034076e-03 9.501658e-03 1.492476e-03 2.329178e-03 5.113980e-04 6.577126e-04 0.0059125407
   14    1      1      0    0      1      -1      -1  1000 0.016217779 0.09453996 0.12633284 0.25305143 0.09954611 0.04593851 0.12904467 0.03597032 0.02239470 0.045105847 0.019046569 0.022540969 0.011332622 0.017348590 0.011903573 0.0098263506 7.465085e-03 0.0056047365 4.874947e-03 2.852399e-03 2.718033e-03 3.060006e-03 1.728595e-03 2.088906e-03 0.0094664521
   15    1      1      0    0      1      -1      -1  1000 0.012660966 0.11191987 0.14112516 0.11062746 0.19911180 0.07521487 0.05050454 0.09601683 0.02878823 0.019166292 0.026187585 0.024579319 0.015963809 0.013086405 0.016272933 0.0108403815 5.902960e-03 0.0068673304 7.793810e-03 1.866770e-03 9.888084e-03 5.692048e-03 2.608780e-03 9.940832e-04 0.0063196818
   16    1      1      0    0      1      -1      -1  1000 0.010379124 0.08400957 0.16525762 0.12157708 0.09519138 0.20546910 0.06137002 0.03185144 0.07139656 0.018053830 0.018346176 0.019818707 0.021790553 0.023510544 0.005258498 0.0107446453 3.267263e-03 0.0050467316 6.607710e-03 4.273187e-03 3.668622e-03 1.190819e-03 3.237703e-03 1.688769e-03 0.0069943357
   17    1      1      0    0      1      -1      -1  1000 0.006591091 0.05531258 0.14776086 0.15525215 0.11360298 0.07690765 0.14606549 0.05321234 0.04205080 0.081747194 0.015401094 0.010928744 0.017502185 0.006622397 0.013807159 0.0042398047 9.475300e-03 0.0125213776 5.667015e-03 3.589736e-03 9.508112e-03 7.205121e-04 3.033368e-03 1.472641e-03 0.0070074246
   18    1      1      0    0      1      -1      -1  1000 0.011193386 0.03963602 0.08207306 0.13363227 0.13314289 0.09459262 0.08328764 0.13759771 0.05602430 0.037993869 0.058734378 0.025963154 0.014101768 0.018295531 0.015408401 0.0073314158 4.629041e-03 0.0071448879 5.394960e-03 6.970948e-03 3.423770e-03 3.989893e-03 6.076887e-03 3.854306e-03 0.0095068915
   19    1      1      0    0      1      -1      -1  1000 0.009229449 0.11400262 0.07131932 0.07798948 0.13916957 0.11137465 0.06904020 0.05987600 0.10869188 0.043741234 0.039455885 0.061698100 0.010892905 0.014806727 0.016168718 0.0089010272 7.319505e-03 0.0064339678 3.079022e-03 6.872169e-03 3.206995e-03 6.165909e-03 3.331341e-03 1.847822e-03 0.0053855055
   20    1      1      0    0      1      -1      -1  1000 0.017719878 0.06284983 0.17422159 0.06622806 0.07051902 0.09389291 0.08652329 0.06849629 0.05688825 0.099982659 0.045681502 0.017420932 0.045455228 0.010760151 0.015324547 0.0148505419 9.025692e-03 0.0085520309 4.771441e-03 3.974544e-03 3.949337e-03 3.396655e-03 1.124576e-03 3.722034e-03 0.0146690006
   21    1      1      0    0      1      -1      -1  1000 0.017402695 0.19093394 0.07923724 0.13473435 0.04839109 0.04353660 0.08046568 0.08166174 0.05055374 0.041878909 0.080016132 0.028437178 0.019672637 0.035933222 0.008863109 0.0069018347 8.210052e-03 0.0046292681 7.915270e-03 6.447008e-03 2.857893e-03 3.481887e-03 1.489393e-03 2.211333e-03 0.0141378128
   22    1      1      0    0      1      -1      -1  1000 0.007212957 0.15670723 0.21819023 0.05353981 0.12458625 0.03324594 0.03229974 0.05755707 0.06051790 0.033228246 0.034432464 0.064847289 0.024060177 0.015677204 0.031415599 0.0095624546 5.574925e-03 0.0134055590 4.253362e-03 1.136655e-03 2.221196e-03 2.863100e-03 5.681218e-04 1.984727e-03 0.0109117895
   23    1      1      0    0      1      -1      -1  1000 0.027329797 0.05628007 0.23512030 0.19359646 0.05238585 0.08336778 0.01950487 0.02740537 0.04399982 0.047470164 0.039549335 0.029080083 0.045838176 0.021044231 0.008521208 0.0208464384 9.899353e-03 0.0039470554 5.047721e-03 5.492980e-03 4.357562e-03 9.646730e-04 5.418123e-03 3.726956e-03 0.0098056158
   24    1      1      0    0      1      -1      -1  1000 0.017703977 0.13181217 0.08777444 0.17527086 0.15338299 0.05368246 0.07505946 0.02764688 0.02325909 0.038445684 0.036200448 0.029559676 0.024005701 0.038801208 0.021770954 0.0090082661 2.342685e-02 0.0062978657 3.003132e-03 2.219283e-03 3.320114e-03 8.049564e-04 3.169914e-03 1.250129e-03 0.0131235053
   25    1      1      0    0      1      -1      -1  1000 0.031005940 0.15072707 0.15061152 0.06104586 0.13287634 0.11132683 0.02616478 0.08024191 0.02101923 0.014413258 0.039431636 0.034894692 0.016701703 0.023533765 0.043033927 0.0166303148 3.923359e-03 0.0160499140 3.056677e-03 6.841679e-03 2.995831e-03 1.871257e-03 2.693442e-03 8.945393e-04 0.0080145291
   26    1      1      0    0      1      -1      -1  1000 0.016529352 0.22353072 0.17453652 0.10788888 0.05673588 0.10505508 0.09068845 0.01967696 0.04586970 0.016295612 0.008699424 0.028026762 0.017488581 0.009599338 0.015181062 0.0236130997 1.028642e-02 0.0050086105 1.083499e-02 2.831197e-03 1.782245e-03 3.950967e-03 5.547441e-04 9.008613e-04 0.0044345406
   27    1      1      0    0      1      -1      -1  1000 0.006488565 0.11912783 0.29190412 0.13441300 0.09699601 0.03115509 0.06745198 0.06841413 0.01440374 0.042738844 0.014242891 0.009844868 0.026547772 0.014292918 0.011376991 0.0112577942 1.374488e-02 0.0060372019 4.494104e-03 4.487693e-03 7.686465e-04 2.132605e-03 1.399205e-03 5.466479e-04 0.0057324697
   28    1      1      0    0      1      -1      -1  1000 0.019920278 0.06758545 0.14909284 0.25038634 0.13202266 0.07057316 0.02543692 0.06958138 0.06466034 0.015302423 0.024941917 0.007164576 0.012285554 0.010986758 0.017723699 0.0065531820 1.030479e-02 0.0180149003 3.736328e-03 1.025344e-03 5.992134e-03 3.025451e-03 5.572036e-04 1.435822e-03 0.0116905398
   29    1      1      0    0      1      -1      -1  1000 0.022848514 0.12252457 0.10948774 0.14394077 0.19454785 0.08055871 0.08406169 0.02681521 0.05973689 0.063501156 0.007931708 0.020669390 0.004313949 0.003784612 0.008074316 0.0096987777 4.455095e-03 0.0100174619 9.006825e-03 4.839033e-03 2.238444e-03 3.170614e-03 2.031625e-04 3.622168e-04 0.0032113020
   30    1      1      0    0      1      -1      -1  1000 0.007614095 0.19026099 0.16444338 0.08593651 0.10370003 0.13984774 0.07839486 0.05016108 0.01887179 0.039612459 0.028988446 0.004305125 0.012816220 0.006006822 0.006848297 0.0089814020 6.520489e-03 0.0077897414 3.818612e-03 9.831282e-03 6.224320e-03 3.573775e-03 6.883188e-03 1.126473e-03 0.0074428651
   31    1      1      0    0      1      -1      -1  1000 0.008872264 0.10541495 0.25855598 0.13127813 0.06087856 0.09770821 0.10329721 0.05422216 0.03105041 0.014905889 0.028465375 0.029137315 0.009948955 0.020725095 0.002544766 0.0024766437 7.575075e-03 0.0054219258 3.495297e-03 2.561226e-03 9.432438e-03 3.393734e-03 2.213868e-04 1.403296e-03 0.0070137152
   32    1      1      0    0      1      -1      -1  1000 0.008453191 0.13499594 0.13480363 0.18459770 0.10357092 0.05943418 0.06160139 0.10094107 0.04485872 0.026695480 0.011619454 0.018624061 0.023775813 0.010615254 0.009404575 0.0053116223 8.087509e-03 0.0077132099 1.162155e-02 4.570612e-03 5.082654e-03 9.681528e-03 5.104895e-04 4.430714e-03 0.0089987433
   33    1      1      0    0      1      -1      -1  1000 0.008964100 0.12029901 0.16172689 0.13268891 0.14674896 0.08553953 0.04611867 0.05699308 0.07557437 0.034699585 0.021193898 0.009815031 0.025906923 0.017206679 0.003363605 0.0088281110 9.716492e-03 0.0059074016 5.068042e-03 3.658746e-03 4.243693e-03 2.092848e-03 7.025549e-03 1.654427e-03 0.0049654407
   34    1      1      0    0      1      -1      -1  1000 0.020204187 0.08947898 0.13568987 0.13651403 0.10594252 0.16642007 0.06945264 0.03393020 0.03567049 0.069308379 0.031799882 0.023631248 0.006482932 0.022903897 0.011012662 0.0031203178 8.778739e-03 0.0003991654 2.203844e-03 6.414090e-03 2.957738e-03 2.436351e-03 2.382906e-03 3.967186e-03 0.0088976769
   35    1      1      0    0      1      -1      -1  1000 0.011612203 0.13081043 0.10634617 0.12382529 0.10669506 0.08851005 0.11565418 0.06335071 0.04133396 0.047966653 0.049624557 0.026803439 0.015677300 0.010178232 0.007964296 0.0127283348 2.597934e-03 0.0134852429 9.695991e-04 1.538469e-03 3.199279e-03 2.884474e-04 5.150110e-03 2.799548e-03 0.0108905075
   36    1      1      0    0      1      -1      -1  1000 0.009583045 0.12613510 0.16786062 0.10132723 0.10865273 0.08689488 0.06993652 0.09565201 0.05823367 0.028656373 0.035328808 0.039741732 0.013575825 0.015398577 0.001745069 0.0074136916 8.391301e-03 0.0016295233 5.198727e-03 6.367484e-04 1.543561e-03 1.599255e-03 3.500920e-03 1.754812e-03 0.0096092850
   37    1      1      0    0      1      -1      -1  1000 0.005300287 0.09344458 0.18344621 0.13751380 0.05887578 0.06754638 0.08384568 0.05832661 0.09680413 0.049787979 0.025929915 0.027587029 0.042050011 0.024305705 0.005598847 0.0006954606 1.328776e-02 0.0080412600 4.284464e-03 2.851008e-03 2.971846e-04 2.011102e-04 1.061653e-03 1.687358e-03 0.0072298060
   38    1      1      0    0      1      -1      -1  1000 0.035235713 0.06821750 0.13785203 0.15176627 0.11365788 0.06089111 0.07592393 0.07002540 0.04575976 0.064063660 0.027593107 0.019340991 0.023913820 0.039100679 0.011292640 0.0140870147 2.770371e-03 0.0074672950 8.089786e-03 4.003477e-03 5.128898e-03 2.175415e-03 1.030076e-03 1.117951e-03 0.0094952295
   39    1      1      0    0      1      -1      -1  1000 0.018124922 0.28071830 0.09095833 0.10182169 0.09233932 0.07260487 0.04538307 0.04610716 0.05207134 0.036079076 0.042751492 0.022964765 0.014388802 0.016195863 0.018205021 0.0117799289 5.439852e-03 0.0014958010 3.503996e-03 1.282633e-02 2.251908e-03 3.784858e-03 4.885818e-04 2.754730e-04 0.0074392421
   40    1      1      0    0      1      -1      -1  1000 0.018454593 0.14060285 0.32070625 0.07159407 0.05890685 0.08748149 0.05470633 0.03226625 0.04083380 0.023153882 0.022965907 0.040063851 0.022583601 0.006529263 0.014520234 0.0126970213 1.085836e-02 0.0038620053 1.017718e-03 4.074216e-03 2.175360e-03 1.038314e-04 1.318762e-03 4.718673e-04 0.0080516504
   41    1      1      0    0      1      -1      -1  1000 0.048195996 0.15415264 0.17358521 0.26741882 0.05269904 0.05346751 0.04761044 0.04148925 0.02059683 0.027651991 0.020124084 0.016035390 0.018327583 0.006815317 0.003700393 0.0099445874 1.139838e-02 0.0087727859 1.916308e-03 1.952507e-03 5.137994e-03 3.987286e-03 1.523400e-04 1.856747e-03 0.0030105757
   42    1      1      0    0      1      -1      -1  1000 0.018185947 0.35362717 0.14520191 0.10234205 0.14085187 0.02855759 0.03448915 0.03429086 0.02403430 0.014680453 0.016578364 0.020242368 0.004029294 0.013500959 0.012415118 0.0060009661 5.491437e-03 0.0107196150 4.043825e-03 1.148463e-03 1.437767e-03 1.438009e-03 5.220977e-04 5.359108e-05 0.0061168287
   43    1      1      0    0      1      -1      -1  1000 0.013733679 0.12950933 0.39136876 0.10881810 0.07449856 0.09960563 0.02109584 0.01885353 0.02884296 0.019616390 0.014721532 0.016814905 0.008225832 0.010597793 0.014790627 0.0077173797 1.529640e-03 0.0044931890 6.164235e-03 1.786529e-03 1.127497e-03 1.168603e-04 1.958072e-03 6.993598e-04 0.0033137798
   44    1      1      0    0      1      -1      -1  1000 0.008206091 0.15583330 0.17504843 0.30738113 0.09532912 0.05371162 0.08433868 0.01823087 0.01185927 0.020239173 0.013834288 0.005201186 0.006306986 0.004651589 0.007134196 0.0071814269 1.054619e-02 0.0015349509 2.661673e-03 4.017297e-03 2.075017e-04 2.118579e-03 7.318226e-04 1.148475e-03 0.0025461645
   45    1      1      0    0      1      -1      -1  1000 0.011741496 0.08009887 0.19955663 0.16687619 0.24707716 0.07052340 0.04542163 0.07076014 0.01513224 0.013962653 0.012948807 0.018855145 0.002410892 0.006601190 0.006445554 0.0067757090 6.868532e-03 0.0034920430 1.527219e-03 4.923898e-03 4.280648e-03 5.285121e-04 2.686064e-04 1.558148e-04 0.0027670157
   46    1      1      0    0      1      -1      -1  1000 0.014624215 0.12530143 0.11403748 0.18170098 0.11093951 0.20984547 0.05116630 0.03643348 0.06001767 0.014451549 0.011500756 0.009229329 0.013027377 0.004746165 0.008096916 0.0053529836 4.113299e-03 0.0084270826 3.561404e-03 5.775995e-04 1.288775e-03 1.493567e-03 4.026595e-03 2.201498e-04 0.0058199152
   47    1      1      0    0      1      -1      -1  1000 0.007762870 0.16448608 0.15217931 0.09785281 0.11901780 0.09471994 0.15654176 0.05291063 0.03138850 0.053602870 0.009632647 0.006929322 0.009665408 0.007930814 0.006420776 0.0089464437 2.244960e-03 0.0015473256 3.864646e-03 2.252204e-03 1.451245e-03 2.055215e-03 1.436912e-03 2.127265e-04 0.0049467947
   48    1      1      0    0      1      -1      -1  1000 0.008359596 0.12710990 0.20845260 0.14162866 0.06489637 0.11069596 0.06325662 0.12094326 0.03400947 0.022858203 0.039185214 0.009236542 0.008790870 0.004862322 0.005697885 0.0034104763 2.972412e-03 0.0013585173 4.518499e-03 3.862482e-03 2.428414e-03 3.142242e-03 9.160345e-04 2.859384e-03 0.0045480624
   49    1      1      0    0      1      -1      -1  1000 0.016021807 0.08419796 0.15595106 0.17813651 0.12148898 0.06913207 0.08447148 0.04937902 0.12266366 0.028044213 0.019710427 0.027873639 0.006475682 0.004952970 0.005868124 0.0031541515 2.327522e-03 0.0038592561 6.040833e-03 1.381827e-03 2.527304e-03 1.146290e-03 5.742295e-04 1.061054e-03 0.0035599258
   50    1      1      0    0      1      -1      -1  1000 0.014073400 0.16515355 0.11691688 0.11194410 0.15483844 0.09278940 0.04142837 0.07933590 0.05939544 0.074709246 0.017595997 0.008902112 0.027132482 0.006678064 0.003402444 0.0014454648 2.513558e-03 0.0029303650 2.526329e-03 1.654742e-03 4.049271e-04 3.277594e-03 1.497503e-03 4.037156e-05 0.0094133096
   51    1      1      0    0      1      -1      -1  1000 0.016422973 0.11330459 0.22267424 0.08432971 0.10428921 0.12254035 0.06009559 0.03823293 0.05908721 0.031914168 0.065997060 0.019970525 0.008944600 0.023830926 0.005538747 0.0028368381 6.803929e-03 0.0006957857 1.225405e-03 8.847930e-04 7.404098e-04 5.102823e-04 1.294690e-03 1.023204e-03 0.0068118265
   52    1      1      0    0      1      -1      -1  1000 0.034116716 0.16568189 0.15925076 0.15715690 0.07552943 0.07476006 0.07319549 0.05560814 0.02404797 0.048984063 0.029366711 0.051398011 0.009796514 0.007517601 0.014044039 0.0021495103 2.115480e-03 0.0010870750 2.465847e-03 3.838207e-03 1.494180e-03 1.270912e-03 1.033773e-03 8.653817e-04 0.0032253427
   53    1      1      0    0      1      -1      -1  1000 0.023607318 0.25829317 0.17140927 0.10225083 0.13566800 0.04823964 0.03602745 0.05588550 0.02140332 0.027654112 0.031663156 0.016939506 0.029986878 0.009720838 0.004626516 0.0137516730 1.832028e-03 0.0017133010 1.148127e-03 1.766697e-03 2.099152e-04 9.359378e-04 3.924662e-04 3.193710e-04 0.0045549714
   54    1      1      0    0      1      -1      -1  1000 0.016829330 0.17783320 0.28840408 0.12402137 0.09005171 0.07734555 0.04284608 0.03343697 0.03280079 0.030918731 0.019241250 0.015318152 0.011183831 0.021997706 0.003566770 0.0033688339 4.016351e-03 0.0002095681 1.700349e-03 4.641718e-04 2.981178e-04 4.046839e-04 8.554358e-06 1.038405e-04 0.0036300167
   55    1      1      0    0      1      -1      -1  1000 0.008914849 0.16090613 0.20181866 0.22229489 0.09038697 0.05139006 0.06274574 0.03279803 0.03477857 0.035387384 0.019649777 0.009972303 0.026870802 0.008591978 0.017259726 0.0041291905 7.431714e-04 0.0052197126 2.195098e-03 2.246318e-04 1.020490e-03 4.291769e-04 1.518021e-06 9.300723e-05 0.0021781299
   56    1      1      0    0      1      -1      -1  1000 0.018247715 0.09496545 0.21644205 0.16391688 0.16575678 0.07481417 0.06031630 0.05060859 0.03194396 0.018370293 0.025097952 0.019437653 0.003990782 0.011551051 0.010117260 0.0131885109 3.774304e-03 0.0049869580 6.323910e-03 3.432099e-04 1.060785e-03 3.623175e-04 1.118124e-03 2.194209e-04 0.0030455694
   57    1      1      0    0      1      -1      -1  1000 0.025297973 0.18340648 0.11408733 0.16700662 0.14831701 0.12010749 0.06126687 0.03451703 0.04337349 0.018673316 0.017003065 0.011467420 0.007653388 0.005165301 0.008927911 0.0049978878 9.694110e-03 0.0025278641 4.298770e-03 5.357996e-03 2.068243e-04 1.243721e-03 1.145212e-04 2.627694e-04 0.0050248363
   58    1      1      0    0      1      -1      -1  1000 0.028041504 0.23441172 0.22631256 0.08848642 0.11940974 0.08385892 0.08060244 0.03136805 0.01829734 0.027072638 0.006214694 0.008067698 0.011891012 0.004053314 0.005317647 0.0017914100 7.764293e-03 0.0060092617 1.643680e-03 2.696711e-03 4.459940e-03 5.176240e-05 2.922713e-04 7.582743e-05 0.0018091361
   59    1      1      0    0      1      -1      -1  1000 0.019591727 0.14576720 0.30517856 0.16442965 0.05412016 0.06774990 0.05737583 0.05981889 0.02337804 0.023418072 0.024698745 0.006542419 0.011697605 0.008980992 0.005962642 0.0049632351 4.840896e-03 0.0022140656 6.909546e-03 9.024711e-04 8.897798e-05 1.161204e-03 8.612183e-07 8.607878e-06 0.0001996981
   60    1      1      0    0      1      -1      -1  1000 0.025101233 0.13850609 0.19752077 0.22502836 0.12383011 0.04307942 0.06751302 0.04389279 0.05369887 0.023026049 0.013936580 0.006989044 0.003922964 0.005820766 0.004841379 0.0027921209 4.263824e-03 0.0036714374 3.765430e-03 4.042665e-03 1.854249e-03 1.206593e-03 1.083099e-03 1.418883e-08 0.0006131380
   61    1      1      0    0      1      -1      -1  1000 0.009896871 0.16972377 0.19008526 0.15901228 0.13428927 0.08828503 0.04144950 0.05971733 0.03200468 0.042006236 0.016195737 0.010903650 0.010857984 0.003911865 0.005095906 0.0079260234 1.843710e-03 0.0020546569 1.041190e-03 1.677953e-03 5.857400e-03 2.641660e-03 7.832822e-04 2.137231e-03 0.0006015255
   62    1      1      0    0      1      -1      -1  1000 0.021271238 0.06893251 0.23495719 0.14799826 0.11768475 0.13898754 0.06943140 0.03417503 0.04437128 0.028368193 0.028821912 0.008544286 0.009184905 0.012764313 0.004406966 0.0059484196 2.850309e-03 0.0081979786 4.154486e-03 1.005889e-03 5.055021e-05 3.240324e-03 7.507221e-04 2.622873e-03 0.0012786757
   63    1      1      0    0      1      -1      -1  1000 0.008309224 0.18548851 0.08463792 0.19196761 0.09890206 0.09852039 0.12407176 0.05533427 0.02115064 0.034405281 0.014032593 0.020940796 0.014199649 0.009947978 0.014010116 0.0043458058 7.596556e-03 0.0029780850 2.164869e-03 1.909074e-03 3.823826e-04 6.872487e-04 2.832423e-03 1.347561e-04 0.0010499965
   64    1      1      0    0      1      -1      -1  1000 0.013262470 0.08873566 0.25258878 0.07859363 0.13077625 0.10672212 0.07550595 0.09063962 0.04414467 0.022930956 0.025911771 0.018179530 0.027559129 0.008699972 0.002975873 0.0041236734 1.115707e-03 0.0012851463 4.588949e-04 8.887927e-04 8.298165e-04 6.725237e-04 1.806855e-04 9.193737e-04 0.0022990067
   65    1      1      0    0      1      -1      -1  1000 0.025138565 0.12334961 0.11718334 0.20033086 0.06338703 0.12431603 0.06745259 0.06033947 0.07627521 0.041055456 0.014019099 0.032567966 0.014821794 0.009060385 0.010693666 0.0036741082 3.006003e-03 0.0016476213 1.687041e-03 1.092562e-03 3.473233e-04 6.939035e-04 4.819343e-04 2.939573e-03 0.0044388648
   66    1      1      0    0      1      -1      -1  1000 0.013651440 0.21355472 0.13887802 0.09134558 0.15569809 0.03668665 0.08070248 0.06217929 0.05499616 0.060024555 0.019634742 0.015735793 0.015035219 0.010011799 0.009149397 0.0060635314 7.487320e-04 0.0044866197 3.483416e-03 3.167649e-04 5.279036e-04 2.445704e-03 1.250236e-03 1.657078e-08 0.0033931452
   67    1      1      0    0      1      -1      -1  1000 0.006625000 0.10481992 0.26914035 0.12167903 0.05292948 0.13531739 0.03080576 0.07582731 0.04173403 0.046451793 0.030004632 0.022046832 0.009816131 0.019304012 0.008060453 0.0089325248 4.132181e-03 0.0011985315 1.847430e-03 7.671711e-04 2.512605e-03 3.852804e-03 4.372772e-04 2.855978e-05 0.0017287810
   68    1      1      0    0      1      -1      -1  1000 0.026490637 0.06155808 0.13124303 0.23697365 0.08984079 0.07974671 0.08858289 0.03547632 0.06375990 0.033655101 0.034976952 0.038330717 0.023648387 0.006395001 0.011403627 0.0066412157 8.556213e-03 0.0026283178 1.001231e-03 4.592401e-03 2.853036e-03 3.887761e-03 2.189396e-03 8.922686e-04 0.0046763748
   69    1      1      0    0      1      -1      -1  1000 0.033414690 0.17197691 0.06228590 0.11976374 0.17720589 0.09762491 0.03835242 0.08168248 0.02672774 0.047647707 0.025400784 0.028508400 0.031357064 0.027262279 0.006738954 0.0051369837 5.013736e-03 0.0056368942 2.651987e-03 7.006072e-04 6.524510e-04 1.309176e-03 1.525030e-03 5.826827e-04 0.0008405798
   70    1      1      0    0      1      -1      -1  1000 0.009807438 0.26549893 0.18673425 0.03850778 0.08950555 0.14960986 0.05008391 0.03281825 0.04559020 0.011068036 0.040408899 0.013812501 0.013942956 0.016382036 0.008989873 0.0027091562 5.501037e-03 0.0062529733 8.142220e-03 1.272631e-03 5.371146e-04 9.253181e-04 1.093026e-04 1.132348e-03 0.0006574338
   71    1      1      0    0      1      -1      -1  1000 0.012518784 0.10721585 0.33818402 0.13721453 0.02688269 0.06461014 0.09460745 0.04481065 0.01691456 0.048253763 0.012374477 0.028511391 0.009478204 0.014728091 0.012620738 0.0092183494 4.686557e-03 0.0090590350 2.880190e-03 2.153032e-03 8.025394e-04 4.638355e-05 1.311540e-03 2.283344e-04 0.0006887042
   72    1      1      0    0      1      -1      -1  1000 0.009029559 0.12561345 0.14325944 0.25167684 0.15751120 0.03162804 0.05928333 0.06152771 0.02790896 0.021777391 0.032819224 0.009747060 0.023988555 0.011139168 0.011113886 0.0043887828 6.004331e-03 0.0021656052 4.826449e-04 9.207751e-04 2.128298e-03 1.774898e-03 1.913390e-04 7.838527e-04 0.0031356581
   73    1      1      0    0      1      -1      -1  1000 0.027682234 0.09542527 0.15391045 0.11922028 0.22511761 0.11859379 0.02409632 0.03615854 0.05430151 0.028802652 0.019580884 0.030246406 0.009606875 0.024244655 0.008293984 0.0102326593 3.755036e-03 0.0047823529 4.230263e-04 1.627125e-03 9.886602e-04 7.308813e-04 2.706822e-04 1.092673e-04 0.0017988580
   74    1      1      0    0      1      -1      -1  1000 0.025421636 0.24603345 0.10943981 0.13037477 0.07891141 0.12812434 0.06622545 0.01121957 0.02972900 0.048285448 0.017479919 0.011743319 0.024957373 0.013553474 0.014883903 0.0079168922 1.341666e-02 0.0044278297 6.177811e-03 1.643774e-03 2.241115e-03 7.653736e-04 4.511677e-03 1.083810e-03 0.0014321981
   75    1      1      0    0      1      -1      -1  1000 0.023219808 0.20457596 0.24431956 0.07578861 0.09208524 0.06360624 0.09163785 0.06650005 0.01048879 0.021156826 0.030672282 0.012565053 0.005361606 0.014150275 0.006327398 0.0087406830 7.081469e-03 0.0080173494 3.593226e-03 5.518648e-03 1.174656e-03 2.399865e-04 6.140265e-04 1.028338e-03 0.0015360793
   76    1      1      0    0      1      -1      -1  1000 0.027375112 0.17439710 0.23135570 0.18356933 0.05267260 0.06460426 0.04987511 0.07688911 0.04628486 0.008044347 0.010090198 0.022893487 0.008311819 0.005802994 0.006711915 0.0055483067 7.998073e-03 0.0015342772 3.252892e-03 2.272898e-03 2.393125e-03 6.315200e-04 6.434403e-04 1.098045e-03 0.0057494871
   77    1      1      0    0      1      -1      -1  1000 0.016007829 0.16291092 0.23207063 0.20032539 0.11553049 0.04352809 0.05597501 0.03355778 0.06281930 0.020767029 0.005542855 0.005447482 0.012858619 0.012504148 0.005169978 0.0021979002 8.909603e-04 0.0033924679 5.069647e-03 3.504248e-04 6.862406e-04 3.328319e-04 1.006933e-03 1.261429e-04 0.0009309065
   78    1      1      0    0      1      -1      -1  1000 0.045291521 0.13286572 0.22199753 0.15478742 0.12882988 0.10553156 0.02795417 0.04731446 0.02467558 0.037263650 0.025571221 0.003777134 0.005519340 0.013197387 0.006010454 0.0040114835 2.067531e-03 0.0004644768 3.514671e-03 5.934668e-04 1.015297e-03 6.221693e-04 5.402713e-04 1.069467e-03 0.0055141529
   79    1      1      0    0      1      -1      -1  1000 0.029506861 0.24189882 0.16234515 0.15570413 0.11629729 0.08916173 0.06372057 0.02412667 0.02038670 0.014365339 0.028961776 0.014773001 0.006885330 0.002792542 0.006720147 0.0042441705 3.178426e-03 0.0037840132 3.276790e-03 2.294656e-03 2.052552e-03 2.713064e-04 6.044931e-04 1.071404e-04 0.0025403972
   80    1      1      0    0      1      -1      -1  1000 0.018963614 0.18802720 0.29210814 0.09583188 0.10518323 0.08582837 0.06799209 0.05364596 0.01270398 0.016776664 0.014217142 0.018912220 0.007163679 0.002328247 0.004176798 0.0078125859 1.710236e-03 0.0008080553 1.682325e-03 1.855398e-04 9.318537e-04 9.656989e-04 2.801191e-04 6.262450e-04 0.0011381284
   81    1      1      0    0      1      -1      -1  1000 0.005400255 0.18227112 0.23177997 0.20167325 0.07562921 0.08675612 0.05380624 0.04240723 0.04037004 0.010846847 0.011902192 0.010035424 0.012740680 0.011387306 0.002470727 0.0037413657 8.990727e-03 0.0010624036 1.539988e-03 9.317328e-04 6.740374e-05 1.320084e-03 4.774517e-04 6.568028e-04 0.0017354268
   82    1      1      0    0      1      -1      -1  1000 0.028455836 0.07354879 0.22834678 0.16434861 0.17481537 0.07462189 0.07732535 0.04392321 0.05361664 0.029550376 0.004103232 0.014661021 0.004643198 0.009095513 0.006428745 0.0002412028 5.469659e-04 0.0029798813 1.072517e-04 1.720357e-03 1.898626e-03 5.431780e-04 2.561393e-04 1.043289e-03 0.0031785376
   83    1      1      0    0      1      -1      -1  1000 0.012964169 0.16507152 0.11315430 0.20903453 0.11852448 0.12358259 0.05496293 0.04881750 0.03880900 0.030219479 0.028331323 0.010844091 0.012230278 0.002029825 0.008582643 0.0016827111 4.434649e-04 0.0013211108 6.493155e-03 3.754513e-03 2.531247e-03 4.037749e-03 1.078971e-08 1.416018e-04 0.0024357724
   84    1      1      0    0      1      -1      -1  1000 0.016656170 0.15060086 0.18831309 0.07400028 0.15336418 0.10409078 0.10471906 0.04916689 0.03794049 0.034475490 0.024291108 0.020866064 0.004514486 0.005683761 0.003165541 0.0144441634 2.579365e-03 0.0002643427 2.271875e-03 2.250575e-03 4.634159e-04 4.172019e-05 1.060326e-04 5.293911e-05 0.0056773259
   85    1      1      0    0      1      -1      -1  1000 0.016099920 0.14496600 0.16527181 0.17371840 0.06641465 0.12372690 0.09174105 0.08251659 0.02930890 0.029143333 0.017251954 0.012245159 0.018250933 0.001608321 0.010853532 0.0007320289 4.393562e-03 0.0005251478 1.866393e-03 1.233818e-05 1.041982e-03 2.643332e-03 7.447873e-04 2.034521e-04 0.0047195219
   86    1      1      0    0      1      -1      -1  1000 0.024463778 0.12837553 0.22875262 0.12425087 0.12070935 0.03768770 0.08523275 0.07117377 0.06185489 0.026474468 0.023342800 0.017862729 0.012468610 0.015979872 0.003648762 0.0060686580 9.469472e-04 0.0037483805 5.030154e-03 1.324616e-04 9.053412e-05 3.682885e-04 6.496884e-04 1.611550e-05 0.0006702704
   87    1      1      0    0      1      -1      -1  1000 0.010329175 0.18157414 0.15221506 0.15681624 0.10495179 0.09267799 0.04244305 0.07973903 0.05407618 0.040801945 0.014550483 0.019841240 0.013961626 0.008081916 0.009111200 0.0020011367 6.379628e-03 0.0007273167 3.369197e-03 3.501826e-04 1.872190e-04 9.678534e-04 7.420641e-05 1.254593e-03 0.0035175946
   88    1      1      0    0      1      -1      -1  1000 0.014566776 0.15051111 0.21860853 0.11431741 0.12743246 0.09676128 0.05378847 0.02534722 0.05572490 0.034952327 0.040934499 0.013938443 0.012168095 0.015163728 0.005710995 0.0106154306 1.120392e-05 0.0019603256 5.395253e-04 4.941374e-03 1.920673e-04 2.912979e-04 9.386872e-04 4.035677e-04 0.0001802947
   89    1      1      0    0      1      -1      -1  1000 0.027403782 0.14292727 0.19328780 0.16554552 0.09471503 0.08490829 0.05705931 0.05449715 0.02755601 0.043374275 0.022098023 0.031545286 0.014623303 0.008525837 0.007780741 0.0098599674 1.015028e-02 0.0013211472 2.440115e-05 1.303860e-03 1.112485e-03 1.264480e-04 2.307985e-07 8.912700e-06 0.0002446315
   90    1      1      0    0      1      -1      -1  1000 0.014052020 0.21074558 0.17077620 0.11868651 0.12430090 0.06605160 0.06777576 0.05259111 0.05089045 0.013008321 0.027006222 0.029426068 0.021164164 0.005526571 0.008667618 0.0064493335 2.357427e-03 0.0031098403 2.405984e-03 1.173668e-03 5.183625e-04 2.208295e-03 3.283846e-04 1.571453e-10 0.0007796051
   91    1      1      0    0      1      -1      -1  1000 0.030017203 0.09974952 0.25305641 0.13171727 0.11589628 0.09945494 0.04225245 0.06046037 0.03876285 0.034084608 0.013930284 0.022497572 0.015290089 0.013985558 0.007206268 0.0054558771 3.367958e-03 0.0030521675 2.534010e-03 5.615849e-04 1.294946e-04 7.671715e-04 1.634913e-03 1.846494e-03 0.0022886647
   92    1      1      0    0      1      -1      -1  1000 0.018381842 0.23067306 0.12180248 0.18407609 0.09334110 0.06834957 0.07601996 0.03814803 0.03814680 0.021407677 0.024063323 0.012317360 0.019532760 0.014839131 0.008934959 0.0039112166 4.294952e-03 0.0034220065 6.249993e-03 7.257890e-03 4.916067e-05 2.976198e-05 4.681142e-05 2.696918e-03 0.0020071483
   93    1      1      0    0      1      -1      -1  1000 0.012325278 0.15256762 0.28089091 0.08836531 0.13294817 0.08147610 0.04786859 0.04786528 0.02974889 0.031114385 0.021201613 0.015473021 0.009440825 0.015609458 0.009521455 0.0054642437 3.812248e-03 0.0011954503 3.072885e-03 2.020959e-03 2.972642e-03 2.829811e-04 3.450267e-03 7.404608e-04 0.0005709728
   94    1      1      0    0      1      -1      -1  1000 0.008471669 0.12452335 0.20264321 0.21856565 0.08239112 0.10120323 0.05580137 0.05689992 0.03371974 0.028492139 0.032934011 0.011431469 0.010243750 0.003476963 0.007583393 0.0078773789 4.811089e-03 0.0044481135 8.228059e-04 5.882387e-04 1.030415e-03 1.409780e-03 1.808539e-04 7.903885e-05 0.0003712972
   95    1      1      0    0      1      -1      -1  1000 0.023979550 0.10615830 0.15828170 0.14699499 0.19597800 0.06122189 0.08521880 0.04292912 0.05026475 0.032876738 0.014919532 0.031276544 0.014744707 0.008274305 0.004429167 0.0059231745 3.780744e-03 0.0060843063 3.546611e-04 2.215498e-03 6.707180e-04 1.581484e-03 4.014796e-04 1.239157e-04 0.0013159214
   96    1      1      0    0      1      -1      -1  1000 0.019944999 0.26345297 0.09694670 0.10959887 0.12042625 0.12460340 0.04069843 0.06594661 0.04106912 0.026293267 0.023485810 0.011144442 0.018344594 0.012135800 0.006651009 0.0032687097 4.308397e-03 0.0034299029 1.456928e-03 3.180095e-03 8.308718e-04 8.545160e-04 7.050684e-04 4.154428e-05 0.0011817017
   97    1      1      0    0      1      -1      -1  1000 0.015267127 0.19947952 0.26739560 0.07883196 0.08621155 0.08660041 0.08806799 0.02798150 0.04642506 0.029424103 0.012961957 0.021782718 0.005000695 0.005700524 0.007426731 0.0070210000 5.110220e-04 0.0026678908 2.971481e-03 2.052480e-03 1.541895e-03 7.865589e-04 3.104372e-03 9.501213e-05 0.0006908456
   98    1      1      0    0      1      -1      -1  1000 0.028158609 0.13118140 0.23348271 0.19946909 0.06139095 0.05427615 0.07057531 0.06169711 0.02337634 0.039780726 0.017000956 0.017242887 0.016188736 0.011026200 0.008425116 0.0057791276 2.152357e-03 0.0030236328 4.648920e-03 4.386395e-03 4.294978e-03 4.951469e-04 1.203204e-03 1.236483e-04 0.0006203090
   99    1      1      0    0      1      -1      -1  1000 0.002802044 0.20692702 0.14591824 0.16232045 0.16726566 0.04486203 0.06207683 0.04307218 0.05640346 0.022809009 0.030555738 0.013936796 0.008269504 0.008254294 0.002542756 0.0082179767 2.991536e-03 0.0031557185 4.872503e-04 5.681972e-04 2.523178e-03 1.580673e-03 6.742519e-04 1.287652e-03 0.0004975469
  100    1      1      0    0      1      -1      -1  1000 0.017219279 0.04884291 0.28145050 0.13403975 0.13525935 0.12200984 0.03755526 0.04988954 0.04612146 0.055918767 0.010453066 0.021630676 0.009290497 0.006442180 0.010275323 0.0008594526 3.669979e-03 0.0031913893 2.051877e-03 2.379730e-04 2.889814e-04 1.236400e-03 9.312305e-04 2.684228e-05 0.0011074903
    2    1      2      0    0      1      -1      -1  1000 0.025000000 0.16500000 0.16900000 0.11200000 0.09100000 0.08600000 0.04900000 0.05700000 0.04900000 0.039000000 0.032000000 0.020000000 0.021000000 0.020000000 0.009000000 0.0110000000 6.000000e-03 0.0040000000 7.000000e-03 6.000000e-03 3.000000e-03 1.000000e-03 0.000000e+00 0.000000e+00 0.0180000000
    3    1      2      0    0      1      -1      -1  1000 0.032000000 0.11600000 0.16800000 0.12600000 0.08700000 0.09100000 0.07800000 0.05500000 0.05500000 0.038000000 0.022000000 0.023000000 0.017000000 0.012000000 0.015000000 0.0130000000 9.000000e-03 0.0130000000 8.000000e-03 4.000000e-03 8.000000e-03 2.000000e-03 0.000000e+00 2.000000e-03 0.0060000000
    4    1      2      0    0      1      -1      -1  1000 0.020000000 0.15500000 0.11500000 0.11500000 0.09400000 0.08300000 0.06400000 0.06700000 0.05800000 0.044000000 0.031000000 0.032000000 0.026000000 0.010000000 0.012000000 0.0110000000 1.400000e-02 0.0090000000 1.200000e-02 5.000000e-03 5.000000e-03 6.000000e-03 1.000000e-03 2.000000e-03 0.0090000000
    5    1      2      0    0      1      -1      -1  1000 0.043000000 0.14400000 0.13100000 0.08400000 0.09500000 0.08300000 0.06800000 0.06700000 0.05100000 0.044000000 0.025000000 0.029000000 0.019000000 0.018000000 0.021000000 0.0130000000 1.300000e-02 0.0060000000 8.000000e-03 1.100000e-02 6.000000e-03 4.000000e-03 5.000000e-03 5.000000e-03 0.0070000000
    6    1      2      0    0      1      -1      -1  1000 0.020000000 0.21400000 0.12600000 0.11800000 0.07300000 0.09400000 0.07500000 0.05000000 0.03500000 0.042000000 0.029000000 0.030000000 0.017000000 0.013000000 0.006000000 0.0160000000 4.000000e-03 0.0080000000 6.000000e-03 8.000000e-03 4.000000e-03 1.000000e-03 3.000000e-03 5.000000e-03 0.0030000000
    7    1      2      0    0      1      -1      -1  1000 0.028000000 0.12100000 0.19100000 0.11100000 0.08800000 0.05600000 0.07700000 0.06500000 0.04400000 0.027000000 0.041000000 0.018000000 0.030000000 0.015000000 0.016000000 0.0090000000 1.200000e-02 0.0110000000 9.000000e-03 1.000000e-02 4.000000e-03 3.000000e-03 1.000000e-03 2.000000e-03 0.0110000000
    8    1      2      0    0      1      -1      -1  1000 0.085000000 0.08800000 0.11500000 0.14700000 0.08200000 0.09600000 0.04700000 0.06900000 0.06300000 0.034000000 0.025000000 0.027000000 0.020000000 0.009000000 0.021000000 0.0170000000 7.000000e-03 0.0080000000 5.000000e-03 6.000000e-03 8.000000e-03 4.000000e-03 1.000000e-03 3.000000e-03 0.0130000000
    9    1      2      0    0      1      -1      -1  1000 0.022000000 0.30000000 0.09100000 0.06100000 0.12400000 0.06900000 0.06100000 0.03100000 0.02900000 0.039000000 0.049000000 0.022000000 0.016000000 0.013000000 0.009000000 0.0150000000 5.000000e-03 0.0050000000 6.000000e-03 3.000000e-03 7.000000e-03 6.000000e-03 4.000000e-03 0.000000e+00 0.0130000000
   10    1      2      0    0      1      -1      -1  1000 0.031000000 0.12100000 0.28200000 0.09000000 0.06700000 0.08700000 0.05400000 0.04400000 0.02700000 0.038000000 0.033000000 0.028000000 0.017000000 0.009000000 0.015000000 0.0060000000 3.000000e-03 0.0140000000 8.000000e-03 3.000000e-03 5.000000e-03 5.000000e-03 2.000000e-03 2.000000e-03 0.0090000000
   11    1      2      0    0      1      -1      -1  1000 0.065000000 0.16800000 0.09700000 0.21400000 0.07000000 0.05900000 0.08200000 0.03700000 0.04100000 0.022000000 0.020000000 0.026000000 0.024000000 0.010000000 0.012000000 0.0140000000 5.000000e-03 0.0090000000 4.000000e-03 7.000000e-03 3.000000e-03 2.000000e-03 1.000000e-03 2.000000e-03 0.0060000000
   12    1      2      0    0      1      -1      -1  1000 0.023000000 0.31700000 0.13500000 0.05600000 0.15000000 0.03200000 0.04700000 0.05700000 0.02600000 0.028000000 0.013000000 0.024000000 0.022000000 0.009000000 0.008000000 0.0100000000 7.000000e-03 0.0030000000 7.000000e-03 4.000000e-03 6.000000e-03 5.000000e-03 2.000000e-03 3.000000e-03 0.0060000000
   13    1      2      0    0      1      -1      -1  1000 0.031000000 0.14300000 0.26300000 0.11800000 0.06600000 0.12300000 0.03400000 0.02900000 0.04700000 0.022000000 0.018000000 0.014000000 0.009000000 0.021000000 0.011000000 0.0040000000 8.000000e-03 0.0040000000 8.000000e-03 7.000000e-03 1.000000e-03 2.000000e-03 3.000000e-03 3.000000e-03 0.0110000000
   14    1      2      0    0      1      -1      -1  1000 0.026000000 0.13400000 0.14100000 0.24100000 0.08100000 0.05300000 0.10600000 0.03600000 0.02300000 0.039000000 0.021000000 0.012000000 0.011000000 0.013000000 0.014000000 0.0040000000 8.000000e-03 0.0050000000 4.000000e-03 6.000000e-03 4.000000e-03 5.000000e-03 3.000000e-03 1.000000e-03 0.0090000000
   15    1      2      0    0      1      -1      -1  1000 0.022000000 0.14700000 0.13400000 0.11000000 0.19600000 0.07600000 0.04200000 0.09200000 0.02400000 0.025000000 0.028000000 0.015000000 0.020000000 0.009000000 0.007000000 0.0130000000 1.200000e-02 0.0050000000 3.000000e-03 5.000000e-03 2.000000e-03 1.000000e-03 2.000000e-03 2.000000e-03 0.0080000000
   16    1      2      0    0      1      -1      -1  1000 0.017000000 0.11100000 0.16500000 0.10800000 0.10600000 0.16400000 0.06800000 0.03800000 0.06200000 0.017000000 0.022000000 0.025000000 0.013000000 0.014000000 0.012000000 0.0120000000 7.000000e-03 0.0080000000 7.000000e-03 8.000000e-03 2.000000e-03 2.000000e-03 2.000000e-03 1.000000e-03 0.0090000000
   17    1      2      0    0      1      -1      -1  1000 0.013000000 0.10400000 0.12700000 0.14500000 0.08400000 0.08400000 0.13800000 0.06100000 0.04000000 0.080000000 0.016000000 0.011000000 0.019000000 0.018000000 0.009000000 0.0060000000 8.000000e-03 0.0060000000 7.000000e-03 5.000000e-03 1.000000e-03 5.000000e-03 2.000000e-03 2.000000e-03 0.0090000000
   18    1      2      0    0      1      -1      -1  1000 0.031000000 0.07100000 0.07400000 0.11800000 0.12500000 0.09500000 0.07900000 0.13000000 0.05500000 0.041000000 0.054000000 0.020000000 0.012000000 0.025000000 0.009000000 0.0120000000 9.000000e-03 0.0050000000 8.000000e-03 3.000000e-03 3.000000e-03 3.000000e-03 3.000000e-03 1.000000e-03 0.0140000000
   19    1      2      0    0      1      -1      -1  1000 0.016000000 0.15600000 0.06600000 0.07500000 0.08600000 0.11100000 0.08600000 0.07100000 0.10900000 0.040000000 0.033000000 0.052000000 0.019000000 0.009000000 0.015000000 0.0100000000 1.100000e-02 0.0050000000 6.000000e-03 5.000000e-03 4.000000e-03 4.000000e-03 1.000000e-03 3.000000e-03 0.0070000000
   20    1      2      0    0      1      -1      -1  1000 0.055000000 0.07200000 0.16000000 0.05700000 0.04800000 0.08000000 0.11500000 0.06200000 0.07200000 0.087000000 0.032000000 0.017000000 0.048000000 0.013000000 0.013000000 0.0220000000 7.000000e-03 0.0050000000 2.000000e-03 4.000000e-03 9.000000e-03 8.000000e-03 3.000000e-03 2.000000e-03 0.0070000000
   21    1      2      0    0      1      -1      -1  1000 0.042000000 0.27200000 0.06200000 0.12200000 0.04600000 0.04600000 0.06500000 0.07400000 0.04600000 0.041000000 0.061000000 0.026000000 0.016000000 0.023000000 0.005000000 0.0110000000 1.200000e-02 0.0030000000 6.000000e-03 2.000000e-03 2.000000e-03 1.000000e-03 1.000000e-03 2.000000e-03 0.0130000000
   22    1      2      0    0      1      -1      -1  1000 0.019000000 0.19500000 0.22700000 0.03800000 0.10300000 0.02400000 0.04800000 0.04600000 0.05400000 0.040000000 0.034000000 0.052000000 0.025000000 0.009000000 0.024000000 0.0070000000 1.400000e-02 0.0110000000 3.000000e-03 6.000000e-03 3.000000e-03 4.000000e-03 2.000000e-03 2.000000e-03 0.0100000000
   23    1      2      0    0      1      -1      -1  1000 0.043000000 0.08100000 0.20700000 0.17600000 0.04900000 0.08300000 0.03400000 0.03300000 0.03900000 0.056000000 0.037000000 0.025000000 0.038000000 0.022000000 0.013000000 0.0210000000 8.000000e-03 0.0050000000 6.000000e-03 4.000000e-03 2.000000e-03 3.000000e-03 1.000000e-03 3.000000e-03 0.0110000000
   24    1      2      0    0      1      -1      -1  1000 0.045000000 0.16600000 0.08200000 0.16700000 0.16900000 0.04100000 0.06400000 0.02100000 0.02400000 0.036000000 0.033000000 0.025000000 0.020000000 0.036000000 0.017000000 0.0050000000 1.200000e-02 0.0040000000 6.000000e-03 5.000000e-03 5.000000e-03 3.000000e-03 2.000000e-03 1.000000e-03 0.0110000000
   25    1      2      0    0      1      -1      -1  1000 0.050000000 0.20200000 0.13000000 0.06500000 0.13300000 0.11500000 0.02900000 0.06500000 0.01500000 0.016000000 0.032000000 0.038000000 0.019000000 0.016000000 0.029000000 0.0080000000 2.000000e-03 0.0120000000 2.000000e-03 4.000000e-03 3.000000e-03 2.000000e-03 1.000000e-03 5.000000e-03 0.0070000000
   26    1      2      0    0      1      -1      -1  1000 0.026000000 0.28400000 0.14300000 0.10000000 0.03800000 0.10100000 0.07000000 0.01700000 0.03300000 0.015000000 0.013000000 0.031000000 0.030000000 0.014000000 0.014000000 0.0250000000 1.200000e-02 0.0060000000 1.700000e-02 5.000000e-03 0.000000e+00 2.000000e-03 0.000000e+00 1.000000e-03 0.0030000000
   27    1      2      0    0      1      -1      -1  1000 0.022000000 0.17200000 0.25800000 0.13600000 0.08500000 0.03900000 0.06100000 0.05600000 0.01000000 0.038000000 0.005000000 0.011000000 0.009000000 0.021000000 0.015000000 0.0060000000 1.600000e-02 0.0070000000 5.000000e-03 1.200000e-02 2.000000e-03 3.000000e-03 5.000000e-03 1.000000e-03 0.0050000000
   28    1      2      0    0      1      -1      -1  1000 0.037000000 0.11900000 0.13200000 0.25800000 0.10100000 0.07800000 0.03300000 0.05800000 0.05100000 0.014000000 0.020000000 0.008000000 0.011000000 0.007000000 0.014000000 0.0060000000 9.000000e-03 0.0150000000 6.000000e-03 3.000000e-03 6.000000e-03 1.000000e-03 3.000000e-03 3.000000e-03 0.0070000000
   29    1      2      0    0      1      -1      -1  1000 0.058000000 0.17200000 0.10900000 0.11000000 0.19800000 0.07500000 0.06200000 0.02500000 0.04500000 0.045000000 0.006000000 0.021000000 0.005000000 0.005000000 0.012000000 0.0130000000 3.000000e-03 0.0040000000 1.100000e-02 4.000000e-03 4.000000e-03 5.000000e-03 2.000000e-03 0.000000e+00 0.0060000000
   30    1      2      0    0      1      -1      -1  1000 0.022000000 0.25400000 0.14100000 0.08300000 0.09900000 0.13600000 0.06300000 0.04300000 0.01500000 0.031000000 0.027000000 0.007000000 0.022000000 0.007000000 0.003000000 0.0060000000 9.000000e-03 0.0070000000 7.000000e-03 8.000000e-03 1.000000e-03 2.000000e-03 2.000000e-03 2.000000e-03 0.0030000000
   31    1      2      0    0      1      -1      -1  1000 0.034000000 0.11900000 0.23700000 0.15300000 0.06600000 0.06700000 0.09200000 0.05400000 0.03900000 0.015000000 0.028000000 0.028000000 0.008000000 0.013000000 0.009000000 0.0050000000 5.000000e-03 0.0060000000 5.000000e-03 1.000000e-03 7.000000e-03 1.000000e-03 1.000000e-03 3.000000e-03 0.0040000000
   32    1      2      0    0      1      -1      -1  1000 0.022000000 0.17400000 0.13300000 0.19200000 0.10000000 0.06800000 0.06300000 0.08300000 0.03800000 0.028000000 0.017000000 0.020000000 0.023000000 0.005000000 0.013000000 0.0040000000 1.000000e-03 0.0010000000 1.000000e-03 3.000000e-03 1.000000e-03 2.000000e-03 0.000000e+00 0.000000e+00 0.0080000000
   33    1      2      0    0      1      -1      -1  1000 0.022000000 0.12900000 0.15000000 0.10800000 0.16600000 0.07800000 0.04800000 0.04900000 0.09200000 0.034000000 0.032000000 0.009000000 0.021000000 0.017000000 0.004000000 0.0070000000 1.000000e-03 0.0030000000 6.000000e-03 1.000000e-03 5.000000e-03 3.000000e-03 3.000000e-03 3.000000e-03 0.0090000000
   34    1      2      0    0      1      -1      -1  1000 0.027000000 0.10100000 0.12800000 0.13500000 0.09800000 0.14300000 0.09200000 0.03500000 0.03700000 0.074000000 0.023000000 0.027000000 0.009000000 0.013000000 0.017000000 0.0020000000 5.000000e-03 0.0040000000 4.000000e-03 5.000000e-03 5.000000e-03 1.000000e-03 3.000000e-03 2.000000e-03 0.0100000000
   35    1      2      0    0      1      -1      -1  1000 0.034000000 0.14600000 0.09700000 0.14100000 0.12100000 0.07700000 0.10500000 0.05500000 0.03100000 0.034000000 0.054000000 0.025000000 0.011000000 0.012000000 0.020000000 0.0110000000 4.000000e-03 0.0090000000 0.000000e+00 0.000000e+00 2.000000e-03 1.000000e-03 1.000000e-03 0.000000e+00 0.0090000000
   36    1      2      0    0      1      -1      -1  1000 0.028000000 0.15600000 0.15300000 0.08800000 0.11200000 0.08900000 0.05200000 0.08400000 0.05100000 0.026000000 0.026000000 0.037000000 0.022000000 0.017000000 0.005000000 0.0120000000 1.600000e-02 0.0020000000 5.000000e-03 1.000000e-03 1.000000e-03 2.000000e-03 4.000000e-03 3.000000e-03 0.0080000000
   37    1      2      0    0      1      -1      -1  1000 0.021000000 0.13500000 0.16700000 0.12600000 0.05700000 0.07900000 0.07400000 0.05200000 0.07400000 0.035000000 0.020000000 0.034000000 0.044000000 0.015000000 0.009000000 0.0060000000 1.200000e-02 0.0110000000 2.000000e-03 6.000000e-03 1.000000e-03 1.000000e-03 6.000000e-03 1.000000e-03 0.0120000000
   38    1      2      0    0      1      -1      -1  1000 0.071000000 0.08600000 0.13900000 0.14200000 0.11000000 0.05800000 0.06400000 0.06100000 0.03800000 0.055000000 0.044000000 0.024000000 0.023000000 0.030000000 0.014000000 0.0070000000 1.000000e-03 0.0080000000 9.000000e-03 4.000000e-03 3.000000e-03 0.000000e+00 0.000000e+00 0.000000e+00 0.0090000000
   39    1      2      0    0      1      -1      -1  1000 0.031000000 0.33400000 0.09700000 0.07800000 0.09600000 0.08400000 0.03300000 0.03300000 0.03800000 0.025000000 0.040000000 0.024000000 0.009000000 0.010000000 0.022000000 0.0060000000 8.000000e-03 0.0060000000 6.000000e-03 2.000000e-03 5.000000e-03 3.000000e-03 1.000000e-03 0.000000e+00 0.0090000000
   40    1      2      0    0      1      -1      -1  1000 0.042000000 0.17800000 0.30800000 0.05900000 0.05500000 0.07200000 0.05000000 0.02100000 0.04600000 0.029000000 0.014000000 0.035000000 0.015000000 0.012000000 0.010000000 0.0130000000 1.400000e-02 0.0050000000 4.000000e-03 3.000000e-03 4.000000e-03 1.000000e-03 3.000000e-03 0.000000e+00 0.0070000000
   41    1      2      0    0      1      -1      -1  1000 0.110000000 0.19900000 0.13700000 0.21700000 0.04300000 0.04000000 0.05500000 0.03900000 0.02000000 0.019000000 0.016000000 0.019000000 0.036000000 0.012000000 0.007000000 0.0080000000 4.000000e-03 0.0030000000 4.000000e-03 3.000000e-03 2.000000e-03 1.000000e-03 0.000000e+00 2.000000e-03 0.0040000000
   42    1      2      0    0      1      -1      -1  1000 0.036000000 0.41700000 0.11500000 0.08300000 0.14300000 0.02100000 0.03800000 0.02300000 0.02000000 0.012000000 0.015000000 0.012000000 0.007000000 0.019000000 0.009000000 0.0040000000 5.000000e-03 0.0070000000 3.000000e-03 4.000000e-03 0.000000e+00 3.000000e-03 2.000000e-03 1.000000e-03 0.0010000000
   43    1      2      0    0      1      -1      -1  1000 0.041000000 0.18000000 0.36700000 0.10700000 0.06800000 0.07700000 0.02200000 0.02100000 0.02100000 0.012000000 0.011000000 0.008000000 0.015000000 0.008000000 0.012000000 0.0100000000 2.000000e-03 0.0070000000 4.000000e-03 1.000000e-03 1.000000e-03 0.000000e+00 1.000000e-03 2.000000e-03 0.0020000000
   44    1      2      0    0      1      -1      -1  1000 0.041000000 0.23300000 0.16700000 0.26400000 0.07300000 0.04900000 0.07700000 0.01400000 0.01100000 0.009000000 0.012000000 0.005000000 0.011000000 0.005000000 0.003000000 0.0060000000 2.000000e-03 0.0020000000 4.000000e-03 4.000000e-03 2.000000e-03 1.000000e-03 0.000000e+00 2.000000e-03 0.0030000000
   45    1      2      0    0      1      -1      -1  1000 0.037000000 0.12100000 0.21000000 0.09900000 0.24200000 0.06600000 0.04900000 0.07100000 0.01700000 0.012000000 0.011000000 0.019000000 0.004000000 0.009000000 0.005000000 0.0030000000 6.000000e-03 0.0030000000 5.000000e-03 0.000000e+00 1.000000e-03 1.000000e-03 3.000000e-03 0.000000e+00 0.0060000000
   46    1      2      0    0      1      -1      -1  1000 0.036000000 0.16300000 0.11000000 0.15300000 0.12500000 0.20000000 0.05100000 0.02900000 0.05300000 0.015000000 0.006000000 0.013000000 0.005000000 0.008000000 0.009000000 0.0010000000 5.000000e-03 0.0060000000 3.000000e-03 3.000000e-03 1.000000e-03 2.000000e-03 1.000000e-03 0.000000e+00 0.0020000000
   47    1      2      0    0      1      -1      -1  1000 0.032000000 0.22200000 0.14400000 0.08200000 0.13000000 0.08000000 0.13000000 0.03600000 0.03100000 0.049000000 0.015000000 0.006000000 0.005000000 0.009000000 0.007000000 0.0050000000 2.000000e-03 0.0000000000 2.000000e-03 5.000000e-03 0.000000e+00 3.000000e-03 2.000000e-03 0.000000e+00 0.0030000000
   48    1      2      0    0      1      -1      -1  1000 0.019000000 0.13800000 0.20300000 0.11100000 0.08900000 0.09900000 0.07400000 0.12400000 0.02200000 0.022000000 0.042000000 0.008000000 0.006000000 0.007000000 0.007000000 0.0040000000 3.000000e-03 0.0020000000 1.000000e-03 7.000000e-03 3.000000e-03 0.000000e+00 2.000000e-03 3.000000e-03 0.0040000000
   49    1      2      0    0      1      -1      -1  1000 0.051000000 0.11400000 0.14700000 0.18500000 0.09500000 0.05000000 0.08100000 0.05200000 0.10100000 0.031000000 0.016000000 0.027000000 0.007000000 0.009000000 0.006000000 0.0050000000 3.000000e-03 0.0030000000 2.000000e-03 1.000000e-03 6.000000e-03 3.000000e-03 1.000000e-03 2.000000e-03 0.0020000000
   50    1      2      0    0      1      -1      -1  1000 0.031000000 0.21700000 0.11000000 0.12700000 0.12000000 0.08100000 0.05100000 0.05300000 0.03900000 0.082000000 0.023000000 0.017000000 0.022000000 0.004000000 0.002000000 0.0040000000 1.000000e-03 0.0020000000 2.000000e-03 3.000000e-03 1.000000e-03 3.000000e-03 0.000000e+00 1.000000e-03 0.0040000000
   51    1      2      0    0      1      -1      -1  1000 0.039000000 0.16900000 0.21500000 0.07500000 0.09000000 0.09300000 0.07100000 0.03500000 0.04100000 0.031000000 0.065000000 0.018000000 0.013000000 0.014000000 0.002000000 0.0070000000 4.000000e-03 0.0030000000 4.000000e-03 3.000000e-03 1.000000e-03 1.000000e-03 1.000000e-03 2.000000e-03 0.0030000000
   52    1      2      0    0      1      -1      -1  1000 0.073000000 0.20100000 0.13600000 0.14000000 0.06700000 0.06200000 0.07600000 0.04300000 0.02700000 0.040000000 0.032000000 0.051000000 0.012000000 0.011000000 0.013000000 0.0030000000 1.000000e-03 0.0010000000 5.000000e-03 1.000000e-03 1.000000e-03 1.000000e-03 0.000000e+00 0.000000e+00 0.0030000000
   53    1      2      0    0      1      -1      -1  1000 0.042000000 0.30700000 0.16600000 0.10100000 0.09500000 0.04300000 0.04600000 0.06300000 0.02000000 0.020000000 0.024000000 0.021000000 0.022000000 0.006000000 0.003000000 0.0070000000 3.000000e-03 0.0020000000 1.000000e-03 2.000000e-03 0.000000e+00 1.000000e-03 0.000000e+00 0.000000e+00 0.0050000000
   54    1      2      0    0      1      -1      -1  1000 0.045000000 0.20700000 0.26000000 0.12700000 0.06900000 0.07000000 0.02200000 0.03900000 0.04600000 0.018000000 0.018000000 0.020000000 0.013000000 0.020000000 0.006000000 0.0060000000 6.000000e-03 0.0010000000 1.000000e-03 2.000000e-03 0.000000e+00 0.000000e+00 0.000000e+00 1.000000e-03 0.0030000000
   55    1      2      0    0      1      -1      -1  1000 0.029000000 0.22600000 0.19600000 0.20000000 0.07800000 0.05100000 0.05700000 0.01300000 0.02700000 0.030000000 0.020000000 0.008000000 0.019000000 0.012000000 0.012000000 0.0030000000 3.000000e-03 0.0060000000 2.000000e-03 1.000000e-03 3.000000e-03 1.000000e-03 1.000000e-03 0.000000e+00 0.0020000000
   56    1      2      0    0      1      -1      -1  1000 0.071000000 0.10100000 0.21500000 0.16400000 0.15000000 0.07000000 0.04500000 0.03600000 0.01800000 0.026000000 0.031000000 0.012000000 0.011000000 0.013000000 0.007000000 0.0130000000 5.000000e-03 0.0030000000 5.000000e-03 0.000000e+00 2.000000e-03 0.000000e+00 0.000000e+00 0.000000e+00 0.0020000000
   57    1      2      0    0      1      -1      -1  1000 0.069000000 0.23700000 0.10800000 0.13400000 0.11700000 0.12000000 0.04600000 0.03000000 0.03300000 0.015000000 0.023000000 0.019000000 0.013000000 0.002000000 0.006000000 0.0090000000 1.100000e-02 0.0020000000 0.000000e+00 2.000000e-03 0.000000e+00 0.000000e+00 0.000000e+00 0.000000e+00 0.0040000000
   58    1      2      0    0      1      -1      -1  1000 0.045000000 0.27100000 0.21500000 0.07500000 0.10400000 0.07000000 0.08200000 0.03400000 0.02400000 0.021000000 0.010000000 0.003000000 0.015000000 0.010000000 0.006000000 0.0030000000 3.000000e-03 0.0040000000 0.000000e+00 1.000000e-03 2.000000e-03 1.000000e-03 1.000000e-03 0.000000e+00 0.0000000000
   59    1      2      0    0      1      -1      -1  1000 0.037000000 0.22400000 0.27000000 0.12800000 0.05200000 0.07400000 0.05700000 0.05400000 0.02400000 0.013000000 0.023000000 0.011000000 0.010000000 0.003000000 0.006000000 0.0020000000 1.000000e-03 0.0040000000 1.000000e-03 2.000000e-03 0.000000e+00 2.000000e-03 2.000000e-03 0.000000e+00 0.0000000000
   60    1      2      0    0      1      -1      -1  1000 0.049000000 0.19100000 0.17400000 0.19200000 0.12500000 0.04300000 0.05600000 0.03900000 0.04000000 0.018000000 0.015000000 0.014000000 0.007000000 0.008000000 0.010000000 0.0050000000 1.000000e-03 0.0020000000 6.000000e-03 2.000000e-03 1.000000e-03 1.000000e-03 0.000000e+00 1.000000e-03 0.0000000000
   61    1      2      0    0      1      -1      -1  1000 0.021000000 0.20400000 0.16800000 0.15400000 0.16200000 0.06800000 0.04500000 0.04600000 0.02800000 0.041000000 0.014000000 0.006000000 0.013000000 0.003000000 0.002000000 0.0070000000 1.000000e-03 0.0010000000 6.000000e-03 1.000000e-03 4.000000e-03 0.000000e+00 2.000000e-03 0.000000e+00 0.0030000000
   62    1      2      0    0      1      -1      -1  1000 0.041000000 0.10300000 0.23400000 0.15600000 0.11600000 0.12100000 0.07000000 0.02200000 0.03000000 0.018000000 0.029000000 0.017000000 0.008000000 0.007000000 0.001000000 0.0070000000 3.000000e-03 0.0000000000 2.000000e-03 7.000000e-03 3.000000e-03 2.000000e-03 0.000000e+00 0.000000e+00 0.0030000000
   63    1      2      0    0      1      -1      -1  1000 0.019000000 0.23500000 0.08600000 0.16900000 0.12200000 0.08800000 0.10000000 0.04500000 0.01600000 0.035000000 0.025000000 0.028000000 0.002000000 0.003000000 0.005000000 0.0040000000 4.000000e-03 0.0060000000 1.000000e-03 0.000000e+00 4.000000e-03 1.000000e-03 2.000000e-03 0.000000e+00 0.0000000000
   64    1      2      0    0      1      -1      -1  1000 0.032000000 0.10800000 0.22400000 0.07900000 0.14400000 0.11400000 0.07300000 0.08800000 0.04800000 0.011000000 0.021000000 0.010000000 0.017000000 0.008000000 0.007000000 0.0060000000 2.000000e-03 0.0010000000 0.000000e+00 1.000000e-03 0.000000e+00 1.000000e-03 1.000000e-03 2.000000e-03 0.0020000000
   65    1      2      0    0      1      -1      -1  1000 0.059000000 0.18400000 0.10800000 0.16000000 0.04700000 0.12000000 0.07200000 0.03900000 0.07500000 0.041000000 0.008000000 0.031000000 0.015000000 0.012000000 0.006000000 0.0080000000 3.000000e-03 0.0030000000 0.000000e+00 5.000000e-03 1.000000e-03 1.000000e-03 0.000000e+00 0.000000e+00 0.0020000000
   66    1      2      0    0      1      -1      -1  1000 0.026000000 0.27500000 0.13300000 0.07100000 0.14100000 0.04200000 0.08900000 0.04900000 0.03600000 0.056000000 0.028000000 0.012000000 0.009000000 0.007000000 0.008000000 0.0030000000 5.000000e-03 0.0030000000 0.000000e+00 1.000000e-03 2.000000e-03 2.000000e-03 0.000000e+00 0.000000e+00 0.0020000000
   67    1      2      0    0      1      -1      -1  1000 0.021000000 0.14900000 0.26000000 0.10900000 0.05500000 0.11200000 0.03700000 0.07300000 0.04200000 0.030000000 0.034000000 0.026000000 0.010000000 0.013000000 0.005000000 0.0090000000 3.000000e-03 0.0050000000 2.000000e-03 0.000000e+00 2.000000e-03 1.000000e-03 0.000000e+00 1.000000e-03 0.0010000000
   68    1      2      0    0      1      -1      -1  1000 0.058000000 0.07600000 0.13100000 0.23400000 0.11300000 0.06400000 0.08400000 0.01900000 0.05500000 0.032000000 0.027000000 0.034000000 0.020000000 0.009000000 0.010000000 0.0080000000 8.000000e-03 0.0020000000 4.000000e-03 2.000000e-03 0.000000e+00 1.000000e-03 2.000000e-03 3.000000e-03 0.0040000000
   69    1      2      0    0      1      -1      -1  1000 0.080000000 0.25500000 0.05800000 0.10100000 0.16700000 0.07100000 0.03500000 0.06900000 0.02000000 0.043000000 0.023000000 0.014000000 0.019000000 0.019000000 0.004000000 0.0050000000 4.000000e-03 0.0010000000 2.000000e-03 1.000000e-03 2.000000e-03 1.000000e-03 0.000000e+00 4.000000e-03 0.0020000000
   70    1      2      0    0      1      -1      -1  1000 0.034000000 0.30500000 0.18300000 0.05100000 0.07700000 0.09900000 0.04900000 0.02200000 0.04300000 0.019000000 0.028000000 0.028000000 0.014000000 0.019000000 0.007000000 0.0000000000 5.000000e-03 0.0060000000 4.000000e-03 2.000000e-03 1.000000e-03 0.000000e+00 2.000000e-03 0.000000e+00 0.0020000000
   71    1      2      0    0      1      -1      -1  1000 0.034000000 0.14100000 0.28400000 0.15900000 0.03200000 0.06200000 0.08000000 0.04800000 0.02200000 0.029000000 0.009000000 0.029000000 0.014000000 0.013000000 0.017000000 0.0070000000 3.000000e-03 0.0030000000 5.000000e-03 2.000000e-03 3.000000e-03 0.000000e+00 1.000000e-03 0.000000e+00 0.0030000000
   72    1      2      0    0      1      -1      -1  1000 0.020000000 0.20200000 0.12500000 0.24700000 0.12700000 0.03000000 0.04300000 0.05900000 0.03100000 0.014000000 0.030000000 0.010000000 0.019000000 0.009000000 0.011000000 0.0070000000 5.000000e-03 0.0000000000 3.000000e-03 2.000000e-03 3.000000e-03 1.000000e-03 2.000000e-03 0.000000e+00 0.0000000000
   73    1      2      0    0      1      -1      -1  1000 0.067000000 0.12300000 0.17700000 0.09700000 0.18600000 0.11400000 0.01600000 0.03700000 0.05400000 0.026000000 0.011000000 0.021000000 0.006000000 0.019000000 0.012000000 0.0090000000 9.000000e-03 0.0050000000 3.000000e-03 3.000000e-03 1.000000e-03 1.000000e-03 1.000000e-03 1.000000e-03 0.0010000000
   74    1      2      0    0      1      -1      -1  1000 0.069000000 0.26400000 0.09400000 0.10900000 0.08100000 0.15100000 0.06000000 0.01400000 0.02100000 0.048000000 0.017000000 0.014000000 0.019000000 0.003000000 0.011000000 0.0020000000 6.000000e-03 0.0050000000 1.000000e-03 3.000000e-03 2.000000e-03 1.000000e-03 1.000000e-03 2.000000e-03 0.0020000000
   75    1      2      0    0      1      -1      -1  1000 0.048000000 0.23900000 0.23300000 0.07600000 0.09500000 0.06400000 0.08400000 0.03900000 0.01200000 0.015000000 0.029000000 0.012000000 0.009000000 0.017000000 0.005000000 0.0030000000 4.000000e-03 0.0080000000 0.000000e+00 2.000000e-03 1.000000e-03 1.000000e-03 1.000000e-03 1.000000e-03 0.0020000000
   76    1      2      0    0      1      -1      -1  1000 0.050000000 0.22500000 0.20600000 0.19400000 0.03700000 0.05700000 0.04300000 0.06900000 0.03800000 0.005000000 0.014000000 0.015000000 0.007000000 0.003000000 0.010000000 0.0040000000 8.000000e-03 0.0020000000 4.000000e-03 4.000000e-03 0.000000e+00 2.000000e-03 1.000000e-03 2.000000e-03 0.0000000000
   77    1      2      0    0      1      -1      -1  1000 0.044000000 0.24000000 0.18600000 0.18400000 0.10500000 0.03500000 0.04200000 0.03100000 0.04000000 0.019000000 0.006000000 0.019000000 0.016000000 0.008000000 0.003000000 0.0030000000 3.000000e-03 0.0040000000 3.000000e-03 2.000000e-03 1.000000e-03 3.000000e-03 0.000000e+00 2.000000e-03 0.0010000000
   78    1      2      0    0      1      -1      -1  1000 0.072000000 0.14200000 0.20500000 0.15400000 0.13700000 0.09300000 0.02000000 0.03400000 0.02300000 0.049000000 0.024000000 0.005000000 0.008000000 0.012000000 0.004000000 0.0030000000 2.000000e-03 0.0010000000 6.000000e-03 1.000000e-03 1.000000e-03 1.000000e-03 1.000000e-03 0.000000e+00 0.0020000000
   79    1      2      0    0      1      -1      -1  1000 0.048000000 0.31200000 0.13800000 0.12900000 0.10300000 0.08300000 0.06700000 0.01100000 0.01700000 0.017000000 0.027000000 0.011000000 0.002000000 0.005000000 0.012000000 0.0030000000 4.000000e-03 0.0030000000 1.000000e-03 0.000000e+00 0.000000e+00 1.000000e-03 2.000000e-03 1.000000e-03 0.0030000000
   80    1      2      0    0      1      -1      -1  1000 0.051000000 0.23000000 0.28000000 0.09100000 0.09300000 0.07400000 0.05100000 0.04800000 0.01100000 0.017000000 0.007000000 0.011000000 0.014000000 0.001000000 0.004000000 0.0070000000 2.000000e-03 0.0010000000 2.000000e-03 0.000000e+00 0.000000e+00 1.000000e-03 1.000000e-03 0.000000e+00 0.0030000000
   81    1      2      0    0      1      -1      -1  1000 0.020000000 0.24100000 0.20000000 0.19000000 0.07500000 0.07300000 0.04400000 0.04500000 0.04300000 0.008000000 0.016000000 0.008000000 0.010000000 0.010000000 0.001000000 0.0020000000 5.000000e-03 0.0000000000 1.000000e-03 2.000000e-03 2.000000e-03 2.000000e-03 0.000000e+00 1.000000e-03 0.0010000000
   82    1      2      0    0      1      -1      -1  1000 0.034000000 0.09500000 0.22900000 0.17800000 0.14500000 0.06600000 0.06700000 0.04300000 0.05200000 0.029000000 0.014000000 0.007000000 0.005000000 0.011000000 0.003000000 0.0020000000 5.000000e-03 0.0070000000 0.000000e+00 0.000000e+00 3.000000e-03 0.000000e+00 2.000000e-03 0.000000e+00 0.0030000000
   83    1      2      0    0      1      -1      -1  1000 0.034000000 0.20100000 0.10500000 0.18400000 0.14800000 0.11400000 0.03200000 0.04900000 0.03200000 0.029000000 0.021000000 0.011000000 0.010000000 0.006000000 0.008000000 0.0050000000 1.000000e-03 0.0030000000 4.000000e-03 0.000000e+00 0.000000e+00 2.000000e-03 0.000000e+00 0.000000e+00 0.0010000000
   84    1      2      0    0      1      -1      -1  1000 0.054000000 0.16600000 0.17600000 0.08000000 0.14900000 0.08900000 0.09600000 0.02800000 0.03500000 0.039000000 0.032000000 0.014000000 0.003000000 0.008000000 0.002000000 0.0120000000 4.000000e-03 0.0000000000 2.000000e-03 4.000000e-03 0.000000e+00 0.000000e+00 2.000000e-03 1.000000e-03 0.0040000000
   85    1      2      0    0      1      -1      -1  1000 0.033000000 0.21400000 0.16600000 0.12200000 0.06300000 0.10700000 0.06600000 0.10100000 0.02700000 0.027000000 0.025000000 0.021000000 0.008000000 0.002000000 0.003000000 0.0030000000 6.000000e-03 0.0030000000 1.000000e-03 0.000000e+00 1.000000e-03 0.000000e+00 0.000000e+00 0.000000e+00 0.0010000000
   86    1      2      0    0      1      -1      -1  1000 0.062000000 0.14400000 0.21600000 0.11000000 0.11400000 0.04100000 0.08600000 0.05100000 0.05800000 0.022000000 0.019000000 0.018000000 0.021000000 0.014000000 0.001000000 0.0080000000 2.000000e-03 0.0040000000 2.000000e-03 1.000000e-03 0.000000e+00 0.000000e+00 1.000000e-03 2.000000e-03 0.0030000000
   87    1      2      0    0      1      -1      -1  1000 0.033000000 0.20900000 0.14300000 0.17500000 0.09400000 0.08000000 0.03500000 0.06000000 0.04600000 0.048000000 0.015000000 0.017000000 0.010000000 0.009000000 0.004000000 0.0070000000 4.000000e-03 0.0010000000 4.000000e-03 0.000000e+00 1.000000e-03 1.000000e-03 2.000000e-03 1.000000e-03 0.0010000000
   88    1      2      0    0      1      -1      -1  1000 0.038000000 0.17200000 0.20100000 0.11400000 0.12800000 0.05800000 0.07800000 0.04000000 0.05400000 0.030000000 0.031000000 0.009000000 0.013000000 0.016000000 0.009000000 0.0030000000 2.000000e-03 0.0020000000 0.000000e+00 1.000000e-03 0.000000e+00 0.000000e+00 0.000000e+00 0.000000e+00 0.0010000000
   89    1      2      0    0      1      -1      -1  1000 0.066000000 0.18000000 0.14500000 0.17500000 0.10400000 0.07700000 0.06000000 0.04000000 0.02100000 0.039000000 0.027000000 0.024000000 0.005000000 0.011000000 0.006000000 0.0110000000 7.000000e-03 0.0000000000 0.000000e+00 0.000000e+00 1.000000e-03 0.000000e+00 0.000000e+00 0.000000e+00 0.0010000000
   90    1      2      0    0      1      -1      -1  1000 0.022000000 0.24600000 0.15600000 0.13000000 0.12400000 0.06500000 0.06400000 0.04500000 0.03300000 0.013000000 0.025000000 0.022000000 0.017000000 0.004000000 0.009000000 0.0090000000 6.000000e-03 0.0050000000 1.000000e-03 1.000000e-03 0.000000e+00 1.000000e-03 2.000000e-03 0.000000e+00 0.0000000000
   91    1      2      0    0      1      -1      -1  1000 0.075000000 0.12400000 0.23300000 0.14100000 0.09000000 0.09100000 0.04200000 0.05100000 0.03400000 0.034000000 0.013000000 0.022000000 0.013000000 0.013000000 0.006000000 0.0040000000 3.000000e-03 0.0020000000 3.000000e-03 1.000000e-03 1.000000e-03 0.000000e+00 1.000000e-03 1.000000e-03 0.0020000000
   92    1      2      0    0      1      -1      -1  1000 0.043000000 0.30600000 0.11400000 0.16000000 0.08300000 0.04900000 0.07100000 0.02700000 0.03000000 0.022000000 0.023000000 0.010000000 0.016000000 0.011000000 0.013000000 0.0030000000 4.000000e-03 0.0040000000 3.000000e-03 1.000000e-03 2.000000e-03 0.000000e+00 1.000000e-03 2.000000e-03 0.0020000000
   93    1      2      0    0      1      -1      -1  1000 0.031000000 0.22100000 0.24900000 0.09600000 0.12900000 0.05400000 0.05200000 0.04300000 0.02400000 0.020000000 0.017000000 0.018000000 0.008000000 0.008000000 0.010000000 0.0070000000 2.000000e-03 0.0060000000 1.000000e-03 3.000000e-03 1.000000e-03 0.000000e+00 0.000000e+00 0.000000e+00 0.0000000000
   94    1      2      0    0      1      -1      -1  1000 0.021000000 0.16900000 0.17200000 0.22800000 0.07200000 0.11700000 0.06000000 0.02700000 0.03500000 0.020000000 0.023000000 0.012000000 0.010000000 0.003000000 0.006000000 0.0070000000 1.000000e-02 0.0010000000 0.000000e+00 2.000000e-03 1.000000e-03 1.000000e-03 1.000000e-03 0.000000e+00 0.0020000000
   95    1      2      0    0      1      -1      -1  1000 0.086000000 0.11900000 0.14000000 0.15800000 0.16400000 0.05300000 0.07900000 0.04100000 0.04600000 0.034000000 0.010000000 0.017000000 0.012000000 0.014000000 0.001000000 0.0140000000 4.000000e-03 0.0030000000 0.000000e+00 0.000000e+00 1.000000e-03 0.000000e+00 1.000000e-03 1.000000e-03 0.0020000000
   96    1      2      0    0      1      -1      -1  1000 0.040000000 0.31700000 0.10200000 0.08600000 0.09800000 0.12500000 0.03400000 0.06100000 0.02900000 0.019000000 0.022000000 0.018000000 0.015000000 0.006000000 0.005000000 0.0010000000 6.000000e-03 0.0040000000 1.000000e-03 5.000000e-03 1.000000e-03 2.000000e-03 2.000000e-03 1.000000e-03 0.0000000000
   97    1      2      0    0      1      -1      -1  1000 0.043000000 0.22600000 0.26600000 0.08300000 0.07500000 0.07100000 0.08300000 0.02500000 0.03400000 0.019000000 0.015000000 0.015000000 0.011000000 0.010000000 0.001000000 0.0040000000 1.000000e-03 0.0080000000 1.000000e-03 2.000000e-03 3.000000e-03 1.000000e-03 2.000000e-03 1.000000e-03 0.0000000000
   98    1      2      0    0      1      -1      -1  1000 0.057000000 0.17100000 0.21700000 0.18500000 0.06200000 0.07500000 0.05600000 0.07400000 0.00900000 0.034000000 0.017000000 0.007000000 0.011000000 0.003000000 0.004000000 0.0010000000 2.000000e-03 0.0030000000 3.000000e-03 4.000000e-03 2.000000e-03 0.000000e+00 2.000000e-03 1.000000e-03 0.0000000000
   99    1      2      0    0      1      -1      -1  1000 0.011000000 0.27800000 0.14400000 0.16000000 0.13400000 0.03400000 0.04600000 0.05000000 0.04600000 0.015000000 0.021000000 0.014000000 0.007000000 0.011000000 0.005000000 0.0030000000 6.000000e-03 0.0020000000 2.000000e-03 3.000000e-03 4.000000e-03 3.000000e-03 0.000000e+00 1.000000e-03 0.0000000000
  100    1      2      0    0      1      -1      -1  1000 0.031000000 0.05300000 0.23700000 0.13400000 0.15000000 0.14000000 0.03100000 0.04100000 0.04400000 0.051000000 0.015000000 0.020000000 0.008000000 0.014000000 0.006000000 0.0030000000 1.000000e-02 0.0010000000 4.000000e-03 2.000000e-03 5.000000e-03 0.000000e+00 0.000000e+00 0.000000e+00 0.0000000000
0 #_N_MeanSize_at_Age_obs
0 #_N_environ_variables
0 #_N_environ_obs
0 #_N_sizefreq_methods
0 #_do_tags
0 #_morphcomp_data
#
999
