#C data file created using the SS_writedat function in the R package r4ss
#C should work with SS version: 
#C file write time: 2014-11-06 11:18:37
#
1 #_styr
100 #_endyr
1 #_nseas
12 #_months_per_seas
1 #_spawn_seas
1 #_Nfleet
2 #_Nsurveys
1 #_N_areas
Fishery%Survey%CPUE #_fleetnames
0.5 0.5 0.5 #_surveytiming_in_season
1 1 1 #_area_assignments_for_each_fishery_and_survey
1 #_units of catch:  1=bio; 2=num
0.01 #_se of log(catch) only used for init_eq_catch and for Fmethod 2 and 3
1 #_Ngenders
25 #_Nages
0 #_init_equil_catch_for_each_fishery
100 #_N_lines_of_catch_to_read
 #_Fishery year seas
         0    1    1
         0    2    1
         0    3    1
         0    4    1
         0    5    1
         0    6    1
         0    7    1
         0    8    1
         0    9    1
         0   10    1
         0   11    1
         0   12    1
         0   13    1
         0   14    1
         0   15    1
         0   16    1
         0   17    1
         0   18    1
         0   19    1
         0   20    1
         0   21    1
         0   22    1
         0   23    1
         0   24    1
         0   25    1
 267741000   26    1
 250058000   27    1
 235672000   28    1
 223555000   29    1
 214658000   30    1
 208007000   31    1
 200963000   32    1
 192798000   33    1
 183335000   34    1
 173044000   35    1
 161603000   36    1
 151981000   37    1
 145554000   38    1
 138035000   39    1
 131970000   40    1
 131348000   41    1
 137083000   42    1
 142060000   43    1
 147252000   44    1
 150310000   45    1
 147793000   46    1
 144133000   47    1
 142077000   48    1
 138667000   49    1
 134534000   50    1
 131165000   51    1
 128185000   52    1
 125867000   53    1
 124039000   54    1
 121290000   55    1
 120476000   56    1
 122150000   57    1
 122603000   58    1
 124716000   59    1
 129305000   60    1
 134769000   61    1
 137631000   62    1
 139351000   63    1
 140991000   64    1
 140481000   65    1
 140852000   66    1
 142549000   67    1
 146660000   68    1
 154662000   69    1
 161275000   70    1
 167118000   71    1
 174090000   72    1
 175943000   73    1
 175592000   74    1
 171040000   75    1
 168433000   76    1
 168824000   77    1
 167983000   78    1
 164263000   79    1
 161432000   80    1
 160867000   81    1
 161098000   82    1
 163548000   83    1
 165663000   84    1
 165354000   85    1
 165363000   86    1
 165698000   87    1
 164373000   88    1
 162912000   89    1
 162889000   90    1
 165517000   91    1
 165102000   92    1
 163634000   93    1
 163477000   94    1
 163714000   95    1
 164910000   96    1
 164801000   97    1
 167127000   98    1
 164341000   99    1
 162794000  100    1
13 #_N_cpue
 #_Fleet Units Errtype
       1     1       0
       2     1       0
       3     1       0
 #_year seas index        obs se_log
     76    1     2 2412917315    0.2
     78    1     2 2480729770    0.2
     80    1     2 1753254146    0.2
     82    1     2 1825832757    0.2
     84    1     2 2222450125    0.2
     86    1     2 2596424385    0.2
     88    1     2 2084922996    0.2
     90    1     2 2583671391    0.2
     92    1     2 2009891669    0.2
     94    1     2 2459341305    0.2
     96    1     2 3235063704    0.2
     98    1     2 4140578422    0.2
    100    1     2 1611920504    0.2
0 #_N_discard_fleets
#_discard_units (1=same_as_catchunits(bio/num); 2=fraction; 3=numbers)
#_discard_errtype:  >0 for DF of T-dist(read CV below); 0 for normal with CV; -1 for normal with se; -2 for lognormal
0 #_N_discard
0 #_N_meanbodywt
1 #_DF_for_meanbodywt_T-distribution_like
2 # length bin method: 1=use databins; 2=generate from binwidth,min,max below; 3=read vector
1 # binwidth for population size comp
10 # minimum size in the population (lower edge of first bin and size at age 0.00)
200 # maximum size in the population (lower edge of last bin)
-0.001 #_comp_tail_compression
1e-05 #_add_to_comp
0 #_combine males into females at or below this bin number
21 #_N_lbins
#_lbin_vector
10 53 70 83 94 101 107 111 114 117 120 123 125 127 130 132 135 138 142 148 200
0 #_N_Length_comp_observations
25 #_N_agebins
#_agebin_vector
1 2 3 4 5 6 7 8 9 10 11 12 13 14 15 16 17 18 19 20 21 22 23 24 25
1 #_N_ageerror_definitions
 #_age0   age1   age2   age3   age4   age5   age6   age7   age8   age9  age10  age11  age12  age13  age14  age15  age16  age17  age18  age19  age20  age21  age22  age23  age24  age25
 -1.000 -1.000 -1.000 -1.000 -1.000 -1.000 -1.000 -1.000 -1.000 -1.000 -1.000 -1.000 -1.000 -1.000 -1.000 -1.000 -1.000 -1.000 -1.000 -1.000 -1.000 -1.000 -1.000 -1.000 -1.000 -1.000
  0.001  0.001  0.001  0.001  0.001  0.001  0.001  0.001  0.001  0.001  0.001  0.001  0.001  0.001  0.001  0.001  0.001  0.001  0.001  0.001  0.001  0.001  0.001  0.001  0.001  0.001
198 #_N_agecomp
1 #_Lbin_method: 1=poplenbins; 2=datalenbins; 3=lengths
-1 #_combine males into females at or below this bin number
 #_Yr Seas FltSvy Gender Part Ageerr Lbin_lo Lbin_hi Nsamp          a1         a2         a3         a4         a5         a6         a7         a8         a9         a10         a11         a12         a13         a14         a15         a16          a17          a18          a19          a20          a21          a22          a23          a24          a25
    2    1      1      0    0      1      -1      -1  1000 0.025342337 0.11343103 0.15835881 0.10537055 0.09805543 0.09608421 0.07331142 0.05842730 0.05411620 0.034054130 0.037099446 0.035384235 0.019005888 0.010674855 0.015047069 0.007458723 0.0062450404 9.393141e-03 0.0075097461 5.483122e-03 5.095044e-03 7.496798e-03 1.257466e-03 2.681817e-03 0.0136162024
    3    1      1      0    0      1      -1      -1  1000 0.041412690 0.15507104 0.16012455 0.10192236 0.08355620 0.09393277 0.07259978 0.05658488 0.03675609 0.041765980 0.031623933 0.016756055 0.015531303 0.021801655 0.011974142 0.006681741 0.0068125876 7.206619e-03 0.0055196022 1.137209e-02 2.740365e-03 1.793847e-03 2.967349e-03 2.365657e-03 0.0111267357
    4    1      1      0    0      1      -1      -1  1000 0.017045600 0.19983392 0.17805164 0.11000565 0.07766023 0.07588986 0.05761814 0.04611958 0.04323515 0.028650926 0.026010879 0.020367585 0.019774300 0.012111759 0.023083527 0.018123983 0.0067673475 4.635668e-03 0.0057039640 3.785552e-03 1.038686e-02 1.148721e-03 7.355383e-04 9.085712e-04 0.0123450591
    5    1      1      0    0      1      -1      -1  1000 0.009680696 0.19688436 0.24475321 0.12530044 0.08314546 0.06240645 0.04269783 0.04917075 0.03785286 0.027900224 0.025122515 0.015732006 0.010303698 0.018219174 0.012046342 0.003304147 0.0041651611 6.760206e-03 0.0023463477 7.257583e-03 3.464242e-03 2.576237e-04 3.856540e-03 3.288863e-04 0.0070432414
    6    1      1      0    0      1      -1      -1  1000 0.008238793 0.13203547 0.22990206 0.17075582 0.10657199 0.06524175 0.05603564 0.03866726 0.03967983 0.032152136 0.023432144 0.016536350 0.014045214 0.010933263 0.006259433 0.009562949 0.0089940417 5.411056e-03 0.0050573264 4.389690e-03 4.569791e-03 2.443424e-03 1.655869e-03 1.177118e-03 0.0062515745
    7    1      1      0    0      1      -1      -1  1000 0.003931943 0.07242376 0.18849533 0.17464787 0.18169120 0.09585423 0.07228763 0.04628763 0.03496843 0.020846151 0.021043568 0.018063975 0.009220335 0.012481773 0.007302770 0.004382901 0.0099398518 8.567111e-03 0.0045782885 1.674067e-03 1.612465e-03 3.399569e-04 1.703921e-03 7.914941e-04 0.0068633435
    8    1      1      0    0      1      -1      -1  1000 0.008662741 0.09816822 0.10624555 0.15497408 0.17013015 0.13094056 0.07920066 0.05351202 0.04147906 0.033707951 0.031757004 0.017738341 0.018621865 0.012110847 0.007198532 0.004961802 0.0056140210 3.972021e-03 0.0043899695 1.799183e-03 3.735499e-03 1.261558e-03 1.301056e-03 1.626465e-03 0.0068908272
    9    1      1      0    0      1      -1      -1  1000 0.010266367 0.06768690 0.10431180 0.09227066 0.14962531 0.16961348 0.13439353 0.06330829 0.03951549 0.024960159 0.025267459 0.016113288 0.016488863 0.010911138 0.016406751 0.011187707 0.0063130819 6.480556e-03 0.0114657977 4.513321e-03 1.770615e-03 3.208350e-03 3.084197e-04 4.511723e-03 0.0091009403
   10    1      1      0    0      1      -1      -1  1000 0.011467213 0.07834315 0.10266527 0.09312907 0.08250768 0.13367689 0.13563621 0.11259021 0.05711440 0.034125919 0.024288167 0.024915747 0.025326177 0.016863337 0.014937222 0.009677953 0.0103049951 6.663347e-03 0.0034518714 2.896361e-03 4.920805e-03 2.205090e-03 1.422112e-03 6.646551e-04 0.0102061429
   11    1      1      0    0      1      -1      -1  1000 0.017417165 0.09415275 0.09466436 0.10631531 0.08468572 0.06855723 0.10333882 0.11801089 0.07604943 0.049122700 0.022034767 0.038111158 0.025719122 0.019153365 0.013740352 0.018297133 0.0093921751 3.283283e-03 0.0039945670 7.227052e-03 2.640483e-03 1.688833e-03 4.274306e-03 2.481883e-03 0.0156471510
   12    1      1      0    0      1      -1      -1  1000 0.009551612 0.16735546 0.11323957 0.08604332 0.05580474 0.06564345 0.05726174 0.08736975 0.09432997 0.085097501 0.053628594 0.024022236 0.016069798 0.011476518 0.007347575 0.011256124 0.0070500239 1.050771e-02 0.0077586276 8.213249e-03 3.497277e-03 3.772502e-03 5.435670e-04 3.045193e-03 0.0101139029
   13    1      1      0    0      1      -1      -1  1000 0.011681063 0.14207813 0.18416387 0.07843521 0.06447976 0.07884175 0.06190508 0.03719076 0.06053976 0.060963813 0.057172229 0.047478459 0.026397995 0.018136827 0.011214995 0.016552312 0.0069192146 8.020821e-03 0.0058756998 2.644783e-03 1.574888e-03 3.209375e-03 2.880977e-03 2.230512e-03 0.0094117239
   14    1      1      0    0      1      -1      -1  1000 0.011875920 0.13928200 0.15850822 0.17455154 0.07677632 0.05099231 0.03969219 0.04693821 0.02858810 0.052581064 0.062970501 0.053123756 0.013259770 0.019530860 0.012549783 0.012015669 0.0063838474 1.016497e-02 0.0077408308 6.607284e-03 1.991577e-03 3.604522e-03 2.378390e-03 6.278575e-04 0.0072645027
   15    1      1      0    0      1      -1      -1  1000 0.009516194 0.09821564 0.17104666 0.13584073 0.13434007 0.06572293 0.04373863 0.04350624 0.04193812 0.031815299 0.043824727 0.041643007 0.037919253 0.033931830 0.008867699 0.012844785 0.0046499142 9.612752e-03 0.0043138898 5.740174e-03 6.315478e-03 3.394097e-03 2.272180e-03 1.421788e-03 0.0075679100
   16    1      1      0    0      1      -1      -1  1000 0.003337046 0.10334921 0.13026535 0.15856028 0.10629340 0.12718144 0.05076051 0.03649793 0.03806586 0.034685401 0.024735859 0.037761135 0.035371140 0.034199880 0.017751607 0.008896713 0.0111692116 5.645981e-03 0.0049902101 2.006767e-03 1.856724e-03 7.779774e-03 3.505578e-03 5.286905e-03 0.0100460922
   17    1      1      0    0      1      -1      -1  1000 0.023485558 0.07975509 0.12937770 0.10226842 0.14484316 0.10789609 0.10455916 0.02852483 0.03327068 0.024160015 0.021068366 0.027297055 0.035991933 0.037884585 0.023183162 0.013155869 0.0087772863 8.426799e-03 0.0058355233 4.217403e-03 7.570155e-03 9.437661e-03 6.671154e-03 1.536567e-03 0.0108057721
   18    1      1      0    0      1      -1      -1  1000 0.007691324 0.12161095 0.09868120 0.10357828 0.08506774 0.11738073 0.09867043 0.07988642 0.04262028 0.028032531 0.020261442 0.019867042 0.025939370 0.031861749 0.039351352 0.024821769 0.0208507437 5.285849e-03 0.0060551488 4.362225e-03 3.973986e-03 2.226281e-03 2.797637e-03 2.506700e-03 0.0066188242
   19    1      1      0    0      1      -1      -1  1000 0.009057785 0.11832129 0.16205009 0.10673721 0.08815883 0.08178419 0.10246015 0.06937748 0.07141878 0.030290106 0.021119202 0.019188334 0.011786197 0.017360892 0.015482129 0.019725151 0.0139897944 7.489856e-03 0.0043607963 4.486399e-03 6.373892e-03 1.824588e-03 5.168507e-03 2.800462e-03 0.0091879043
   20    1      1      0    0      1      -1      -1  1000 0.012835975 0.09038093 0.13857236 0.16134365 0.08061581 0.08350635 0.06193918 0.06176051 0.06052510 0.063872093 0.026568511 0.018216419 0.017194030 0.022315206 0.012629148 0.018963600 0.0244636313 1.360343e-02 0.0115454935 2.253108e-03 3.761952e-03 1.184097e-03 3.779846e-03 1.635988e-03 0.0065335760
   21    1      1      0    0      1      -1      -1  1000 0.024701328 0.10498661 0.12137834 0.12428874 0.11892091 0.06461539 0.05084123 0.04978157 0.07330686 0.050345773 0.052436553 0.024025248 0.016442838 0.017295746 0.008698381 0.009233401 0.0127144856 1.964685e-02 0.0239388816 6.119313e-03 7.737402e-03 3.790629e-03 2.997255e-03 1.313912e-03 0.0104423463
   22    1      1      0    0      1      -1      -1  1000 0.014916242 0.17883136 0.13658928 0.09379652 0.09616435 0.09207077 0.05088888 0.04840023 0.04320449 0.045513085 0.038933808 0.046382825 0.014013994 0.006426377 0.005581692 0.011576815 0.0050273468 1.776992e-02 0.0154825873 6.861418e-03 7.694198e-03 3.134138e-03 3.845905e-03 2.022678e-03 0.0148711002
   23    1      1      0    0      1      -1      -1  1000 0.011758156 0.11035314 0.24108758 0.10596895 0.08479330 0.06682721 0.08272254 0.03546267 0.03505941 0.033850331 0.038993093 0.032868939 0.027714059 0.015006633 0.006673029 0.005166360 0.0043028605 4.863631e-03 0.0102968980 1.334778e-02 1.352906e-02 5.649820e-03 1.128908e-03 1.430099e-03 0.0111455490
   24    1      1      0    0      1      -1      -1  1000 0.011214641 0.09026229 0.16041528 0.17604050 0.10908223 0.07355213 0.05725469 0.07001981 0.03287582 0.040242654 0.018898219 0.031134401 0.033110137 0.021665192 0.012750137 0.005064158 0.0044249781 5.990013e-03 0.0037460548 7.078604e-03 9.301635e-03 7.095100e-03 4.299004e-03 4.293535e-03 0.0101887993
   25    1      1      0    0      1      -1      -1  1000 0.013960032 0.07543447 0.12765630 0.14499690 0.18596172 0.07082961 0.06045707 0.04861725 0.05940009 0.029818010 0.025830219 0.018085022 0.029087849 0.020178514 0.025284963 0.010476236 0.0034383173 9.274176e-03 0.0047133620 1.196818e-03 8.061595e-03 7.204992e-03 8.489061e-03 3.168222e-03 0.0083792007
   26    1      1      0    0      1      -1      -1  1000 0.011578038 0.12725260 0.10643130 0.10806940 0.10917433 0.12268605 0.08207683 0.04945063 0.04408817 0.049707869 0.032710649 0.018746427 0.027232540 0.017997544 0.021336787 0.018559956 0.0060238634 5.380467e-03 0.0054641232 4.898606e-03 1.710341e-03 3.954424e-03 4.690679e-03 7.841925e-03 0.0129364507
   27    1      1      0    0      1      -1      -1  1000 0.011939477 0.15177590 0.18157385 0.06517056 0.09142966 0.08946988 0.10456278 0.05044088 0.04363746 0.033954008 0.039718673 0.015276680 0.013019558 0.012313324 0.020732509 0.012759564 0.0178185861 9.647796e-03 0.0040968647 7.411300e-03 7.115709e-04 1.436035e-03 3.891289e-03 4.397562e-03 0.0128142227
   28    1      1      0    0      1      -1      -1  1000 0.017479199 0.12659260 0.20932325 0.12678330 0.05815976 0.07681762 0.06635077 0.08469761 0.03559540 0.040828455 0.018437833 0.031027336 0.009013504 0.017361227 0.009639512 0.015881148 0.0201975983 1.053550e-02 0.0027712983 1.280054e-03 1.771590e-03 2.604638e-03 7.777804e-04 1.724541e-03 0.0143484582
   29    1      1      0    0      1      -1      -1  1000 0.021995038 0.13896965 0.17315233 0.15985285 0.11150997 0.03959883 0.06190019 0.06493792 0.06802778 0.025552396 0.033874323 0.016463695 0.018011088 0.006633641 0.007475276 0.004369848 0.0055943038 3.358496e-03 0.0097507197 5.732067e-03 5.909033e-04 7.163743e-03 5.460005e-04 1.813197e-03 0.0131257531
   30    1      1      0    0      1      -1      -1  1000 0.010254867 0.14756775 0.18884182 0.13095509 0.12639794 0.07789596 0.02932185 0.04256111 0.04629200 0.054296146 0.030168528 0.015301457 0.017731679 0.016144960 0.008052332 0.005695581 0.0079506738 8.355775e-03 0.0105228853 6.529347e-03 8.240904e-04 1.289712e-03 1.660590e-03 2.563706e-03 0.0128241550
   31    1      1      0    0      1      -1      -1  1000 0.019677297 0.14503186 0.20082083 0.14190275 0.07918105 0.09511095 0.06141316 0.03004794 0.04446049 0.037787403 0.031158104 0.023781757 0.015598958 0.010333955 0.011181895 0.011719760 0.0059081986 5.178935e-03 0.0027109300 2.510732e-03 4.492550e-03 2.415525e-03 2.530444e-03 1.678364e-03 0.0133661772
   32    1      1      0    0      1      -1      -1  1000 0.009782901 0.13126017 0.15715337 0.17095297 0.12582299 0.08693932 0.08012477 0.05324327 0.02207136 0.022094315 0.022953765 0.039959970 0.013385076 0.009074694 0.012350928 0.007297356 0.0045252588 4.245782e-03 0.0037276514 4.492665e-03 1.063163e-03 5.425876e-03 3.139925e-03 7.227401e-04 0.0081897204
   33    1      1      0    0      1      -1      -1  1000 0.016390621 0.10473036 0.13578318 0.15188005 0.13347780 0.11257784 0.07889655 0.06117445 0.03288951 0.020857872 0.023315443 0.028232393 0.023042018 0.019327507 0.007096576 0.007123643 0.0109417257 3.716826e-03 0.0050276958 3.710240e-03 5.290687e-03 5.531525e-03 1.467439e-03 1.216275e-03 0.0063017624
   34    1      1      0    0      1      -1      -1  1000 0.013920897 0.10571093 0.16244919 0.13990246 0.12899111 0.09619073 0.08053268 0.06262162 0.05488566 0.040490065 0.014061855 0.017677832 0.015369156 0.016711393 0.004343927 0.002865599 0.0045209900 5.477714e-03 0.0018208068 4.580820e-03 3.136339e-03 6.014843e-03 4.015585e-03 3.097770e-03 0.0106100268
   35    1      1      0    0      1      -1      -1  1000 0.007121401 0.09626722 0.14059434 0.12225076 0.11612924 0.09993668 0.09177337 0.06925919 0.04549338 0.062580598 0.032424103 0.019113741 0.021883898 0.007969440 0.022091266 0.010405695 0.0038963915 5.899077e-03 0.0070808011 2.342779e-03 1.294599e-03 5.674769e-04 2.346820e-03 4.922418e-03 0.0063553104
   36    1      1      0    0      1      -1      -1  1000 0.017882333 0.08297053 0.14285459 0.13071109 0.10108524 0.11306809 0.08026548 0.08757378 0.05393659 0.037989770 0.029385678 0.026448094 0.011550625 0.017273814 0.013306867 0.020375807 0.0062451261 1.322307e-03 0.0029888249 6.992661e-03 2.105442e-03 2.713348e-03 2.333979e-03 1.407972e-03 0.0072119627
   37    1      1      0    0      1      -1      -1  1000 0.011410692 0.22606552 0.07061393 0.10124621 0.08920628 0.07644246 0.06869263 0.08056770 0.07286990 0.045501375 0.025362090 0.039047860 0.021354852 0.006692676 0.005524031 0.017988970 0.0121151992 9.500287e-03 0.0034370187 4.139404e-03 9.639548e-04 9.329996e-04 2.407329e-04 2.916093e-04 0.0097916152
   38    1      1      0    0      1      -1      -1  1000 0.012797349 0.09310501 0.29247814 0.07735683 0.08279562 0.07189058 0.06073104 0.06198363 0.04924724 0.056526688 0.026304187 0.030519640 0.026888548 0.011532189 0.006667847 0.007154844 0.0082229145 6.971083e-03 0.0024437367 1.340789e-03 6.724015e-04 2.858312e-03 9.244468e-04 1.284559e-03 0.0073023662
   39    1      1      0    0      1      -1      -1  1000 0.014339245 0.14428687 0.12610995 0.25173501 0.06359804 0.07064627 0.05493536 0.04472132 0.04122544 0.038885774 0.034089388 0.027128033 0.012081265 0.019387770 0.010366922 0.007044860 0.0059568868 5.284542e-03 0.0046360181 1.853569e-03 1.895441e-03 3.719231e-03 3.387096e-03 7.099636e-03 0.0055860482
   40    1      1      0    0      1      -1      -1  1000 0.041278460 0.15036516 0.14958869 0.09442943 0.19038790 0.04593866 0.03790788 0.04737709 0.04394145 0.037548867 0.030540983 0.034492944 0.024534026 0.018827063 0.007652917 0.008160642 0.0029602308 7.418413e-03 0.0065393030 4.484292e-03 1.084337e-03 2.096455e-03 3.101513e-03 3.001488e-03 0.0063418284
   41    1      1      0    0      1      -1      -1  1000 0.018193922 0.30342512 0.15376621 0.12124245 0.05408097 0.11254227 0.03058130 0.03878006 0.02889626 0.016363803 0.028237076 0.017684153 0.014469201 0.017850002 0.006621432 0.008217760 0.0088431800 1.917607e-03 0.0028036492 2.510655e-03 2.515268e-03 4.294426e-03 9.282593e-04 3.621729e-04 0.0048727947
   42    1      1      0    0      1      -1      -1  1000 0.024042159 0.16894491 0.37754733 0.09643940 0.06163586 0.05092119 0.07863009 0.02451510 0.01910080 0.023067731 0.011821493 0.008417909 0.011264190 0.011113272 0.007211262 0.009510543 0.0038042879 1.435191e-03 0.0018581576 1.551541e-03 4.879315e-04 3.358753e-03 1.602688e-03 2.772637e-04 0.0014409517
   43    1      1      0    0      1      -1      -1  1000 0.028336134 0.16751338 0.18780254 0.26204745 0.08245860 0.05343918 0.02943967 0.06338368 0.01433758 0.013293374 0.011214352 0.016562993 0.020612499 0.013789419 0.007536343 0.005432952 0.0045572715 2.879085e-03 0.0021430193 1.229061e-03 8.867619e-04 1.242761e-03 1.168523e-03 5.008142e-05 0.0086432986
   44    1      1      0    0      1      -1      -1  1000 0.005450790 0.16182075 0.18698785 0.15497278 0.20086633 0.06075974 0.05391870 0.02579114 0.05257149 0.011184266 0.018858328 0.010110560 0.014272991 0.010933209 0.004704135 0.003488043 0.0047645601 5.882504e-04 0.0053655294 2.273434e-03 8.461032e-05 9.864844e-04 6.198197e-04 4.331231e-03 0.0042949923
   45    1      1      0    0      1      -1      -1  1000 0.007513630 0.07843843 0.24866896 0.15298514 0.13279647 0.16592464 0.05136299 0.02972514 0.02331633 0.029879722 0.005565361 0.016000803 0.011091502 0.005442802 0.007604095 0.006313631 0.0059997744 6.385968e-03 0.0017153516 2.393512e-03 8.293931e-05 1.039204e-03 1.353094e-03 2.287435e-03 0.0061130781
   46    1      1      0    0      1      -1      -1  1000 0.023281898 0.07121449 0.12074433 0.22942620 0.14625689 0.10018623 0.13024353 0.04114270 0.02648299 0.017161906 0.032605324 0.006960461 0.005811739 0.008240802 0.005737968 0.005797661 0.0052549429 5.168943e-03 0.0016148688 1.998604e-03 1.461918e-03 5.176509e-03 1.163107e-04 1.116733e-03 0.0067960535
   47    1      1      0    0      1      -1      -1  1000 0.013466476 0.19713019 0.08238010 0.08638364 0.16279832 0.10391557 0.09505051 0.11370081 0.02804297 0.022402428 0.015435632 0.024854918 0.005936299 0.016067768 0.006153450 0.002412196 0.0027863875 2.703488e-03 0.0048804160 2.973362e-03 3.283560e-03 1.043172e-03 6.327865e-04 1.667786e-03 0.0038977864
   48    1      1      0    0      1      -1      -1  1000 0.015103223 0.14519880 0.25498486 0.07650497 0.05484453 0.10686845 0.08665918 0.05894436 0.09062453 0.020856669 0.011133879 0.009507596 0.023053754 0.008286554 0.004842778 0.008146044 0.0013710595 4.535678e-03 0.0044869491 2.770624e-03 2.653925e-03 1.590175e-03 5.016138e-05 1.093799e-04 0.0068718762
   49    1      1      0    0      1      -1      -1  1000 0.009221528 0.13737368 0.19605080 0.19964372 0.05656253 0.06569602 0.08888211 0.05737251 0.03954945 0.056213277 0.024960316 0.020321050 0.004618334 0.013982645 0.002468162 0.004648707 0.0030547511 1.877037e-03 0.0037193009 2.932073e-03 8.826625e-04 1.649539e-03 8.458097e-04 2.581228e-03 0.0048927586
   50    1      1      0    0      1      -1      -1  1000 0.021596174 0.15010551 0.13459808 0.18432236 0.14624076 0.03440663 0.04138264 0.08086096 0.04886824 0.034876535 0.056634412 0.018426633 0.005135891 0.005625283 0.010184017 0.005859119 0.0019944934 2.021025e-03 0.0008243920 3.190184e-03 1.370098e-03 1.517672e-03 3.122628e-03 3.958050e-05 0.0067966768
   51    1      1      0    0      1      -1      -1  1000 0.017975344 0.13862452 0.20061651 0.11651908 0.10233584 0.12329509 0.05072255 0.02126541 0.05673107 0.039705745 0.033912888 0.039344372 0.013761477 0.017494132 0.003034906 0.007219689 0.0012020998 6.537066e-04 0.0034651491 4.740740e-03 7.242726e-04 2.183608e-03 7.882006e-04 3.349327e-04 0.0033486600
   52    1      1      0    0      1      -1      -1  1000 0.016393655 0.14466897 0.20428278 0.14605175 0.08381164 0.09027790 0.07598679 0.02986307 0.03055615 0.042536663 0.030348761 0.022409928 0.031913737 0.009627417 0.009209534 0.001865117 0.0076718898 3.541399e-03 0.0012592659 2.074627e-03 1.570144e-03 3.893139e-03 3.403916e-03 3.548018e-03 0.0032337391
   53    1      1      0    0      1      -1      -1  1000 0.014367172 0.16400195 0.18509937 0.16466858 0.10940125 0.06690823 0.06451678 0.07013581 0.01868931 0.023948763 0.036044578 0.018799897 0.013219262 0.020305308 0.006341609 0.006586647 0.0022869786 4.144467e-03 0.0007131267 3.340605e-04 1.273976e-03 2.741424e-03 2.052577e-03 4.562910e-06 0.0034143024
   54    1      1      0    0      1      -1      -1  1000 0.006672087 0.13097241 0.23435612 0.14225066 0.09702862 0.09604726 0.05682645 0.05500302 0.05508303 0.016849664 0.009434265 0.026030943 0.026125658 0.005546395 0.015781537 0.007703801 0.0036705625 1.057268e-03 0.0017411915 8.941464e-04 1.224308e-03 2.966669e-03 6.931288e-04 3.653811e-04 0.0056754201
   55    1      1      0    0      1      -1      -1  1000 0.039351422 0.11529424 0.17171632 0.17210817 0.09881702 0.08967221 0.08647817 0.03359948 0.04573441 0.051100730 0.011374222 0.010021518 0.015600169 0.015371075 0.009357516 0.019488642 0.0020181013 7.211469e-04 0.0035123881 3.774454e-03 2.390538e-04 9.006918e-04 1.680532e-03 1.843260e-04 0.0018839889
   56    1      1      0    0      1      -1      -1  1000 0.020331175 0.25604692 0.13237420 0.10406304 0.12987356 0.07291918 0.07046663 0.04869083 0.02340103 0.035689270 0.036093919 0.008181705 0.011417672 0.014818751 0.010551760 0.003264342 0.0098481503 1.481286e-03 0.0021179364 7.455657e-04 3.717213e-03 2.129150e-03 2.340981e-04 2.336005e-04 0.0013090142
   57    1      1      0    0      1      -1      -1  1000 0.023525089 0.10704758 0.32742649 0.09022256 0.08173874 0.11055173 0.05097579 0.04050364 0.04935275 0.020872365 0.024444720 0.018473038 0.004128674 0.010971643 0.011439167 0.004234050 0.0126297005 5.932221e-03 0.0008290090 1.410962e-03 5.233202e-05 1.619715e-03 4.310794e-07 3.851100e-04 0.0012324945
   58    1      1      0    0      1      -1      -1  1000 0.032822042 0.18155253 0.15420046 0.23358851 0.08520343 0.05467767 0.06672181 0.03473922 0.03916784 0.029062275 0.019647155 0.013667589 0.012804271 0.007520261 0.003367987 0.014817487 0.0029451167 5.065510e-03 0.0028884206 6.594074e-04 1.410677e-03 8.234698e-04 2.669527e-04 7.856444e-06 0.0023720613
   59    1      1      0    0      1      -1      -1  1000 0.019807266 0.18377876 0.20902984 0.13306347 0.14651078 0.06463106 0.05643748 0.05005593 0.03485908 0.026564976 0.015017106 0.008751809 0.012871101 0.005800042 0.004976462 0.003726341 0.0061443849 2.258030e-03 0.0023656430 7.145796e-03 3.983777e-04 1.538105e-03 1.493110e-03 1.036539e-03 0.0017384931
   60    1      1      0    0      1      -1      -1  1000 0.020600465 0.19062265 0.21298594 0.14483131 0.09028000 0.11215101 0.04879721 0.02932620 0.03577322 0.025496138 0.023835804 0.017397962 0.009251825 0.006667221 0.008001527 0.001501891 0.0013430480 4.274858e-03 0.0015680423 1.304848e-03 2.675075e-03 3.936018e-03 3.959515e-03 3.257957e-06 0.0034149681
   61    1      1      0    0      1      -1      -1  1000 0.013984893 0.14702150 0.27982530 0.15215695 0.09898327 0.05980652 0.09119297 0.03645323 0.02206995 0.024859539 0.014617755 0.011079637 0.010399072 0.006421690 0.006210353 0.004886424 0.0007781372 5.933640e-03 0.0028231255 1.337149e-03 3.535792e-04 5.021505e-03 1.266120e-03 3.952217e-05 0.0024781686
   62    1      1      0    0      1      -1      -1  1000 0.015675480 0.11215972 0.19844525 0.21260846 0.12354057 0.08920553 0.04847060 0.06891861 0.02968347 0.018967480 0.025318342 0.010092825 0.011311661 0.009086477 0.004676813 0.002565725 0.0078026522 5.071932e-05 0.0011433276 2.632676e-03 2.143873e-03 1.141344e-03 1.601890e-03 7.916405e-04 0.0019648607
   63    1      1      0    0      1      -1      -1  1000 0.018571608 0.15061799 0.14625806 0.14205302 0.16950797 0.11315536 0.06931279 0.04112370 0.04405854 0.016735267 0.017902254 0.014802399 0.007817059 0.007342557 0.007376059 0.008104161 0.0025320846 1.204253e-02 0.0016185142 4.803280e-04 3.156706e-03 6.625618e-04 1.796608e-06 5.048430e-04 0.0042618478
   64    1      1      0    0      1      -1      -1  1000 0.019595482 0.11290236 0.26360953 0.12177953 0.10105143 0.11694283 0.08204320 0.05063509 0.02147469 0.037075026 0.014264098 0.010680570 0.018273321 0.011495438 0.004132617 0.004016420 0.0016958955 2.464099e-03 0.0010497403 1.143556e-03 1.997920e-04 1.171868e-03 3.394348e-04 7.131587e-05 0.0018926676
   65    1      1      0    0      1      -1      -1  1000 0.017051838 0.15963927 0.14646858 0.19156957 0.08055038 0.10396975 0.08561471 0.06164504 0.04130098 0.025381353 0.025956352 0.012686973 0.010473886 0.008947902 0.005677271 0.003993608 0.0036435423 1.049981e-03 0.0053829839 2.321776e-03 1.239650e-03 8.638509e-04 1.844405e-03 4.292814e-04 0.0022970680
   66    1      1      0    0      1      -1      -1  1000 0.017344888 0.18949566 0.19726138 0.11388632 0.13458221 0.05287492 0.06724733 0.07460239 0.04102911 0.024541844 0.021770299 0.024462192 0.010879827 0.003949468 0.007008761 0.005136944 0.0010170145 4.746287e-03 0.0017293909 8.909115e-04 5.507709e-04 1.688127e-04 1.029257e-04 1.273437e-03 0.0034469108
   67    1      1      0    0      1      -1      -1  1000 0.039394303 0.15640105 0.23375366 0.12525577 0.08645066 0.10657892 0.03674092 0.04910664 0.05341788 0.027182323 0.021811622 0.013188028 0.011885063 0.007903258 0.007904077 0.004210930 0.0057206494 4.191857e-03 0.0018020631 2.068541e-04 8.157734e-04 1.444812e-04 9.449538e-06 3.459299e-04 0.0055778450
   68    1      1      0    0      1      -1      -1  1000 0.016805269 0.24933902 0.19117753 0.14689320 0.08807368 0.05319843 0.06897288 0.03252809 0.04648352 0.022851558 0.028153705 0.013460975 0.003986531 0.012926895 0.001188113 0.005487997 0.0057947553 3.474881e-03 0.0016303859 1.060002e-03 1.563904e-03 4.482055e-04 3.914300e-04 8.377033e-04 0.0032713353
   69    1      1      0    0      1      -1      -1  1000 0.011639487 0.19605220 0.26391268 0.14021837 0.10122837 0.08037058 0.03258693 0.05344067 0.02673272 0.018093708 0.023133211 0.012958063 0.014740635 0.006453703 0.007101090 0.001163033 0.0016436947 5.777366e-03 0.0001117764 8.815629e-04 1.161360e-04 1.022994e-04 4.765947e-04 7.061775e-04 0.0003589383
   70    1      1      0    0      1      -1      -1  1000 0.025150623 0.08751520 0.25666956 0.22023575 0.10057557 0.08726625 0.05489960 0.02304532 0.04163565 0.019373632 0.020033255 0.023899052 0.014202706 0.005375554 0.003803468 0.006616728 0.0019782020 1.654892e-03 0.0010262356 1.759254e-03 1.042878e-03 1.198748e-04 2.609626e-04 5.674969e-06 0.0018541210
   71    1      1      0    0      1      -1      -1  1000 0.009226855 0.21796995 0.11540631 0.18377005 0.16669051 0.07026389 0.07229101 0.03974017 0.01716812 0.033440867 0.012132407 0.011567763 0.020376505 0.009552672 0.003621996 0.003233548 0.0035271820 1.575368e-03 0.0005026295 2.787765e-03 3.254429e-03 4.901056e-04 3.666201e-05 1.081688e-05 0.0013624228
   72    1      1      0    0      1      -1      -1  1000 0.016174036 0.09314370 0.30091271 0.08427781 0.17406361 0.11024764 0.05889465 0.04322867 0.02997662 0.009362986 0.023885070 0.015119663 0.004412456 0.009483952 0.007408763 0.005797753 0.0026986520 5.323484e-03 0.0002061351 3.925776e-04 7.828275e-04 1.152512e-03 3.977611e-04 9.538273e-04 0.0017021178
   73    1      1      0    0      1      -1      -1  1000 0.007470241 0.18102328 0.12006847 0.23251581 0.06846538 0.11962002 0.09842650 0.04908391 0.02992554 0.027878550 0.009473811 0.012955478 0.007969760 0.011878857 0.009014737 0.004984244 0.0005523393 3.733015e-03 0.0025894740 1.365085e-03 8.775605e-07 3.612415e-05 2.080178e-05 2.350390e-04 0.0007126422
   74    1      1      0    0      1      -1      -1  1000 0.015501261 0.07025825 0.20455564 0.11895893 0.20673018 0.05114162 0.10101066 0.07840680 0.03768674 0.038259035 0.021782209 0.010882941 0.014612279 0.005642882 0.005768215 0.005266824 0.0029897354 2.684378e-03 0.0010974610 9.392363e-04 1.263762e-03 1.307728e-03 3.576733e-04 3.069799e-04 0.0025885625
   75    1      1      0    0      1      -1      -1  1000 0.033277248 0.14059909 0.09943919 0.16264988 0.07685884 0.17111048 0.04450078 0.09627918 0.05455646 0.036595253 0.016833945 0.026190913 0.010987681 0.008738552 0.004902606 0.003452385 0.0030360175 1.186083e-03 0.0011414132 4.471702e-05 3.024492e-04 5.256280e-03 5.585419e-05 4.558203e-04 0.0015488846
   76    1      1      0    0      1      -1      -1  1000 0.021110740 0.21747656 0.16422183 0.07293747 0.12268410 0.04968418 0.13513437 0.03793267 0.05097471 0.051753306 0.019381136 0.012984289 0.011935689 0.006903756 0.004310087 0.003811721 0.0050540555 2.931738e-03 0.0027958545 2.685210e-03 1.876316e-03 9.487002e-04 1.260203e-04 1.749710e-07 0.0003453293
   77    1      1      0    0      1      -1      -1  1000 0.008508761 0.16473699 0.26573985 0.12099752 0.04973632 0.09738678 0.04296007 0.08334590 0.03315441 0.042104451 0.034463577 0.011209356 0.016118347 0.007792256 0.001424485 0.006246580 0.0026286905 3.101249e-03 0.0023043259 4.363726e-04 3.235612e-03 2.719410e-04 3.785078e-04 5.997247e-08 0.0017175977
   78    1      1      0    0      1      -1      -1  1000 0.010623687 0.11237417 0.21070312 0.19691911 0.09461708 0.03953737 0.08319073 0.02824093 0.08652691 0.022515858 0.036615907 0.030651251 0.010628955 0.008537564 0.004754184 0.002942688 0.0030287407 4.725954e-03 0.0052119873 1.993540e-03 3.237050e-04 1.160414e-03 1.235827e-03 1.567628e-03 0.0013726911
   79    1      1      0    0      1      -1      -1  1000 0.017294698 0.13355441 0.14376951 0.19514601 0.16718630 0.08471706 0.02523180 0.05738148 0.02558502 0.045999607 0.011052173 0.023508086 0.022749048 0.014016721 0.007472081 0.006354788 0.0022245392 2.700583e-03 0.0033524562 6.310539e-04 2.321130e-03 1.421051e-03 4.144006e-03 1.546381e-06 0.0021848518
   80    1      1      0    0      1      -1      -1  1000 0.021473642 0.21531536 0.14718764 0.10530463 0.14343348 0.11245239 0.05339312 0.02370644 0.04142302 0.023239754 0.037941965 0.015127937 0.019476274 0.018195863 0.006713667 0.004586453 0.0031634705 1.258058e-03 0.0018157080 1.125904e-03 8.064527e-04 1.375282e-03 2.287214e-04 2.587273e-05 0.0012289008
   81    1      1      0    0      1      -1      -1  1000 0.026036453 0.15558173 0.25486231 0.11052855 0.06512486 0.09134872 0.09494632 0.03755849 0.02510693 0.032214550 0.009790133 0.026524936 0.012573834 0.020179236 0.017387454 0.004642770 0.0034530245 6.647371e-04 0.0049424589 2.091512e-03 6.859690e-04 6.860478e-04 5.948363e-04 1.026166e-03 0.0014479599
   82    1      1      0    0      1      -1      -1  1000 0.029635073 0.20176489 0.19385779 0.17155426 0.07618775 0.04730735 0.07622641 0.05878781 0.03695839 0.010416192 0.025826834 0.015754416 0.019140985 0.005492622 0.010296255 0.011347069 0.0033927007 1.193367e-03 0.0005147590 3.595543e-04 3.554071e-04 5.195591e-04 2.282568e-04 5.341358e-04 0.0023481624
   83    1      1      0    0      1      -1      -1  1000 0.022092556 0.17861035 0.22156805 0.13113887 0.13889126 0.04817321 0.05158657 0.04530529 0.05038737 0.022528622 0.012018985 0.024607697 0.007724627 0.016267728 0.006046018 0.009465821 0.0043548418 4.557833e-03 0.0011327701 1.516324e-03 9.131915e-05 2.197907e-05 2.902011e-04 5.352384e-04 0.0010864784
   84    1      1      0    0      1      -1      -1  1000 0.013359742 0.13363118 0.23060415 0.15886273 0.09506511 0.10913391 0.03524670 0.04147581 0.04428333 0.041068251 0.022859809 0.005592605 0.016432541 0.004883903 0.018952207 0.005263182 0.0106642755 4.852574e-03 0.0023126417 1.385494e-03 2.321389e-04 5.106695e-05 1.044437e-03 3.720955e-06 0.0027384960
   85    1      1      0    0      1      -1      -1  1000 0.025472000 0.12345770 0.17208298 0.18430731 0.13285001 0.07340159 0.09646275 0.03747560 0.02808752 0.038479874 0.024432200 0.014600391 0.003000376 0.017185721 0.003669388 0.009859284 0.0017459489 5.823154e-03 0.0011505303 1.558214e-03 2.052366e-03 1.257497e-04 1.118524e-06 1.751428e-04 0.0025430833
   86    1      1      0    0      1      -1      -1  1000 0.010342725 0.19510151 0.17112009 0.09968712 0.16138752 0.09512682 0.06650461 0.05248284 0.03072086 0.021470800 0.019607932 0.021472130 0.010187931 0.005828680 0.012437965 0.006408727 0.0104184343 1.705933e-03 0.0033769227 2.625081e-03 5.777377e-04 1.624341e-04 1.355954e-05 2.929132e-06 0.0012287240
   87    1      1      0    0      1      -1      -1  1000 0.017437731 0.10946272 0.24001231 0.12431534 0.08939790 0.11998825 0.07123825 0.04212906 0.04634936 0.020079727 0.013004287 0.022877239 0.037528671 0.006579483 0.001476865 0.010427237 0.0040604610 7.339665e-03 0.0008362078 6.297501e-03 2.463286e-03 1.839766e-03 6.099782e-04 1.872512e-04 0.0040614452
   88    1      1      0    0      1      -1      -1  1000 0.018758484 0.16637413 0.14750489 0.18916155 0.09682156 0.07166959 0.08745473 0.04498936 0.04195069 0.044822228 0.016312808 0.007210371 0.019327911 0.012753020 0.008470657 0.001489068 0.0034453589 2.924033e-03 0.0117948626 9.664637e-04 2.162120e-03 8.765482e-04 7.701598e-04 1.199991e-04 0.0018694009
   89    1      1      0    0      1      -1      -1  1000 0.026111350 0.11635558 0.20523092 0.11007420 0.15258356 0.08510020 0.05376854 0.07470365 0.05358495 0.023668590 0.032966342 0.016304420 0.010468212 0.013299545 0.007039943 0.002644305 0.0043244508 1.693542e-03 0.0018595607 5.401237e-03 8.199011e-04 5.816700e-04 1.106091e-03 4.498699e-05 0.0002642488
   90    1      1      0    0      1      -1      -1  1000 0.018318910 0.23797756 0.16601979 0.14374351 0.06789164 0.09548092 0.05916238 0.03970412 0.05110470 0.028097179 0.020297074 0.026908501 0.006391459 0.005508985 0.010076616 0.012709263 0.0037881197 1.649544e-03 0.0024201786 1.907671e-04 1.062083e-03 2.621382e-05 3.095755e-04 2.150665e-04 0.0009458435
   91    1      1      0    0      1      -1      -1  1000 0.005535978 0.16829531 0.27430493 0.12507005 0.09054924 0.07521529 0.06999685 0.04262160 0.02875847 0.034231186 0.024450993 0.011999689 0.015874621 0.003209730 0.005202111 0.005957894 0.0068462340 3.586658e-03 0.0010424588 2.012812e-03 6.944867e-05 4.249799e-03 3.090068e-05 4.082149e-04 0.0004795317
   92    1      1      0    0      1      -1      -1  1000 0.030021707 0.08923555 0.22323410 0.21528670 0.10333309 0.07782356 0.04931895 0.06078416 0.04161401 0.017546057 0.020169112 0.017300488 0.016213003 0.011738471 0.004660161 0.003652723 0.0022223352 5.623206e-03 0.0034814704 1.324896e-03 1.240619e-03 9.113247e-04 1.313996e-03 1.798840e-06 0.0019485130
   93    1      1      0    0      1      -1      -1  1000 0.010536302 0.19336400 0.10005612 0.17010202 0.17450468 0.07234557 0.06905789 0.04859626 0.04306309 0.026402093 0.022427926 0.020241535 0.009387617 0.009047132 0.012227358 0.002312130 0.0022214855 4.466651e-03 0.0041357223 4.887824e-04 2.782269e-05 3.441513e-04 7.706251e-04 1.915193e-04 0.0036815259
   94    1      1      0    0      1      -1      -1  1000 0.031322360 0.10597469 0.23981931 0.08783562 0.11972355 0.15518631 0.05802469 0.05203053 0.03267718 0.036802233 0.019818538 0.009230092 0.023021994 0.009012059 0.004659394 0.004839540 0.0016944409 2.678581e-03 0.0023201128 1.291133e-03 7.270714e-04 3.416164e-04 1.204908e-04 1.187969e-04 0.0007296792
   95    1      1      0    0      1      -1      -1  1000 0.010350049 0.22007241 0.15351688 0.17892170 0.07048205 0.10548111 0.08200838 0.03987771 0.04033861 0.020746585 0.030159691 0.010898861 0.008195802 0.006717871 0.004401549 0.004786579 0.0027159352 3.342060e-03 0.0006203128 2.277090e-03 6.628877e-04 2.279054e-03 4.862743e-07 9.927127e-05 0.0010470715
   96    1      1      0    0      1      -1      -1  1000 0.023456213 0.05607234 0.29481137 0.09857977 0.15880905 0.05855827 0.06675219 0.07701602 0.03348563 0.033911747 0.017569874 0.027221119 0.008474930 0.011470809 0.006793417 0.005124853 0.0022614848 5.562024e-03 0.0031839859 9.067929e-04 1.102221e-03 3.059635e-04 2.509818e-03 1.793640e-03 0.0042664790
   97    1      1      0    0      1      -1      -1  1000 0.006432098 0.24038857 0.08652552 0.25254318 0.08336866 0.11628057 0.02906834 0.03901048 0.04168173 0.021751821 0.015960259 0.017192514 0.017408483 0.006985242 0.004468597 0.003880459 0.0078521771 3.142318e-03 0.0020945394 6.914074e-04 4.109607e-04 4.595758e-04 5.107083e-04 4.241685e-05 0.0018493764
   98    1      1      0    0      1      -1      -1  1000 0.008089785 0.10554405 0.30881593 0.06762821 0.18320871 0.05473770 0.09266713 0.03616459 0.04720703 0.034705434 0.013796356 0.014894516 0.003862901 0.007883077 0.003121463 0.002155246 0.0042156691 2.114264e-03 0.0020840442 1.446486e-03 5.423592e-05 9.484980e-04 1.725571e-04 3.378852e-03 0.0011032605
   99    1      1      0    0      1      -1      -1  1000 0.022128053 0.11823887 0.11513294 0.27343730 0.04723130 0.14738886 0.05662514 0.06234714 0.02490710 0.037047997 0.024948230 0.017390165 0.017363688 0.005379450 0.011022369 0.006861640 0.0021828794 3.003838e-03 0.0021157271 1.688093e-03 6.686138e-04 4.676719e-04 1.806526e-03 9.362290e-05 0.0005227836
  100    1      1      0    0      1      -1      -1  1000 0.016343833 0.21105752 0.14016865 0.08293758 0.18520572 0.03951321 0.11110590 0.04510859 0.05155550 0.014117336 0.026673863 0.026372807 0.008316767 0.008120130 0.006446776 0.008374770 0.0025060290 1.734145e-03 0.0077486419 9.762643e-04 1.725300e-03 2.678816e-04 3.015385e-04 2.786426e-04 0.0030425979
    2    1      2      0    0      1      -1      -1  1000 0.048000000 0.15300000 0.12900000 0.11400000 0.11100000 0.09200000 0.07600000 0.04900000 0.04500000 0.035000000 0.028000000 0.015000000 0.014000000 0.019000000 0.013000000 0.014000000 0.0100000000 3.000000e-03 0.0090000000 5.000000e-03 4.000000e-03 1.000000e-03 2.000000e-03 0.000000e+00 0.0110000000
    3    1      2      0    0      1      -1      -1  1000 0.066000000 0.18400000 0.12200000 0.12500000 0.09500000 0.06300000 0.07300000 0.04900000 0.04200000 0.031000000 0.038000000 0.027000000 0.012000000 0.015000000 0.013000000 0.009000000 0.0060000000 8.000000e-03 0.0040000000 4.000000e-03 5.000000e-03 1.000000e-03 1.000000e-03 2.000000e-03 0.0050000000
    4    1      2      0    0      1      -1      -1  1000 0.053000000 0.24900000 0.17700000 0.08700000 0.07200000 0.06800000 0.05900000 0.04800000 0.03500000 0.033000000 0.012000000 0.013000000 0.020000000 0.015000000 0.006000000 0.008000000 0.0060000000 8.000000e-03 0.0040000000 2.000000e-03 3.000000e-03 3.000000e-03 5.000000e-03 2.000000e-03 0.0120000000
    5    1      2      0    0      1      -1      -1  1000 0.044000000 0.23200000 0.22100000 0.12400000 0.07600000 0.06200000 0.04400000 0.03400000 0.02800000 0.021000000 0.020000000 0.014000000 0.013000000 0.009000000 0.011000000 0.006000000 0.0090000000 5.000000e-03 0.0050000000 4.000000e-03 4.000000e-03 4.000000e-03 1.000000e-03 1.000000e-03 0.0080000000
    6    1      2      0    0      1      -1      -1  1000 0.012000000 0.17400000 0.20900000 0.17800000 0.10000000 0.06000000 0.04800000 0.04300000 0.02600000 0.030000000 0.011000000 0.013000000 0.021000000 0.012000000 0.009000000 0.012000000 0.0070000000 9.000000e-03 0.0020000000 4.000000e-03 5.000000e-03 4.000000e-03 2.000000e-03 0.000000e+00 0.0090000000
    7    1      2      0    0      1      -1      -1  1000 0.016000000 0.08900000 0.17800000 0.20900000 0.15400000 0.09400000 0.04900000 0.04100000 0.02600000 0.032000000 0.013000000 0.012000000 0.017000000 0.008000000 0.016000000 0.007000000 0.0040000000 7.000000e-03 0.0040000000 4.000000e-03 6.000000e-03 3.000000e-03 1.000000e-03 1.000000e-03 0.0090000000
    8    1      2      0    0      1      -1      -1  1000 0.022000000 0.11400000 0.11500000 0.13200000 0.17600000 0.13600000 0.08200000 0.04700000 0.02700000 0.032000000 0.014000000 0.016000000 0.011000000 0.011000000 0.008000000 0.013000000 0.0080000000 1.000000e-02 0.0040000000 6.000000e-03 3.000000e-03 1.000000e-03 3.000000e-03 2.000000e-03 0.0070000000
    9    1      2      0    0      1      -1      -1  1000 0.022000000 0.08000000 0.11300000 0.09000000 0.16800000 0.14400000 0.11200000 0.06000000 0.03900000 0.038000000 0.020000000 0.023000000 0.014000000 0.008000000 0.007000000 0.009000000 0.0080000000 1.300000e-02 0.0090000000 4.000000e-03 2.000000e-03 2.000000e-03 1.000000e-03 2.000000e-03 0.0120000000
   10    1      2      0    0      1      -1      -1  1000 0.027000000 0.09000000 0.09500000 0.08600000 0.06300000 0.12700000 0.11400000 0.12300000 0.06200000 0.034000000 0.037000000 0.027000000 0.015000000 0.020000000 0.024000000 0.009000000 0.0070000000 5.000000e-03 0.0050000000 3.000000e-03 9.000000e-03 3.000000e-03 3.000000e-03 1.000000e-03 0.0110000000
   11    1      2      0    0      1      -1      -1  1000 0.038000000 0.11100000 0.09200000 0.07300000 0.08000000 0.07100000 0.10600000 0.12800000 0.07700000 0.055000000 0.028000000 0.025000000 0.021000000 0.015000000 0.010000000 0.013000000 0.0110000000 8.000000e-03 0.0120000000 4.000000e-03 1.000000e-03 4.000000e-03 3.000000e-03 4.000000e-03 0.0100000000
   12    1      2      0    0      1      -1      -1  1000 0.041000000 0.21500000 0.11500000 0.07300000 0.05800000 0.06700000 0.04500000 0.06500000 0.08900000 0.069000000 0.026000000 0.019000000 0.020000000 0.019000000 0.015000000 0.019000000 0.0080000000 5.000000e-03 0.0120000000 4.000000e-03 4.000000e-03 1.000000e-03 2.000000e-03 0.000000e+00 0.0090000000
   13    1      2      0    0      1      -1      -1  1000 0.039000000 0.18700000 0.18100000 0.08200000 0.06100000 0.04000000 0.04300000 0.03200000 0.05500000 0.082000000 0.058000000 0.037000000 0.011000000 0.021000000 0.011000000 0.010000000 0.0150000000 7.000000e-03 0.0020000000 7.000000e-03 3.000000e-03 3.000000e-03 2.000000e-03 1.000000e-03 0.0100000000
   14    1      2      0    0      1      -1      -1  1000 0.025000000 0.20300000 0.15300000 0.15100000 0.05800000 0.04100000 0.03500000 0.05100000 0.03400000 0.042000000 0.066000000 0.049000000 0.018000000 0.013000000 0.010000000 0.009000000 0.0040000000 3.000000e-03 0.0040000000 4.000000e-03 5.000000e-03 2.000000e-03 5.000000e-03 3.000000e-03 0.0120000000
   15    1      2      0    0      1      -1      -1  1000 0.023000000 0.10900000 0.15600000 0.11200000 0.13900000 0.05800000 0.04200000 0.04200000 0.03200000 0.023000000 0.065000000 0.058000000 0.046000000 0.022000000 0.018000000 0.005000000 0.0100000000 1.000000e-02 0.0080000000 4.000000e-03 2.000000e-03 3.000000e-03 4.000000e-03 3.000000e-03 0.0060000000
   16    1      2      0    0      1      -1      -1  1000 0.025000000 0.12300000 0.10600000 0.14500000 0.10700000 0.12200000 0.03900000 0.03700000 0.03200000 0.036000000 0.026000000 0.046000000 0.037000000 0.032000000 0.023000000 0.011000000 0.0100000000 8.000000e-03 0.0040000000 6.000000e-03 3.000000e-03 4.000000e-03 3.000000e-03 2.000000e-03 0.0130000000
   17    1      2      0    0      1      -1      -1  1000 0.047000000 0.09300000 0.12400000 0.09800000 0.11600000 0.11300000 0.10600000 0.03600000 0.02400000 0.037000000 0.022000000 0.021000000 0.032000000 0.044000000 0.034000000 0.012000000 0.0060000000 2.000000e-03 0.0090000000 6.000000e-03 7.000000e-03 3.000000e-03 2.000000e-03 1.000000e-03 0.0050000000
   18    1      2      0    0      1      -1      -1  1000 0.039000000 0.16500000 0.10200000 0.10600000 0.07900000 0.10600000 0.07500000 0.07600000 0.02800000 0.026000000 0.027000000 0.022000000 0.013000000 0.021000000 0.028000000 0.020000000 0.0210000000 1.300000e-02 0.0070000000 9.000000e-03 5.000000e-03 3.000000e-03 1.000000e-03 1.000000e-03 0.0070000000
   19    1      2      0    0      1      -1      -1  1000 0.028000000 0.15000000 0.15900000 0.07100000 0.09000000 0.07600000 0.09000000 0.07300000 0.05500000 0.025000000 0.026000000 0.030000000 0.016000000 0.008000000 0.020000000 0.017000000 0.0170000000 1.100000e-02 0.0070000000 5.000000e-03 2.000000e-03 3.000000e-03 4.000000e-03 5.000000e-03 0.0120000000
   20    1      2      0    0      1      -1      -1  1000 0.038000000 0.12400000 0.12400000 0.15200000 0.08100000 0.06600000 0.05300000 0.06500000 0.05700000 0.047000000 0.033000000 0.026000000 0.010000000 0.015000000 0.012000000 0.025000000 0.0170000000 1.900000e-02 0.0090000000 3.000000e-03 4.000000e-03 3.000000e-03 3.000000e-03 3.000000e-03 0.0110000000
   21    1      2      0    0      1      -1      -1  1000 0.060000000 0.16100000 0.12700000 0.12800000 0.11200000 0.05400000 0.04600000 0.05200000 0.05200000 0.048000000 0.033000000 0.015000000 0.019000000 0.010000000 0.006000000 0.003000000 0.0130000000 1.300000e-02 0.0120000000 6.000000e-03 8.000000e-03 4.000000e-03 2.000000e-03 3.000000e-03 0.0130000000
   22    1      2      0    0      1      -1      -1  1000 0.041000000 0.20500000 0.14100000 0.10100000 0.08500000 0.09400000 0.04000000 0.04300000 0.04100000 0.045000000 0.043000000 0.022000000 0.019000000 0.004000000 0.010000000 0.008000000 0.0070000000 9.000000e-03 0.0080000000 1.400000e-02 5.000000e-03 1.000000e-03 3.000000e-03 2.000000e-03 0.0090000000
   23    1      2      0    0      1      -1      -1  1000 0.038000000 0.14700000 0.22200000 0.10300000 0.08000000 0.07300000 0.07300000 0.02400000 0.04600000 0.032000000 0.036000000 0.025000000 0.024000000 0.005000000 0.005000000 0.011000000 0.0050000000 6.000000e-03 0.0060000000 9.000000e-03 1.100000e-02 4.000000e-03 2.000000e-03 4.000000e-03 0.0090000000
   24    1      2      0    0      1      -1      -1  1000 0.018000000 0.12200000 0.15600000 0.19000000 0.09000000 0.07600000 0.05800000 0.06100000 0.02800000 0.025000000 0.039000000 0.027000000 0.019000000 0.024000000 0.007000000 0.009000000 0.0050000000 5.000000e-03 0.0020000000 6.000000e-03 9.000000e-03 6.000000e-03 6.000000e-03 1.000000e-03 0.0110000000
   25    1      2      0    0      1      -1      -1  1000 0.047000000 0.10500000 0.12300000 0.12200000 0.16500000 0.07000000 0.05300000 0.05300000 0.05100000 0.016000000 0.028000000 0.029000000 0.034000000 0.019000000 0.014000000 0.009000000 0.0070000000 8.000000e-03 0.0130000000 1.000000e-03 7.000000e-03 1.100000e-02 4.000000e-03 5.000000e-03 0.0060000000
   26    1      2      0    0      1      -1      -1  1000 0.038000000 0.15400000 0.09800000 0.08900000 0.12000000 0.13900000 0.06300000 0.04700000 0.04200000 0.043000000 0.015000000 0.019000000 0.014000000 0.019000000 0.021000000 0.023000000 0.0080000000 8.000000e-03 0.0020000000 5.000000e-03 2.000000e-03 7.000000e-03 7.000000e-03 3.000000e-03 0.0140000000
   27    1      2      0    0      1      -1      -1  1000 0.042000000 0.19200000 0.16300000 0.07900000 0.07900000 0.08900000 0.09400000 0.04900000 0.02700000 0.029000000 0.032000000 0.019000000 0.014000000 0.010000000 0.022000000 0.012000000 0.0100000000 4.000000e-03 0.0050000000 4.000000e-03 3.000000e-03 3.000000e-03 6.000000e-03 4.000000e-03 0.0090000000
   28    1      2      0    0      1      -1      -1  1000 0.040000000 0.18400000 0.20900000 0.13200000 0.05700000 0.06500000 0.05200000 0.07400000 0.02900000 0.021000000 0.026000000 0.022000000 0.012000000 0.011000000 0.009000000 0.009000000 0.0130000000 1.100000e-02 0.0000000000 5.000000e-03 1.000000e-03 0.000000e+00 4.000000e-03 2.000000e-03 0.0120000000
   29    1      2      0    0      1      -1      -1  1000 0.048000000 0.19600000 0.14900000 0.14500000 0.09400000 0.03200000 0.03700000 0.06800000 0.04800000 0.029000000 0.021000000 0.019000000 0.028000000 0.011000000 0.009000000 0.007000000 0.0100000000 1.200000e-02 0.0110000000 3.000000e-03 4.000000e-03 1.000000e-03 2.000000e-03 2.000000e-03 0.0140000000
   30    1      2      0    0      1      -1      -1  1000 0.028000000 0.22400000 0.15800000 0.12500000 0.08800000 0.07700000 0.03000000 0.03600000 0.03300000 0.052000000 0.026000000 0.016000000 0.019000000 0.020000000 0.008000000 0.006000000 0.0060000000 1.300000e-02 0.0060000000 3.000000e-03 4.000000e-03 2.000000e-03 2.000000e-03 1.000000e-03 0.0170000000
   31    1      2      0    0      1      -1      -1  1000 0.033000000 0.14500000 0.18800000 0.15100000 0.10100000 0.09500000 0.06800000 0.02800000 0.03600000 0.029000000 0.040000000 0.025000000 0.010000000 0.009000000 0.009000000 0.003000000 0.0030000000 2.000000e-03 0.0040000000 3.000000e-03 6.000000e-03 1.000000e-03 2.000000e-03 0.000000e+00 0.0090000000
   32    1      2      0    0      1      -1      -1  1000 0.017000000 0.16500000 0.16800000 0.17100000 0.12300000 0.06700000 0.08200000 0.03600000 0.01900000 0.018000000 0.022000000 0.031000000 0.020000000 0.012000000 0.007000000 0.008000000 0.0070000000 6.000000e-03 0.0050000000 6.000000e-03 1.000000e-03 4.000000e-03 0.000000e+00 1.000000e-03 0.0040000000
   33    1      2      0    0      1      -1      -1  1000 0.023000000 0.14700000 0.14300000 0.13600000 0.15300000 0.08900000 0.06800000 0.05200000 0.03500000 0.019000000 0.016000000 0.024000000 0.022000000 0.009000000 0.010000000 0.007000000 0.0090000000 6.000000e-03 0.0100000000 6.000000e-03 2.000000e-03 1.000000e-03 5.000000e-03 0.000000e+00 0.0080000000
   34    1      2      0    0      1      -1      -1  1000 0.022000000 0.15200000 0.13100000 0.12800000 0.10900000 0.11700000 0.07100000 0.05000000 0.04900000 0.028000000 0.015000000 0.022000000 0.013000000 0.030000000 0.007000000 0.006000000 0.0070000000 1.100000e-02 0.0040000000 3.000000e-03 2.000000e-03 2.000000e-03 7.000000e-03 2.000000e-03 0.0120000000
   35    1      2      0    0      1      -1      -1  1000 0.020000000 0.12300000 0.16600000 0.12000000 0.11400000 0.08900000 0.07800000 0.05400000 0.04400000 0.038000000 0.029000000 0.010000000 0.018000000 0.014000000 0.020000000 0.011000000 0.0080000000 8.000000e-03 0.0030000000 2.000000e-03 2.000000e-03 3.000000e-03 7.000000e-03 2.000000e-03 0.0170000000
   36    1      2      0    0      1      -1      -1  1000 0.047000000 0.08800000 0.11100000 0.11200000 0.11700000 0.09100000 0.08200000 0.10000000 0.05000000 0.046000000 0.042000000 0.026000000 0.016000000 0.013000000 0.012000000 0.013000000 0.0110000000 4.000000e-03 0.0050000000 2.000000e-03 1.000000e-03 1.000000e-03 0.000000e+00 3.000000e-03 0.0070000000
   37    1      2      0    0      1      -1      -1  1000 0.023000000 0.28200000 0.09400000 0.09900000 0.08000000 0.08600000 0.05900000 0.06300000 0.06800000 0.043000000 0.019000000 0.019000000 0.010000000 0.008000000 0.003000000 0.012000000 0.0100000000 6.000000e-03 0.0010000000 5.000000e-03 0.000000e+00 0.000000e+00 1.000000e-03 2.000000e-03 0.0070000000
   38    1      2      0    0      1      -1      -1  1000 0.042000000 0.12800000 0.27400000 0.07800000 0.08000000 0.07700000 0.03900000 0.04900000 0.04600000 0.048000000 0.032000000 0.026000000 0.016000000 0.016000000 0.009000000 0.006000000 0.0080000000 7.000000e-03 0.0020000000 3.000000e-03 3.000000e-03 3.000000e-03 2.000000e-03 0.000000e+00 0.0060000000
   39    1      2      0    0      1      -1      -1  1000 0.043000000 0.16500000 0.12600000 0.20800000 0.05000000 0.05200000 0.06300000 0.05000000 0.04200000 0.046000000 0.040000000 0.028000000 0.012000000 0.025000000 0.007000000 0.007000000 0.0060000000 5.000000e-03 0.0070000000 3.000000e-03 3.000000e-03 5.000000e-03 3.000000e-03 0.000000e+00 0.0040000000
   40    1      2      0    0      1      -1      -1  1000 0.090000000 0.20300000 0.13000000 0.09100000 0.16200000 0.04400000 0.04700000 0.03800000 0.02300000 0.039000000 0.025000000 0.034000000 0.015000000 0.010000000 0.012000000 0.008000000 0.0030000000 4.000000e-03 0.0030000000 3.000000e-03 4.000000e-03 2.000000e-03 2.000000e-03 1.000000e-03 0.0070000000
   41    1      2      0    0      1      -1      -1  1000 0.050000000 0.36500000 0.13400000 0.06900000 0.08100000 0.09300000 0.02700000 0.02300000 0.02500000 0.021000000 0.017000000 0.023000000 0.015000000 0.016000000 0.008000000 0.011000000 0.0050000000 1.000000e-03 0.0030000000 6.000000e-03 2.000000e-03 2.000000e-03 0.000000e+00 0.000000e+00 0.0030000000
   42    1      2      0    0      1      -1      -1  1000 0.036000000 0.21600000 0.34100000 0.10000000 0.05400000 0.03400000 0.07400000 0.02600000 0.02200000 0.018000000 0.015000000 0.015000000 0.012000000 0.010000000 0.008000000 0.003000000 0.0010000000 6.000000e-03 0.0000000000 0.000000e+00 3.000000e-03 2.000000e-03 0.000000e+00 0.000000e+00 0.0040000000
   43    1      2      0    0      1      -1      -1  1000 0.042000000 0.18100000 0.22000000 0.23000000 0.06400000 0.04300000 0.03600000 0.05500000 0.01700000 0.023000000 0.016000000 0.011000000 0.016000000 0.016000000 0.006000000 0.005000000 0.0030000000 3.000000e-03 0.0020000000 1.000000e-03 3.000000e-03 2.000000e-03 0.000000e+00 2.000000e-03 0.0030000000
   44    1      2      0    0      1      -1      -1  1000 0.024000000 0.22300000 0.18300000 0.14700000 0.18800000 0.06100000 0.03700000 0.02600000 0.04200000 0.012000000 0.010000000 0.012000000 0.006000000 0.004000000 0.009000000 0.002000000 0.0070000000 2.000000e-03 0.0010000000 0.000000e+00 0.000000e+00 1.000000e-03 0.000000e+00 1.000000e-03 0.0020000000
   45    1      2      0    0      1      -1      -1  1000 0.018000000 0.11100000 0.22900000 0.14800000 0.12800000 0.16400000 0.04100000 0.03000000 0.02000000 0.038000000 0.004000000 0.011000000 0.009000000 0.005000000 0.010000000 0.012000000 0.0040000000 4.000000e-03 0.0050000000 2.000000e-03 1.000000e-03 0.000000e+00 1.000000e-03 1.000000e-03 0.0040000000
   46    1      2      0    0      1      -1      -1  1000 0.047000000 0.10600000 0.10200000 0.19000000 0.14700000 0.08200000 0.14900000 0.05000000 0.01900000 0.018000000 0.026000000 0.006000000 0.010000000 0.011000000 0.004000000 0.004000000 0.0040000000 5.000000e-03 0.0080000000 3.000000e-03 2.000000e-03 2.000000e-03 0.000000e+00 0.000000e+00 0.0050000000
   47    1      2      0    0      1      -1      -1  1000 0.036000000 0.24700000 0.08700000 0.08500000 0.14700000 0.09200000 0.08200000 0.09000000 0.03400000 0.022000000 0.011000000 0.019000000 0.006000000 0.002000000 0.009000000 0.006000000 0.0010000000 6.000000e-03 0.0050000000 2.000000e-03 2.000000e-03 1.000000e-03 3.000000e-03 3.000000e-03 0.0020000000
   48    1      2      0    0      1      -1      -1  1000 0.029000000 0.20300000 0.23400000 0.07300000 0.04800000 0.11200000 0.07500000 0.05100000 0.07400000 0.022000000 0.018000000 0.009000000 0.019000000 0.004000000 0.002000000 0.007000000 0.0020000000 5.000000e-03 0.0010000000 4.000000e-03 2.000000e-03 3.000000e-03 1.000000e-03 0.000000e+00 0.0020000000
   49    1      2      0    0      1      -1      -1  1000 0.041000000 0.14700000 0.18200000 0.18800000 0.05900000 0.05800000 0.07800000 0.06100000 0.04900000 0.054000000 0.024000000 0.013000000 0.003000000 0.013000000 0.004000000 0.005000000 0.0030000000 4.000000e-03 0.0010000000 2.000000e-03 4.000000e-03 1.000000e-03 1.000000e-03 1.000000e-03 0.0040000000
   50    1      2      0    0      1      -1      -1  1000 0.047000000 0.19900000 0.13400000 0.12800000 0.14200000 0.04800000 0.03900000 0.07800000 0.03700000 0.029000000 0.049000000 0.020000000 0.012000000 0.006000000 0.016000000 0.004000000 0.0040000000 0.000000e+00 0.0020000000 1.000000e-03 0.000000e+00 2.000000e-03 0.000000e+00 2.000000e-03 0.0010000000
   51    1      2      0    0      1      -1      -1  1000 0.032000000 0.19600000 0.17000000 0.11400000 0.11100000 0.09900000 0.02500000 0.03400000 0.05600000 0.040000000 0.031000000 0.047000000 0.013000000 0.004000000 0.005000000 0.009000000 0.0020000000 2.000000e-03 0.0010000000 1.000000e-03 1.000000e-03 0.000000e+00 3.000000e-03 0.000000e+00 0.0040000000
   52    1      2      0    0      1      -1      -1  1000 0.035000000 0.17200000 0.19300000 0.13400000 0.08800000 0.08700000 0.09100000 0.01800000 0.02100000 0.041000000 0.027000000 0.027000000 0.027000000 0.007000000 0.008000000 0.006000000 0.0080000000 1.000000e-03 0.0020000000 1.000000e-03 1.000000e-03 3.000000e-03 0.000000e+00 1.000000e-03 0.0010000000
   53    1      2      0    0      1      -1      -1  1000 0.038000000 0.21000000 0.16600000 0.12000000 0.09900000 0.05500000 0.06200000 0.07300000 0.02500000 0.017000000 0.032000000 0.036000000 0.020000000 0.018000000 0.010000000 0.000000000 0.0000000000 6.000000e-03 0.0020000000 2.000000e-03 0.000000e+00 1.000000e-03 1.000000e-03 2.000000e-03 0.0050000000
   54    1      2      0    0      1      -1      -1  1000 0.027000000 0.17100000 0.22100000 0.13500000 0.10600000 0.07400000 0.04000000 0.03800000 0.04900000 0.012000000 0.015000000 0.034000000 0.021000000 0.016000000 0.015000000 0.006000000 0.0060000000 5.000000e-03 0.0020000000 0.000000e+00 0.000000e+00 1.000000e-03 1.000000e-03 1.000000e-03 0.0040000000
   55    1      2      0    0      1      -1      -1  1000 0.069000000 0.16600000 0.14800000 0.14900000 0.08300000 0.08900000 0.06100000 0.03800000 0.03700000 0.039000000 0.015000000 0.014000000 0.026000000 0.018000000 0.012000000 0.017000000 0.0050000000 2.000000e-03 0.0020000000 2.000000e-03 1.000000e-03 1.000000e-03 1.000000e-03 2.000000e-03 0.0030000000
   56    1      2      0    0      1      -1      -1  1000 0.033000000 0.30300000 0.11000000 0.12100000 0.10500000 0.07100000 0.05000000 0.04300000 0.02700000 0.020000000 0.038000000 0.008000000 0.011000000 0.015000000 0.005000000 0.010000000 0.0140000000 3.000000e-03 0.0020000000 2.000000e-03 8.000000e-03 0.000000e+00 1.000000e-03 0.000000e+00 0.0000000000
   57    1      2      0    0      1      -1      -1  1000 0.049000000 0.16800000 0.28800000 0.10100000 0.08300000 0.08600000 0.06000000 0.03600000 0.03600000 0.016000000 0.022000000 0.015000000 0.001000000 0.005000000 0.003000000 0.007000000 0.0030000000 1.000000e-02 0.0040000000 1.000000e-03 1.000000e-03 2.000000e-03 0.000000e+00 1.000000e-03 0.0020000000
   58    1      2      0    0      1      -1      -1  1000 0.048000000 0.20000000 0.13900000 0.20700000 0.08300000 0.06300000 0.06300000 0.04200000 0.03400000 0.028000000 0.010000000 0.013000000 0.016000000 0.004000000 0.002000000 0.008000000 0.0090000000 1.100000e-02 0.0130000000 2.000000e-03 1.000000e-03 1.000000e-03 1.000000e-03 0.000000e+00 0.0020000000
   59    1      2      0    0      1      -1      -1  1000 0.071000000 0.22800000 0.19000000 0.08900000 0.14400000 0.04300000 0.05800000 0.05000000 0.02800000 0.021000000 0.014000000 0.015000000 0.016000000 0.012000000 0.001000000 0.002000000 0.0050000000 2.000000e-03 0.0040000000 5.000000e-03 0.000000e+00 0.000000e+00 1.000000e-03 0.000000e+00 0.0010000000
   60    1      2      0    0      1      -1      -1  1000 0.042000000 0.27800000 0.20400000 0.12400000 0.06400000 0.10200000 0.04000000 0.02700000 0.03000000 0.026000000 0.021000000 0.010000000 0.004000000 0.007000000 0.004000000 0.000000000 0.0020000000 2.000000e-03 0.0020000000 1.000000e-03 5.000000e-03 1.000000e-03 1.000000e-03 1.000000e-03 0.0020000000
   61    1      2      0    0      1      -1      -1  1000 0.031000000 0.19600000 0.23500000 0.18000000 0.08900000 0.05600000 0.05600000 0.02900000 0.01900000 0.034000000 0.021000000 0.014000000 0.010000000 0.005000000 0.007000000 0.008000000 0.0000000000 0.000000e+00 0.0020000000 2.000000e-03 0.000000e+00 1.000000e-03 1.000000e-03 1.000000e-03 0.0030000000
   62    1      2      0    0      1      -1      -1  1000 0.050000000 0.13900000 0.17600000 0.19700000 0.13100000 0.06600000 0.05400000 0.06700000 0.01900000 0.013000000 0.024000000 0.017000000 0.008000000 0.009000000 0.007000000 0.002000000 0.0060000000 0.000000e+00 0.0020000000 3.000000e-03 1.000000e-03 2.000000e-03 4.000000e-03 1.000000e-03 0.0020000000
   63    1      2      0    0      1      -1      -1  1000 0.034000000 0.24200000 0.13100000 0.13900000 0.15000000 0.08800000 0.05400000 0.02600000 0.04600000 0.017000000 0.013000000 0.014000000 0.011000000 0.008000000 0.007000000 0.005000000 0.0030000000 5.000000e-03 0.0010000000 0.000000e+00 2.000000e-03 1.000000e-03 1.000000e-03 1.000000e-03 0.0010000000
   64    1      2      0    0      1      -1      -1  1000 0.035000000 0.13100000 0.23500000 0.10900000 0.11600000 0.10800000 0.07100000 0.05400000 0.02100000 0.043000000 0.008000000 0.014000000 0.015000000 0.008000000 0.006000000 0.005000000 0.0020000000 3.000000e-03 0.0060000000 1.000000e-03 1.000000e-03 2.000000e-03 0.000000e+00 1.000000e-03 0.0050000000
   65    1      2      0    0      1      -1      -1  1000 0.049000000 0.20600000 0.14500000 0.16800000 0.07700000 0.08000000 0.08500000 0.04600000 0.04100000 0.025000000 0.022000000 0.023000000 0.004000000 0.008000000 0.004000000 0.002000000 0.0040000000 0.000000e+00 0.0010000000 3.000000e-03 0.000000e+00 0.000000e+00 4.000000e-03 0.000000e+00 0.0030000000
   66    1      2      0    0      1      -1      -1  1000 0.053000000 0.21900000 0.17200000 0.09000000 0.12700000 0.06100000 0.06900000 0.06900000 0.04400000 0.022000000 0.017000000 0.017000000 0.008000000 0.009000000 0.005000000 0.007000000 0.0020000000 0.000000e+00 0.0010000000 1.000000e-03 3.000000e-03 2.000000e-03 1.000000e-03 1.000000e-03 0.0000000000
   67    1      2      0    0      1      -1      -1  1000 0.061000000 0.24100000 0.18200000 0.11500000 0.06500000 0.10300000 0.04100000 0.04000000 0.05100000 0.032000000 0.019000000 0.009000000 0.011000000 0.003000000 0.003000000 0.005000000 0.0060000000 5.000000e-03 0.0020000000 1.000000e-03 2.000000e-03 3.000000e-03 0.000000e+00 0.000000e+00 0.0000000000
   68    1      2      0    0      1      -1      -1  1000 0.059000000 0.29100000 0.17100000 0.12400000 0.08000000 0.04800000 0.06800000 0.02300000 0.03400000 0.033000000 0.018000000 0.018000000 0.005000000 0.009000000 0.006000000 0.000000000 0.0010000000 2.000000e-03 0.0010000000 1.000000e-03 0.000000e+00 0.000000e+00 1.000000e-03 3.000000e-03 0.0040000000
   69    1      2      0    0      1      -1      -1  1000 0.017000000 0.26400000 0.23900000 0.13500000 0.09600000 0.07000000 0.02900000 0.03400000 0.02500000 0.023000000 0.020000000 0.012000000 0.005000000 0.004000000 0.013000000 0.002000000 0.0030000000 3.000000e-03 0.0000000000 1.000000e-03 1.000000e-03 0.000000e+00 3.000000e-03 0.000000e+00 0.0010000000
   70    1      2      0    0      1      -1      -1  1000 0.080000000 0.11800000 0.24900000 0.20000000 0.07200000 0.07600000 0.05100000 0.02500000 0.03200000 0.016000000 0.025000000 0.014000000 0.014000000 0.008000000 0.003000000 0.006000000 0.0020000000 1.000000e-03 0.0030000000 4.000000e-03 0.000000e+00 0.000000e+00 0.000000e+00 1.000000e-03 0.0000000000
   71    1      2      0    0      1      -1      -1  1000 0.025000000 0.32800000 0.09700000 0.16300000 0.13300000 0.06600000 0.04500000 0.03600000 0.01400000 0.023000000 0.012000000 0.011000000 0.016000000 0.009000000 0.009000000 0.002000000 0.0010000000 1.000000e-03 0.0030000000 0.000000e+00 0.000000e+00 3.000000e-03 0.000000e+00 0.000000e+00 0.0030000000
   72    1      2      0    0      1      -1      -1  1000 0.036000000 0.13500000 0.30300000 0.08900000 0.14100000 0.09000000 0.05800000 0.04200000 0.02800000 0.013000000 0.014000000 0.012000000 0.012000000 0.006000000 0.007000000 0.004000000 0.0030000000 3.000000e-03 0.0010000000 1.000000e-03 0.000000e+00 0.000000e+00 0.000000e+00 0.000000e+00 0.0020000000
   73    1      2      0    0      1      -1      -1  1000 0.022000000 0.21000000 0.10500000 0.21600000 0.06400000 0.09500000 0.09600000 0.04700000 0.03900000 0.022000000 0.016000000 0.016000000 0.011000000 0.004000000 0.013000000 0.003000000 0.0080000000 4.000000e-03 0.0030000000 1.000000e-03 0.000000e+00 2.000000e-03 0.000000e+00 0.000000e+00 0.0030000000
   74    1      2      0    0      1      -1      -1  1000 0.034000000 0.10300000 0.18500000 0.10300000 0.20800000 0.06000000 0.09700000 0.08000000 0.03100000 0.027000000 0.018000000 0.008000000 0.015000000 0.006000000 0.008000000 0.004000000 0.0030000000 1.000000e-03 0.0010000000 3.000000e-03 1.000000e-03 0.000000e+00 0.000000e+00 2.000000e-03 0.0020000000
   75    1      2      0    0      1      -1      -1  1000 0.050000000 0.18900000 0.08300000 0.16000000 0.07500000 0.16500000 0.04600000 0.07000000 0.05200000 0.030000000 0.022000000 0.015000000 0.005000000 0.014000000 0.005000000 0.002000000 0.0060000000 4.000000e-03 0.0040000000 0.000000e+00 1.000000e-03 1.000000e-03 0.000000e+00 0.000000e+00 0.0010000000
   76    1      2      0    0      1      -1      -1  1000 0.053000000 0.24900000 0.15300000 0.06500000 0.11300000 0.05300000 0.11200000 0.04100000 0.05600000 0.041000000 0.012000000 0.016000000 0.010000000 0.003000000 0.002000000 0.006000000 0.0040000000 7.000000e-03 0.0020000000 0.000000e+00 0.000000e+00 2.000000e-03 0.000000e+00 0.000000e+00 0.0000000000
   77    1      2      0    0      1      -1      -1  1000 0.022000000 0.22100000 0.23700000 0.10900000 0.04600000 0.07900000 0.02900000 0.08600000 0.01700000 0.050000000 0.032000000 0.019000000 0.019000000 0.007000000 0.005000000 0.006000000 0.0030000000 3.000000e-03 0.0040000000 2.000000e-03 0.000000e+00 2.000000e-03 1.000000e-03 0.000000e+00 0.0010000000
   78    1      2      0    0      1      -1      -1  1000 0.026000000 0.12000000 0.22200000 0.19600000 0.09200000 0.03500000 0.08100000 0.03600000 0.06700000 0.021000000 0.031000000 0.022000000 0.008000000 0.009000000 0.009000000 0.007000000 0.0020000000 3.000000e-03 0.0030000000 4.000000e-03 0.000000e+00 0.000000e+00 2.000000e-03 0.000000e+00 0.0040000000
   79    1      2      0    0      1      -1      -1  1000 0.045000000 0.15600000 0.13100000 0.16600000 0.16400000 0.07300000 0.03600000 0.05600000 0.02800000 0.054000000 0.018000000 0.026000000 0.015000000 0.008000000 0.006000000 0.005000000 0.0020000000 3.000000e-03 0.0010000000 3.000000e-03 2.000000e-03 0.000000e+00 0.000000e+00 0.000000e+00 0.0020000000
   80    1      2      0    0      1      -1      -1  1000 0.043000000 0.24900000 0.12000000 0.10100000 0.13400000 0.10400000 0.05200000 0.02400000 0.04600000 0.015000000 0.041000000 0.013000000 0.015000000 0.019000000 0.009000000 0.001000000 0.0040000000 2.000000e-03 0.0010000000 1.000000e-03 1.000000e-03 2.000000e-03 2.000000e-03 0.000000e+00 0.0010000000
   81    1      2      0    0      1      -1      -1  1000 0.051000000 0.18900000 0.22000000 0.12000000 0.06400000 0.09000000 0.08800000 0.03100000 0.02100000 0.028000000 0.018000000 0.027000000 0.009000000 0.013000000 0.009000000 0.004000000 0.0050000000 5.000000e-03 0.0020000000 2.000000e-03 0.000000e+00 1.000000e-03 0.000000e+00 0.000000e+00 0.0030000000
   82    1      2      0    0      1      -1      -1  1000 0.052000000 0.23200000 0.14600000 0.17900000 0.06900000 0.05500000 0.05900000 0.06300000 0.03300000 0.012000000 0.026000000 0.010000000 0.022000000 0.006000000 0.015000000 0.006000000 0.0040000000 3.000000e-03 0.0030000000 0.000000e+00 1.000000e-03 1.000000e-03 0.000000e+00 1.000000e-03 0.0020000000
   83    1      2      0    0      1      -1      -1  1000 0.033000000 0.23000000 0.21900000 0.12000000 0.11300000 0.05000000 0.03100000 0.05100000 0.04900000 0.023000000 0.012000000 0.018000000 0.010000000 0.009000000 0.009000000 0.006000000 0.0060000000 2.000000e-03 0.0000000000 3.000000e-03 4.000000e-03 1.000000e-03 1.000000e-03 0.000000e+00 0.0000000000
   84    1      2      0    0      1      -1      -1  1000 0.035000000 0.15100000 0.21300000 0.16500000 0.09900000 0.09600000 0.04100000 0.03900000 0.04900000 0.029000000 0.018000000 0.013000000 0.018000000 0.002000000 0.011000000 0.006000000 0.0040000000 3.000000e-03 0.0020000000 1.000000e-03 0.000000e+00 0.000000e+00 0.000000e+00 2.000000e-03 0.0030000000
   85    1      2      0    0      1      -1      -1  1000 0.039000000 0.18400000 0.16500000 0.15300000 0.12100000 0.07800000 0.08500000 0.02700000 0.02100000 0.035000000 0.041000000 0.010000000 0.003000000 0.012000000 0.002000000 0.010000000 0.0000000000 4.000000e-03 0.0040000000 1.000000e-03 1.000000e-03 0.000000e+00 0.000000e+00 3.000000e-03 0.0010000000
   86    1      2      0    0      1      -1      -1  1000 0.032000000 0.24400000 0.12900000 0.12500000 0.13400000 0.09600000 0.04800000 0.06700000 0.01700000 0.018000000 0.021000000 0.024000000 0.008000000 0.004000000 0.005000000 0.003000000 0.0050000000 1.000000e-03 0.0050000000 6.000000e-03 2.000000e-03 0.000000e+00 0.000000e+00 3.000000e-03 0.0030000000
   87    1      2      0    0      1      -1      -1  1000 0.035000000 0.15500000 0.22200000 0.13900000 0.09900000 0.09600000 0.05600000 0.03700000 0.05600000 0.027000000 0.016000000 0.016000000 0.013000000 0.010000000 0.006000000 0.002000000 0.0020000000 6.000000e-03 0.0000000000 4.000000e-03 1.000000e-03 0.000000e+00 1.000000e-03 1.000000e-03 0.0000000000
   88    1      2      0    0      1      -1      -1  1000 0.032000000 0.21000000 0.16500000 0.16300000 0.08700000 0.07300000 0.07600000 0.06000000 0.02900000 0.028000000 0.018000000 0.006000000 0.008000000 0.014000000 0.006000000 0.000000000 0.0070000000 3.000000e-03 0.0040000000 1.000000e-03 5.000000e-03 1.000000e-03 3.000000e-03 1.000000e-03 0.0000000000
   89    1      2      0    0      1      -1      -1  1000 0.049000000 0.16600000 0.18900000 0.10900000 0.11700000 0.07300000 0.05100000 0.06900000 0.03700000 0.030000000 0.038000000 0.011000000 0.003000000 0.011000000 0.012000000 0.007000000 0.0030000000 5.000000e-03 0.0040000000 2.000000e-03 3.000000e-03 3.000000e-03 2.000000e-03 2.000000e-03 0.0040000000
   90    1      2      0    0      1      -1      -1  1000 0.040000000 0.28800000 0.13300000 0.12100000 0.08400000 0.10300000 0.05800000 0.03500000 0.04300000 0.020000000 0.014000000 0.015000000 0.009000000 0.005000000 0.010000000 0.012000000 0.0020000000 1.000000e-03 0.0020000000 1.000000e-03 2.000000e-03 0.000000e+00 1.000000e-03 0.000000e+00 0.0010000000
   91    1      2      0    0      1      -1      -1  1000 0.025000000 0.18100000 0.24300000 0.10600000 0.10600000 0.05800000 0.07700000 0.03700000 0.03000000 0.030000000 0.035000000 0.016000000 0.016000000 0.009000000 0.002000000 0.009000000 0.0030000000 2.000000e-03 0.0000000000 4.000000e-03 2.000000e-03 5.000000e-03 0.000000e+00 0.000000e+00 0.0040000000
   92    1      2      0    0      1      -1      -1  1000 0.044000000 0.11500000 0.17900000 0.22600000 0.09700000 0.09300000 0.05600000 0.05100000 0.02200000 0.017000000 0.024000000 0.020000000 0.010000000 0.013000000 0.009000000 0.010000000 0.0060000000 3.000000e-03 0.0020000000 1.000000e-03 1.000000e-03 0.000000e+00 1.000000e-03 0.000000e+00 0.0000000000
   93    1      2      0    0      1      -1      -1  1000 0.031000000 0.24100000 0.10700000 0.15000000 0.16400000 0.06700000 0.06000000 0.03900000 0.05000000 0.023000000 0.012000000 0.014000000 0.018000000 0.004000000 0.005000000 0.002000000 0.0030000000 2.000000e-03 0.0020000000 1.000000e-03 1.000000e-03 1.000000e-03 0.000000e+00 2.000000e-03 0.0010000000
   94    1      2      0    0      1      -1      -1  1000 0.071000000 0.15400000 0.23100000 0.06900000 0.10300000 0.13100000 0.05600000 0.04700000 0.02100000 0.028000000 0.019000000 0.014000000 0.020000000 0.012000000 0.005000000 0.007000000 0.0010000000 2.000000e-03 0.0030000000 2.000000e-03 2.000000e-03 0.000000e+00 0.000000e+00 0.000000e+00 0.0020000000
   95    1      2      0    0      1      -1      -1  1000 0.011000000 0.28800000 0.12500000 0.15700000 0.06900000 0.07600000 0.09500000 0.04300000 0.02700000 0.021000000 0.023000000 0.018000000 0.011000000 0.011000000 0.007000000 0.004000000 0.0030000000 3.000000e-03 0.0010000000 2.000000e-03 2.000000e-03 1.000000e-03 0.000000e+00 1.000000e-03 0.0010000000
   96    1      2      0    0      1      -1      -1  1000 0.081000000 0.08700000 0.27800000 0.11600000 0.12200000 0.04400000 0.06500000 0.06200000 0.02800000 0.024000000 0.018000000 0.021000000 0.011000000 0.006000000 0.011000000 0.006000000 0.0050000000 4.000000e-03 0.0010000000 0.000000e+00 3.000000e-03 2.000000e-03 1.000000e-03 2.000000e-03 0.0020000000
   97    1      2      0    0      1      -1      -1  1000 0.018000000 0.32100000 0.07100000 0.19100000 0.05600000 0.10800000 0.03100000 0.04700000 0.04900000 0.021000000 0.015000000 0.023000000 0.016000000 0.004000000 0.006000000 0.008000000 0.0050000000 2.000000e-03 0.0020000000 1.000000e-03 0.000000e+00 1.000000e-03 2.000000e-03 1.000000e-03 0.0010000000
   98    1      2      0    0      1      -1      -1  1000 0.030000000 0.10800000 0.30700000 0.05300000 0.16800000 0.05700000 0.08200000 0.02600000 0.03600000 0.045000000 0.022000000 0.013000000 0.013000000 0.010000000 0.006000000 0.004000000 0.0030000000 4.000000e-03 0.0030000000 2.000000e-03 2.000000e-03 1.000000e-03 5.000000e-03 0.000000e+00 0.0000000000
   99    1      2      0    0      1      -1      -1  1000 0.056000000 0.15200000 0.11300000 0.24300000 0.04400000 0.10700000 0.06200000 0.07000000 0.02700000 0.029000000 0.040000000 0.011000000 0.006000000 0.008000000 0.009000000 0.007000000 0.0010000000 2.000000e-03 0.0050000000 2.000000e-03 3.000000e-03 1.000000e-03 0.000000e+00 0.000000e+00 0.0020000000
  100    1      2      0    0      1      -1      -1  1000 0.047000000 0.29500000 0.11100000 0.08200000 0.16300000 0.04000000 0.08900000 0.03400000 0.03300000 0.016000000 0.022000000 0.022000000 0.009000000 0.008000000 0.007000000 0.003000000 0.0050000000 5.000000e-03 0.0040000000 1.000000e-03 0.000000e+00 2.000000e-03 0.000000e+00 0.000000e+00 0.0020000000
0 #_N_MeanSize_at_Age_obs
0 #_N_environ_variables
0 #_N_environ_obs
0 #_N_sizefreq_methods
0 #_do_tags
0 #_morphcomp_data
#
999
