#C data file created using the SS_writedat function in the R package r4ss
#C should work with SS version: 
#C file write time: 2014-11-06 01:41:34
#
1 #_styr
100 #_endyr
1 #_nseas
12 #_months_per_seas
1 #_spawn_seas
1 #_Nfleet
2 #_Nsurveys
1 #_N_areas
Fishery%Survey%CPUE #_fleetnames
0.5 0.5 0.5 #_surveytiming_in_season
1 1 1 #_area_assignments_for_each_fishery_and_survey
1 #_units of catch:  1=bio; 2=num
0.01 #_se of log(catch) only used for init_eq_catch and for Fmethod 2 and 3
1 #_Ngenders
25 #_Nages
0 #_init_equil_catch_for_each_fishery
100 #_N_lines_of_catch_to_read
 #_Fishery year seas
         0    1    1
         0    2    1
         0    3    1
         0    4    1
         0    5    1
         0    6    1
         0    7    1
         0    8    1
         0    9    1
         0   10    1
         0   11    1
         0   12    1
         0   13    1
         0   14    1
         0   15    1
         0   16    1
         0   17    1
         0   18    1
         0   19    1
         0   20    1
         0   21    1
         0   22    1
         0   23    1
         0   24    1
         0   25    1
 280874000   26    1
 265890000   27    1
 248999000   28    1
 232719000   29    1
 217514000   30    1
 204154000   31    1
 193594000   32    1
 183828000   33    1
 172456000   34    1
 160973000   35    1
 149979000   36    1
 142416000   37    1
 138065000   38    1
 137532000   39    1
 139610000   40    1
 144486000   41    1
 145698000   42    1
 149776000   43    1
 157754000   44    1
 163060000   45    1
 166396000   46    1
 169956000   47    1
 170650000   48    1
 169376000   49    1
 167415000   50    1
 163873000   51    1
 162071000   52    1
 163662000   53    1
 164571000   54    1
 163712000   55    1
 169393000   56    1
 177947000   57    1
 182508000   58    1
 181609000   59    1
 175876000   60    1
 170732000   61    1
 169528000   62    1
 165925000   63    1
 161565000   64    1
 156189000   65    1
 151991000   66    1
 149484000   67    1
 143903000   68    1
 137497000   69    1
 132485000   70    1
 129384000   71    1
 128978000   72    1
 130386000   73    1
 128630000   74    1
 125872000   75    1
 123810000   76    1
 123991000   77    1
 125301000   78    1
 127911000   79    1
 131948000   80    1
 136273000   81    1
 140709000   82    1
 141270000   83    1
 140979000   84    1
 141568000   85    1
 141129000   86    1
 141974000   87    1
 142218000   88    1
 140224000   89    1
 139364000   90    1
 138310000   91    1
 137572000   92    1
 136153000   93    1
 135523000   94    1
 137572000   95    1
 140163000   96    1
 146566000   97    1
 153261000   98    1
 154392000   99    1
 154270000  100    1
13 #_N_cpue
 #_Fleet Units Errtype
       1     1       0
       2     1       0
       3     1       0
 #_year seas index        obs se_log
     76    1     2 1514623142    0.2
     78    1     2 1596245153    0.2
     80    1     2 1716038415    0.2
     82    1     2 2307399732    0.2
     84    1     2 2225354368    0.2
     86    1     2 1887030960    0.2
     88    1     2 1979121222    0.2
     90    1     2 2483221935    0.2
     92    1     2 2189655718    0.2
     94    1     2 1813068115    0.2
     96    1     2 2046982139    0.2
     98    1     2 2145882901    0.2
    100    1     2 2688350158    0.2
0 #_N_discard_fleets
#_discard_units (1=same_as_catchunits(bio/num); 2=fraction; 3=numbers)
#_discard_errtype:  >0 for DF of T-dist(read CV below); 0 for normal with CV; -1 for normal with se; -2 for lognormal
0 #_N_discard
0 #_N_meanbodywt
1 #_DF_for_meanbodywt_T-distribution_like
2 # length bin method: 1=use databins; 2=generate from binwidth,min,max below; 3=read vector
1 # binwidth for population size comp
10 # minimum size in the population (lower edge of first bin and size at age 0.00)
200 # maximum size in the population (lower edge of last bin)
-0.001 #_comp_tail_compression
1e-05 #_add_to_comp
0 #_combine males into females at or below this bin number
21 #_N_lbins
#_lbin_vector
10 53 70 83 94 101 107 111 114 117 120 123 125 127 130 132 135 138 142 148 200
0 #_N_Length_comp_observations
25 #_N_agebins
#_agebin_vector
1 2 3 4 5 6 7 8 9 10 11 12 13 14 15 16 17 18 19 20 21 22 23 24 25
1 #_N_ageerror_definitions
 #_age0   age1   age2   age3   age4   age5   age6   age7   age8   age9  age10  age11  age12  age13  age14  age15  age16  age17  age18  age19  age20  age21  age22  age23  age24  age25
 -1.000 -1.000 -1.000 -1.000 -1.000 -1.000 -1.000 -1.000 -1.000 -1.000 -1.000 -1.000 -1.000 -1.000 -1.000 -1.000 -1.000 -1.000 -1.000 -1.000 -1.000 -1.000 -1.000 -1.000 -1.000 -1.000
  0.001  0.001  0.001  0.001  0.001  0.001  0.001  0.001  0.001  0.001  0.001  0.001  0.001  0.001  0.001  0.001  0.001  0.001  0.001  0.001  0.001  0.001  0.001  0.001  0.001  0.001
22 #_N_agecomp
1 #_Lbin_method: 1=poplenbins; 2=datalenbins; 3=lengths
-1 #_combine males into females at or below this bin number
 #_Yr Seas FltSvy Gender Part Ageerr Lbin_lo Lbin_hi Nsamp          a1         a2         a3         a4         a5         a6         a7         a8          a9        a10        a11         a12         a13          a14         a15         a16          a17         a18          a19          a20          a21          a22          a23          a24          a25
   50    1      1      0    0      1      -1      -1   500 0.016979640 0.13823641 0.23911100 0.09458639 0.11054405 0.10116063 0.04433147 0.07990828 0.064517297 0.01554160 0.02160286 0.021455792 0.006712526 0.0130479294 0.007634991 0.007554500 0.0023000175 0.006494801 4.956077e-04 0.0016937278 0.0016812863 9.508096e-04 7.561709e-07 1.030022e-05 3.447334e-03
   55    1      1      0    0      1      -1      -1   500 0.033815130 0.24498035 0.07083548 0.21861505 0.11327412 0.06938005 0.02959537 0.06989857 0.032143266 0.03532503 0.01989912 0.009591953 0.011960349 0.0157688632 0.004410140 0.001135841 0.0112354753 0.002855011 1.068401e-03 0.0014681803 0.0015487817 4.194005e-06 7.584390e-07 1.076742e-05 1.179747e-03
   60    1      1      0    0      1      -1      -1   500 0.029284089 0.07240965 0.10204756 0.12564184 0.16925374 0.19561934 0.09765085 0.02715394 0.063969066 0.02637908 0.01052421 0.008031384 0.010069543 0.0056653355 0.005157845 0.014031702 0.0131343160 0.006242424 1.307222e-02 0.0003599033 0.0001368477 1.999397e-03 1.188096e-03 1.462737e-06 9.761412e-04
   65    1      1      0    0      1      -1      -1   500 0.042123157 0.09585379 0.15898469 0.13205188 0.11123496 0.15141166 0.04841692 0.03526549 0.018986078 0.04802101 0.05908123 0.019582340 0.003931041 0.0330343814 0.022931012 0.002494783 0.0039319202 0.002755005 1.511626e-03 0.0025604389 0.0029051695 2.373839e-03 1.307579e-04 2.677648e-06 4.241340e-04
   70    1      1      0    0      1      -1      -1   500 0.017286910 0.18324053 0.18686553 0.09624602 0.08640401 0.11863761 0.04804549 0.04422809 0.047719947 0.04536481 0.04145032 0.007854754 0.008270385 0.0065311593 0.010124637 0.014490837 0.0083934581 0.001037879 1.060314e-02 0.0032569502 0.0074519444 4.045239e-03 1.506031e-03 3.499363e-06 9.408009e-04
   75    1      1      0    0      1      -1      -1   500 0.029708154 0.13924412 0.12728050 0.09861332 0.21629322 0.10675752 0.07168382 0.06261592 0.017271803 0.02108708 0.03675576 0.028124262 0.004004860 0.0077772792 0.007706995 0.010750073 0.0001804374 0.002762076 1.117071e-04 0.0040542889 0.0054805545 6.889075e-04 6.079637e-05 9.306719e-04 5.588751e-05
   80    1      1      0    0      1      -1      -1   500 0.028203083 0.15392592 0.24085532 0.15709252 0.14525053 0.09200141 0.04782140 0.01942365 0.018760455 0.03254161 0.02528047 0.011957978 0.005543242 0.0021571797 0.001529844 0.010037601 0.0014629362 0.002399763 3.903403e-04 0.0002292356 0.0012970958 5.586253e-08 5.077246e-04 9.330903e-06 1.321313e-03
   85    1      1      0    0      1      -1      -1   500 0.019369879 0.14179271 0.24962988 0.09083481 0.09113404 0.13864512 0.04942860 0.06233715 0.039475966 0.02273525 0.02626210 0.013532873 0.008977206 0.0092911380 0.020485309 0.001210745 0.0031638529 0.005148365 9.086488e-04 0.0009920901 0.0039158899 3.903576e-04 2.763176e-04 2.621625e-09 6.169418e-05
   90    1      1      0    0      1      -1      -1   500 0.018660028 0.14395049 0.21142629 0.09724837 0.17739874 0.07210955 0.04738293 0.06556288 0.018961578 0.03860925 0.02768241 0.017693470 0.015084298 0.0033064339 0.008291175 0.015415580 0.0034160889 0.006730133 7.463347e-05 0.0060282508 0.0029417625 1.690167e-03 9.645181e-06 3.669377e-05 2.891444e-04
   95    1      1      0    0      1      -1      -1   500 0.022671248 0.18757253 0.26310185 0.09904599 0.11802520 0.07976879 0.06478302 0.05133055 0.008831443 0.03614831 0.01450358 0.016670811 0.011126224 0.0009408114 0.003461176 0.008266509 0.0019458804 0.002000838 5.997945e-04 0.0025322939 0.0006794919 1.907614e-05 1.911565e-04 1.211770e-03 4.571647e-03
  100    1      1      0    0      1      -1      -1   500 0.008374197 0.14783942 0.15655460 0.09729543 0.21873174 0.10720867 0.05722923 0.08243848 0.038270923 0.01661595 0.02114972 0.007633818 0.015826560 0.0008788134 0.008685223 0.005398900 0.0012034396 0.001699122 1.798248e-03 0.0005574078 0.0005607123 2.512183e-03 1.279543e-03 5.497300e-06 2.521704e-04
   50    1      2      0    0      1      -1      -1   500 0.038000000 0.13600000 0.22400000 0.11000000 0.12400000 0.11400000 0.04600000 0.06200000 0.072000000 0.00800000 0.01000000 0.030000000 0.006000000 0.0080000000 0.002000000 0.002000000 0.0020000000 0.000000000 2.000000e-03 0.0040000000 0.0000000000 0.000000e+00 0.000000e+00 0.000000e+00 0.000000e+00
   55    1      2      0    0      1      -1      -1   500 0.056000000 0.28200000 0.08200000 0.20200000 0.09400000 0.05600000 0.03400000 0.03800000 0.028000000 0.03400000 0.03000000 0.010000000 0.010000000 0.0120000000 0.008000000 0.002000000 0.0080000000 0.000000000 4.000000e-03 0.0040000000 0.0000000000 0.000000e+00 0.000000e+00 0.000000e+00 6.000000e-03
   60    1      2      0    0      1      -1      -1   500 0.090000000 0.11200000 0.11400000 0.11200000 0.12400000 0.17000000 0.10200000 0.02000000 0.058000000 0.02000000 0.01200000 0.010000000 0.012000000 0.0020000000 0.010000000 0.004000000 0.0060000000 0.004000000 6.000000e-03 0.0060000000 0.0000000000 2.000000e-03 0.000000e+00 2.000000e-03 2.000000e-03
   65    1      2      0    0      1      -1      -1   500 0.056000000 0.15600000 0.15400000 0.12200000 0.09000000 0.15400000 0.02200000 0.02400000 0.038000000 0.04800000 0.04800000 0.038000000 0.006000000 0.0060000000 0.010000000 0.010000000 0.0040000000 0.008000000 0.000000e+00 0.0020000000 0.0000000000 2.000000e-03 0.000000e+00 2.000000e-03 0.000000e+00
   70    1      2      0    0      1      -1      -1   500 0.028000000 0.22800000 0.15000000 0.09400000 0.06600000 0.14800000 0.04600000 0.03200000 0.048000000 0.02400000 0.05200000 0.002000000 0.016000000 0.0120000000 0.010000000 0.014000000 0.0140000000 0.000000000 0.000000e+00 0.0020000000 0.0040000000 0.000000e+00 2.000000e-03 4.000000e-03 4.000000e-03
   75    1      2      0    0      1      -1      -1   500 0.060000000 0.20000000 0.15400000 0.11000000 0.18600000 0.06200000 0.06400000 0.02400000 0.018000000 0.02200000 0.02000000 0.016000000 0.004000000 0.0080000000 0.010000000 0.016000000 0.0020000000 0.008000000 4.000000e-03 0.0080000000 0.0020000000 0.000000e+00 0.000000e+00 0.000000e+00 2.000000e-03
   80    1      2      0    0      1      -1      -1   500 0.060000000 0.19800000 0.23200000 0.10400000 0.10800000 0.09200000 0.03400000 0.02400000 0.024000000 0.04200000 0.02000000 0.018000000 0.012000000 0.0040000000 0.010000000 0.000000000 0.0020000000 0.004000000 8.000000e-03 0.0000000000 0.0020000000 0.000000e+00 0.000000e+00 0.000000e+00 2.000000e-03
   85    1      2      0    0      1      -1      -1   500 0.040000000 0.18400000 0.21200000 0.11600000 0.09400000 0.10600000 0.05400000 0.07000000 0.040000000 0.03400000 0.01000000 0.004000000 0.000000000 0.0060000000 0.016000000 0.000000000 0.0080000000 0.000000000 0.000000e+00 0.0000000000 0.0000000000 2.000000e-03 0.000000e+00 0.000000e+00 4.000000e-03
   90    1      2      0    0      1      -1      -1   500 0.040000000 0.18400000 0.17200000 0.07200000 0.13200000 0.08800000 0.07200000 0.06200000 0.020000000 0.02600000 0.03400000 0.026000000 0.016000000 0.0100000000 0.020000000 0.006000000 0.0060000000 0.004000000 2.000000e-03 0.0040000000 0.0000000000 2.000000e-03 0.000000e+00 0.000000e+00 2.000000e-03
   95    1      2      0    0      1      -1      -1   500 0.054000000 0.18800000 0.26800000 0.09400000 0.09400000 0.07600000 0.05000000 0.04800000 0.020000000 0.03400000 0.02600000 0.010000000 0.012000000 0.0120000000 0.002000000 0.004000000 0.0000000000 0.002000000 2.000000e-03 0.0020000000 0.0000000000 2.000000e-03 0.000000e+00 0.000000e+00 0.000000e+00
  100    1      2      0    0      1      -1      -1   500 0.030000000 0.18800000 0.15200000 0.06400000 0.19600000 0.10600000 0.06000000 0.08000000 0.026000000 0.01800000 0.01200000 0.018000000 0.014000000 0.0020000000 0.014000000 0.004000000 0.0080000000 0.004000000 0.000000e+00 0.0000000000 0.0040000000 0.000000e+00 0.000000e+00 0.000000e+00 0.000000e+00
0 #_N_MeanSize_at_Age_obs
0 #_N_environ_variables
0 #_N_environ_obs
0 #_N_sizefreq_methods
0 #_do_tags
0 #_morphcomp_data
#
999
