#C data file created using the SS_writedat function in the R package r4ss
#C should work with SS version: 
#C file write time: 2014-11-06 20:05:07
#
1 #_styr
100 #_endyr
1 #_nseas
12 #_months_per_seas
1 #_spawn_seas
1 #_Nfleet
2 #_Nsurveys
1 #_N_areas
Fishery%Survey%CPUE #_fleetnames
0.5 0.5 0.5 #_surveytiming_in_season
1 1 1 #_area_assignments_for_each_fishery_and_survey
1 #_units of catch:  1=bio; 2=num
0.01 #_se of log(catch) only used for init_eq_catch and for Fmethod 2 and 3
1 #_Ngenders
25 #_Nages
0 #_init_equil_catch_for_each_fishery
100 #_N_lines_of_catch_to_read
 #_Fishery year seas
         0    1    1
         0    2    1
         0    3    1
         0    4    1
         0    5    1
         0    6    1
         0    7    1
         0    8    1
         0    9    1
         0   10    1
         0   11    1
         0   12    1
         0   13    1
         0   14    1
         0   15    1
         0   16    1
         0   17    1
         0   18    1
         0   19    1
         0   20    1
         0   21    1
         0   22    1
         0   23    1
         0   24    1
         0   25    1
 314224000   26    1
 309973000   27    1
 301783000   28    1
 287365000   29    1
 274352000   30    1
 261235000   31    1
 249707000   32    1
 237850000   33    1
 227659000   34    1
 217262000   35    1
 208015000   36    1
 200615000   37    1
 196617000   38    1
 190469000   39    1
 180805000   40    1
 171456000   41    1
 163769000   42    1
 155918000   43    1
 148932000   44    1
 145621000   45    1
 144514000   46    1
 142602000   47    1
 141213000   48    1
 138708000   49    1
 138739000   50    1
 139374000   51    1
 141708000   52    1
 145212000   53    1
 147115000   54    1
 146342000   55    1
 145584000   56    1
 144907000   57    1
 145463000   58    1
 146553000   59    1
 148045000   60    1
 147201000   61    1
 141661000   62    1
 136684000   63    1
 135664000   64    1
 136434000   65    1
 139416000   66    1
 143246000   67    1
 147624000   68    1
 148975000   69    1
 151557000   70    1
 157816000   71    1
 159227000   72    1
 157493000   73    1
 154244000   74    1
 150060000   75    1
 149121000   76    1
 153034000   77    1
 158524000   78    1
 160180000   79    1
 158698000   80    1
 155534000   81    1
 150565000   82    1
 147629000   83    1
 147881000   84    1
 146753000   85    1
 146908000   86    1
 147134000   87    1
 145302000   88    1
 143857000   89    1
 141386000   90    1
 140839000   91    1
 141116000   92    1
 139356000   93    1
 137682000   94    1
 135276000   95    1
 133784000   96    1
 132217000   97    1
 128920000   98    1
 126887000   99    1
 131157000  100    1
76 #_N_cpue
 #_Fleet Units Errtype
       1     1       0
       2     1       0
       3     1       0
 #_year seas index        obs se_log
     25    1     2 3665076170    0.2
     26    1     2 4366426666    0.2
     27    1     2 4238981749    0.2
     28    1     2 3377752391    0.2
     29    1     2 4991855059    0.2
     30    1     2 5907657373    0.2
     31    1     2 4513780257    0.2
     32    1     2 3499712099    0.2
     33    1     2 4399898705    0.2
     34    1     2 3736476121    0.2
     35    1     2 2840887025    0.2
     36    1     2 2546985387    0.2
     37    1     2 3519691136    0.2
     38    1     2 1908342252    0.2
     39    1     2 3307912895    0.2
     40    1     2 2215917008    0.2
     41    1     2 1794029976    0.2
     42    1     2 3312695713    0.2
     43    1     2 2224657197    0.2
     44    1     2 1764355345    0.2
     45    1     2 1560348643    0.2
     46    1     2 1595434256    0.2
     47    1     2 1911185891    0.2
     48    1     2 2539068098    0.2
     49    1     2 2179879453    0.2
     50    1     2 1858761979    0.2
     51    1     2 1761081833    0.2
     52    1     2 1843117483    0.2
     53    1     2 1787417171    0.2
     54    1     2 1332794524    0.2
     55    1     2 1741991580    0.2
     56    1     2 2051441154    0.2
     57    1     2 2126000384    0.2
     58    1     2 1750654439    0.2
     59    1     2 2610873004    0.2
     60    1     2 1687002678    0.2
     61    1     2 1663773314    0.2
     62    1     2 1749656456    0.2
     63    1     2 1646759742    0.2
     64    1     2 1700673642    0.2
     65    1     2 1532151372    0.2
     66    1     2 1769161393    0.2
     67    1     2 2515462283    0.2
     68    1     2 2237373627    0.2
     69    1     2 2345421404    0.2
     70    1     2 2124911303    0.2
     71    1     2 1950732668    0.2
     72    1     2 1238550847    0.2
     73    1     2 1830451732    0.2
     74    1     2 2146381371    0.2
     75    1     2 2328479302    0.2
     76    1     2 2491883568    0.2
     77    1     2 2351007079    0.2
     78    1     2 2237315088    0.2
     79    1     2 2192909620    0.2
     80    1     2 1763520932    0.2
     81    1     2 1934055454    0.2
     82    1     2 1160533563    0.2
     83    1     2 2903503772    0.2
     84    1     2 2030355214    0.2
     85    1     2 1821938289    0.2
     86    1     2 1342010173    0.2
     87    1     2 1924211115    0.2
     88    1     2 2263553978    0.2
     89    1     2 2239480461    0.2
     90    1     2 2123848778    0.2
     91    1     2 2393660509    0.2
     92    1     2 2156466543    0.2
     93    1     2 2155421730    0.2
     94    1     2 2713882538    0.2
     95    1     2 1857917819    0.2
     96    1     2 1730371379    0.2
     97    1     2 1893153653    0.2
     98    1     2 2037142722    0.2
     99    1     2 2179172032    0.2
    100    1     2 1763472417    0.2
0 #_N_discard_fleets
#_discard_units (1=same_as_catchunits(bio/num); 2=fraction; 3=numbers)
#_discard_errtype:  >0 for DF of T-dist(read CV below); 0 for normal with CV; -1 for normal with se; -2 for lognormal
0 #_N_discard
0 #_N_meanbodywt
1 #_DF_for_meanbodywt_T-distribution_like
2 # length bin method: 1=use databins; 2=generate from binwidth,min,max below; 3=read vector
1 # binwidth for population size comp
10 # minimum size in the population (lower edge of first bin and size at age 0.00)
200 # maximum size in the population (lower edge of last bin)
-0.001 #_comp_tail_compression
1e-05 #_add_to_comp
0 #_combine males into females at or below this bin number
21 #_N_lbins
#_lbin_vector
10 53 70 83 94 101 107 111 114 117 120 123 125 127 130 132 135 138 142 148 200
0 #_N_Length_comp_observations
25 #_N_agebins
#_agebin_vector
1 2 3 4 5 6 7 8 9 10 11 12 13 14 15 16 17 18 19 20 21 22 23 24 25
1 #_N_ageerror_definitions
 #_age0   age1   age2   age3   age4   age5   age6   age7   age8   age9  age10  age11  age12  age13  age14  age15  age16  age17  age18  age19  age20  age21  age22  age23  age24  age25
 -1.000 -1.000 -1.000 -1.000 -1.000 -1.000 -1.000 -1.000 -1.000 -1.000 -1.000 -1.000 -1.000 -1.000 -1.000 -1.000 -1.000 -1.000 -1.000 -1.000 -1.000 -1.000 -1.000 -1.000 -1.000 -1.000
  0.001  0.001  0.001  0.001  0.001  0.001  0.001  0.001  0.001  0.001  0.001  0.001  0.001  0.001  0.001  0.001  0.001  0.001  0.001  0.001  0.001  0.001  0.001  0.001  0.001  0.001
198 #_N_agecomp
1 #_Lbin_method: 1=poplenbins; 2=datalenbins; 3=lengths
-1 #_combine males into females at or below this bin number
 #_Yr Seas FltSvy Gender Part Ageerr Lbin_lo Lbin_hi Nsamp          a1         a2         a3         a4         a5         a6         a7          a8          a9         a10         a11         a12         a13         a14          a15          a16          a17          a18          a19          a20          a21          a22          a23          a24          a25
    2    1      1      0    0      1      -1      -1   500 0.008640050 0.10969660 0.18327551 0.12524857 0.10978450 0.07043513 0.06407013 0.061159715 0.048744527 0.045704227 0.032470311 0.022320039 0.021403448 0.008764327 0.0112064756 0.0169521166 0.0145534732 7.349811e-03 8.002919e-03 7.143392e-03 7.057469e-04 6.485893e-03 3.610231e-03 2.000533e-03 1.027233e-02
    3    1      1      0    0      1      -1      -1   500 0.022310800 0.08162929 0.18548105 0.13782368 0.08635836 0.07968502 0.09420148 0.062846848 0.035177667 0.029158124 0.029308693 0.037345147 0.023387752 0.018341756 0.0210120570 0.0080162220 0.0101536529 4.016365e-03 3.454336e-03 2.681471e-03 8.054037e-03 2.733037e-03 3.796444e-03 1.518127e-03 1.150858e-02
    4    1      1      0    0      1      -1      -1   500 0.026250769 0.17037715 0.07955270 0.12981467 0.10800644 0.09000937 0.06270163 0.063030715 0.046957010 0.031234710 0.049361887 0.034380189 0.023964281 0.007466687 0.0197366950 0.0115009802 0.0062285986 7.995185e-03 7.367767e-03 4.898486e-03 6.599686e-03 1.762230e-03 5.621814e-03 1.098265e-04 5.070525e-03
    5    1      1      0    0      1      -1      -1   500 0.012216238 0.07330963 0.20892689 0.09633746 0.11413480 0.13353313 0.06472750 0.058739314 0.046110717 0.027449614 0.027413990 0.018802470 0.019992817 0.011621595 0.0121694135 0.0150218673 0.0067696072 9.257459e-03 3.805588e-03 1.427134e-02 8.725615e-04 1.922343e-03 2.099317e-04 8.011497e-03 1.437222e-02
    6    1      1      0    0      1      -1      -1   500 0.008270698 0.09486180 0.12653932 0.22776070 0.08418281 0.10260564 0.05521909 0.048345538 0.071030270 0.027233991 0.027180199 0.027873490 0.011666926 0.010746928 0.0136003562 0.0134070632 0.0078580779 7.828659e-03 8.911518e-03 2.096960e-03 5.657928e-03 3.959244e-03 2.357187e-03 4.651786e-04 1.034043e-02
    7    1      1      0    0      1      -1      -1   500 0.007514962 0.09789070 0.13909132 0.11048312 0.15784328 0.04839653 0.08323101 0.068864288 0.069860463 0.038284182 0.044283440 0.027638025 0.024223779 0.017876489 0.0088577724 0.0081817391 0.0126506994 1.009408e-02 5.400444e-03 1.625513e-03 1.905249e-03 3.125075e-03 3.727791e-03 1.715864e-03 7.234190e-03
    8    1      1      0    0      1      -1      -1   500 0.005317986 0.11567349 0.11156596 0.10684201 0.10553128 0.15612131 0.04082741 0.065067225 0.045468246 0.047349653 0.032351753 0.039825811 0.018238779 0.015423741 0.0151476650 0.0170295659 0.0097644517 7.581807e-03 5.432320e-03 9.181655e-03 4.983883e-03 4.788889e-03 4.477603e-04 5.522997e-04 1.948505e-02
    9    1      1      0    0      1      -1      -1   500 0.015194746 0.05006224 0.16470029 0.10314630 0.10190735 0.07115437 0.12762439 0.047156846 0.057385450 0.040720099 0.025377343 0.034529546 0.028536382 0.027316779 0.0204626188 0.0125145776 0.0174216235 5.751978e-03 1.063204e-02 7.865220e-03 6.275446e-03 2.085398e-03 4.400123e-03 3.098523e-03 1.468033e-02
   10    1      1      0    0      1      -1      -1   500 0.018028444 0.16611405 0.08301421 0.11774191 0.07727139 0.08795579 0.06300041 0.091555581 0.018180870 0.056244805 0.038394732 0.029285860 0.017400344 0.018963185 0.0136347982 0.0136150016 0.0227654999 1.007807e-02 4.735252e-03 8.932603e-03 7.390872e-03 1.343237e-03 9.003187e-03 1.144221e-02 1.390770e-02
   11    1      1      0    0      1      -1      -1   500 0.012679554 0.09849566 0.22127612 0.07646865 0.10385475 0.07130628 0.05305976 0.048054557 0.055609321 0.029498480 0.029991859 0.030625068 0.028634603 0.028386120 0.0166059574 0.0156322411 0.0048899418 9.234765e-03 2.282759e-02 4.798085e-03 3.555686e-03 3.486269e-03 3.769942e-03 8.406821e-04 2.641806e-02
   12    1      1      0    0      1      -1      -1   500 0.008681383 0.14575478 0.14651378 0.16304725 0.07506659 0.08266997 0.06161939 0.037802403 0.040198374 0.046973447 0.008607805 0.033849501 0.025686085 0.018342093 0.0128289772 0.0109064389 0.0060785419 9.499157e-03 1.030014e-02 3.873961e-03 1.390826e-03 6.216204e-03 5.504353e-03 5.966630e-03 3.262190e-02
   13    1      1      0    0      1      -1      -1   500 0.009357671 0.06818514 0.25078732 0.11681996 0.14201042 0.04225582 0.07300123 0.058321217 0.040086933 0.038203182 0.042089204 0.015199718 0.023072694 0.015629806 0.0131917801 0.0078567239 0.0156970371 2.804408e-03 5.772092e-03 6.637082e-03 2.651398e-03 2.178001e-03 1.749628e-03 2.368574e-04 6.204693e-03
   14    1      1      0    0      1      -1      -1   500 0.009815171 0.09613642 0.09101192 0.17261874 0.13483432 0.13429224 0.03306005 0.073252001 0.035465711 0.029669963 0.024489335 0.047578261 0.011294848 0.011572282 0.0102356424 0.0166248275 0.0049006815 1.503983e-02 6.639690e-03 3.826091e-03 7.018473e-03 6.472301e-03 3.603287e-03 2.306315e-03 1.824161e-02
   15    1      1      0    0      1      -1      -1   500 0.006511517 0.11846319 0.15554073 0.07903446 0.14804519 0.07149899 0.09531167 0.031401930 0.045101575 0.034235386 0.025426963 0.026752646 0.047621787 0.017570799 0.0156988503 0.0172989746 0.0095184963 6.459459e-03 6.563404e-03 9.496911e-03 4.864024e-03 5.404595e-03 6.733822e-03 1.741831e-03 1.370280e-02
   16    1      1      0    0      1      -1      -1   500 0.014139246 0.13316916 0.15894638 0.10407265 0.06869484 0.12313182 0.06377096 0.072641332 0.042127595 0.045411321 0.015980695 0.020128253 0.027154820 0.026535391 0.0105285506 0.0083773756 0.0146070978 1.306019e-02 5.706782e-03 3.712654e-03 1.574049e-03 3.420786e-03 1.923129e-03 3.046535e-03 1.813840e-02
   17    1      1      0    0      1      -1      -1   500 0.017586370 0.05351169 0.14900344 0.11960654 0.09297152 0.07416091 0.13354387 0.048273562 0.071931836 0.018171347 0.040678781 0.021215221 0.017734945 0.016804371 0.0397771627 0.0108805315 0.0115663153 4.025000e-03 1.159010e-02 1.106285e-02 6.237985e-03 3.019545e-03 3.174302e-03 1.289739e-02 1.057442e-02
   18    1      1      0    0      1      -1      -1   500 0.031651138 0.14083890 0.06414620 0.12716668 0.12612082 0.07771875 0.06443785 0.080105483 0.052383482 0.049969060 0.021553649 0.028208582 0.021050692 0.013885927 0.0225352815 0.0255441435 0.0044030441 6.864973e-03 8.842321e-03 4.465785e-03 5.892782e-03 3.894830e-03 5.363313e-03 3.203499e-03 9.752820e-03
   19    1      1      0    0      1      -1      -1   500 0.016977324 0.26881286 0.16735599 0.03837827 0.08483059 0.08697948 0.04938237 0.024836112 0.068339343 0.033357064 0.033280888 0.008131870 0.018431917 0.015586269 0.0156099984 0.0082933075 0.0172270988 4.379953e-03 7.292419e-03 5.565026e-03 3.716539e-03 2.993430e-03 5.616867e-03 1.081959e-03 1.354306e-02
   20    1      1      0    0      1      -1      -1   500 0.006826612 0.13454311 0.30466302 0.12662011 0.02164668 0.06449621 0.06156797 0.048076524 0.033635610 0.043332021 0.024866585 0.022131305 0.006584866 0.019659164 0.0121540992 0.0127638775 0.0056878164 1.432475e-02 9.539088e-03 8.007815e-03 5.752493e-03 9.254398e-04 2.550187e-03 7.820592e-04 8.862595e-03
   21    1      1      0    0      1      -1      -1   500 0.007719335 0.12490403 0.17934947 0.27125403 0.09107819 0.03376018 0.02908919 0.064312987 0.030273290 0.013299487 0.026893356 0.019347365 0.028528665 0.016578117 0.0162682044 0.0102101864 0.0062248302 6.247216e-03 8.450529e-03 9.074677e-04 2.722970e-03 9.696581e-04 4.079030e-03 4.066678e-04 7.125547e-03
   22    1      1      0    0      1      -1      -1   500 0.025371856 0.08026670 0.15170736 0.14776182 0.22233300 0.07563425 0.01533202 0.044317363 0.032438976 0.032382967 0.024313087 0.051181922 0.012458907 0.018848466 0.0049012635 0.0060629626 0.0052099190 7.142724e-03 8.597000e-03 7.214319e-03 2.007428e-03 1.046008e-03 1.188507e-02 1.941140e-03 9.643469e-03
   23    1      1      0    0      1      -1      -1   500 0.046916607 0.21710016 0.09954984 0.07453958 0.11733042 0.15195968 0.07112070 0.008872143 0.047055553 0.028732233 0.013269979 0.008754758 0.038014194 0.014986608 0.0069219472 0.0110715313 0.0074518632 2.864409e-03 1.254869e-02 4.180799e-03 7.494804e-04 3.485901e-03 3.739262e-04 1.257514e-03 1.089148e-02
   24    1      1      0    0      1      -1      -1   500 0.013269895 0.26289646 0.21132545 0.07803928 0.08580284 0.08902072 0.08351194 0.031512594 0.009771754 0.013287250 0.022283276 0.024231471 0.013862921 0.014952326 0.0142512727 0.0130206034 0.0036802843 1.580883e-03 8.813324e-04 1.212248e-03 2.465160e-04 3.201246e-03 3.816375e-04 3.143205e-03 4.632584e-03
   25    1      1      0    0      1      -1      -1   500 0.025545544 0.10522497 0.28359022 0.18575554 0.04660084 0.05640082 0.06854931 0.071834059 0.030874129 0.007207674 0.022901148 0.015072649 0.010378234 0.006642613 0.0116315637 0.0065810181 0.0040808925 2.398512e-03 9.531296e-03 1.052635e-02 4.622714e-04 5.884824e-03 1.952731e-03 2.240521e-04 1.014875e-02
   26    1      1      0    0      1      -1      -1   500 0.009136826 0.12316654 0.14641124 0.27784475 0.12887310 0.04041671 0.04739155 0.050516779 0.055684503 0.031412515 0.003741317 0.012739926 0.011304906 0.004753261 0.0062213008 0.0056136960 0.0037351667 1.215775e-02 1.726508e-03 2.211776e-03 3.928571e-03 1.499005e-03 2.089567e-04 1.114201e-02 8.161330e-03
   27    1      1      0    0      1      -1      -1   500 0.003970964 0.17196717 0.12830144 0.11970687 0.21749824 0.09227308 0.02914799 0.041175260 0.064447652 0.053877204 0.011313533 0.005631421 0.019334329 0.002577357 0.0137956056 0.0019185363 0.0032749294 7.784358e-04 7.007719e-03 2.253266e-03 3.468280e-03 9.828091e-04 4.518036e-04 1.016692e-03 3.829411e-03
   28    1      1      0    0      1      -1      -1   500 0.010563859 0.02620290 0.25293873 0.11730964 0.06879063 0.20464348 0.08158046 0.025435166 0.041591721 0.024007081 0.053377487 0.022147408 0.001946138 0.014265710 0.0039297615 0.0101326790 0.0013300043 1.192000e-02 3.963226e-03 8.733036e-03 1.260498e-03 1.546835e-03 2.636520e-04 9.727409e-04 1.114716e-02
   29    1      1      0    0      1      -1      -1   500 0.009634005 0.16429676 0.05953727 0.18734358 0.09977260 0.07812283 0.12290577 0.086343850 0.015575175 0.017410557 0.030740021 0.039671924 0.010931233 0.002634898 0.0107308102 0.0080582802 0.0050765136 8.552458e-03 6.338008e-03 2.835434e-03 3.620286e-03 6.499208e-03 1.095485e-02 6.356116e-03 6.057567e-03
   30    1      1      0    0      1      -1      -1   500 0.014345724 0.08951752 0.23966599 0.03317329 0.14009733 0.08168426 0.06713865 0.109677729 0.082836032 0.023774210 0.018577772 0.021451891 0.025789072 0.012397529 0.0062275690 0.0054120164 0.0098005703 6.399314e-03 1.410061e-03 1.987348e-03 1.994316e-03 1.353669e-03 1.536876e-05 2.744065e-04 4.998357e-03
   31    1      1      0    0      1      -1      -1   500 0.009973748 0.17144377 0.12578546 0.12361175 0.03197504 0.10461451 0.09406625 0.033173305 0.120968070 0.052282890 0.016044975 0.024484252 0.020565741 0.027810309 0.0103038318 0.0023037492 0.0053048017 2.690188e-03 5.961864e-04 3.681220e-03 1.505076e-03 1.236422e-03 5.619817e-03 2.934266e-03 7.024364e-03
   32    1      1      0    0      1      -1      -1   500 0.007620976 0.11220961 0.22931623 0.12349499 0.13643625 0.02852646 0.06860334 0.039156548 0.034775609 0.090796569 0.032385339 0.020034369 0.010224299 0.008326587 0.0209453827 0.0025022966 0.0033446675 8.830326e-03 6.287450e-03 5.452667e-03 3.924793e-03 4.341311e-04 1.696840e-04 4.953862e-05 6.151896e-03
   33    1      1      0    0      1      -1      -1   500 0.011892998 0.13700270 0.14051097 0.17910774 0.08428616 0.08741056 0.03515805 0.085454998 0.043995750 0.028137469 0.055386438 0.024312936 0.020256121 0.010227189 0.0051656270 0.0127122971 0.0076469486 4.756475e-03 5.591969e-03 5.763785e-03 1.088241e-03 9.752574e-04 4.516731e-04 1.138670e-03 1.156897e-02
   34    1      1      0    0      1      -1      -1   500 0.015777688 0.10403625 0.19789879 0.11875798 0.14946720 0.08139794 0.07745730 0.017709030 0.054524951 0.035156015 0.020456481 0.045373959 0.024869699 0.005131466 0.0092773345 0.0065760326 0.0124168856 3.697312e-03 6.504110e-04 7.606616e-04 6.488392e-03 2.634826e-05 4.265052e-04 5.954203e-04 1.106993e-02
   35    1      1      0    0      1      -1      -1   500 0.006195800 0.12801636 0.15008311 0.22734968 0.08804712 0.11417317 0.05416835 0.057283375 0.014378955 0.036190602 0.021266070 0.022088642 0.032275240 0.017810390 0.0041980960 0.0035487749 0.0051011205 5.928213e-03 2.562075e-03 1.603814e-03 3.362417e-04 1.891875e-03 6.834381e-05 3.256294e-04 5.108945e-03
   36    1      1      0    0      1      -1      -1   500 0.015541718 0.12103480 0.18571830 0.10481330 0.13588436 0.07505501 0.08970817 0.046249492 0.044795580 0.011800418 0.042500713 0.013235265 0.027999657 0.038138344 0.0063341226 0.0082759609 0.0075299653 4.875840e-03 1.096537e-02 1.689311e-03 1.116614e-05 9.935254e-05 1.342270e-03 7.654157e-05 6.324962e-03
   37    1      1      0    0      1      -1      -1   500 0.010967740 0.17738415 0.16283688 0.11038930 0.11478252 0.12373955 0.04625752 0.051382956 0.041992386 0.040452505 0.004842464 0.039935335 0.013438784 0.013592993 0.0095891574 0.0125363445 0.0054011716 2.856202e-03 2.340628e-03 3.434495e-03 6.376480e-03 2.666779e-04 1.481289e-03 5.742644e-05 3.665046e-03
   38    1      1      0    0      1      -1      -1   500 0.007156344 0.12299890 0.25393697 0.13845501 0.11143278 0.07293342 0.07713676 0.031916839 0.053957572 0.018887528 0.018232670 0.002881367 0.019284751 0.013480872 0.0061348516 0.0243914376 0.0075384290 2.731078e-04 9.426391e-04 4.049670e-03 4.659739e-03 3.598104e-03 5.464343e-04 2.857455e-03 2.316342e-03
   39    1      1      0    0      1      -1      -1   500 0.004160221 0.07230981 0.18385753 0.22300596 0.10574688 0.06938665 0.05647156 0.064169664 0.037541835 0.059151004 0.020951994 0.031189716 0.002288625 0.012145810 0.0077265417 0.0080886896 0.0109954582 1.195731e-02 8.250014e-04 2.135101e-03 8.404759e-03 3.160793e-03 1.564544e-03 2.120273e-04 2.552506e-03
   40    1      1      0    0      1      -1      -1   500 0.009084069 0.08935823 0.10706115 0.20402516 0.18947901 0.06724625 0.07532040 0.040290737 0.041247978 0.019562880 0.036507109 0.021977759 0.019127289 0.008543279 0.0241304311 0.0048287199 0.0037186433 1.171040e-02 2.371920e-03 3.256646e-03 3.207538e-04 1.472863e-03 7.683320e-03 5.292268e-03 6.382731e-03
   41    1      1      0    0      1      -1      -1   500 0.018393126 0.16818345 0.11588627 0.07435512 0.15063067 0.13216692 0.06269534 0.051788293 0.045072790 0.040047420 0.025381735 0.029766944 0.006250339 0.027858802 0.0005559410 0.0112902438 0.0097876756 1.590868e-03 1.342183e-02 5.096305e-03 1.482327e-03 2.391976e-03 1.821412e-05 4.740474e-03 1.146925e-03
   42    1      1      0    0      1      -1      -1   500 0.008250110 0.13608234 0.22509133 0.08792110 0.05718440 0.11143246 0.11858409 0.037243987 0.043551364 0.023800567 0.029928979 0.027191591 0.018961449 0.014834489 0.0040612090 0.0028070121 0.0100160826 1.160594e-02 4.272508e-03 9.091936e-03 3.750839e-03 5.893644e-03 5.116629e-05 1.009930e-03 7.381472e-03
   43    1      1      0    0      1      -1      -1   500 0.012865883 0.11416663 0.18222108 0.14006171 0.09111999 0.05635158 0.10011820 0.081745290 0.025257563 0.042286942 0.036228431 0.023415897 0.017274544 0.024357975 0.0080233371 0.0204781843 0.0008318712 4.042636e-03 4.322208e-03 2.545120e-03 6.304025e-03 3.304608e-03 1.154816e-05 3.637113e-05 2.628373e-03
   44    1      1      0    0      1      -1      -1   500 0.029507945 0.13432143 0.15447347 0.17051511 0.14639532 0.04036980 0.03321421 0.055379215 0.066976179 0.030776998 0.035704243 0.011352328 0.021963572 0.012635491 0.0216081272 0.0076931018 0.0040976639 1.706558e-03 6.054054e-03 1.562279e-03 4.385345e-03 5.410111e-03 2.398418e-04 3.230190e-06 3.654375e-03
   45    1      1      0    0      1      -1      -1   500 0.005379045 0.21998614 0.18931944 0.08749759 0.10334094 0.08849750 0.04252496 0.022720274 0.053077993 0.043954056 0.023467156 0.033510702 0.012426123 0.019456021 0.0065119836 0.0083907938 0.0057181821 9.584017e-03 8.352177e-05 7.931145e-03 2.914403e-03 2.073266e-04 2.047050e-03 3.282882e-03 8.170766e-03
   46    1      1      0    0      1      -1      -1   500 0.026701083 0.11153388 0.29540096 0.13200904 0.07793460 0.06942657 0.07900291 0.027582483 0.036041341 0.026280815 0.033260471 0.024318934 0.012116281 0.008334615 0.0062196761 0.0055949532 0.0079941727 4.005403e-03 5.625480e-03 3.020184e-05 2.639263e-03 1.376302e-03 3.060250e-04 1.666220e-03 4.598328e-03
   47    1      1      0    0      1      -1      -1   500 0.004614720 0.20252389 0.09664304 0.22154347 0.11614986 0.08490458 0.06935115 0.049146198 0.023673085 0.009146907 0.022724436 0.034481506 0.016933412 0.013169634 0.0030538476 0.0043856872 0.0099482593 2.268394e-03 7.116843e-04 9.228090e-04 4.004230e-03 7.234168e-03 7.990997e-05 1.959210e-05 2.365528e-03
   48    1      1      0    0      1      -1      -1   500 0.026528177 0.08013793 0.25068374 0.07791514 0.16365549 0.08127032 0.05410700 0.038530755 0.050025804 0.024031463 0.016155241 0.026399715 0.026169886 0.010430950 0.0083606689 0.0038361765 0.0157079263 4.253347e-03 3.911044e-03 7.635421e-03 4.455062e-03 3.337617e-05 6.959377e-04 9.509668e-04 2.411846e-02
   49    1      1      0    0      1      -1      -1   500 0.015278528 0.17262646 0.08500652 0.17995080 0.06373961 0.14874157 0.09988839 0.041128881 0.030546907 0.041971526 0.018055658 0.009949555 0.012028252 0.030978558 0.0111658250 0.0089822772 0.0071184735 8.151332e-03 9.675186e-04 6.861569e-03 2.081080e-03 8.179169e-04 9.345408e-07 3.679688e-05 3.925057e-03
   50    1      1      0    0      1      -1      -1   500 0.028183192 0.16523353 0.23775137 0.07270611 0.15650636 0.05504717 0.10567000 0.051860645 0.021410624 0.014408763 0.014905306 0.012842036 0.002102238 0.006645136 0.0075123518 0.0072115887 0.0039359866 8.423670e-03 5.281870e-03 1.732086e-03 6.319046e-03 3.637546e-03 2.857808e-04 1.038117e-03 9.349484e-03
   51    1      1      0    0      1      -1      -1   500 0.017246596 0.15688882 0.19080162 0.20044923 0.08732931 0.07471610 0.04285663 0.072408353 0.038375742 0.028106578 0.018551319 0.018249855 0.002150254 0.002910664 0.0044016303 0.0109926067 0.0080420574 6.825039e-03 4.170343e-03 1.087868e-03 2.991630e-03 2.300043e-04 7.682190e-04 3.076741e-03 6.372787e-03
   52    1      1      0    0      1      -1      -1   500 0.011816293 0.19867600 0.21166264 0.14703877 0.11816909 0.04601990 0.08744836 0.035104769 0.047567298 0.015994117 0.012613024 0.007166709 0.006283395 0.004800929 0.0025416817 0.0126960630 0.0033206449 3.000652e-03 6.576506e-03 3.346663e-03 4.322607e-03 4.433413e-03 2.446740e-03 8.887908e-04 6.064954e-03
   53    1      1      0    0      1      -1      -1   500 0.008904656 0.20035457 0.22056332 0.16106883 0.08682342 0.09338335 0.03594716 0.053361129 0.014265246 0.033421905 0.023504336 0.011534882 0.008945970 0.012253595 0.0046173494 0.0018382728 0.0054550925 4.983220e-03 1.855591e-03 6.199786e-03 2.794873e-03 3.529963e-03 6.891298e-06 1.732367e-03 2.654216e-03
   54    1      1      0    0      1      -1      -1   500 0.023303156 0.07977625 0.23777004 0.19669377 0.15001669 0.07764100 0.07487583 0.019248915 0.052224803 0.012312611 0.022242825 0.021892322 0.004024357 0.008472320 0.0059326005 0.0018469290 0.0034716917 7.059258e-04 5.249888e-03 8.139674e-05 2.905144e-04 1.916984e-04 1.418056e-04 7.986962e-05 1.512779e-03
   55    1      1      0    0      1      -1      -1   500 0.012271633 0.16882027 0.12565114 0.16595138 0.15438154 0.10766596 0.06663723 0.057509048 0.019729627 0.047369433 0.011680239 0.019559569 0.009499982 0.003592294 0.0067853678 0.0041969236 0.0014648198 2.264981e-03 5.098945e-03 4.226943e-03 1.470325e-03 2.402967e-04 2.940146e-04 2.290489e-03 1.347557e-03
   56    1      1      0    0      1      -1      -1   500 0.014543740 0.12910071 0.19527040 0.10198242 0.18030502 0.11653113 0.05278291 0.055503251 0.045812709 0.014106750 0.034228227 0.005312713 0.019211177 0.007631145 0.0051644531 0.0033671457 0.0081332408 2.271657e-03 6.714606e-04 1.112565e-03 3.785905e-04 2.978758e-03 5.011749e-05 5.685163e-04 2.981183e-03
   57    1      1      0    0      1      -1      -1   500 0.030466422 0.16571855 0.16365901 0.16049926 0.06486545 0.09197962 0.10519496 0.058165062 0.025018005 0.046319381 0.009373057 0.022995055 0.003911240 0.015825663 0.0121024762 0.0007488500 0.0030165276 6.520854e-04 3.001625e-03 7.609956e-05 1.375013e-03 1.074627e-02 6.906924e-04 3.340220e-04 3.265606e-03
   58    1      1      0    0      1      -1      -1   500 0.020739428 0.18196307 0.22006356 0.12327562 0.12139353 0.05918911 0.07102017 0.064661275 0.037871401 0.025170137 0.020808387 0.007237343 0.008829665 0.004710903 0.0130971162 0.0011736741 0.0041726074 3.855853e-03 1.825419e-03 7.395673e-04 6.913133e-04 3.129723e-03 1.548025e-03 1.893137e-04 2.643794e-03
   59    1      1      0    0      1      -1      -1   500 0.027264478 0.14321347 0.21105430 0.17400033 0.11189990 0.08174007 0.03570188 0.065735559 0.056480610 0.026314692 0.019382791 0.014052408 0.001192418 0.007342230 0.0012980874 0.0048424453 0.0030697922 2.062373e-03 1.672088e-03 3.871751e-03 1.114922e-03 1.021411e-07 2.608183e-04 1.358187e-03 5.074302e-03
   60    1      1      0    0      1      -1      -1   500 0.003450637 0.17226736 0.22046705 0.12580714 0.11820420 0.06435180 0.07716922 0.029938791 0.050862202 0.038315441 0.026001614 0.021237701 0.015402389 0.012061461 0.0079239502 0.0048646186 0.0052095051 1.268266e-03 2.477896e-03 9.342227e-05 4.236538e-04 9.964574e-06 1.750553e-08 1.134309e-04 2.078272e-03
   61    1      1      0    0      1      -1      -1   500 0.003930037 0.08311570 0.18764687 0.20810875 0.12883192 0.09987453 0.06950668 0.053929338 0.023663954 0.049579459 0.031771025 0.017747013 0.005672651 0.009038654 0.0025959377 0.0042846191 0.0026200943 6.545415e-03 1.871422e-03 7.276973e-06 5.146032e-03 1.487653e-04 6.332942e-04 1.100880e-03 2.629685e-03
   62    1      1      0    0      1      -1      -1   500 0.039777601 0.04325242 0.10134414 0.17973563 0.14273048 0.11672968 0.10997468 0.055708934 0.046604558 0.028368344 0.040645999 0.036935997 0.019152443 0.010692144 0.0039606320 0.0007168457 0.0083452382 4.648526e-03 2.551209e-03 8.562017e-04 7.630109e-04 3.477703e-04 2.569368e-03 2.231857e-03 1.356300e-03
   63    1      1      0    0      1      -1      -1   500 0.012669822 0.22897105 0.07350584 0.06689845 0.13584450 0.14471143 0.08455671 0.072043351 0.046306701 0.030777669 0.014870334 0.020271037 0.021248278 0.016531857 0.0046474854 0.0079259113 0.0044399383 2.640510e-03 5.873589e-03 2.101971e-03 9.550583e-04 5.503771e-05 1.556985e-04 6.001860e-07 1.997168e-03
   64    1      1      0    0      1      -1      -1   500 0.025660077 0.14214954 0.27315594 0.06430270 0.06430786 0.11992655 0.08395434 0.069526106 0.061215831 0.021998550 0.023040163 0.006923759 0.009387948 0.016895661 0.0023246937 0.0017047862 0.0049976198 9.263428e-05 6.352505e-04 3.280446e-03 7.319447e-04 1.552007e-03 8.585259e-04 5.137902e-04 8.632814e-04
   65    1      1      0    0      1      -1      -1   500 0.014164244 0.21300219 0.21252563 0.19118152 0.04649621 0.05530731 0.08460534 0.043036656 0.034126354 0.025675010 0.018588414 0.015558168 0.005204495 0.007607405 0.0097934056 0.0069579464 0.0008782635 1.125736e-03 8.512881e-05 2.267899e-03 1.707748e-04 1.219958e-03 3.417107e-03 4.790897e-04 6.525740e-03
   66    1      1      0    0      1      -1      -1   500 0.024738077 0.15401589 0.26579177 0.14265112 0.12233902 0.02064033 0.02452869 0.067664970 0.032227286 0.030878539 0.031503130 0.015952182 0.012424399 0.012061930 0.0141604388 0.0096717191 0.0072998407 3.174754e-03 1.383135e-03 7.277851e-04 4.564548e-06 7.232848e-06 1.600084e-04 4.603079e-03 1.390110e-03
   67    1      1      0    0      1      -1      -1   500 0.015437973 0.20460894 0.19139960 0.18435491 0.11379694 0.10930379 0.02181402 0.017605307 0.024207214 0.032728181 0.033109456 0.007050070 0.014031345 0.008097156 0.0013338551 0.0051917840 0.0037133666 5.776871e-03 1.412330e-03 5.727871e-04 1.980068e-06 5.457844e-05 9.454994e-04 3.359683e-04 3.116081e-03
   68    1      1      0    0      1      -1      -1   500 0.017199230 0.15218530 0.22534889 0.14887045 0.15696686 0.08911078 0.06968225 0.013446828 0.010548472 0.036204026 0.025018786 0.015634934 0.009308611 0.008797621 0.0059651264 0.0016417101 0.0034774226 1.585361e-03 1.194213e-03 2.102212e-03 4.027121e-03 3.494649e-05 1.081232e-04 9.849677e-04 5.557568e-04
   69    1      1      0    0      1      -1      -1   500 0.024228349 0.08817230 0.17852441 0.19481611 0.10260089 0.11436596 0.08998300 0.067308735 0.034277256 0.012954317 0.017403571 0.010950929 0.013645267 0.021672128 0.0085036765 0.0034047133 0.0010243583 1.554567e-03 5.108876e-03 1.299201e-03 1.392232e-03 1.273573e-03 7.983766e-06 2.828571e-03 2.699029e-03
   70    1      1      0    0      1      -1      -1   500 0.012202505 0.23029201 0.11842310 0.14068294 0.13253984 0.09908295 0.10471723 0.045652216 0.034672035 0.011451864 0.010039319 0.012727930 0.005686705 0.008500942 0.0079008924 0.0017038038 0.0035429756 7.892235e-03 1.334155e-03 1.489041e-03 2.986629e-04 6.407128e-04 1.633686e-03 3.661097e-03 3.231152e-03
   71    1      1      0    0      1      -1      -1   500 0.008757467 0.16572973 0.29258965 0.09494527 0.06507365 0.10581722 0.04476050 0.050928596 0.053458117 0.030986391 0.010895737 0.002332455 0.016656290 0.007323750 0.0231270421 0.0027867677 0.0064766697 3.167623e-03 6.109664e-04 4.429549e-03 8.071759e-05 7.896649e-04 2.628326e-06 1.186302e-03 7.087251e-03
   72    1      1      0    0      1      -1      -1   500 0.013928885 0.10539571 0.15525970 0.28707121 0.07350544 0.08315212 0.07397374 0.063804643 0.031170996 0.018973123 0.026838904 0.002890070 0.019593501 0.010306028 0.0109616553 0.0083766438 0.0015506762 3.242912e-03 4.161827e-03 3.056668e-06 4.075877e-03 4.804138e-04 1.466925e-05 4.952932e-05 1.218658e-03
   73    1      1      0    0      1      -1      -1   500 0.007654163 0.14044150 0.15779840 0.15013784 0.22141575 0.05054808 0.05633815 0.060702000 0.030695135 0.037804090 0.021269058 0.021073669 0.004617142 0.004465686 0.0077243950 0.0102466495 0.0014036509 3.337670e-03 1.005312e-02 6.186399e-04 2.259902e-04 8.563229e-04 3.684058e-04 2.476487e-06 2.020180e-04
   74    1      1      0    0      1      -1      -1   500 0.016308992 0.09606007 0.18836310 0.10122676 0.10782297 0.15186933 0.03037067 0.049018575 0.079156757 0.036997226 0.036413362 0.024145071 0.031506320 0.013240008 0.0034344296 0.0122067642 0.0067410156 1.529687e-03 4.166945e-03 4.952846e-04 6.403407e-03 3.039085e-04 4.183123e-04 3.915361e-05 1.761882e-03
   75    1      1      0    0      1      -1      -1   500 0.025174331 0.16416893 0.12505402 0.16075885 0.08057098 0.08703876 0.16546396 0.027964684 0.035571574 0.037889365 0.017065703 0.023581608 0.020268033 0.017454632 0.0001780858 0.0006929366 0.0007746042 3.560745e-03 3.401296e-03 9.663635e-04 2.389540e-04 3.523869e-04 2.507114e-06 1.185388e-04 1.688161e-03
   76    1      1      0    0      1      -1      -1   500 0.028400336 0.21899814 0.18704049 0.12465212 0.09784256 0.04536393 0.06233390 0.093198743 0.029152065 0.030725347 0.024774802 0.007874755 0.019368517 0.013943658 0.0064155288 0.0013267264 0.0014933044 1.237670e-03 1.812917e-03 5.614238e-04 1.662778e-03 4.413881e-05 1.023043e-03 5.435801e-05 6.987575e-04
   77    1      1      0    0      1      -1      -1   500 0.009157356 0.21155717 0.25664989 0.14110691 0.05398602 0.07413655 0.02886969 0.033269660 0.103878959 0.016689506 0.014368018 0.015567166 0.004273034 0.013469784 0.0019087317 0.0096897653 0.0005479467 1.316589e-06 5.394243e-04 8.620201e-04 2.744656e-03 1.419808e-03 2.876997e-03 3.604985e-06 2.426030e-03
   78    1      1      0    0      1      -1      -1   500 0.009528584 0.14678568 0.28051443 0.20089570 0.09175058 0.04085875 0.05337801 0.029831979 0.033792373 0.040462320 0.013572982 0.014282448 0.015432181 0.008178209 0.0143803047 0.0014122016 0.0005558806 9.788063e-05 5.625207e-05 6.285627e-04 1.619533e-03 1.400979e-04 3.309216e-04 5.786582e-05 1.456261e-03
   79    1      1      0    0      1      -1      -1   500 0.009445823 0.08499391 0.16083479 0.25069327 0.14848403 0.10612298 0.03544330 0.041483728 0.030377543 0.025591768 0.056765040 0.011364013 0.013506171 0.005455444 0.0060932427 0.0012528165 0.0057323715 5.401372e-03 1.272405e-04 9.174326e-05 3.904676e-04 1.069288e-04 1.459835e-04 8.404583e-05 1.199199e-05
   80    1      1      0    0      1      -1      -1   500 0.005020661 0.12323333 0.11717130 0.15983397 0.21549983 0.12948649 0.05578155 0.027102348 0.037462091 0.027095050 0.015929130 0.035741885 0.008088963 0.005721187 0.0108785699 0.0084223819 0.0029917032 1.008434e-03 9.480311e-03 7.538059e-04 1.405385e-03 3.440887e-04 1.427424e-03 5.466973e-05 6.543488e-05
   81    1      1      0    0      1      -1      -1   500 0.007336819 0.11875119 0.15269375 0.11753245 0.11045974 0.17174812 0.09468837 0.071619309 0.029091357 0.021380747 0.014663114 0.010057423 0.035046321 0.002436505 0.0105090406 0.0039459374 0.0012457452 9.449433e-03 2.426128e-03 1.178682e-02 7.054456e-06 1.130232e-06 6.542342e-06 2.889298e-04 2.828021e-03
   82    1      1      0    0      1      -1      -1   500 0.032474320 0.12154825 0.15333575 0.13646461 0.06083653 0.07125884 0.13171255 0.080558871 0.056502972 0.034966552 0.034439579 0.013396511 0.015878096 0.020092046 0.0025061332 0.0107412623 0.0055813480 6.266166e-04 5.351970e-03 1.822930e-03 8.327956e-04 6.664514e-06 1.641037e-04 8.471160e-04 8.053586e-03
   83    1      1      0    0      1      -1      -1   500 0.014516903 0.20027509 0.13475860 0.10839470 0.08636814 0.07517567 0.06165984 0.083856135 0.070553040 0.038033127 0.013745506 0.021485461 0.013271338 0.011829819 0.0379580148 0.0098622275 0.0030396009 6.239442e-03 3.096709e-03 1.013494e-03 3.093425e-03 6.999087e-04 1.392663e-05 1.997254e-04 8.601485e-04
   84    1      1      0    0      1      -1      -1   500 0.005874538 0.12479545 0.30851174 0.09197825 0.07684092 0.06976032 0.03708619 0.058150250 0.064314737 0.071389423 0.028048323 0.007991551 0.008830586 0.009981663 0.0060999456 0.0100443189 0.0020978816 3.836736e-03 1.480329e-03 1.807770e-03 1.992860e-03 6.768397e-04 5.211016e-04 1.582597e-05 7.872443e-03
   85    1      1      0    0      1      -1      -1   500 0.014195858 0.13085884 0.19828194 0.21728291 0.08617387 0.07231651 0.06376738 0.029206987 0.031239525 0.059531826 0.040712067 0.018419705 0.004774542 0.008732784 0.0031221424 0.0055666102 0.0013497559 2.155157e-03 7.330089e-04 7.250291e-03 8.740191e-04 2.261584e-04 2.307187e-03 5.643422e-04 3.565793e-04
   86    1      1      0    0      1      -1      -1   500 0.010090612 0.19429232 0.19116222 0.12612484 0.14773275 0.06781348 0.04544683 0.043728186 0.028419553 0.027476505 0.045267485 0.024264068 0.022146882 0.003654093 0.0039785986 0.0014235197 0.0100529740 4.815621e-03 7.065777e-04 5.356726e-04 3.836366e-04 8.298593e-05 3.863057e-04 1.229124e-08 1.426814e-05
   87    1      1      0    0      1      -1      -1   500 0.016260100 0.08493585 0.23950505 0.17126499 0.12661745 0.13711272 0.04914990 0.023203450 0.041108261 0.013724866 0.020785396 0.025082002 0.011452921 0.008465989 0.0095424213 0.0031996321 0.0013856604 5.300096e-03 5.271161e-03 7.818119e-05 1.034098e-03 1.449088e-03 1.074361e-04 1.271705e-03 2.691569e-03
   88    1      1      0    0      1      -1      -1   500 0.013917567 0.15389380 0.10908749 0.19667944 0.13159465 0.07303184 0.11157829 0.032602304 0.033876869 0.025655986 0.015063673 0.031525613 0.027751474 0.009483142 0.0087938071 0.0038049012 0.0058882110 5.380798e-04 2.535897e-03 9.660312e-03 1.300130e-03 2.002329e-04 6.728685e-04 1.997744e-04 6.636485e-04
   89    1      1      0    0      1      -1      -1   500 0.013782713 0.14583127 0.23998146 0.09367656 0.12717324 0.08145910 0.06145949 0.082490684 0.019657726 0.029577519 0.017197349 0.026644065 0.014535188 0.021645752 0.0068061925 0.0043520489 0.0005637889 1.441376e-03 2.421428e-03 3.655764e-03 2.934201e-03 2.548840e-03 4.370525e-06 1.156167e-04 4.425965e-05
   90    1      1      0    0      1      -1      -1   500 0.027686233 0.14374214 0.15518327 0.20218920 0.06628358 0.13742892 0.05910815 0.051071432 0.063914250 0.018538998 0.012120119 0.014858445 0.002827200 0.005456103 0.0135796741 0.0070440084 0.0075566503 3.054564e-05 2.279099e-04 8.381350e-05 1.403055e-05 2.243571e-03 2.613818e-05 3.077218e-03 5.708399e-03
   91    1      1      0    0      1      -1      -1   500 0.005790160 0.22700448 0.17867844 0.10849741 0.11504596 0.06288285 0.10628360 0.041520108 0.052296081 0.032922360 0.007539219 0.009833366 0.012017588 0.004975850 0.0032840663 0.0149224727 0.0067141535 1.052382e-03 1.568685e-04 3.051581e-03 9.081193e-04 6.209300e-04 2.774397e-03 3.797847e-04 8.477737e-04
   92    1      1      0    0      1      -1      -1   500 0.024653978 0.11496137 0.27986958 0.13137443 0.07447240 0.08915796 0.05758886 0.079955705 0.044684329 0.016996129 0.019860169 0.017939368 0.007510021 0.001917537 0.0013382569 0.0145789573 0.0021826160 3.173121e-03 1.127584e-02 2.864122e-03 3.236298e-04 1.126376e-05 1.476776e-05 1.037408e-03 2.258178e-03
   93    1      1      0    0      1      -1      -1   500 0.015802020 0.14740483 0.14889793 0.18578165 0.12394662 0.05806033 0.07076812 0.043229190 0.060719134 0.030011658 0.019257707 0.027072673 0.014510747 0.011022810 0.0065705869 0.0013334906 0.0134290275 8.148315e-03 4.871231e-03 3.440080e-04 1.847902e-06 6.130330e-04 1.198648e-05 7.848357e-05 8.112566e-03
   94    1      1      0    0      1      -1      -1   500 0.019910326 0.11098829 0.21391625 0.10185398 0.14950685 0.09689640 0.07764300 0.046940862 0.019694062 0.040583345 0.023629171 0.025146264 0.025637246 0.008667649 0.0099003413 0.0081525874 0.0035370960 6.582208e-03 3.309072e-03 3.196990e-03 9.125609e-05 2.044012e-06 1.803029e-03 2.613592e-04 2.150331e-03
   95    1      1      0    0      1      -1      -1   500 0.025275774 0.16347873 0.15769228 0.12521898 0.07846016 0.17040613 0.05916806 0.051609627 0.051781044 0.026220882 0.026424009 0.010255111 0.009656650 0.015982661 0.0067050188 0.0033215205 0.0033762344 3.794473e-03 1.546196e-03 5.687618e-03 1.391194e-04 3.142137e-03 1.806829e-04 3.496782e-05 4.419334e-04
   96    1      1      0    0      1      -1      -1   500 0.011198368 0.17572760 0.19598025 0.13342103 0.13093000 0.07705899 0.09070387 0.057021375 0.020507820 0.024102628 0.011038978 0.014100880 0.011237174 0.009276205 0.0171470974 0.0032644063 0.0025244152 2.819199e-03 3.735026e-04 1.978770e-03 6.330037e-03 5.366990e-04 2.254947e-03 1.335464e-04 3.322173e-04
   97    1      1      0    0      1      -1      -1   500 0.006365390 0.12878747 0.23018361 0.15795100 0.09110211 0.08808250 0.03911174 0.081173496 0.040534880 0.026964478 0.030482375 0.012951296 0.030900709 0.013207952 0.0073262941 0.0059644357 0.0011165120 1.934895e-03 1.220695e-03 1.367191e-03 1.130971e-03 1.390984e-03 1.387368e-05 2.239256e-04 5.112209e-04
   98    1      1      0    0      1      -1      -1   500 0.031571919 0.12824760 0.15075104 0.17859880 0.13243898 0.09176218 0.06529990 0.032342883 0.074306744 0.032220267 0.022812235 0.022924119 0.008131464 0.005037477 0.0071739898 0.0035355362 0.0029133703 3.325600e-04 1.369227e-03 1.164434e-03 3.275711e-04 9.267346e-05 3.265221e-04 6.275584e-03 4.291107e-05
   99    1      1      0    0      1      -1      -1   500 0.042965264 0.20866928 0.14179374 0.12480359 0.11759989 0.07542855 0.03886167 0.082775542 0.025223766 0.046786509 0.018915314 0.011367615 0.018733309 0.003110443 0.0123889359 0.0033601544 0.0039581752 1.063305e-02 3.562002e-03 1.228432e-03 3.179574e-04 8.360870e-04 1.077993e-05 1.965540e-03 4.704413e-03
  100    1      1      0    0      1      -1      -1   500 0.011169483 0.28405173 0.22496084 0.07580939 0.07187392 0.07053098 0.05484286 0.050764684 0.036019073 0.010941735 0.039553552 0.009675856 0.016067607 0.018328533 0.0050134843 0.0067714114 0.0013219076 2.127402e-03 1.896196e-03 3.900442e-04 1.226211e-04 2.696281e-03 4.753680e-03 1.697103e-05 2.997550e-04
    2    1      2      0    0      1      -1      -1   500 0.020000000 0.14800000 0.17800000 0.13000000 0.09600000 0.08600000 0.06800000 0.058000000 0.056000000 0.026000000 0.032000000 0.016000000 0.006000000 0.014000000 0.0120000000 0.0120000000 0.0100000000 8.000000e-03 2.000000e-03 8.000000e-03 2.000000e-03 4.000000e-03 0.000000e+00 2.000000e-03 6.000000e-03
    3    1      2      0    0      1      -1      -1   500 0.056000000 0.08400000 0.14400000 0.13200000 0.10600000 0.08000000 0.09600000 0.060000000 0.032000000 0.046000000 0.044000000 0.028000000 0.016000000 0.012000000 0.0140000000 0.0080000000 0.0000000000 6.000000e-03 1.000000e-02 4.000000e-03 4.000000e-03 2.000000e-03 2.000000e-03 0.000000e+00 1.400000e-02
    4    1      2      0    0      1      -1      -1   500 0.020000000 0.21800000 0.07400000 0.13600000 0.08200000 0.09200000 0.07200000 0.046000000 0.030000000 0.056000000 0.030000000 0.026000000 0.026000000 0.014000000 0.0160000000 0.0100000000 0.0100000000 1.400000e-02 6.000000e-03 6.000000e-03 0.000000e+00 4.000000e-03 2.000000e-03 0.000000e+00 1.000000e-02
    5    1      2      0    0      1      -1      -1   500 0.018000000 0.13800000 0.20600000 0.06000000 0.11200000 0.10600000 0.09600000 0.032000000 0.034000000 0.036000000 0.030000000 0.032000000 0.014000000 0.010000000 0.0240000000 0.0040000000 0.0100000000 6.000000e-03 2.000000e-03 4.000000e-03 6.000000e-03 2.000000e-03 2.000000e-03 4.000000e-03 1.200000e-02
    6    1      2      0    0      1      -1      -1   500 0.022000000 0.12000000 0.14200000 0.17400000 0.07400000 0.07000000 0.06600000 0.076000000 0.046000000 0.040000000 0.024000000 0.030000000 0.026000000 0.014000000 0.0140000000 0.0140000000 0.0160000000 1.000000e-02 2.000000e-03 4.000000e-03 0.000000e+00 2.000000e-03 0.000000e+00 4.000000e-03 1.000000e-02
    7    1      2      0    0      1      -1      -1   500 0.028000000 0.12600000 0.15400000 0.12400000 0.14400000 0.06000000 0.08600000 0.044000000 0.062000000 0.036000000 0.010000000 0.026000000 0.022000000 0.016000000 0.0100000000 0.0020000000 0.0080000000 4.000000e-03 4.000000e-03 6.000000e-03 6.000000e-03 4.000000e-03 4.000000e-03 0.000000e+00 1.400000e-02
    8    1      2      0    0      1      -1      -1   500 0.014000000 0.18000000 0.12000000 0.09000000 0.08800000 0.13200000 0.05600000 0.060000000 0.052000000 0.052000000 0.020000000 0.032000000 0.024000000 0.016000000 0.0160000000 0.0080000000 0.0040000000 6.000000e-03 4.000000e-03 6.000000e-03 0.000000e+00 4.000000e-03 4.000000e-03 0.000000e+00 1.200000e-02
    9    1      2      0    0      1      -1      -1   500 0.040000000 0.08400000 0.16800000 0.10800000 0.07400000 0.06600000 0.11600000 0.030000000 0.060000000 0.038000000 0.032000000 0.034000000 0.034000000 0.024000000 0.0180000000 0.0120000000 0.0060000000 1.000000e-02 1.000000e-02 6.000000e-03 6.000000e-03 4.000000e-03 0.000000e+00 2.000000e-03 1.800000e-02
   10    1      2      0    0      1      -1      -1   500 0.024000000 0.21200000 0.06400000 0.15200000 0.09000000 0.08200000 0.04400000 0.098000000 0.044000000 0.036000000 0.024000000 0.024000000 0.016000000 0.016000000 0.0060000000 0.0220000000 0.0040000000 1.600000e-02 2.000000e-03 4.000000e-03 2.000000e-03 4.000000e-03 0.000000e+00 6.000000e-03 8.000000e-03
   11    1      2      0    0      1      -1      -1   500 0.030000000 0.14200000 0.21400000 0.06600000 0.09800000 0.07400000 0.06600000 0.050000000 0.064000000 0.026000000 0.028000000 0.022000000 0.026000000 0.012000000 0.0120000000 0.0100000000 0.0120000000 8.000000e-03 4.000000e-03 6.000000e-03 6.000000e-03 8.000000e-03 4.000000e-03 2.000000e-03 1.000000e-02
   12    1      2      0    0      1      -1      -1   500 0.034000000 0.18800000 0.13600000 0.17000000 0.06000000 0.07000000 0.05400000 0.066000000 0.036000000 0.044000000 0.018000000 0.018000000 0.020000000 0.010000000 0.0260000000 0.0120000000 0.0040000000 4.000000e-03 8.000000e-03 4.000000e-03 2.000000e-03 4.000000e-03 0.000000e+00 4.000000e-03 8.000000e-03
   13    1      2      0    0      1      -1      -1   500 0.036000000 0.08000000 0.23000000 0.10800000 0.14000000 0.04000000 0.05400000 0.050000000 0.056000000 0.036000000 0.046000000 0.016000000 0.014000000 0.018000000 0.0120000000 0.0100000000 0.0120000000 6.000000e-03 6.000000e-03 2.000000e-03 8.000000e-03 4.000000e-03 4.000000e-03 0.000000e+00 1.200000e-02
   14    1      2      0    0      1      -1      -1   500 0.032000000 0.14600000 0.10400000 0.15400000 0.09800000 0.10400000 0.03600000 0.060000000 0.030000000 0.030000000 0.030000000 0.054000000 0.022000000 0.010000000 0.0180000000 0.0120000000 0.0120000000 2.000000e-03 4.000000e-03 8.000000e-03 6.000000e-03 4.000000e-03 6.000000e-03 6.000000e-03 1.200000e-02
   15    1      2      0    0      1      -1      -1   500 0.018000000 0.18400000 0.15200000 0.07600000 0.12800000 0.05800000 0.09600000 0.034000000 0.064000000 0.032000000 0.030000000 0.018000000 0.024000000 0.008000000 0.0160000000 0.0100000000 0.0100000000 1.400000e-02 6.000000e-03 2.000000e-03 2.000000e-03 2.000000e-03 4.000000e-03 4.000000e-03 8.000000e-03
   16    1      2      0    0      1      -1      -1   500 0.010000000 0.15400000 0.15000000 0.11400000 0.05600000 0.14000000 0.04800000 0.072000000 0.014000000 0.048000000 0.028000000 0.026000000 0.020000000 0.018000000 0.0100000000 0.0200000000 0.0080000000 6.000000e-03 8.000000e-03 2.000000e-03 1.000000e-02 8.000000e-03 8.000000e-03 6.000000e-03 1.600000e-02
   17    1      2      0    0      1      -1      -1   500 0.034000000 0.06600000 0.12600000 0.13200000 0.09000000 0.04800000 0.11800000 0.070000000 0.082000000 0.036000000 0.032000000 0.026000000 0.020000000 0.018000000 0.0260000000 0.0220000000 0.0080000000 8.000000e-03 4.000000e-03 4.000000e-03 2.000000e-03 2.000000e-03 8.000000e-03 6.000000e-03 1.200000e-02
   18    1      2      0    0      1      -1      -1   500 0.066000000 0.19000000 0.04600000 0.11200000 0.09000000 0.08800000 0.05800000 0.074000000 0.052000000 0.050000000 0.014000000 0.044000000 0.010000000 0.022000000 0.0080000000 0.0180000000 0.0080000000 4.000000e-03 1.400000e-02 2.000000e-03 6.000000e-03 2.000000e-03 2.000000e-03 6.000000e-03 1.400000e-02
   19    1      2      0    0      1      -1      -1   500 0.032000000 0.29200000 0.13800000 0.04400000 0.06800000 0.07600000 0.06000000 0.036000000 0.070000000 0.028000000 0.034000000 0.016000000 0.026000000 0.004000000 0.0100000000 0.0140000000 0.0160000000 8.000000e-03 1.000000e-02 2.000000e-03 4.000000e-03 0.000000e+00 4.000000e-03 0.000000e+00 8.000000e-03
   20    1      2      0    0      1      -1      -1   500 0.032000000 0.18800000 0.26000000 0.09200000 0.03400000 0.07800000 0.05400000 0.034000000 0.028000000 0.032000000 0.020000000 0.026000000 0.014000000 0.012000000 0.0080000000 0.0160000000 0.0040000000 1.600000e-02 4.000000e-03 2.000000e-03 6.000000e-03 6.000000e-03 6.000000e-03 8.000000e-03 2.000000e-02
   21    1      2      0    0      1      -1      -1   500 0.018000000 0.14600000 0.18600000 0.25200000 0.09800000 0.01000000 0.04400000 0.034000000 0.042000000 0.020000000 0.026000000 0.008000000 0.042000000 0.004000000 0.0100000000 0.0080000000 0.0140000000 4.000000e-03 8.000000e-03 6.000000e-03 4.000000e-03 0.000000e+00 0.000000e+00 0.000000e+00 1.600000e-02
   22    1      2      0    0      1      -1      -1   500 0.048000000 0.10600000 0.16000000 0.14400000 0.18400000 0.08000000 0.02600000 0.048000000 0.044000000 0.030000000 0.028000000 0.020000000 0.022000000 0.018000000 0.0080000000 0.0080000000 0.0060000000 0.000000e+00 6.000000e-03 2.000000e-03 2.000000e-03 2.000000e-03 4.000000e-03 0.000000e+00 4.000000e-03
   23    1      2      0    0      1      -1      -1   500 0.064000000 0.26400000 0.08800000 0.11200000 0.09400000 0.14600000 0.04000000 0.016000000 0.036000000 0.022000000 0.026000000 0.014000000 0.010000000 0.010000000 0.0140000000 0.0060000000 0.0040000000 0.000000e+00 6.000000e-03 4.000000e-03 6.000000e-03 2.000000e-03 0.000000e+00 8.000000e-03 8.000000e-03
   24    1      2      0    0      1      -1      -1   500 0.026000000 0.28600000 0.16800000 0.06800000 0.07000000 0.07600000 0.08200000 0.040000000 0.012000000 0.022000000 0.026000000 0.014000000 0.010000000 0.022000000 0.0120000000 0.0120000000 0.0020000000 8.000000e-03 6.000000e-03 2.000000e-03 6.000000e-03 1.000000e-02 4.000000e-03 4.000000e-03 1.200000e-02
   25    1      2      0    0      1      -1      -1   500 0.030000000 0.15800000 0.30800000 0.15200000 0.03600000 0.05200000 0.06600000 0.078000000 0.042000000 0.004000000 0.016000000 0.006000000 0.010000000 0.006000000 0.0060000000 0.0100000000 0.0000000000 0.000000e+00 4.000000e-03 0.000000e+00 0.000000e+00 2.000000e-03 2.000000e-03 2.000000e-03 1.000000e-02
   26    1      2      0    0      1      -1      -1   500 0.032000000 0.16400000 0.11800000 0.22400000 0.12800000 0.03200000 0.04600000 0.046000000 0.080000000 0.024000000 0.008000000 0.016000000 0.012000000 0.016000000 0.0080000000 0.0060000000 0.0060000000 4.000000e-03 4.000000e-03 2.000000e-03 0.000000e+00 0.000000e+00 2.000000e-03 8.000000e-03 1.400000e-02
   27    1      2      0    0      1      -1      -1   500 0.014000000 0.22400000 0.14600000 0.10000000 0.21800000 0.08600000 0.02200000 0.030000000 0.038000000 0.044000000 0.014000000 0.008000000 0.010000000 0.006000000 0.0020000000 0.0020000000 0.0120000000 4.000000e-03 2.000000e-03 4.000000e-03 2.000000e-03 2.000000e-03 2.000000e-03 0.000000e+00 8.000000e-03
   28    1      2      0    0      1      -1      -1   500 0.034000000 0.05600000 0.19800000 0.14200000 0.10200000 0.15600000 0.08400000 0.014000000 0.030000000 0.030000000 0.050000000 0.016000000 0.004000000 0.024000000 0.0040000000 0.0100000000 0.0120000000 1.000000e-02 6.000000e-03 6.000000e-03 2.000000e-03 0.000000e+00 2.000000e-03 2.000000e-03 6.000000e-03
   29    1      2      0    0      1      -1      -1   500 0.024000000 0.22200000 0.06600000 0.15800000 0.13400000 0.05600000 0.11600000 0.060000000 0.008000000 0.034000000 0.026000000 0.028000000 0.014000000 0.004000000 0.0040000000 0.0120000000 0.0060000000 2.000000e-03 6.000000e-03 4.000000e-03 2.000000e-03 4.000000e-03 0.000000e+00 2.000000e-03 8.000000e-03
   30    1      2      0    0      1      -1      -1   500 0.050000000 0.13400000 0.17600000 0.06000000 0.15200000 0.10000000 0.05800000 0.104000000 0.048000000 0.008000000 0.024000000 0.018000000 0.018000000 0.012000000 0.0060000000 0.0060000000 0.0040000000 4.000000e-03 2.000000e-03 4.000000e-03 0.000000e+00 6.000000e-03 2.000000e-03 0.000000e+00 4.000000e-03
   31    1      2      0    0      1      -1      -1   500 0.020000000 0.20000000 0.13800000 0.14200000 0.03400000 0.10800000 0.07800000 0.040000000 0.102000000 0.056000000 0.008000000 0.022000000 0.012000000 0.014000000 0.0040000000 0.0020000000 0.0020000000 2.000000e-03 2.000000e-03 2.000000e-03 2.000000e-03 0.000000e+00 2.000000e-03 0.000000e+00 8.000000e-03
   32    1      2      0    0      1      -1      -1   500 0.044000000 0.12000000 0.25400000 0.09000000 0.11000000 0.01400000 0.08600000 0.058000000 0.032000000 0.066000000 0.042000000 0.012000000 0.010000000 0.014000000 0.0140000000 0.0080000000 0.0000000000 4.000000e-03 0.000000e+00 0.000000e+00 2.000000e-03 0.000000e+00 2.000000e-03 4.000000e-03 1.400000e-02
   33    1      2      0    0      1      -1      -1   500 0.038000000 0.17600000 0.11800000 0.15800000 0.07200000 0.09000000 0.02800000 0.074000000 0.038000000 0.036000000 0.054000000 0.026000000 0.012000000 0.016000000 0.0080000000 0.0140000000 0.0100000000 2.000000e-03 2.000000e-03 6.000000e-03 6.000000e-03 0.000000e+00 4.000000e-03 2.000000e-03 1.000000e-02
   34    1      2      0    0      1      -1      -1   500 0.038000000 0.15000000 0.17800000 0.07800000 0.14000000 0.07400000 0.07600000 0.016000000 0.048000000 0.030000000 0.028000000 0.062000000 0.022000000 0.002000000 0.0080000000 0.0200000000 0.0080000000 1.000000e-02 0.000000e+00 0.000000e+00 0.000000e+00 2.000000e-03 0.000000e+00 2.000000e-03 8.000000e-03
   35    1      2      0    0      1      -1      -1   500 0.026000000 0.18600000 0.14200000 0.15400000 0.10600000 0.10600000 0.05200000 0.048000000 0.010000000 0.058000000 0.036000000 0.012000000 0.028000000 0.010000000 0.0020000000 0.0060000000 0.0060000000 4.000000e-03 2.000000e-03 0.000000e+00 0.000000e+00 0.000000e+00 0.000000e+00 0.000000e+00 6.000000e-03
   36    1      2      0    0      1      -1      -1   500 0.066000000 0.16000000 0.17000000 0.09200000 0.10400000 0.05800000 0.09000000 0.046000000 0.050000000 0.012000000 0.044000000 0.012000000 0.018000000 0.042000000 0.0140000000 0.0040000000 0.0020000000 2.000000e-03 4.000000e-03 2.000000e-03 0.000000e+00 2.000000e-03 0.000000e+00 0.000000e+00 6.000000e-03
   37    1      2      0    0      1      -1      -1   500 0.042000000 0.25200000 0.11600000 0.11600000 0.08800000 0.11600000 0.03200000 0.056000000 0.046000000 0.032000000 0.008000000 0.024000000 0.020000000 0.012000000 0.0120000000 0.0120000000 0.0000000000 4.000000e-03 4.000000e-03 6.000000e-03 0.000000e+00 0.000000e+00 2.000000e-03 0.000000e+00 0.000000e+00
   38    1      2      0    0      1      -1      -1   500 0.010000000 0.18600000 0.22800000 0.11200000 0.09800000 0.07400000 0.07600000 0.030000000 0.046000000 0.010000000 0.026000000 0.006000000 0.022000000 0.012000000 0.0040000000 0.0200000000 0.0120000000 2.000000e-03 4.000000e-03 1.000000e-02 6.000000e-03 2.000000e-03 0.000000e+00 2.000000e-03 2.000000e-03
   39    1      2      0    0      1      -1      -1   500 0.034000000 0.07600000 0.20800000 0.18400000 0.11800000 0.11000000 0.04200000 0.040000000 0.012000000 0.052000000 0.014000000 0.024000000 0.012000000 0.016000000 0.0140000000 0.0080000000 0.0060000000 6.000000e-03 2.000000e-03 6.000000e-03 2.000000e-03 8.000000e-03 0.000000e+00 2.000000e-03 4.000000e-03
   40    1      2      0    0      1      -1      -1   500 0.036000000 0.09000000 0.10000000 0.16400000 0.18000000 0.06600000 0.08400000 0.048000000 0.038000000 0.028000000 0.048000000 0.026000000 0.026000000 0.010000000 0.0100000000 0.0100000000 0.0060000000 1.000000e-02 4.000000e-03 6.000000e-03 2.000000e-03 0.000000e+00 2.000000e-03 0.000000e+00 6.000000e-03
   41    1      2      0    0      1      -1      -1   500 0.024000000 0.19400000 0.13400000 0.09800000 0.11600000 0.12000000 0.06000000 0.040000000 0.046000000 0.044000000 0.026000000 0.022000000 0.014000000 0.014000000 0.0020000000 0.0080000000 0.0020000000 8.000000e-03 1.200000e-02 0.000000e+00 2.000000e-03 4.000000e-03 2.000000e-03 2.000000e-03 6.000000e-03
   42    1      2      0    0      1      -1      -1   500 0.036000000 0.15400000 0.17400000 0.08200000 0.09200000 0.11800000 0.07600000 0.042000000 0.056000000 0.030000000 0.030000000 0.010000000 0.022000000 0.008000000 0.0120000000 0.0040000000 0.0280000000 1.400000e-02 2.000000e-03 2.000000e-03 2.000000e-03 0.000000e+00 2.000000e-03 0.000000e+00 4.000000e-03
   43    1      2      0    0      1      -1      -1   500 0.042000000 0.16000000 0.16000000 0.16600000 0.07600000 0.04000000 0.08600000 0.060000000 0.044000000 0.040000000 0.028000000 0.018000000 0.004000000 0.012000000 0.0100000000 0.0100000000 0.0040000000 8.000000e-03 4.000000e-03 4.000000e-03 1.000000e-02 2.000000e-03 4.000000e-03 2.000000e-03 6.000000e-03
   44    1      2      0    0      1      -1      -1   500 0.078000000 0.19600000 0.11000000 0.12200000 0.13200000 0.04000000 0.03600000 0.066000000 0.064000000 0.028000000 0.040000000 0.006000000 0.020000000 0.008000000 0.0160000000 0.0080000000 0.0060000000 2.000000e-03 1.000000e-02 6.000000e-03 0.000000e+00 2.000000e-03 4.000000e-03 0.000000e+00 0.000000e+00
   45    1      2      0    0      1      -1      -1   500 0.012000000 0.31400000 0.14800000 0.10800000 0.08800000 0.11000000 0.03400000 0.016000000 0.052000000 0.036000000 0.014000000 0.010000000 0.014000000 0.010000000 0.0020000000 0.0100000000 0.0060000000 6.000000e-03 0.000000e+00 4.000000e-03 0.000000e+00 0.000000e+00 0.000000e+00 2.000000e-03 4.000000e-03
   46    1      2      0    0      1      -1      -1   500 0.040000000 0.11800000 0.24600000 0.12200000 0.08400000 0.08200000 0.07600000 0.044000000 0.018000000 0.032000000 0.036000000 0.012000000 0.018000000 0.014000000 0.0140000000 0.0060000000 0.0040000000 0.000000e+00 8.000000e-03 0.000000e+00 8.000000e-03 4.000000e-03 6.000000e-03 4.000000e-03 4.000000e-03
   47    1      2      0    0      1      -1      -1   500 0.022000000 0.23600000 0.11000000 0.19600000 0.11600000 0.04800000 0.05400000 0.046000000 0.024000000 0.014000000 0.028000000 0.042000000 0.004000000 0.008000000 0.0040000000 0.0140000000 0.0120000000 2.000000e-03 2.000000e-03 0.000000e+00 0.000000e+00 8.000000e-03 4.000000e-03 0.000000e+00 6.000000e-03
   48    1      2      0    0      1      -1      -1   500 0.060000000 0.11400000 0.22800000 0.08000000 0.18200000 0.08400000 0.04800000 0.036000000 0.040000000 0.012000000 0.014000000 0.010000000 0.014000000 0.006000000 0.0120000000 0.0100000000 0.0020000000 6.000000e-03 8.000000e-03 2.000000e-03 8.000000e-03 4.000000e-03 0.000000e+00 6.000000e-03 1.400000e-02
   49    1      2      0    0      1      -1      -1   500 0.056000000 0.24000000 0.09600000 0.15200000 0.06400000 0.13800000 0.07600000 0.034000000 0.016000000 0.032000000 0.010000000 0.012000000 0.018000000 0.018000000 0.0060000000 0.0020000000 0.0080000000 1.000000e-02 2.000000e-03 4.000000e-03 4.000000e-03 2.000000e-03 0.000000e+00 0.000000e+00 0.000000e+00
   50    1      2      0    0      1      -1      -1   500 0.038000000 0.22400000 0.17800000 0.05800000 0.14800000 0.07000000 0.09600000 0.058000000 0.026000000 0.014000000 0.022000000 0.014000000 0.008000000 0.010000000 0.0040000000 0.0040000000 0.0000000000 8.000000e-03 2.000000e-03 6.000000e-03 4.000000e-03 0.000000e+00 0.000000e+00 0.000000e+00 8.000000e-03
   51    1      2      0    0      1      -1      -1   500 0.040000000 0.22200000 0.19600000 0.17000000 0.03000000 0.09800000 0.03000000 0.084000000 0.028000000 0.022000000 0.028000000 0.008000000 0.004000000 0.008000000 0.0100000000 0.0060000000 0.0000000000 2.000000e-03 2.000000e-03 2.000000e-03 2.000000e-03 6.000000e-03 0.000000e+00 0.000000e+00 2.000000e-03
   52    1      2      0    0      1      -1      -1   500 0.040000000 0.24600000 0.19000000 0.13000000 0.12400000 0.04000000 0.07200000 0.018000000 0.054000000 0.018000000 0.012000000 0.016000000 0.016000000 0.004000000 0.0040000000 0.0000000000 0.0020000000 2.000000e-03 0.000000e+00 2.000000e-03 0.000000e+00 0.000000e+00 2.000000e-03 2.000000e-03 6.000000e-03
   53    1      2      0    0      1      -1      -1   500 0.012000000 0.21800000 0.19600000 0.18600000 0.09600000 0.09400000 0.02200000 0.048000000 0.024000000 0.032000000 0.016000000 0.008000000 0.018000000 0.010000000 0.0000000000 0.0020000000 0.0040000000 4.000000e-03 4.000000e-03 2.000000e-03 0.000000e+00 0.000000e+00 0.000000e+00 2.000000e-03 2.000000e-03
   54    1      2      0    0      1      -1      -1   500 0.032000000 0.14000000 0.23800000 0.17000000 0.11400000 0.07800000 0.06600000 0.032000000 0.036000000 0.012000000 0.024000000 0.024000000 0.012000000 0.004000000 0.0020000000 0.0000000000 0.0040000000 2.000000e-03 8.000000e-03 0.000000e+00 0.000000e+00 0.000000e+00 0.000000e+00 0.000000e+00 2.000000e-03
   55    1      2      0    0      1      -1      -1   500 0.042000000 0.21400000 0.12400000 0.14200000 0.13600000 0.10400000 0.06600000 0.040000000 0.020000000 0.024000000 0.010000000 0.028000000 0.016000000 0.010000000 0.0020000000 0.0080000000 0.0040000000 0.000000e+00 2.000000e-03 2.000000e-03 2.000000e-03 0.000000e+00 0.000000e+00 0.000000e+00 4.000000e-03
   56    1      2      0    0      1      -1      -1   500 0.058000000 0.17000000 0.17000000 0.06800000 0.13800000 0.11000000 0.06800000 0.070000000 0.034000000 0.016000000 0.014000000 0.012000000 0.028000000 0.006000000 0.0040000000 0.0020000000 0.0120000000 4.000000e-03 2.000000e-03 2.000000e-03 6.000000e-03 2.000000e-03 0.000000e+00 2.000000e-03 2.000000e-03
   57    1      2      0    0      1      -1      -1   500 0.046000000 0.23600000 0.15000000 0.13800000 0.04800000 0.09600000 0.07200000 0.056000000 0.048000000 0.048000000 0.002000000 0.022000000 0.004000000 0.014000000 0.0080000000 0.0020000000 0.0020000000 0.000000e+00 0.000000e+00 0.000000e+00 2.000000e-03 0.000000e+00 0.000000e+00 2.000000e-03 4.000000e-03
   58    1      2      0    0      1      -1      -1   500 0.068000000 0.19400000 0.17800000 0.12400000 0.10600000 0.05000000 0.07200000 0.054000000 0.050000000 0.036000000 0.020000000 0.004000000 0.006000000 0.006000000 0.0140000000 0.0000000000 0.0060000000 2.000000e-03 2.000000e-03 0.000000e+00 0.000000e+00 2.000000e-03 2.000000e-03 0.000000e+00 4.000000e-03
   59    1      2      0    0      1      -1      -1   500 0.042000000 0.22000000 0.17000000 0.19800000 0.05800000 0.06000000 0.03200000 0.044000000 0.054000000 0.028000000 0.016000000 0.018000000 0.010000000 0.026000000 0.0080000000 0.0040000000 0.0020000000 2.000000e-03 2.000000e-03 2.000000e-03 0.000000e+00 2.000000e-03 0.000000e+00 0.000000e+00 2.000000e-03
   60    1      2      0    0      1      -1      -1   500 0.016000000 0.20400000 0.17200000 0.17600000 0.09800000 0.09800000 0.05000000 0.040000000 0.024000000 0.030000000 0.034000000 0.014000000 0.008000000 0.004000000 0.0060000000 0.0040000000 0.0080000000 0.000000e+00 2.000000e-03 2.000000e-03 0.000000e+00 2.000000e-03 0.000000e+00 0.000000e+00 8.000000e-03
   61    1      2      0    0      1      -1      -1   500 0.026000000 0.10800000 0.20400000 0.18200000 0.15200000 0.10000000 0.04400000 0.034000000 0.016000000 0.032000000 0.030000000 0.018000000 0.012000000 0.014000000 0.0040000000 0.0080000000 0.0040000000 4.000000e-03 2.000000e-03 4.000000e-03 0.000000e+00 0.000000e+00 0.000000e+00 2.000000e-03 0.000000e+00
   62    1      2      0    0      1      -1      -1   500 0.078000000 0.08400000 0.08000000 0.21400000 0.14000000 0.09400000 0.07600000 0.048000000 0.066000000 0.016000000 0.016000000 0.018000000 0.014000000 0.012000000 0.0160000000 0.0040000000 0.0020000000 0.000000e+00 1.400000e-02 0.000000e+00 4.000000e-03 0.000000e+00 2.000000e-03 0.000000e+00 2.000000e-03
   63    1      2      0    0      1      -1      -1   500 0.054000000 0.30800000 0.06000000 0.04000000 0.12200000 0.08200000 0.09000000 0.068000000 0.038000000 0.030000000 0.016000000 0.028000000 0.022000000 0.010000000 0.0080000000 0.0020000000 0.0040000000 4.000000e-03 0.000000e+00 4.000000e-03 4.000000e-03 2.000000e-03 0.000000e+00 0.000000e+00 4.000000e-03
   64    1      2      0    0      1      -1      -1   500 0.056000000 0.21200000 0.26600000 0.04600000 0.03200000 0.10000000 0.06600000 0.052000000 0.044000000 0.034000000 0.024000000 0.010000000 0.020000000 0.018000000 0.0040000000 0.0040000000 0.0020000000 2.000000e-03 0.000000e+00 0.000000e+00 4.000000e-03 0.000000e+00 0.000000e+00 0.000000e+00 4.000000e-03
   65    1      2      0    0      1      -1      -1   500 0.038000000 0.26800000 0.18000000 0.18800000 0.04200000 0.02400000 0.06000000 0.044000000 0.032000000 0.034000000 0.010000000 0.016000000 0.002000000 0.030000000 0.0100000000 0.0060000000 0.0020000000 6.000000e-03 2.000000e-03 0.000000e+00 0.000000e+00 2.000000e-03 0.000000e+00 0.000000e+00 4.000000e-03
   66    1      2      0    0      1      -1      -1   500 0.040000000 0.20000000 0.27200000 0.12000000 0.15000000 0.03000000 0.02200000 0.042000000 0.036000000 0.018000000 0.032000000 0.012000000 0.006000000 0.006000000 0.0080000000 0.0020000000 0.0020000000 0.000000e+00 0.000000e+00 0.000000e+00 0.000000e+00 0.000000e+00 2.000000e-03 0.000000e+00 0.000000e+00
   67    1      2      0    0      1      -1      -1   500 0.050000000 0.22000000 0.15400000 0.14400000 0.13400000 0.10200000 0.02600000 0.022000000 0.016000000 0.026000000 0.032000000 0.016000000 0.014000000 0.008000000 0.0000000000 0.0040000000 0.0000000000 4.000000e-03 6.000000e-03 1.000000e-02 0.000000e+00 6.000000e-03 0.000000e+00 2.000000e-03 4.000000e-03
   68    1      2      0    0      1      -1      -1   500 0.022000000 0.18400000 0.23800000 0.12400000 0.12600000 0.07600000 0.09200000 0.022000000 0.016000000 0.020000000 0.024000000 0.020000000 0.014000000 0.004000000 0.0060000000 0.0000000000 0.0060000000 0.000000e+00 2.000000e-03 2.000000e-03 0.000000e+00 2.000000e-03 0.000000e+00 0.000000e+00 0.000000e+00
   69    1      2      0    0      1      -1      -1   500 0.092000000 0.10800000 0.14400000 0.19200000 0.11800000 0.09800000 0.05600000 0.058000000 0.012000000 0.014000000 0.026000000 0.008000000 0.022000000 0.018000000 0.0060000000 0.0020000000 0.0040000000 0.000000e+00 1.000000e-02 2.000000e-03 2.000000e-03 2.000000e-03 0.000000e+00 2.000000e-03 4.000000e-03
   70    1      2      0    0      1      -1      -1   500 0.024000000 0.33800000 0.11600000 0.10800000 0.15400000 0.06000000 0.07600000 0.034000000 0.028000000 0.008000000 0.008000000 0.008000000 0.010000000 0.008000000 0.0060000000 0.0040000000 0.0020000000 0.000000e+00 0.000000e+00 6.000000e-03 0.000000e+00 0.000000e+00 0.000000e+00 0.000000e+00 2.000000e-03
   71    1      2      0    0      1      -1      -1   500 0.022000000 0.16800000 0.29400000 0.08800000 0.09200000 0.08400000 0.05200000 0.064000000 0.028000000 0.024000000 0.006000000 0.006000000 0.018000000 0.018000000 0.0080000000 0.0100000000 0.0040000000 8.000000e-03 0.000000e+00 0.000000e+00 4.000000e-03 2.000000e-03 0.000000e+00 0.000000e+00 0.000000e+00
   72    1      2      0    0      1      -1      -1   500 0.040000000 0.09400000 0.17800000 0.26000000 0.07400000 0.06400000 0.08000000 0.050000000 0.052000000 0.028000000 0.024000000 0.006000000 0.008000000 0.014000000 0.0040000000 0.0060000000 0.0020000000 0.000000e+00 0.000000e+00 0.000000e+00 4.000000e-03 4.000000e-03 6.000000e-03 0.000000e+00 2.000000e-03
   73    1      2      0    0      1      -1      -1   500 0.026000000 0.19600000 0.10200000 0.14800000 0.21400000 0.05000000 0.06600000 0.066000000 0.028000000 0.046000000 0.010000000 0.018000000 0.002000000 0.000000000 0.0060000000 0.0020000000 0.0040000000 6.000000e-03 0.000000e+00 6.000000e-03 0.000000e+00 0.000000e+00 0.000000e+00 2.000000e-03 2.000000e-03
   74    1      2      0    0      1      -1      -1   500 0.058000000 0.13000000 0.19200000 0.08400000 0.11000000 0.14800000 0.05200000 0.054000000 0.046000000 0.032000000 0.022000000 0.012000000 0.020000000 0.002000000 0.0020000000 0.0060000000 0.0100000000 4.000000e-03 4.000000e-03 4.000000e-03 2.000000e-03 0.000000e+00 0.000000e+00 0.000000e+00 6.000000e-03
   75    1      2      0    0      1      -1      -1   500 0.080000000 0.20400000 0.11400000 0.10800000 0.05400000 0.09800000 0.13200000 0.032000000 0.034000000 0.032000000 0.022000000 0.030000000 0.014000000 0.020000000 0.0000000000 0.0060000000 0.0060000000 6.000000e-03 2.000000e-03 2.000000e-03 2.000000e-03 2.000000e-03 0.000000e+00 0.000000e+00 0.000000e+00
   76    1      2      0    0      1      -1      -1   500 0.064000000 0.26600000 0.16800000 0.08200000 0.08800000 0.04800000 0.05800000 0.076000000 0.026000000 0.022000000 0.028000000 0.024000000 0.026000000 0.002000000 0.0080000000 0.0000000000 0.0000000000 0.000000e+00 2.000000e-03 1.000000e-02 0.000000e+00 0.000000e+00 2.000000e-03 0.000000e+00 0.000000e+00
   77    1      2      0    0      1      -1      -1   500 0.018000000 0.28800000 0.24200000 0.11000000 0.07200000 0.04800000 0.02400000 0.038000000 0.048000000 0.008000000 0.026000000 0.024000000 0.004000000 0.012000000 0.0060000000 0.0140000000 0.0000000000 2.000000e-03 4.000000e-03 8.000000e-03 2.000000e-03 0.000000e+00 0.000000e+00 2.000000e-03 0.000000e+00
   78    1      2      0    0      1      -1      -1   500 0.038000000 0.18200000 0.25400000 0.16000000 0.09600000 0.03800000 0.04400000 0.034000000 0.036000000 0.040000000 0.014000000 0.012000000 0.016000000 0.008000000 0.0100000000 0.0060000000 0.0020000000 0.000000e+00 2.000000e-03 4.000000e-03 0.000000e+00 4.000000e-03 0.000000e+00 0.000000e+00 0.000000e+00
   79    1      2      0    0      1      -1      -1   500 0.036000000 0.11800000 0.17000000 0.22400000 0.14600000 0.10200000 0.03400000 0.030000000 0.024000000 0.020000000 0.042000000 0.006000000 0.010000000 0.010000000 0.0080000000 0.0040000000 0.0100000000 2.000000e-03 0.000000e+00 0.000000e+00 0.000000e+00 0.000000e+00 2.000000e-03 2.000000e-03 0.000000e+00
   80    1      2      0    0      1      -1      -1   500 0.044000000 0.19400000 0.12600000 0.13800000 0.19000000 0.13000000 0.04800000 0.018000000 0.018000000 0.026000000 0.020000000 0.024000000 0.000000000 0.004000000 0.0060000000 0.0040000000 0.0020000000 2.000000e-03 0.000000e+00 2.000000e-03 0.000000e+00 0.000000e+00 0.000000e+00 0.000000e+00 4.000000e-03
   81    1      2      0    0      1      -1      -1   500 0.040000000 0.13200000 0.20000000 0.08000000 0.09400000 0.12800000 0.08200000 0.058000000 0.034000000 0.038000000 0.024000000 0.026000000 0.020000000 0.012000000 0.0080000000 0.0100000000 0.0040000000 2.000000e-03 2.000000e-03 2.000000e-03 0.000000e+00 0.000000e+00 2.000000e-03 0.000000e+00 2.000000e-03
   82    1      2      0    0      1      -1      -1   500 0.052000000 0.15200000 0.12600000 0.14000000 0.07800000 0.07600000 0.12800000 0.090000000 0.044000000 0.018000000 0.020000000 0.014000000 0.010000000 0.020000000 0.0040000000 0.0000000000 0.0080000000 6.000000e-03 2.000000e-03 4.000000e-03 2.000000e-03 0.000000e+00 0.000000e+00 4.000000e-03 2.000000e-03
   83    1      2      0    0      1      -1      -1   500 0.030000000 0.30800000 0.11400000 0.11400000 0.08000000 0.05400000 0.06200000 0.064000000 0.058000000 0.036000000 0.018000000 0.010000000 0.008000000 0.008000000 0.0160000000 0.0020000000 0.0040000000 8.000000e-03 2.000000e-03 2.000000e-03 0.000000e+00 0.000000e+00 0.000000e+00 0.000000e+00 2.000000e-03
   84    1      2      0    0      1      -1      -1   500 0.054000000 0.18800000 0.27600000 0.09000000 0.07400000 0.05000000 0.04600000 0.052000000 0.056000000 0.038000000 0.016000000 0.008000000 0.012000000 0.008000000 0.0060000000 0.0080000000 0.0040000000 0.000000e+00 8.000000e-03 4.000000e-03 0.000000e+00 0.000000e+00 2.000000e-03 0.000000e+00 0.000000e+00
   85    1      2      0    0      1      -1      -1   500 0.048000000 0.19400000 0.16200000 0.20000000 0.07000000 0.04800000 0.04200000 0.044000000 0.026000000 0.060000000 0.038000000 0.008000000 0.010000000 0.006000000 0.0120000000 0.0100000000 0.0080000000 4.000000e-03 2.000000e-03 4.000000e-03 4.000000e-03 0.000000e+00 0.000000e+00 0.000000e+00 0.000000e+00
   86    1      2      0    0      1      -1      -1   500 0.024000000 0.23000000 0.16200000 0.13000000 0.17600000 0.04600000 0.02200000 0.050000000 0.020000000 0.028000000 0.038000000 0.028000000 0.012000000 0.010000000 0.0040000000 0.0020000000 0.0060000000 1.000000e-02 0.000000e+00 2.000000e-03 0.000000e+00 0.000000e+00 0.000000e+00 0.000000e+00 0.000000e+00
   87    1      2      0    0      1      -1      -1   500 0.032000000 0.12200000 0.27000000 0.11200000 0.09200000 0.13400000 0.05400000 0.028000000 0.036000000 0.028000000 0.022000000 0.020000000 0.024000000 0.002000000 0.0060000000 0.0000000000 0.0020000000 0.000000e+00 6.000000e-03 4.000000e-03 2.000000e-03 4.000000e-03 0.000000e+00 0.000000e+00 0.000000e+00
   88    1      2      0    0      1      -1      -1   500 0.032000000 0.25000000 0.08600000 0.17400000 0.10000000 0.10600000 0.08600000 0.022000000 0.038000000 0.022000000 0.014000000 0.008000000 0.020000000 0.020000000 0.0120000000 0.0060000000 0.0020000000 0.000000e+00 0.000000e+00 0.000000e+00 2.000000e-03 0.000000e+00 0.000000e+00 0.000000e+00 0.000000e+00
   89    1      2      0    0      1      -1      -1   500 0.030000000 0.17600000 0.22000000 0.08600000 0.15800000 0.07600000 0.05000000 0.068000000 0.020000000 0.018000000 0.028000000 0.006000000 0.018000000 0.012000000 0.0100000000 0.0100000000 0.0060000000 0.000000e+00 0.000000e+00 4.000000e-03 0.000000e+00 0.000000e+00 0.000000e+00 2.000000e-03 2.000000e-03
   90    1      2      0    0      1      -1      -1   500 0.074000000 0.19200000 0.13200000 0.13000000 0.08800000 0.11800000 0.04800000 0.034000000 0.064000000 0.018000000 0.010000000 0.018000000 0.016000000 0.018000000 0.0060000000 0.0160000000 0.0100000000 2.000000e-03 2.000000e-03 2.000000e-03 0.000000e+00 2.000000e-03 0.000000e+00 0.000000e+00 0.000000e+00
   91    1      2      0    0      1      -1      -1   500 0.024000000 0.28400000 0.12800000 0.11000000 0.10800000 0.05600000 0.09600000 0.048000000 0.024000000 0.052000000 0.014000000 0.014000000 0.010000000 0.002000000 0.0060000000 0.0080000000 0.0040000000 2.000000e-03 2.000000e-03 0.000000e+00 0.000000e+00 0.000000e+00 6.000000e-03 0.000000e+00 2.000000e-03
   92    1      2      0    0      1      -1      -1   500 0.034000000 0.16600000 0.25200000 0.11600000 0.07800000 0.09000000 0.03200000 0.064000000 0.034000000 0.030000000 0.034000000 0.004000000 0.004000000 0.008000000 0.0100000000 0.0080000000 0.0100000000 1.000000e-02 0.000000e+00 2.000000e-03 4.000000e-03 0.000000e+00 0.000000e+00 2.000000e-03 8.000000e-03
   93    1      2      0    0      1      -1      -1   500 0.034000000 0.20600000 0.14200000 0.16800000 0.10600000 0.05400000 0.06000000 0.036000000 0.064000000 0.038000000 0.032000000 0.020000000 0.002000000 0.012000000 0.0060000000 0.0020000000 0.0080000000 0.000000e+00 2.000000e-03 4.000000e-03 2.000000e-03 0.000000e+00 0.000000e+00 0.000000e+00 2.000000e-03
   94    1      2      0    0      1      -1      -1   500 0.030000000 0.17800000 0.19200000 0.09800000 0.15000000 0.08400000 0.07000000 0.056000000 0.012000000 0.030000000 0.014000000 0.024000000 0.020000000 0.002000000 0.0140000000 0.0080000000 0.0040000000 4.000000e-03 0.000000e+00 2.000000e-03 0.000000e+00 0.000000e+00 4.000000e-03 0.000000e+00 4.000000e-03
   95    1      2      0    0      1      -1      -1   500 0.048000000 0.20000000 0.14000000 0.14400000 0.08000000 0.12800000 0.06800000 0.032000000 0.054000000 0.012000000 0.038000000 0.016000000 0.004000000 0.014000000 0.0060000000 0.0040000000 0.0000000000 4.000000e-03 0.000000e+00 0.000000e+00 4.000000e-03 2.000000e-03 0.000000e+00 0.000000e+00 2.000000e-03
   96    1      2      0    0      1      -1      -1   500 0.030000000 0.21200000 0.18600000 0.11200000 0.11200000 0.04000000 0.10600000 0.046000000 0.034000000 0.036000000 0.018000000 0.028000000 0.012000000 0.002000000 0.0060000000 0.0040000000 0.0000000000 2.000000e-03 0.000000e+00 4.000000e-03 4.000000e-03 2.000000e-03 2.000000e-03 0.000000e+00 2.000000e-03
   97    1      2      0    0      1      -1      -1   500 0.052000000 0.13200000 0.20600000 0.13800000 0.08200000 0.09800000 0.04000000 0.082000000 0.042000000 0.024000000 0.028000000 0.010000000 0.010000000 0.018000000 0.0120000000 0.0080000000 0.0040000000 0.000000e+00 4.000000e-03 2.000000e-03 2.000000e-03 0.000000e+00 2.000000e-03 4.000000e-03 0.000000e+00
   98    1      2      0    0      1      -1      -1   500 0.072000000 0.15200000 0.15800000 0.15600000 0.08600000 0.06400000 0.07800000 0.030000000 0.046000000 0.046000000 0.014000000 0.024000000 0.010000000 0.018000000 0.0060000000 0.0120000000 0.0060000000 8.000000e-03 2.000000e-03 2.000000e-03 2.000000e-03 2.000000e-03 4.000000e-03 0.000000e+00 2.000000e-03
   99    1      2      0    0      1      -1      -1   500 0.070000000 0.26400000 0.14000000 0.11000000 0.13000000 0.06200000 0.04800000 0.038000000 0.020000000 0.030000000 0.032000000 0.012000000 0.010000000 0.002000000 0.0020000000 0.0040000000 0.0040000000 6.000000e-03 6.000000e-03 2.000000e-03 2.000000e-03 0.000000e+00 2.000000e-03 0.000000e+00 4.000000e-03
  100    1      2      0    0      1      -1      -1   500 0.022000000 0.37000000 0.21200000 0.07200000 0.05200000 0.08000000 0.04600000 0.022000000 0.038000000 0.016000000 0.024000000 0.010000000 0.002000000 0.010000000 0.0000000000 0.0100000000 0.0040000000 4.000000e-03 2.000000e-03 2.000000e-03 0.000000e+00 0.000000e+00 0.000000e+00 0.000000e+00 2.000000e-03
0 #_N_MeanSize_at_Age_obs
0 #_N_environ_variables
0 #_N_environ_obs
0 #_N_sizefreq_methods
0 #_do_tags
0 #_morphcomp_data
#
999
