#C data file created using the SS_writedat function in the R package r4ss
#C should work with SS version: 
#C file write time: 2014-11-05 23:33:53
#
1 #_styr
100 #_endyr
1 #_nseas
12 #_months_per_seas
1 #_spawn_seas
1 #_Nfleet
2 #_Nsurveys
1 #_N_areas
Fishery%Survey%CPUE #_fleetnames
0.5 0.5 0.5 #_surveytiming_in_season
1 1 1 #_area_assignments_for_each_fishery_and_survey
1 #_units of catch:  1=bio; 2=num
0.01 #_se of log(catch) only used for init_eq_catch and for Fmethod 2 and 3
1 #_Ngenders
25 #_Nages
0 #_init_equil_catch_for_each_fishery
100 #_N_lines_of_catch_to_read
 #_Fishery year seas
         0    1    1
         0    2    1
         0    3    1
         0    4    1
         0    5    1
         0    6    1
         0    7    1
         0    8    1
         0    9    1
         0   10    1
         0   11    1
         0   12    1
         0   13    1
         0   14    1
         0   15    1
         0   16    1
         0   17    1
         0   18    1
         0   19    1
         0   20    1
         0   21    1
         0   22    1
         0   23    1
         0   24    1
         0   25    1
 310995000   26    1
 295013000   27    1
 287521000   28    1
 274672000   29    1
 259583000   30    1
 246406000   31    1
 232516000   32    1
 219270000   33    1
 210877000   34    1
 203029000   35    1
 194431000   36    1
 184975000   37    1
 175075000   38    1
 165348000   39    1
 158088000   40    1
 156108000   41    1
 152626000   42    1
 148536000   43    1
 147082000   44    1
 144200000   45    1
 141044000   46    1
 137301000   47    1
 132145000   48    1
 127426000   49    1
 124300000   50    1
 123026000   51    1
 122262000   52    1
 123837000   53    1
 125151000   54    1
 126518000   55    1
 130950000   56    1
 136220000   57    1
 140197000   58    1
 143184000   59    1
 142996000   60    1
 142167000   61    1
 141077000   62    1
 139763000   63    1
 140036000   64    1
 143706000   65    1
 148032000   66    1
 153574000   67    1
 159356000   68    1
 161634000   69    1
 165158000   70    1
 166537000   71    1
 164150000   72    1
 161410000   73    1
 157103000   74    1
 154154000   75    1
 150119000   76    1
 147148000   77    1
 149286000   78    1
 154285000   79    1
 159049000   80    1
 161378000   81    1
 165782000   82    1
 171678000   83    1
 173586000   84    1
 173657000   85    1
 169787000   86    1
 166296000   87    1
 163361000   88    1
 161620000   89    1
 160153000   90    1
 157252000   91    1
 155894000   92    1
 157648000   93    1
 157903000   94    1
 159786000   95    1
 166607000   96    1
 170581000   97    1
 169662000   98    1
 168242000   99    1
 164861000  100    1
13 #_N_cpue
 #_Fleet Units Errtype
       1     1       0
       2     1       0
       3     1       0
 #_year seas index        obs se_log
     76    1     2 3050634825    0.2
     78    1     2 1781733447    0.2
     80    1     2 1941265874    0.2
     82    1     2 1870984015    0.2
     84    1     2 2793551917    0.2
     86    1     2 2820682697    0.2
     88    1     2 2647111096    0.2
     90    1     2 2564415712    0.2
     92    1     2 1972148815    0.2
     94    1     2 1386966759    0.2
     96    1     2 2535238373    0.2
     98    1     2 2713375055    0.2
    100    1     2 2763324721    0.2
0 #_N_discard_fleets
#_discard_units (1=same_as_catchunits(bio/num); 2=fraction; 3=numbers)
#_discard_errtype:  >0 for DF of T-dist(read CV below); 0 for normal with CV; -1 for normal with se; -2 for lognormal
0 #_N_discard
0 #_N_meanbodywt
1 #_DF_for_meanbodywt_T-distribution_like
2 # length bin method: 1=use databins; 2=generate from binwidth,min,max below; 3=read vector
1 # binwidth for population size comp
10 # minimum size in the population (lower edge of first bin and size at age 0.00)
200 # maximum size in the population (lower edge of last bin)
-0.001 #_comp_tail_compression
1e-05 #_add_to_comp
0 #_combine males into females at or below this bin number
21 #_N_lbins
#_lbin_vector
10 53 70 83 94 101 107 111 114 117 120 123 125 127 130 132 135 138 142 148 200
0 #_N_Length_comp_observations
25 #_N_agebins
#_agebin_vector
1 2 3 4 5 6 7 8 9 10 11 12 13 14 15 16 17 18 19 20 21 22 23 24 25
1 #_N_ageerror_definitions
 #_age0   age1   age2   age3   age4   age5   age6   age7   age8   age9  age10  age11  age12  age13  age14  age15  age16  age17  age18  age19  age20  age21  age22  age23  age24  age25
 -1.000 -1.000 -1.000 -1.000 -1.000 -1.000 -1.000 -1.000 -1.000 -1.000 -1.000 -1.000 -1.000 -1.000 -1.000 -1.000 -1.000 -1.000 -1.000 -1.000 -1.000 -1.000 -1.000 -1.000 -1.000 -1.000
  0.001  0.001  0.001  0.001  0.001  0.001  0.001  0.001  0.001  0.001  0.001  0.001  0.001  0.001  0.001  0.001  0.001  0.001  0.001  0.001  0.001  0.001  0.001  0.001  0.001  0.001
34 #_N_agecomp
1 #_Lbin_method: 1=poplenbins; 2=datalenbins; 3=lengths
-1 #_combine males into females at or below this bin number
 #_Yr Seas FltSvy Gender Part Ageerr Lbin_lo Lbin_hi Nsamp           a1         a2         a3         a4         a5         a6         a7         a8          a9         a10          a11          a12          a13          a14          a15          a16          a17          a18          a19          a20          a21          a22          a23          a24          a25
   50    1      1      0    0      1      -1      -1    50 0.0258429035 0.17237527 0.19611248 0.13190110 0.04704397 0.08888822 0.10145905 0.01469415 0.014788233 0.008946546 5.507711e-02 3.144780e-02 0.0337180931 1.063079e-02 9.852480e-03 1.441436e-04 8.511688e-03 2.767229e-02 4.910118e-03 5.142428e-08 2.469672e-05 1.450823e-02 1.561013e-14 5.401693e-05 1.396566e-03
   60    1      1      0    0      1      -1      -1    50 0.0433494763 0.09300884 0.08938753 0.19938198 0.16356365 0.16428662 0.06215001 0.02578600 0.012963821 0.012435822 9.827965e-03 1.564657e-02 0.0133581592 1.296807e-03 2.239465e-02 1.918544e-02 1.009519e-02 1.639086e-04 4.863528e-03 3.946756e-07 1.076454e-06 2.747699e-07 1.622608e-45 3.485416e-11 3.685229e-02
   70    1      1      0    0      1      -1      -1    50 0.0233754161 0.21498926 0.18784094 0.06778786 0.18757667 0.19143472 0.01213624 0.03446014 0.004463052 0.009383879 3.303350e-02 1.696413e-02 0.0007832469 4.207718e-04 2.492067e-05 1.456697e-02 5.656902e-06 5.314763e-07 1.902196e-08 4.269981e-05 7.088552e-04 1.590125e-07 3.957249e-08 2.986663e-26 3.130984e-07
   75    1      1      0    0      1      -1      -1    50 0.0394707565 0.17777020 0.10133980 0.10666265 0.15870838 0.04447741 0.10822245 0.10009395 0.038235229 0.043052470 3.437108e-02 1.864951e-02 0.0006200362 1.306308e-02 2.638385e-04 9.153384e-03 1.471056e-08 2.451608e-06 5.750350e-03 3.367810e-07 7.619763e-05 1.500069e-05 1.402659e-06 9.632224e-09 2.231347e-10
   76    1      1      0    0      1      -1      -1    50 0.0216146002 0.11468708 0.19480226 0.20876656 0.04186188 0.04743907 0.05103254 0.17494745 0.047499468 0.012009010 1.532743e-02 1.053983e-02 0.0190500220 1.931976e-03 3.649857e-02 6.367162e-04 5.055443e-04 1.318844e-04 4.289680e-10 1.984542e-07 2.975885e-11 8.420766e-14 6.320993e-28 1.163013e-29 7.179060e-04
   79    1      1      0    0      1      -1      -1    50 0.0144292588 0.18533366 0.29291966 0.12186220 0.09142042 0.03535153 0.04840684 0.06777471 0.049974164 0.010410161 4.716179e-02 1.372744e-02 0.0077126522 2.456727e-03 5.977239e-03 3.802352e-04 2.343879e-03 9.480422e-29 1.356886e-03 4.709478e-04 7.788591e-09 2.741365e-17 5.295897e-04 5.074388e-09 1.062108e-09
   82    1      1      0    0      1      -1      -1    50 0.0083190358 0.26179321 0.10867656 0.09517399 0.12568260 0.08764550 0.07622011 0.06838019 0.012025406 0.121119432 9.009641e-05 6.880078e-04 0.0003359597 3.711869e-03 5.352122e-03 1.026897e-04 1.220853e-05 6.770964e-05 1.231964e-03 2.247094e-02 7.060712e-05 1.401633e-18 8.298114e-04 1.602092e-10 1.239095e-10
   85    1      1      0    0      1      -1      -1    50 0.0513910462 0.05602012 0.24967927 0.15765244 0.24814515 0.02176245 0.05486900 0.03720813 0.055530992 0.034079980 1.199020e-03 7.786302e-03 0.0032993481 2.419028e-04 1.681625e-03 6.518246e-04 7.443776e-04 7.657745e-04 6.656590e-06 2.380208e-03 4.649336e-09 6.682226e-03 8.222153e-03 1.177228e-18 2.581959e-23
   88    1      1      0    0      1      -1      -1    50 0.0027947406 0.16315045 0.12724051 0.14369470 0.04873133 0.08973489 0.04592483 0.13534931 0.054494139 0.027403362 3.377703e-02 5.191317e-03 0.0165815006 1.189736e-04 3.532454e-02 3.295410e-02 2.150814e-05 4.418423e-04 6.762924e-03 2.895619e-02 6.598023e-07 6.016562e-38 5.605953e-16 1.623866e-13 1.351152e-03
   89    1      1      0    0      1      -1      -1    50 0.0032595867 0.14544506 0.21989791 0.12539090 0.08443843 0.01875134 0.08911155 0.06550424 0.145983889 0.003423858 1.850765e-02 6.795420e-03 0.0385095812 1.272382e-02 2.540263e-03 1.051261e-03 7.630804e-03 2.785640e-03 2.316309e-07 1.162075e-17 1.970161e-03 6.278349e-03 5.349828e-53 3.605258e-15 6.072297e-08
   91    1      1      0    0      1      -1      -1    50 0.0018338055 0.08367306 0.23406459 0.10821751 0.21645643 0.04775015 0.08131896 0.03372207 0.071043079 0.035024855 4.847084e-02 5.988105e-03 0.0177282975 8.604516e-04 5.357123e-03 8.361027e-03 6.678387e-07 9.561410e-06 6.197839e-08 1.060796e-10 3.127211e-05 1.747664e-23 1.443548e-06 7.405809e-05 1.258031e-05
   93    1      1      0    0      1      -1      -1    50 0.0314665950 0.18792213 0.28051319 0.06228631 0.05529586 0.06144212 0.08760748 0.07628610 0.079545605 0.004387034 2.841145e-02 5.636048e-03 0.0003845824 1.249550e-02 2.821273e-04 8.936200e-03 1.071750e-02 4.784275e-03 4.493805e-31 1.506062e-03 1.694097e-07 9.365912e-05 1.773108e-12 6.077910e-31 2.660826e-12
   95    1      1      0    0      1      -1      -1    50 0.0043692791 0.35494081 0.09426229 0.11230393 0.19995535 0.05303129 0.03245107 0.01624888 0.036683499 0.022854470 3.263612e-02 5.595691e-06 0.0273535214 1.316655e-04 4.579785e-04 1.889716e-06 1.467670e-03 8.098340e-03 4.379922e-05 2.700224e-03 6.294739e-09 1.257773e-11 2.445001e-10 1.803823e-37 2.331058e-06
   97    1      1      0    0      1      -1      -1    50 0.0012168037 0.01382137 0.37913234 0.18348085 0.02572559 0.09382841 0.15884370 0.02750991 0.046356690 0.017118402 1.376712e-02 8.150235e-03 0.0014231989 1.928103e-05 2.538281e-02 1.273203e-03 2.943328e-03 1.153030e-08 5.242212e-06 7.728049e-10 3.354604e-15 6.732457e-22 1.495414e-06 1.522221e-12 5.111983e-09
   98    1      1      0    0      1      -1      -1    50 0.0001447355 0.11408286 0.03339542 0.34072342 0.09033231 0.05421922 0.08021399 0.12874237 0.015497255 0.058485455 3.585495e-03 2.344552e-02 0.0092199848 5.500836e-03 1.330325e-03 4.096838e-02 4.976013e-07 6.087321e-06 1.056848e-04 8.551819e-08 5.702756e-13 6.256705e-08 1.902630e-15 1.360862e-18 3.356908e-14
   99    1      1      0    0      1      -1      -1    50 0.0497199074 0.05020782 0.27620039 0.05515325 0.15020197 0.16836946 0.06058164 0.03899741 0.057334483 0.013846774 2.303639e-02 1.945443e-02 0.0107258420 1.475690e-04 1.003218e-03 1.115789e-04 2.354052e-02 4.440384e-09 6.763380e-05 3.669906e-14 9.726288e-04 7.411852e-06 6.460673e-07 9.771765e-18 3.190189e-04
  100    1      1      0    0      1      -1      -1    50 0.0055381171 0.28975786 0.06702353 0.16350282 0.03262919 0.08253107 0.14551501 0.01988269 0.083296140 0.034753030 6.216684e-03 7.151230e-03 0.0089090510 4.147970e-04 2.003194e-02 1.817145e-03 4.404474e-05 6.060435e-03 2.252435e-11 5.869956e-03 5.664549e-06 1.618733e-04 8.510317e-08 5.458223e-05 1.883305e-02
   50    1      2      0    0      1      -1      -1    50 0.0400000000 0.22000000 0.16000000 0.16000000 0.02000000 0.10000000 0.06000000 0.02000000 0.040000000 0.020000000 0.000000e+00 4.000000e-02 0.0200000000 0.000000e+00 2.000000e-02 0.000000e+00 2.000000e-02 2.000000e-02 2.000000e-02 0.000000e+00 0.000000e+00 0.000000e+00 0.000000e+00 2.000000e-02 0.000000e+00
   60    1      2      0    0      1      -1      -1    50 0.0400000000 0.16000000 0.12000000 0.14000000 0.04000000 0.16000000 0.10000000 0.02000000 0.100000000 0.040000000 2.000000e-02 4.000000e-02 0.0000000000 0.000000e+00 0.000000e+00 0.000000e+00 0.000000e+00 2.000000e-02 0.000000e+00 0.000000e+00 0.000000e+00 0.000000e+00 0.000000e+00 0.000000e+00 0.000000e+00
   70    1      2      0    0      1      -1      -1    50 0.0200000000 0.24000000 0.14000000 0.08000000 0.22000000 0.08000000 0.06000000 0.02000000 0.080000000 0.040000000 0.000000e+00 0.000000e+00 0.0000000000 0.000000e+00 2.000000e-02 0.000000e+00 0.000000e+00 0.000000e+00 0.000000e+00 0.000000e+00 0.000000e+00 0.000000e+00 0.000000e+00 0.000000e+00 0.000000e+00
   75    1      2      0    0      1      -1      -1    50 0.0200000000 0.34000000 0.16000000 0.08000000 0.08000000 0.10000000 0.12000000 0.04000000 0.000000000 0.040000000 2.000000e-02 0.000000e+00 0.0000000000 0.000000e+00 0.000000e+00 0.000000e+00 0.000000e+00 0.000000e+00 0.000000e+00 0.000000e+00 0.000000e+00 0.000000e+00 0.000000e+00 0.000000e+00 0.000000e+00
   76    1      2      0    0      1      -1      -1    50 0.0600000000 0.14000000 0.22000000 0.08000000 0.08000000 0.12000000 0.04000000 0.08000000 0.060000000 0.040000000 4.000000e-02 0.000000e+00 0.0000000000 2.000000e-02 2.000000e-02 0.000000e+00 0.000000e+00 0.000000e+00 0.000000e+00 0.000000e+00 0.000000e+00 0.000000e+00 0.000000e+00 0.000000e+00 0.000000e+00
   79    1      2      0    0      1      -1      -1    50 0.0200000000 0.12000000 0.40000000 0.22000000 0.02000000 0.06000000 0.04000000 0.02000000 0.040000000 0.000000000 4.000000e-02 0.000000e+00 0.0000000000 0.000000e+00 2.000000e-02 0.000000e+00 0.000000e+00 0.000000e+00 0.000000e+00 0.000000e+00 0.000000e+00 0.000000e+00 0.000000e+00 0.000000e+00 0.000000e+00
   82    1      2      0    0      1      -1      -1    50 0.0200000000 0.38000000 0.12000000 0.14000000 0.10000000 0.12000000 0.02000000 0.04000000 0.000000000 0.000000000 0.000000e+00 2.000000e-02 0.0000000000 2.000000e-02 0.000000e+00 0.000000e+00 0.000000e+00 0.000000e+00 0.000000e+00 2.000000e-02 0.000000e+00 0.000000e+00 0.000000e+00 0.000000e+00 0.000000e+00
   85    1      2      0    0      1      -1      -1    50 0.0000000000 0.16000000 0.22000000 0.04000000 0.28000000 0.02000000 0.08000000 0.04000000 0.040000000 0.020000000 2.000000e-02 2.000000e-02 0.0000000000 0.000000e+00 2.000000e-02 0.000000e+00 2.000000e-02 0.000000e+00 0.000000e+00 0.000000e+00 0.000000e+00 0.000000e+00 0.000000e+00 0.000000e+00 2.000000e-02
   88    1      2      0    0      1      -1      -1    50 0.0200000000 0.28000000 0.16000000 0.18000000 0.04000000 0.12000000 0.08000000 0.04000000 0.020000000 0.020000000 4.000000e-02 0.000000e+00 0.0000000000 0.000000e+00 0.000000e+00 0.000000e+00 0.000000e+00 0.000000e+00 0.000000e+00 0.000000e+00 0.000000e+00 0.000000e+00 0.000000e+00 0.000000e+00 0.000000e+00
   89    1      2      0    0      1      -1      -1    50 0.0200000000 0.20000000 0.24000000 0.12000000 0.12000000 0.04000000 0.06000000 0.04000000 0.040000000 0.020000000 2.000000e-02 2.000000e-02 0.0000000000 2.000000e-02 0.000000e+00 0.000000e+00 2.000000e-02 0.000000e+00 0.000000e+00 0.000000e+00 2.000000e-02 0.000000e+00 0.000000e+00 0.000000e+00 0.000000e+00
   91    1      2      0    0      1      -1      -1    50 0.1200000000 0.04000000 0.20000000 0.08000000 0.14000000 0.16000000 0.04000000 0.02000000 0.040000000 0.020000000 1.000000e-01 2.000000e-02 0.0000000000 0.000000e+00 0.000000e+00 0.000000e+00 0.000000e+00 2.000000e-02 0.000000e+00 0.000000e+00 0.000000e+00 0.000000e+00 0.000000e+00 0.000000e+00 0.000000e+00
   93    1      2      0    0      1      -1      -1    50 0.0200000000 0.22000000 0.24000000 0.12000000 0.08000000 0.06000000 0.08000000 0.04000000 0.000000000 0.040000000 0.000000e+00 0.000000e+00 0.0400000000 2.000000e-02 0.000000e+00 0.000000e+00 4.000000e-02 0.000000e+00 0.000000e+00 0.000000e+00 0.000000e+00 0.000000e+00 0.000000e+00 0.000000e+00 0.000000e+00
   95    1      2      0    0      1      -1      -1    50 0.0000000000 0.32000000 0.18000000 0.16000000 0.06000000 0.02000000 0.06000000 0.06000000 0.020000000 0.040000000 2.000000e-02 0.000000e+00 0.0400000000 0.000000e+00 2.000000e-02 0.000000e+00 0.000000e+00 0.000000e+00 0.000000e+00 0.000000e+00 0.000000e+00 0.000000e+00 0.000000e+00 0.000000e+00 0.000000e+00
   97    1      2      0    0      1      -1      -1    50 0.0600000000 0.04000000 0.20000000 0.20000000 0.12000000 0.12000000 0.10000000 0.04000000 0.020000000 0.040000000 0.000000e+00 2.000000e-02 0.0200000000 0.000000e+00 0.000000e+00 0.000000e+00 0.000000e+00 2.000000e-02 0.000000e+00 0.000000e+00 0.000000e+00 0.000000e+00 0.000000e+00 0.000000e+00 0.000000e+00
   98    1      2      0    0      1      -1      -1    50 0.0400000000 0.36000000 0.02000000 0.16000000 0.14000000 0.06000000 0.04000000 0.08000000 0.000000000 0.040000000 4.000000e-02 2.000000e-02 0.0000000000 0.000000e+00 0.000000e+00 0.000000e+00 0.000000e+00 0.000000e+00 0.000000e+00 0.000000e+00 0.000000e+00 0.000000e+00 0.000000e+00 0.000000e+00 0.000000e+00
   99    1      2      0    0      1      -1      -1    50 0.0000000000 0.12000000 0.16000000 0.02000000 0.30000000 0.06000000 0.10000000 0.06000000 0.040000000 0.000000000 2.000000e-02 4.000000e-02 0.0200000000 0.000000e+00 0.000000e+00 0.000000e+00 0.000000e+00 0.000000e+00 4.000000e-02 0.000000e+00 0.000000e+00 0.000000e+00 0.000000e+00 0.000000e+00 2.000000e-02
  100    1      2      0    0      1      -1      -1    50 0.0400000000 0.28000000 0.12000000 0.16000000 0.02000000 0.10000000 0.10000000 0.02000000 0.020000000 0.060000000 2.000000e-02 0.000000e+00 0.0000000000 2.000000e-02 0.000000e+00 2.000000e-02 0.000000e+00 2.000000e-02 0.000000e+00 0.000000e+00 0.000000e+00 0.000000e+00 0.000000e+00 0.000000e+00 0.000000e+00
0 #_N_MeanSize_at_Age_obs
0 #_N_environ_variables
0 #_N_environ_obs
0 #_N_sizefreq_methods
0 #_do_tags
0 #_morphcomp_data
#
999
