#C data file created using the SS_writedat function in the R package r4ss
#C should work with SS version: 
#C file write time: 2014-11-06 00:59:26
#
1 #_styr
100 #_endyr
1 #_nseas
12 #_months_per_seas
1 #_spawn_seas
1 #_Nfleet
2 #_Nsurveys
1 #_N_areas
Fishery%Survey%CPUE #_fleetnames
0.5 0.5 0.5 #_surveytiming_in_season
1 1 1 #_area_assignments_for_each_fishery_and_survey
1 #_units of catch:  1=bio; 2=num
0.01 #_se of log(catch) only used for init_eq_catch and for Fmethod 2 and 3
1 #_Ngenders
25 #_Nages
0 #_init_equil_catch_for_each_fishery
100 #_N_lines_of_catch_to_read
 #_Fishery year seas
         0    1    1
         0    2    1
         0    3    1
         0    4    1
         0    5    1
         0    6    1
         0    7    1
         0    8    1
         0    9    1
         0   10    1
         0   11    1
         0   12    1
         0   13    1
         0   14    1
         0   15    1
         0   16    1
         0   17    1
         0   18    1
         0   19    1
         0   20    1
         0   21    1
         0   22    1
         0   23    1
         0   24    1
         0   25    1
 279601000   26    1
 257972000   27    1
 237745000   28    1
 220303000   29    1
 201883000   30    1
 185786000   31    1
 174873000   32    1
 168615000   33    1
 168553000   34    1
 167019000   35    1
 164875000   36    1
 164398000   37    1
 161675000   38    1
 156382000   39    1
 149698000   40    1
 147660000   41    1
 149852000   42    1
 149547000   43    1
 148687000   44    1
 145727000   45    1
 141169000   46    1
 139573000   47    1
 139813000   48    1
 139900000   49    1
 143867000   50    1
 147403000   51    1
 146729000   52    1
 144712000   53    1
 145295000   54    1
 149152000   55    1
 153254000   56    1
 153182000   57    1
 154039000   58    1
 153973000   59    1
 153504000   60    1
 158362000   61    1
 165382000   62    1
 176534000   63    1
 187815000   64    1
 200537000   65    1
 205978000   66    1
 209236000   67    1
 209402000   68    1
 207608000   69    1
 202929000   70    1
 204315000   71    1
 208131000   72    1
 206231000   73    1
 201873000   74    1
 194599000   75    1
 190117000   76    1
 185742000   77    1
 177928000   78    1
 168833000   79    1
 159406000   80    1
 151063000   81    1
 144509000   82    1
 140754000   83    1
 137930000   84    1
 136495000   85    1
 135940000   86    1
 138057000   87    1
 140727000   88    1
 145134000   89    1
 145272000   90    1
 141969000   91    1
 136107000   92    1
 129479000   93    1
 126203000   94    1
 125789000   95    1
 125607000   96    1
 125261000   97    1
 126317000   98    1
 126854000   99    1
 126845000  100    1
13 #_N_cpue
 #_Fleet Units Errtype
       1     1       0
       2     1       0
       3     1       0
 #_year seas index        obs se_log
     76    1     2 2266383686    0.2
     78    1     2 2250472594    0.2
     80    1     2 2079076385    0.2
     82    1     2 2589380485    0.2
     84    1     2 1403508002    0.2
     86    1     2 1809258867    0.2
     88    1     2 1692190434    0.2
     90    1     2 2442855919    0.2
     92    1     2 1613191714    0.2
     94    1     2 1444995475    0.2
     96    1     2 1556685683    0.2
     98    1     2 1767425043    0.2
    100    1     2 1725942143    0.2
0 #_N_discard_fleets
#_discard_units (1=same_as_catchunits(bio/num); 2=fraction; 3=numbers)
#_discard_errtype:  >0 for DF of T-dist(read CV below); 0 for normal with CV; -1 for normal with se; -2 for lognormal
0 #_N_discard
0 #_N_meanbodywt
1 #_DF_for_meanbodywt_T-distribution_like
2 # length bin method: 1=use databins; 2=generate from binwidth,min,max below; 3=read vector
1 # binwidth for population size comp
10 # minimum size in the population (lower edge of first bin and size at age 0.00)
200 # maximum size in the population (lower edge of last bin)
-0.001 #_comp_tail_compression
1e-05 #_add_to_comp
0 #_combine males into females at or below this bin number
21 #_N_lbins
#_lbin_vector
10 53 70 83 94 101 107 111 114 117 120 123 125 127 130 132 135 138 142 148 200
0 #_N_Length_comp_observations
25 #_N_agebins
#_agebin_vector
1 2 3 4 5 6 7 8 9 10 11 12 13 14 15 16 17 18 19 20 21 22 23 24 25
1 #_N_ageerror_definitions
 #_age0   age1   age2   age3   age4   age5   age6   age7   age8   age9  age10  age11  age12  age13  age14  age15  age16  age17  age18  age19  age20  age21  age22  age23  age24  age25
 -1.000 -1.000 -1.000 -1.000 -1.000 -1.000 -1.000 -1.000 -1.000 -1.000 -1.000 -1.000 -1.000 -1.000 -1.000 -1.000 -1.000 -1.000 -1.000 -1.000 -1.000 -1.000 -1.000 -1.000 -1.000 -1.000
  0.001  0.001  0.001  0.001  0.001  0.001  0.001  0.001  0.001  0.001  0.001  0.001  0.001  0.001  0.001  0.001  0.001  0.001  0.001  0.001  0.001  0.001  0.001  0.001  0.001  0.001
22 #_N_agecomp
1 #_Lbin_method: 1=poplenbins; 2=datalenbins; 3=lengths
-1 #_combine males into females at or below this bin number
 #_Yr Seas FltSvy Gender Part Ageerr Lbin_lo Lbin_hi Nsamp           a1         a2         a3        a4         a5         a6          a7           a8          a9          a10         a11          a12          a13          a14          a15          a16          a17          a18          a19          a20          a21          a22          a23          a24          a25
   50    1      1      0    0      1      -1      -1    50 0.0012609302 0.23292187 0.27985556 0.0609662 0.15920799 0.09819194 0.028190189 3.402202e-02 0.060807641 0.0057231342 0.004480471 0.0084646484 5.128448e-04 0.0021525282 5.465876e-07 6.758029e-04 9.807731e-07 2.155301e-02 2.080089e-07 1.692293e-14 9.903501e-04 3.040763e-08 3.524052e-29 4.345762e-63 2.110673e-05
   55    1      1      0    0      1      -1      -1    50 0.0014284964 0.26215374 0.23121908 0.1576023 0.08773530 0.06236599 0.089806870 3.597458e-02 0.020986028 0.0263720914 0.003588466 0.0013656167 2.687349e-03 0.0112482596 1.744603e-08 4.818527e-03 2.106634e-04 6.267961e-06 8.411470e-05 3.031023e-12 3.306331e-06 6.977162e-22 7.334502e-08 2.624479e-25 3.429006e-04
   60    1      1      0    0      1      -1      -1    50 0.0085600532 0.20293230 0.11744712 0.3124623 0.05406349 0.04815843 0.022381700 5.784301e-02 0.005034011 0.0433016940 0.028859802 0.0854184787 8.113782e-03 0.0006408440 1.052808e-03 6.803640e-06 3.976188e-07 3.320300e-07 3.722165e-03 6.817795e-16 4.818877e-07 2.912035e-12 5.655843e-29 5.507507e-25 5.942674e-11
   65    1      1      0    0      1      -1      -1    50 0.0113239481 0.08923067 0.32913612 0.1866290 0.20015550 0.03878205 0.088513232 7.486549e-05 0.017236515 0.0039350661 0.012377049 0.0062435373 1.126397e-03 0.0001910933 1.513700e-06 1.556770e-10 2.868577e-03 1.909028e-04 6.448283e-11 1.198402e-02 1.994191e-15 8.362951e-29 3.360052e-15 7.302575e-33 1.338992e-26
   70    1      1      0    0      1      -1      -1    50 0.0358079770 0.18805368 0.06248576 0.1513149 0.10652156 0.15041745 0.072396393 9.318458e-02 0.034972587 0.0447355663 0.026674762 0.0256282093 7.767291e-05 0.0018214817 2.274745e-05 1.591119e-03 8.401137e-04 1.822178e-03 8.507735e-08 2.257760e-15 2.575823e-21 9.947146e-06 3.584856e-06 1.282405e-07 1.617497e-03
   75    1      1      0    0      1      -1      -1    50 0.0163074078 0.19682948 0.08262351 0.1073106 0.03835495 0.24382000 0.055821418 3.129086e-02 0.051063927 0.0208777690 0.010927343 0.0032557598 9.403494e-02 0.0239541962 3.017487e-03 1.450515e-03 7.802852e-03 2.493448e-03 6.758080e-03 1.312060e-13 1.546591e-18 2.005449e-03 2.776358e-26 5.636081e-54 4.851980e-09
   80    1      1      0    0      1      -1      -1    50 0.0260146691 0.19634681 0.07676613 0.1338021 0.02283355 0.15360297 0.135277906 5.958531e-03 0.031571812 0.0614311308 0.040172535 0.0130351935 5.531357e-03 0.0169086647 9.498000e-03 1.062456e-03 7.071683e-04 2.221307e-02 1.478017e-02 2.641753e-02 5.098771e-03 9.694493e-04 1.955939e-35 7.182783e-14 4.562496e-21
   85    1      1      0    0      1      -1      -1    50 0.0019719716 0.08952174 0.31734187 0.1342097 0.16922251 0.05941595 0.074817640 2.081279e-02 0.018635730 0.0040521463 0.006311768 0.0097370730 1.857905e-02 0.0044582663 9.436650e-03 3.341850e-02 1.925453e-03 4.516708e-06 4.099146e-04 6.755501e-12 1.570721e-06 1.577620e-13 1.981191e-08 2.571277e-02 2.370701e-06
   90    1      1      0    0      1      -1      -1    50 0.0007763448 0.21952905 0.12790829 0.3211764 0.08756144 0.08959162 0.008070975 6.386669e-02 0.004400091 0.0343088056 0.001102318 0.0002464136 2.886574e-02 0.0001086331 1.017137e-03 6.796132e-03 3.154469e-03 1.990540e-04 3.344495e-04 6.665010e-04 3.036577e-04 6.583592e-07 1.987010e-12 5.464877e-11 1.509436e-05
   95    1      1      0    0      1      -1      -1    50 0.0008557385 0.14753553 0.21970430 0.1629055 0.12972641 0.04736992 0.049145020 9.938279e-02 0.023024704 0.0172651360 0.055044846 0.0090688102 8.414207e-04 0.0043092512 3.452297e-03 4.774292e-03 1.401955e-02 2.112033e-05 1.798288e-07 1.231625e-34 5.918062e-06 6.919814e-06 1.137853e-02 1.613747e-04 3.957091e-07
  100    1      1      0    0      1      -1      -1    50 0.0007463463 0.14484974 0.16613784 0.1732413 0.17026667 0.11349662 0.112803986 2.038541e-02 0.017398961 0.0003321623 0.011496407 0.0083765615 4.672567e-04 0.0191077109 4.635551e-03 5.346546e-03 4.513832e-16 1.658096e-03 2.884369e-02 1.775989e-10 3.048575e-06 2.430878e-04 1.630121e-04 1.185308e-20 7.166958e-13
   50    1      2      0    0      1      -1      -1    50 0.0000000000 0.30000000 0.20000000 0.1200000 0.18000000 0.08000000 0.000000000 2.000000e-02 0.040000000 0.0200000000 0.020000000 0.0000000000 0.000000e+00 0.0000000000 0.000000e+00 0.000000e+00 0.000000e+00 0.000000e+00 2.000000e-02 0.000000e+00 0.000000e+00 0.000000e+00 0.000000e+00 0.000000e+00 0.000000e+00
   55    1      2      0    0      1      -1      -1    50 0.0000000000 0.26000000 0.20000000 0.2200000 0.06000000 0.04000000 0.080000000 6.000000e-02 0.020000000 0.0000000000 0.020000000 0.0000000000 2.000000e-02 0.0000000000 0.000000e+00 0.000000e+00 0.000000e+00 0.000000e+00 0.000000e+00 2.000000e-02 0.000000e+00 0.000000e+00 0.000000e+00 0.000000e+00 0.000000e+00
   60    1      2      0    0      1      -1      -1    50 0.0400000000 0.38000000 0.02000000 0.0600000 0.10000000 0.04000000 0.080000000 1.400000e-01 0.060000000 0.0000000000 0.020000000 0.0200000000 0.000000e+00 0.0000000000 0.000000e+00 2.000000e-02 0.000000e+00 2.000000e-02 0.000000e+00 0.000000e+00 0.000000e+00 0.000000e+00 0.000000e+00 0.000000e+00 0.000000e+00
   65    1      2      0    0      1      -1      -1    50 0.0400000000 0.12000000 0.30000000 0.1200000 0.16000000 0.00000000 0.100000000 0.000000e+00 0.040000000 0.0800000000 0.000000000 0.0400000000 0.000000e+00 0.0000000000 0.000000e+00 0.000000e+00 0.000000e+00 0.000000e+00 0.000000e+00 0.000000e+00 0.000000e+00 0.000000e+00 0.000000e+00 0.000000e+00 0.000000e+00
   70    1      2      0    0      1      -1      -1    50 0.0400000000 0.36000000 0.08000000 0.1200000 0.14000000 0.08000000 0.020000000 4.000000e-02 0.020000000 0.0200000000 0.020000000 0.0200000000 0.000000e+00 0.0200000000 0.000000e+00 0.000000e+00 0.000000e+00 0.000000e+00 2.000000e-02 0.000000e+00 0.000000e+00 0.000000e+00 0.000000e+00 0.000000e+00 0.000000e+00
   75    1      2      0    0      1      -1      -1    50 0.0600000000 0.14000000 0.10000000 0.0800000 0.10000000 0.16000000 0.100000000 8.000000e-02 0.060000000 0.0600000000 0.040000000 0.0000000000 2.000000e-02 0.0000000000 0.000000e+00 0.000000e+00 0.000000e+00 0.000000e+00 0.000000e+00 0.000000e+00 0.000000e+00 0.000000e+00 0.000000e+00 0.000000e+00 0.000000e+00
   80    1      2      0    0      1      -1      -1    50 0.0000000000 0.20000000 0.04000000 0.1400000 0.08000000 0.22000000 0.020000000 4.000000e-02 0.020000000 0.0200000000 0.020000000 0.0800000000 2.000000e-02 0.0000000000 2.000000e-02 0.000000e+00 2.000000e-02 0.000000e+00 0.000000e+00 4.000000e-02 2.000000e-02 0.000000e+00 0.000000e+00 0.000000e+00 0.000000e+00
   85    1      2      0    0      1      -1      -1    50 0.0600000000 0.16000000 0.28000000 0.1200000 0.12000000 0.08000000 0.020000000 0.000000e+00 0.040000000 0.0000000000 0.080000000 0.0000000000 0.000000e+00 0.0400000000 0.000000e+00 0.000000e+00 0.000000e+00 0.000000e+00 0.000000e+00 0.000000e+00 0.000000e+00 0.000000e+00 0.000000e+00 0.000000e+00 0.000000e+00
   90    1      2      0    0      1      -1      -1    50 0.0800000000 0.14000000 0.14000000 0.1600000 0.10000000 0.08000000 0.040000000 6.000000e-02 0.040000000 0.0600000000 0.060000000 0.0200000000 0.000000e+00 0.0000000000 0.000000e+00 2.000000e-02 0.000000e+00 0.000000e+00 0.000000e+00 0.000000e+00 0.000000e+00 0.000000e+00 0.000000e+00 0.000000e+00 0.000000e+00
   95    1      2      0    0      1      -1      -1    50 0.0400000000 0.26000000 0.24000000 0.0400000 0.04000000 0.08000000 0.060000000 4.000000e-02 0.080000000 0.0400000000 0.060000000 0.0000000000 0.000000e+00 0.0000000000 2.000000e-02 0.000000e+00 0.000000e+00 0.000000e+00 0.000000e+00 0.000000e+00 0.000000e+00 0.000000e+00 0.000000e+00 0.000000e+00 0.000000e+00
  100    1      2      0    0      1      -1      -1    50 0.1000000000 0.16000000 0.26000000 0.1800000 0.08000000 0.02000000 0.040000000 4.000000e-02 0.060000000 0.0200000000 0.000000000 0.0200000000 0.000000e+00 0.0000000000 0.000000e+00 2.000000e-02 0.000000e+00 0.000000e+00 0.000000e+00 0.000000e+00 0.000000e+00 0.000000e+00 0.000000e+00 0.000000e+00 0.000000e+00
0 #_N_MeanSize_at_Age_obs
0 #_N_environ_variables
0 #_N_environ_obs
0 #_N_sizefreq_methods
0 #_do_tags
0 #_morphcomp_data
#
999
