#C data file created using the SS_writedat function in the R package r4ss
#C should work with SS version: 
#C file write time: 2014-11-06 01:40:26
#
1 #_styr
100 #_endyr
1 #_nseas
12 #_months_per_seas
1 #_spawn_seas
1 #_Nfleet
2 #_Nsurveys
1 #_N_areas
Fishery%Survey%CPUE #_fleetnames
0.5 0.5 0.5 #_surveytiming_in_season
1 1 1 #_area_assignments_for_each_fishery_and_survey
1 #_units of catch:  1=bio; 2=num
0.01 #_se of log(catch) only used for init_eq_catch and for Fmethod 2 and 3
1 #_Ngenders
25 #_Nages
0 #_init_equil_catch_for_each_fishery
100 #_N_lines_of_catch_to_read
 #_Fishery year seas
         0    1    1
         0    2    1
         0    3    1
         0    4    1
         0    5    1
         0    6    1
         0    7    1
         0    8    1
         0    9    1
         0   10    1
         0   11    1
         0   12    1
         0   13    1
         0   14    1
         0   15    1
         0   16    1
         0   17    1
         0   18    1
         0   19    1
         0   20    1
         0   21    1
         0   22    1
         0   23    1
         0   24    1
         0   25    1
 265127000   26    1
 245664000   27    1
 225202000   28    1
 207665000   29    1
 193282000   30    1
 181438000   31    1
 172868000   32    1
 168812000   33    1
 170577000   34    1
 173205000   35    1
 174953000   36    1
 175085000   37    1
 173723000   38    1
 167430000   39    1
 159022000   40    1
 151099000   41    1
 145087000   42    1
 142514000   43    1
 142063000   44    1
 142396000   45    1
 144831000   46    1
 149505000   47    1
 152109000   48    1
 153056000   49    1
 157318000   50    1
 164764000   51    1
 167975000   52    1
 168252000   53    1
 165337000   54    1
 161048000   55    1
 157615000   56    1
 152286000   57    1
 144983000   58    1
 136855000   59    1
 131742000   60    1
 127819000   61    1
 124941000   62    1
 124782000   63    1
 125202000   64    1
 125826000   65    1
 128677000   66    1
 131406000   67    1
 132867000   68    1
 133441000   69    1
 134265000   70    1
 134578000   71    1
 133419000   72    1
 131747000   73    1
 130598000   74    1
 131147000   75    1
 129377000   76    1
 126723000   77    1
 125026000   78    1
 124852000   79    1
 127282000   80    1
 126807000   81    1
 125893000   82    1
 125986000   83    1
 122872000   84    1
 116760000   85    1
 111442000   86    1
 111930000   87    1
 117125000   88    1
 120885000   89    1
 124662000   90    1
 127200000   91    1
 127187000   92    1
 126820000   93    1
 125616000   94    1
 123874000   95    1
 125022000   96    1
 130814000   97    1
 138594000   98    1
 146480000   99    1
 153779000  100    1
13 #_N_cpue
 #_Fleet Units Errtype
       1     1       0
       2     1       0
       3     1       0
 #_year seas index        obs se_log
     76    1     2 1515385318    0.2
     78    1     2 1725929369    0.2
     80    1     2 1485230884    0.2
     82    1     2 1840370872    0.2
     84    1     2 1547376096    0.2
     86    1     2 1598737489    0.2
     88    1     2 1382029982    0.2
     90    1     2 1785148831    0.2
     92    1     2 2073847516    0.2
     94    1     2 1195522171    0.2
     96    1     2 1718525265    0.2
     98    1     2 1867997040    0.2
    100    1     2 2968177387    0.2
0 #_N_discard_fleets
#_discard_units (1=same_as_catchunits(bio/num); 2=fraction; 3=numbers)
#_discard_errtype:  >0 for DF of T-dist(read CV below); 0 for normal with CV; -1 for normal with se; -2 for lognormal
0 #_N_discard
0 #_N_meanbodywt
1 #_DF_for_meanbodywt_T-distribution_like
2 # length bin method: 1=use databins; 2=generate from binwidth,min,max below; 3=read vector
1 # binwidth for population size comp
10 # minimum size in the population (lower edge of first bin and size at age 0.00)
200 # maximum size in the population (lower edge of last bin)
-0.001 #_comp_tail_compression
1e-05 #_add_to_comp
0 #_combine males into females at or below this bin number
21 #_N_lbins
#_lbin_vector
10 53 70 83 94 101 107 111 114 117 120 123 125 127 130 132 135 138 142 148 200
0 #_N_Length_comp_observations
25 #_N_agebins
#_agebin_vector
1 2 3 4 5 6 7 8 9 10 11 12 13 14 15 16 17 18 19 20 21 22 23 24 25
1 #_N_ageerror_definitions
 #_age0   age1   age2   age3   age4   age5   age6   age7   age8   age9  age10  age11  age12  age13  age14  age15  age16  age17  age18  age19  age20  age21  age22  age23  age24  age25
 -1.000 -1.000 -1.000 -1.000 -1.000 -1.000 -1.000 -1.000 -1.000 -1.000 -1.000 -1.000 -1.000 -1.000 -1.000 -1.000 -1.000 -1.000 -1.000 -1.000 -1.000 -1.000 -1.000 -1.000 -1.000 -1.000
  0.001  0.001  0.001  0.001  0.001  0.001  0.001  0.001  0.001  0.001  0.001  0.001  0.001  0.001  0.001  0.001  0.001  0.001  0.001  0.001  0.001  0.001  0.001  0.001  0.001  0.001
22 #_N_agecomp
1 #_Lbin_method: 1=poplenbins; 2=datalenbins; 3=lengths
-1 #_combine males into females at or below this bin number
 #_Yr Seas FltSvy Gender Part Ageerr Lbin_lo Lbin_hi Nsamp          a1         a2        a3         a4         a5         a6         a7         a8         a9        a10         a11         a12         a13         a14         a15          a16         a17          a18          a19          a20          a21          a22          a23          a24          a25
   50    1      1      0    0      1      -1      -1   500 0.014705625 0.25886019 0.1569138 0.11658064 0.11349263 0.11856922 0.05460310 0.03555676 0.04160409 0.03376849 0.013273072 0.003505469 0.002453624 0.003606410 0.001645506 0.0048887590 0.002359168 0.0095259679 0.0111268116 5.411985e-05 1.218579e-03 2.093898e-04 4.819416e-06 1.328896e-04 0.0013408314
   55    1      1      0    0      1      -1      -1   500 0.010681272 0.18460111 0.1028375 0.13197220 0.08510914 0.11520313 0.13006247 0.05352420 0.03061124 0.03832396 0.029345752 0.036877875 0.015799836 0.008518454 0.009674398 0.0046097987 0.002530623 0.0012028277 0.0006723704 3.030896e-03 3.551622e-03 2.126942e-04 6.071705e-04 1.215819e-04 0.0003178681
   60    1      1      0    0      1      -1      -1   500 0.014269724 0.22327901 0.2270317 0.05535745 0.07573928 0.05963962 0.10132602 0.03849231 0.04097333 0.02978151 0.019322094 0.054427309 0.008844987 0.006672709 0.007241224 0.0122312724 0.002813546 0.0029858306 0.0065021972 1.187519e-03 3.544390e-03 5.498049e-03 1.362288e-04 9.449398e-04 0.0017577645
   65    1      1      0    0      1      -1      -1   500 0.021513375 0.17660873 0.1466636 0.15274499 0.14918305 0.07650815 0.07763185 0.05362274 0.01973491 0.03300107 0.017203838 0.018985875 0.008674858 0.019127753 0.007271982 0.0048416291 0.003004831 0.0010800087 0.0001166340 1.146657e-03 2.679418e-03 6.607067e-04 1.246475e-05 6.451501e-03 0.0015294029
   70    1      1      0    0      1      -1      -1   500 0.007775477 0.17414529 0.1966635 0.13979148 0.13639064 0.09408936 0.08240779 0.02882250 0.04044960 0.03354738 0.013723863 0.018402315 0.009883040 0.001290980 0.001337825 0.0092048141 0.005248571 0.0015528854 0.0007987057 2.607154e-04 4.633202e-04 9.223478e-05 1.967540e-04 1.189858e-05 0.0034490556
   75    1      1      0    0      1      -1      -1   500 0.011140391 0.15641541 0.3053990 0.09469012 0.08880764 0.06017501 0.08457350 0.05832674 0.03349121 0.02517466 0.020180143 0.018733216 0.005940607 0.013148794 0.005781799 0.0020251529 0.004334865 0.0017607792 0.0030955075 1.892954e-03 1.846490e-03 1.534298e-04 4.199784e-04 6.420643e-07 0.0024919558
   80    1      1      0    0      1      -1      -1   500 0.006185548 0.14228446 0.2985977 0.11346669 0.10887530 0.05775941 0.05625511 0.04781316 0.02822780 0.03128682 0.026641440 0.025365273 0.018924515 0.018291167 0.002841404 0.0046968492 0.003511517 0.0014200259 0.0053874458 6.516127e-04 9.762625e-05 1.825151e-04 1.113651e-03 3.993841e-05 0.0000830653
   85    1      1      0    0      1      -1      -1   500 0.024047380 0.08180407 0.0825451 0.15812730 0.19740056 0.07703459 0.06278551 0.09844436 0.05577451 0.04246591 0.014227715 0.022978505 0.033848514 0.003098629 0.018181526 0.0023502287 0.007256128 0.0042410278 0.0014495303 3.939194e-03 4.276229e-03 9.563359e-04 2.974376e-04 1.834249e-03 0.0006354509
   90    1      1      0    0      1      -1      -1   500 0.013763906 0.19937381 0.2007102 0.13617733 0.20162458 0.05759271 0.02004001 0.02851276 0.02766864 0.03949222 0.009819481 0.014461061 0.015448738 0.002214715 0.013747795 0.0050794902 0.008030054 0.0005214500 0.0024482211 5.076770e-04 4.382829e-06 1.653818e-03 1.219543e-04 4.683390e-04 0.0005167028
   95    1      1      0    0      1      -1      -1   500 0.044204189 0.15592834 0.1534574 0.15288617 0.12281030 0.06000201 0.10158943 0.04379282 0.03449744 0.05215189 0.031788591 0.004577741 0.001752498 0.008407118 0.011337087 0.0002971302 0.005028589 0.0022112183 0.0015283900 2.275017e-03 1.531337e-05 1.171864e-04 1.063014e-03 2.317022e-04 0.0080493860
  100    1      1      0    0      1      -1      -1   500 0.006165563 0.05552458 0.2880929 0.14414011 0.16822956 0.10647700 0.06382443 0.01679836 0.03197451 0.02399712 0.010250451 0.015799991 0.014779092 0.005676964 0.022158508 0.0049258935 0.006204729 0.0005281204 0.0007666642 7.857483e-05 9.000312e-05 6.480560e-03 2.998062e-03 3.700779e-03 0.0003374952
   50    1      2      0    0      1      -1      -1   500 0.030000000 0.31600000 0.1680000 0.10600000 0.08000000 0.09600000 0.04800000 0.05000000 0.02800000 0.02400000 0.022000000 0.004000000 0.000000000 0.002000000 0.002000000 0.0040000000 0.004000000 0.0000000000 0.0060000000 4.000000e-03 2.000000e-03 2.000000e-03 0.000000e+00 0.000000e+00 0.0020000000
   55    1      2      0    0      1      -1      -1   500 0.036000000 0.24600000 0.1160000 0.13600000 0.07400000 0.08400000 0.12800000 0.04000000 0.02800000 0.02600000 0.034000000 0.016000000 0.010000000 0.002000000 0.010000000 0.0040000000 0.000000000 0.0020000000 0.0000000000 0.000000e+00 0.000000e+00 0.000000e+00 4.000000e-03 0.000000e+00 0.0040000000
   60    1      2      0    0      1      -1      -1   500 0.038000000 0.24600000 0.1960000 0.05000000 0.10400000 0.05200000 0.09800000 0.02800000 0.02400000 0.04000000 0.032000000 0.036000000 0.008000000 0.012000000 0.010000000 0.0040000000 0.008000000 0.0020000000 0.0020000000 0.000000e+00 6.000000e-03 0.000000e+00 0.000000e+00 0.000000e+00 0.0040000000
   65    1      2      0    0      1      -1      -1   500 0.052000000 0.27000000 0.1460000 0.15600000 0.12200000 0.05200000 0.05000000 0.04600000 0.00600000 0.01200000 0.016000000 0.022000000 0.004000000 0.006000000 0.004000000 0.0060000000 0.012000000 0.0040000000 0.0020000000 0.000000e+00 8.000000e-03 0.000000e+00 0.000000e+00 2.000000e-03 0.0020000000
   70    1      2      0    0      1      -1      -1   500 0.038000000 0.20400000 0.1880000 0.10200000 0.09000000 0.09200000 0.08000000 0.03600000 0.05400000 0.02800000 0.008000000 0.018000000 0.014000000 0.004000000 0.012000000 0.0040000000 0.002000000 0.0020000000 0.0020000000 2.000000e-03 8.000000e-03 2.000000e-03 2.000000e-03 4.000000e-03 0.0040000000
   75    1      2      0    0      1      -1      -1   500 0.030000000 0.18000000 0.2540000 0.09400000 0.10800000 0.08800000 0.07000000 0.03600000 0.03000000 0.03000000 0.028000000 0.018000000 0.008000000 0.008000000 0.004000000 0.0000000000 0.002000000 0.0040000000 0.0000000000 0.000000e+00 0.000000e+00 4.000000e-03 0.000000e+00 4.000000e-03 0.0000000000
   80    1      2      0    0      1      -1      -1   500 0.024000000 0.17200000 0.2620000 0.12600000 0.15200000 0.04000000 0.04600000 0.06400000 0.01800000 0.02200000 0.012000000 0.010000000 0.016000000 0.010000000 0.006000000 0.0060000000 0.002000000 0.0000000000 0.0020000000 2.000000e-03 6.000000e-03 0.000000e+00 2.000000e-03 0.000000e+00 0.0000000000
   85    1      2      0    0      1      -1      -1   500 0.062000000 0.11800000 0.0880000 0.17600000 0.18400000 0.05800000 0.07800000 0.08800000 0.03800000 0.03800000 0.012000000 0.008000000 0.022000000 0.008000000 0.002000000 0.0040000000 0.004000000 0.0020000000 0.0040000000 2.000000e-03 0.000000e+00 2.000000e-03 0.000000e+00 2.000000e-03 0.0000000000
   90    1      2      0    0      1      -1      -1   500 0.034000000 0.20200000 0.1900000 0.12600000 0.19600000 0.07200000 0.03400000 0.01400000 0.01800000 0.03400000 0.008000000 0.012000000 0.008000000 0.012000000 0.008000000 0.0020000000 0.004000000 0.0040000000 0.0020000000 4.000000e-03 2.000000e-03 4.000000e-03 4.000000e-03 2.000000e-03 0.0040000000
   95    1      2      0    0      1      -1      -1   500 0.066000000 0.21000000 0.1420000 0.14000000 0.09000000 0.05000000 0.07400000 0.05200000 0.04000000 0.06000000 0.012000000 0.012000000 0.008000000 0.014000000 0.006000000 0.0020000000 0.000000000 0.0040000000 0.0060000000 4.000000e-03 0.000000e+00 0.000000e+00 4.000000e-03 2.000000e-03 0.0020000000
  100    1      2      0    0      1      -1      -1   500 0.026000000 0.10200000 0.2560000 0.14400000 0.18400000 0.10400000 0.04600000 0.02800000 0.03200000 0.01800000 0.010000000 0.008000000 0.008000000 0.012000000 0.016000000 0.0040000000 0.000000000 0.0000000000 0.0020000000 0.000000e+00 0.000000e+00 0.000000e+00 0.000000e+00 0.000000e+00 0.0000000000
0 #_N_MeanSize_at_Age_obs
0 #_N_environ_variables
0 #_N_environ_obs
0 #_N_sizefreq_methods
0 #_do_tags
0 #_morphcomp_data
#
999
