#C data file created using the SS_writedat function in the R package r4ss
#C should work with SS version: 
#C file write time: 2014-11-06 00:42:27
#
1 #_styr
100 #_endyr
1 #_nseas
12 #_months_per_seas
1 #_spawn_seas
1 #_Nfleet
2 #_Nsurveys
1 #_N_areas
Fishery%Survey%CPUE #_fleetnames
0.5 0.5 0.5 #_surveytiming_in_season
1 1 1 #_area_assignments_for_each_fishery_and_survey
1 #_units of catch:  1=bio; 2=num
0.01 #_se of log(catch) only used for init_eq_catch and for Fmethod 2 and 3
1 #_Ngenders
25 #_Nages
0 #_init_equil_catch_for_each_fishery
100 #_N_lines_of_catch_to_read
 #_Fishery year seas
         0    1    1
         0    2    1
         0    3    1
         0    4    1
         0    5    1
         0    6    1
         0    7    1
         0    8    1
         0    9    1
         0   10    1
         0   11    1
         0   12    1
         0   13    1
         0   14    1
         0   15    1
         0   16    1
         0   17    1
         0   18    1
         0   19    1
         0   20    1
         0   21    1
         0   22    1
         0   23    1
         0   24    1
         0   25    1
 314224000   26    1
 309973000   27    1
 301783000   28    1
 287365000   29    1
 274352000   30    1
 261235000   31    1
 249707000   32    1
 237850000   33    1
 227659000   34    1
 217262000   35    1
 208015000   36    1
 200615000   37    1
 196617000   38    1
 190469000   39    1
 180805000   40    1
 171456000   41    1
 163769000   42    1
 155918000   43    1
 148932000   44    1
 145621000   45    1
 144514000   46    1
 142602000   47    1
 141213000   48    1
 138708000   49    1
 138739000   50    1
 139374000   51    1
 141708000   52    1
 145212000   53    1
 147115000   54    1
 146342000   55    1
 145584000   56    1
 144907000   57    1
 145463000   58    1
 146553000   59    1
 148045000   60    1
 147201000   61    1
 141661000   62    1
 136684000   63    1
 135664000   64    1
 136434000   65    1
 139416000   66    1
 143246000   67    1
 147624000   68    1
 148975000   69    1
 151557000   70    1
 157816000   71    1
 159227000   72    1
 157493000   73    1
 154244000   74    1
 150060000   75    1
 149121000   76    1
 153034000   77    1
 158524000   78    1
 160180000   79    1
 158698000   80    1
 155534000   81    1
 150565000   82    1
 147629000   83    1
 147881000   84    1
 146753000   85    1
 146908000   86    1
 147134000   87    1
 145302000   88    1
 143857000   89    1
 141386000   90    1
 140839000   91    1
 141116000   92    1
 139356000   93    1
 137682000   94    1
 135276000   95    1
 133784000   96    1
 132217000   97    1
 128920000   98    1
 126887000   99    1
 131157000  100    1
13 #_N_cpue
 #_Fleet Units Errtype
       1     1       0
       2     1       0
       3     1       0
 #_year seas index        obs se_log
     76    1     2 1793567903    0.2
     78    1     2 2206149194    0.2
     80    1     2 2167025543    0.2
     82    1     2 1693647254    0.2
     84    1     2 2570520635    0.2
     86    1     2 3184080452    0.2
     88    1     2 2514318940    0.2
     90    1     2 1989532283    0.2
     92    1     2 2605409620    0.2
     94    1     2 2263286087    0.2
     96    1     2 1753825912    0.2
     98    1     2 1579004147    0.2
    100    1     2 2323614235    0.2
0 #_N_discard_fleets
#_discard_units (1=same_as_catchunits(bio/num); 2=fraction; 3=numbers)
#_discard_errtype:  >0 for DF of T-dist(read CV below); 0 for normal with CV; -1 for normal with se; -2 for lognormal
0 #_N_discard
0 #_N_meanbodywt
1 #_DF_for_meanbodywt_T-distribution_like
2 # length bin method: 1=use databins; 2=generate from binwidth,min,max below; 3=read vector
1 # binwidth for population size comp
10 # minimum size in the population (lower edge of first bin and size at age 0.00)
200 # maximum size in the population (lower edge of last bin)
-0.001 #_comp_tail_compression
1e-05 #_add_to_comp
0 #_combine males into females at or below this bin number
21 #_N_lbins
#_lbin_vector
10 53 70 83 94 101 107 111 114 117 120 123 125 127 130 132 135 138 142 148 200
0 #_N_Length_comp_observations
25 #_N_agebins
#_agebin_vector
1 2 3 4 5 6 7 8 9 10 11 12 13 14 15 16 17 18 19 20 21 22 23 24 25
1 #_N_ageerror_definitions
 #_age0   age1   age2   age3   age4   age5   age6   age7   age8   age9  age10  age11  age12  age13  age14  age15  age16  age17  age18  age19  age20  age21  age22  age23  age24  age25
 -1.000 -1.000 -1.000 -1.000 -1.000 -1.000 -1.000 -1.000 -1.000 -1.000 -1.000 -1.000 -1.000 -1.000 -1.000 -1.000 -1.000 -1.000 -1.000 -1.000 -1.000 -1.000 -1.000 -1.000 -1.000 -1.000
  0.001  0.001  0.001  0.001  0.001  0.001  0.001  0.001  0.001  0.001  0.001  0.001  0.001  0.001  0.001  0.001  0.001  0.001  0.001  0.001  0.001  0.001  0.001  0.001  0.001  0.001
22 #_N_agecomp
1 #_Lbin_method: 1=poplenbins; 2=datalenbins; 3=lengths
-1 #_combine males into females at or below this bin number
 #_Yr Seas FltSvy Gender Part Ageerr Lbin_lo Lbin_hi Nsamp          a1        a2         a3         a4         a5          a6         a7          a8          a9         a10         a11          a12          a13          a14          a15          a16          a17          a18          a19          a20          a21          a22          a23          a24          a25
   50    1      1      0    0      1      -1      -1    50 0.006134944 0.1164706 0.40634898 0.07306425 0.09817919 0.048559574 0.08611213 0.072555977 0.029599962 0.043337660 0.002565805 0.0022622463 2.093134e-07 2.212888e-03 2.575998e-03 3.350436e-05 2.873133e-05 1.086779e-05 9.517652e-06 1.185621e-07 9.753304e-03 1.822037e-04 1.337679e-06 2.706781e-36 1.652984e-14
   55    1      1      0    0      1      -1      -1    50 0.019909271 0.1487664 0.10046854 0.14796603 0.20290725 0.058345931 0.05394120 0.085544667 0.003789804 0.061155624 0.014373427 0.0530678669 8.835998e-03 1.020996e-02 1.186751e-03 1.238042e-03 2.234576e-03 2.485177e-02 2.378057e-04 9.665736e-04 2.891214e-07 7.894556e-15 4.176812e-24 2.175120e-06 4.086466e-10
   60    1      1      0    0      1      -1      -1    50 0.024162958 0.1079242 0.23788224 0.18517065 0.10120896 0.077416788 0.07074566 0.001498997 0.067133526 0.037253224 0.017628844 0.0007903018 3.312496e-02 5.273688e-07 5.683715e-03 3.158365e-03 6.242958e-04 3.127934e-04 1.732189e-08 2.825902e-02 1.994263e-05 1.042435e-25 2.841125e-10 2.174644e-18 2.472417e-14
   65    1      1      0    0      1      -1      -1    50 0.016513428 0.2351056 0.18324040 0.19396434 0.09038265 0.004065934 0.05576198 0.045910650 0.034529189 0.009198863 0.017433681 0.0107512485 2.646400e-04 5.814767e-02 2.118621e-02 4.017268e-07 1.909836e-02 4.320814e-03 2.814441e-06 1.566756e-05 1.044585e-23 2.974501e-06 1.024955e-04 4.278910e-20 9.155403e-12
   70    1      1      0    0      1      -1      -1    50 0.043614496 0.2743330 0.07418140 0.13699604 0.09944763 0.075055232 0.12163520 0.028385277 0.061847853 0.002529330 0.019621092 0.0076899897 2.969137e-02 4.816081e-05 5.429142e-03 1.131289e-02 2.354257e-04 1.731758e-03 1.234999e-11 6.015329e-03 1.980253e-04 2.744321e-13 2.002235e-14 4.149527e-07 9.063084e-07
   75    1      1      0    0      1      -1      -1    50 0.067521478 0.2139961 0.21823279 0.09679851 0.09699315 0.091913608 0.05929080 0.003589911 0.027281640 0.044753731 0.009946861 0.0096955758 2.675015e-03 2.568280e-02 5.131765e-05 6.547037e-05 2.922467e-02 1.030885e-03 6.876156e-04 2.801595e-07 6.231964e-14 5.512144e-04 2.836220e-25 7.383294e-08 1.652336e-05
   80    1      1      0    0      1      -1      -1    50 0.012359230 0.1603227 0.14000554 0.09725235 0.16239228 0.178399726 0.09493315 0.022049161 0.004968243 0.006150782 0.051778594 0.0114928638 3.109962e-03 1.289059e-03 4.661636e-04 2.010274e-03 1.579835e-03 1.393361e-02 2.402307e-06 3.993096e-28 2.040680e-24 1.839458e-09 3.550408e-02 2.670185e-21 2.497895e-10
   85    1      1      0    0      1      -1      -1    50 0.012432543 0.1811608 0.16086859 0.21949139 0.06204866 0.096092256 0.05941602 0.040699225 0.007801071 0.022486659 0.067396728 0.0102806423 9.003115e-05 3.521392e-03 3.375301e-02 1.467677e-03 1.262067e-02 3.182430e-03 3.003863e-03 3.346630e-04 4.859483e-14 5.670842e-22 5.092791e-04 2.508093e-15 1.342407e-03
   90    1      1      0    0      1      -1      -1    50 0.012108309 0.1843673 0.09486817 0.18437238 0.07659074 0.123631215 0.03412638 0.051809685 0.064040026 0.019733775 0.044281365 0.0299260107 2.613104e-03 8.809394e-03 2.317285e-02 9.990550e-03 7.163642e-08 5.513098e-07 9.151548e-03 2.306321e-02 2.100015e-04 2.521269e-03 8.668560e-17 6.191113e-09 6.120692e-04
   95    1      1      0    0      1      -1      -1    50 0.019066442 0.1393655 0.18271040 0.13746726 0.08664285 0.149070287 0.09066286 0.059861239 0.031850266 0.003653920 0.046652475 0.0012861141 1.695192e-02 1.767379e-02 9.949822e-08 2.858045e-04 1.080697e-02 2.981319e-03 5.062563e-06 2.991017e-03 3.665010e-21 9.915271e-13 1.437794e-05 3.455702e-08 3.577007e-14
  100    1      1      0    0      1      -1      -1    50 0.003248042 0.3366882 0.20126980 0.01113275 0.20699561 0.066073039 0.03918836 0.027557356 0.037841699 0.004601856 0.032117237 0.0019959732 6.961630e-03 1.650493e-02 1.539079e-07 2.399511e-03 7.619573e-04 4.163884e-03 4.444759e-05 5.126290e-06 1.612168e-18 1.969115e-19 3.137736e-11 5.713264e-07 4.478515e-04
   50    1      2      0    0      1      -1      -1    50 0.080000000 0.1800000 0.16000000 0.16000000 0.12000000 0.080000000 0.06000000 0.060000000 0.020000000 0.000000000 0.000000000 0.0000000000 0.000000e+00 2.000000e-02 2.000000e-02 2.000000e-02 0.000000e+00 0.000000e+00 0.000000e+00 0.000000e+00 0.000000e+00 0.000000e+00 0.000000e+00 0.000000e+00 2.000000e-02
   55    1      2      0    0      1      -1      -1    50 0.060000000 0.2200000 0.06000000 0.22000000 0.10000000 0.160000000 0.04000000 0.040000000 0.020000000 0.020000000 0.020000000 0.0000000000 0.000000e+00 2.000000e-02 0.000000e+00 0.000000e+00 0.000000e+00 0.000000e+00 2.000000e-02 0.000000e+00 0.000000e+00 0.000000e+00 0.000000e+00 0.000000e+00 0.000000e+00
   60    1      2      0    0      1      -1      -1    50 0.000000000 0.1800000 0.16000000 0.20000000 0.14000000 0.120000000 0.02000000 0.060000000 0.060000000 0.000000000 0.020000000 0.0200000000 0.000000e+00 0.000000e+00 0.000000e+00 0.000000e+00 0.000000e+00 0.000000e+00 0.000000e+00 0.000000e+00 2.000000e-02 0.000000e+00 0.000000e+00 0.000000e+00 0.000000e+00
   65    1      2      0    0      1      -1      -1    50 0.020000000 0.3000000 0.20000000 0.22000000 0.02000000 0.000000000 0.06000000 0.080000000 0.020000000 0.020000000 0.000000000 0.0200000000 0.000000e+00 0.000000e+00 0.000000e+00 0.000000e+00 0.000000e+00 0.000000e+00 0.000000e+00 0.000000e+00 2.000000e-02 0.000000e+00 0.000000e+00 2.000000e-02 0.000000e+00
   70    1      2      0    0      1      -1      -1    50 0.040000000 0.2600000 0.10000000 0.08000000 0.14000000 0.100000000 0.14000000 0.020000000 0.040000000 0.000000000 0.000000000 0.0000000000 4.000000e-02 2.000000e-02 0.000000e+00 2.000000e-02 0.000000e+00 0.000000e+00 0.000000e+00 0.000000e+00 0.000000e+00 0.000000e+00 0.000000e+00 0.000000e+00 0.000000e+00
   75    1      2      0    0      1      -1      -1    50 0.040000000 0.3000000 0.08000000 0.10000000 0.12000000 0.140000000 0.14000000 0.000000000 0.020000000 0.020000000 0.020000000 0.0000000000 0.000000e+00 0.000000e+00 0.000000e+00 0.000000e+00 2.000000e-02 0.000000e+00 0.000000e+00 0.000000e+00 0.000000e+00 0.000000e+00 0.000000e+00 0.000000e+00 0.000000e+00
   80    1      2      0    0      1      -1      -1    50 0.060000000 0.1200000 0.10000000 0.20000000 0.22000000 0.060000000 0.08000000 0.040000000 0.000000000 0.020000000 0.020000000 0.0400000000 0.000000e+00 0.000000e+00 2.000000e-02 0.000000e+00 2.000000e-02 0.000000e+00 0.000000e+00 0.000000e+00 0.000000e+00 0.000000e+00 0.000000e+00 0.000000e+00 0.000000e+00
   85    1      2      0    0      1      -1      -1    50 0.080000000 0.1800000 0.14000000 0.20000000 0.08000000 0.060000000 0.08000000 0.000000000 0.060000000 0.040000000 0.040000000 0.0200000000 0.000000e+00 0.000000e+00 0.000000e+00 0.000000e+00 0.000000e+00 0.000000e+00 0.000000e+00 0.000000e+00 0.000000e+00 0.000000e+00 0.000000e+00 2.000000e-02 0.000000e+00
   90    1      2      0    0      1      -1      -1    50 0.040000000 0.2000000 0.12000000 0.20000000 0.14000000 0.080000000 0.02000000 0.040000000 0.100000000 0.020000000 0.000000000 0.0000000000 2.000000e-02 0.000000e+00 0.000000e+00 0.000000e+00 2.000000e-02 0.000000e+00 0.000000e+00 0.000000e+00 0.000000e+00 0.000000e+00 0.000000e+00 0.000000e+00 0.000000e+00
   95    1      2      0    0      1      -1      -1    50 0.020000000 0.2400000 0.12000000 0.12000000 0.10000000 0.140000000 0.02000000 0.060000000 0.040000000 0.000000000 0.020000000 0.0400000000 0.000000e+00 4.000000e-02 0.000000e+00 0.000000e+00 4.000000e-02 0.000000e+00 0.000000e+00 0.000000e+00 0.000000e+00 0.000000e+00 0.000000e+00 0.000000e+00 0.000000e+00
  100    1      2      0    0      1      -1      -1    50 0.020000000 0.3400000 0.14000000 0.08000000 0.04000000 0.120000000 0.08000000 0.020000000 0.040000000 0.040000000 0.000000000 0.0400000000 0.000000e+00 0.000000e+00 2.000000e-02 2.000000e-02 0.000000e+00 0.000000e+00 0.000000e+00 0.000000e+00 0.000000e+00 0.000000e+00 0.000000e+00 0.000000e+00 0.000000e+00
0 #_N_MeanSize_at_Age_obs
0 #_N_environ_variables
0 #_N_environ_obs
0 #_N_sizefreq_methods
0 #_do_tags
0 #_morphcomp_data
#
999
