#C data file created using the SS_writedat function in the R package r4ss
#C should work with SS version: 
#C file write time: 2014-11-06 00:41:29
#
1 #_styr
100 #_endyr
1 #_nseas
12 #_months_per_seas
1 #_spawn_seas
1 #_Nfleet
2 #_Nsurveys
1 #_N_areas
Fishery%Survey%CPUE #_fleetnames
0.5 0.5 0.5 #_surveytiming_in_season
1 1 1 #_area_assignments_for_each_fishery_and_survey
1 #_units of catch:  1=bio; 2=num
0.01 #_se of log(catch) only used for init_eq_catch and for Fmethod 2 and 3
1 #_Ngenders
25 #_Nages
0 #_init_equil_catch_for_each_fishery
100 #_N_lines_of_catch_to_read
 #_Fishery year seas
         0    1    1
         0    2    1
         0    3    1
         0    4    1
         0    5    1
         0    6    1
         0    7    1
         0    8    1
         0    9    1
         0   10    1
         0   11    1
         0   12    1
         0   13    1
         0   14    1
         0   15    1
         0   16    1
         0   17    1
         0   18    1
         0   19    1
         0   20    1
         0   21    1
         0   22    1
         0   23    1
         0   24    1
         0   25    1
 311830000   26    1
 290027000   27    1
 277912000   28    1
 268031000   29    1
 256766000   30    1
 248045000   31    1
 243141000   32    1
 232680000   33    1
 221185000   34    1
 207852000   35    1
 197380000   36    1
 190927000   37    1
 183152000   38    1
 176318000   39    1
 170069000   40    1
 169135000   41    1
 175363000   42    1
 181195000   43    1
 183362000   44    1
 183414000   45    1
 181845000   46    1
 176352000   47    1
 172123000   48    1
 171461000   49    1
 169333000   50    1
 167481000   51    1
 169086000   52    1
 166419000   53    1
 161408000   54    1
 155156000   55    1
 148324000   56    1
 143150000   57    1
 139516000   58    1
 133536000   59    1
 126814000   60    1
 123178000   61    1
 126486000   62    1
 134709000   63    1
 140786000   64    1
 147241000   65    1
 150034000   66    1
 152067000   67    1
 151039000   68    1
 147974000   69    1
 146559000   70    1
 143344000   71    1
 141946000   72    1
 143093000   73    1
 141668000   74    1
 139397000   75    1
 138633000   76    1
 136083000   77    1
 135443000   78    1
 133882000   79    1
 130430000   80    1
 128320000   81    1
 129424000   82    1
 130688000   83    1
 130467000   84    1
 129753000   85    1
 128818000   86    1
 128147000   87    1
 127902000   88    1
 126892000   89    1
 124687000   90    1
 122626000   91    1
 121959000   92    1
 120506000   93    1
 122051000   94    1
 124915000   95    1
 128189000   96    1
 128312000   97    1
 127438000   98    1
 127725000   99    1
 126631000  100    1
13 #_N_cpue
 #_Fleet Units Errtype
       1     1       0
       2     1       0
       3     1       0
 #_year seas index        obs se_log
     76    1     2 1984023719    0.2
     78    1     2 1365466624    0.2
     80    1     2 1725032627    0.2
     82    1     2 1681986980    0.2
     84    1     2 1239948458    0.2
     86    1     2 2016293173    0.2
     88    1     2 2596659615    0.2
     90    1     2 1763163505    0.2
     92    1     2 1715509653    0.2
     94    1     2 2301103622    0.2
     96    1     2 2169234451    0.2
     98    1     2 2440045753    0.2
    100    1     2 1752671437    0.2
0 #_N_discard_fleets
#_discard_units (1=same_as_catchunits(bio/num); 2=fraction; 3=numbers)
#_discard_errtype:  >0 for DF of T-dist(read CV below); 0 for normal with CV; -1 for normal with se; -2 for lognormal
0 #_N_discard
0 #_N_meanbodywt
1 #_DF_for_meanbodywt_T-distribution_like
2 # length bin method: 1=use databins; 2=generate from binwidth,min,max below; 3=read vector
1 # binwidth for population size comp
10 # minimum size in the population (lower edge of first bin and size at age 0.00)
200 # maximum size in the population (lower edge of last bin)
-0.001 #_comp_tail_compression
1e-05 #_add_to_comp
0 #_combine males into females at or below this bin number
21 #_N_lbins
#_lbin_vector
10 53 70 83 94 101 107 111 114 117 120 123 125 127 130 132 135 138 142 148 200
0 #_N_Length_comp_observations
25 #_N_agebins
#_agebin_vector
1 2 3 4 5 6 7 8 9 10 11 12 13 14 15 16 17 18 19 20 21 22 23 24 25
1 #_N_ageerror_definitions
 #_age0   age1   age2   age3   age4   age5   age6   age7   age8   age9  age10  age11  age12  age13  age14  age15  age16  age17  age18  age19  age20  age21  age22  age23  age24  age25
 -1.000 -1.000 -1.000 -1.000 -1.000 -1.000 -1.000 -1.000 -1.000 -1.000 -1.000 -1.000 -1.000 -1.000 -1.000 -1.000 -1.000 -1.000 -1.000 -1.000 -1.000 -1.000 -1.000 -1.000 -1.000 -1.000
  0.001  0.001  0.001  0.001  0.001  0.001  0.001  0.001  0.001  0.001  0.001  0.001  0.001  0.001  0.001  0.001  0.001  0.001  0.001  0.001  0.001  0.001  0.001  0.001  0.001  0.001
22 #_N_agecomp
1 #_Lbin_method: 1=poplenbins; 2=datalenbins; 3=lengths
-1 #_combine males into females at or below this bin number
 #_Yr Seas FltSvy Gender Part Ageerr Lbin_lo Lbin_hi Nsamp           a1         a2         a3         a4         a5         a6         a7          a8           a9         a10         a11         a12          a13          a14          a15          a16          a17          a18          a19          a20          a21          a22          a23          a24          a25
   50    1      1      0    0      1      -1      -1    50 0.0207350656 0.08203342 0.19100304 0.12978584 0.20330781 0.04790978 0.11150888 0.080818449 0.0438304235 0.014581280 0.019367882 0.030605048 0.0046073268 5.631912e-03 0.0069913399 1.015719e-03 1.754969e-04 1.110522e-04 4.227956e-04 5.358001e-09 2.360140e-08 7.569600e-27 1.191972e-05 5.376688e-03 1.687999e-04
   55    1      1      0    0      1      -1      -1    50 0.0078894911 0.12127084 0.07744504 0.11983410 0.08433339 0.20379547 0.14430333 0.055664022 0.0299251692 0.056065103 0.012030744 0.020667055 0.0120911698 1.289289e-03 0.0373657413 9.187797e-03 1.496871e-03 3.343509e-04 2.780126e-03 7.693011e-05 2.014758e-03 8.553021e-12 1.154643e-32 1.391781e-04 3.085530e-08
   60    1      1      0    0      1      -1      -1    50 0.0258697874 0.18199641 0.11282495 0.11053376 0.22136031 0.05078698 0.06087580 0.033726368 0.0699292778 0.020061524 0.067352428 0.000692921 0.0056339423 3.529957e-03 0.0003183301 8.194284e-05 3.198459e-02 6.572301e-08 7.055298e-04 7.049959e-04 1.177268e-04 2.740798e-05 6.006298e-31 4.821959e-06 8.801760e-04
   65    1      1      0    0      1      -1      -1    50 0.0132600100 0.09301773 0.31347463 0.12298050 0.20879254 0.03371580 0.01625655 0.014806776 0.0009069906 0.042127092 0.003708718 0.063000302 0.0032438655 2.249777e-02 0.0287791939 2.629774e-03 2.097399e-03 3.846019e-08 6.896335e-03 4.719832e-04 3.067149e-08 7.335971e-03 2.389595e-21 1.035152e-16 7.439754e-12
   70    1      1      0    0      1      -1      -1    50 0.0002849237 0.16540400 0.22739588 0.05850058 0.15918172 0.10482129 0.05873020 0.027653513 0.0173835105 0.088017004 0.038209010 0.012863467 0.0006225798 6.127971e-03 0.0033405633 4.241659e-03 1.174902e-07 2.115471e-13 2.574611e-04 2.710103e-03 1.218206e-02 2.062553e-04 1.318241e-04 2.377453e-19 1.173431e-02
   75    1      1      0    0      1      -1      -1    50 0.0011674343 0.22848917 0.05131513 0.14800112 0.09785227 0.12397966 0.09085239 0.048956378 0.0501177307 0.037535801 0.024040293 0.018599827 0.0292592536 7.515603e-03 0.0280314587 9.022102e-03 4.958045e-11 1.225595e-28 4.230206e-03 7.724670e-04 2.239832e-04 1.581836e-07 3.757005e-05 2.993619e-22 1.228121e-10
   80    1      1      0    0      1      -1      -1    50 0.0144005619 0.09557374 0.16375569 0.21553751 0.11715230 0.01901560 0.11000312 0.057097766 0.0515444565 0.018345173 0.005516613 0.086611617 0.0202418324 6.237585e-08 0.0020141331 7.540924e-05 1.002678e-03 1.952110e-02 2.526230e-10 1.406377e-03 4.222138e-15 1.822410e-06 1.177522e-03 8.255720e-27 4.912350e-06
   85    1      1      0    0      1      -1      -1    50 0.0049141146 0.14874554 0.20783913 0.18026604 0.14907017 0.10542209 0.02095186 0.000889308 0.0808096729 0.026781600 0.024116013 0.024201157 0.0038332201 1.008444e-04 0.0116031084 9.200844e-03 5.332218e-07 5.307854e-04 4.353767e-07 6.096975e-04 1.446605e-08 8.200108e-07 4.669113e-07 6.143089e-11 1.125318e-04
   90    1      1      0    0      1      -1      -1    50 0.0300161547 0.11162208 0.19657128 0.17914783 0.07510089 0.08398082 0.06429146 0.020207073 0.0576821398 0.064579464 0.046285594 0.009098302 0.0348864834 7.095854e-05 0.0078001403 9.648450e-03 8.403800e-03 3.499429e-05 1.609954e-04 1.755489e-06 3.934288e-09 1.035343e-13 3.273979e-08 4.458970e-32 4.093015e-04
   95    1      1      0    0      1      -1      -1    50 0.0042620616 0.23097948 0.31219877 0.14204317 0.05785985 0.07651024 0.01224070 0.031959407 0.0030524928 0.009265403 0.013582270 0.001103076 0.0257635513 4.949251e-02 0.0237735260 1.207451e-04 1.556629e-04 1.335175e-04 7.685462e-06 1.815474e-04 2.909126e-27 5.161166e-03 8.657214e-34 8.362026e-05 6.954766e-05
  100    1      1      0    0      1      -1      -1    50 0.0256984757 0.12933838 0.09181560 0.18641899 0.09622348 0.05714253 0.13784555 0.054894122 0.0647338873 0.051371481 0.023476292 0.020036821 0.0016960039 1.716968e-02 0.0361271307 2.508201e-03 1.126738e-03 6.632807e-05 2.306554e-03 2.193514e-11 1.113151e-06 2.955223e-17 2.115055e-15 3.434453e-09 2.639732e-06
   50    1      2      0    0      1      -1      -1    50 0.0800000000 0.16000000 0.18000000 0.18000000 0.04000000 0.06000000 0.10000000 0.000000000 0.0400000000 0.040000000 0.020000000 0.000000000 0.0400000000 0.000000e+00 0.0000000000 2.000000e-02 2.000000e-02 0.000000e+00 2.000000e-02 0.000000e+00 0.000000e+00 0.000000e+00 0.000000e+00 0.000000e+00 0.000000e+00
   55    1      2      0    0      1      -1      -1    50 0.0400000000 0.16000000 0.14000000 0.06000000 0.16000000 0.12000000 0.04000000 0.120000000 0.0000000000 0.060000000 0.020000000 0.020000000 0.0000000000 2.000000e-02 0.0200000000 0.000000e+00 2.000000e-02 0.000000e+00 0.000000e+00 0.000000e+00 0.000000e+00 0.000000e+00 0.000000e+00 0.000000e+00 0.000000e+00
   60    1      2      0    0      1      -1      -1    50 0.1000000000 0.22000000 0.06000000 0.14000000 0.10000000 0.06000000 0.04000000 0.080000000 0.0200000000 0.040000000 0.060000000 0.000000000 0.0200000000 0.000000e+00 0.0200000000 0.000000e+00 2.000000e-02 0.000000e+00 0.000000e+00 0.000000e+00 0.000000e+00 0.000000e+00 0.000000e+00 0.000000e+00 2.000000e-02
   65    1      2      0    0      1      -1      -1    50 0.0200000000 0.26000000 0.20000000 0.06000000 0.22000000 0.06000000 0.08000000 0.000000000 0.0000000000 0.040000000 0.020000000 0.000000000 0.0000000000 0.000000e+00 0.0000000000 4.000000e-02 0.000000e+00 0.000000e+00 0.000000e+00 0.000000e+00 0.000000e+00 0.000000e+00 0.000000e+00 0.000000e+00 0.000000e+00
   70    1      2      0    0      1      -1      -1    50 0.0400000000 0.16000000 0.20000000 0.04000000 0.14000000 0.10000000 0.08000000 0.020000000 0.0600000000 0.100000000 0.040000000 0.000000000 0.0000000000 0.000000e+00 0.0000000000 0.000000e+00 2.000000e-02 0.000000e+00 0.000000e+00 0.000000e+00 0.000000e+00 0.000000e+00 0.000000e+00 0.000000e+00 0.000000e+00
   75    1      2      0    0      1      -1      -1    50 0.0200000000 0.34000000 0.06000000 0.18000000 0.10000000 0.04000000 0.02000000 0.100000000 0.0400000000 0.040000000 0.000000000 0.000000000 0.0000000000 0.000000e+00 0.0400000000 0.000000e+00 0.000000e+00 0.000000e+00 0.000000e+00 0.000000e+00 0.000000e+00 0.000000e+00 0.000000e+00 2.000000e-02 0.000000e+00
   80    1      2      0    0      1      -1      -1    50 0.0200000000 0.14000000 0.10000000 0.18000000 0.28000000 0.04000000 0.08000000 0.020000000 0.1000000000 0.000000000 0.000000000 0.000000000 0.0000000000 0.000000e+00 0.0000000000 2.000000e-02 0.000000e+00 0.000000e+00 0.000000e+00 2.000000e-02 0.000000e+00 0.000000e+00 0.000000e+00 0.000000e+00 0.000000e+00
   85    1      2      0    0      1      -1      -1    50 0.0000000000 0.26000000 0.18000000 0.12000000 0.04000000 0.14000000 0.04000000 0.040000000 0.0400000000 0.040000000 0.020000000 0.020000000 0.0000000000 0.000000e+00 0.0200000000 2.000000e-02 0.000000e+00 0.000000e+00 0.000000e+00 0.000000e+00 0.000000e+00 2.000000e-02 0.000000e+00 0.000000e+00 0.000000e+00
   90    1      2      0    0      1      -1      -1    50 0.0600000000 0.08000000 0.18000000 0.20000000 0.08000000 0.10000000 0.08000000 0.020000000 0.0400000000 0.040000000 0.020000000 0.000000000 0.0000000000 6.000000e-02 0.0000000000 0.000000e+00 0.000000e+00 2.000000e-02 0.000000e+00 0.000000e+00 0.000000e+00 0.000000e+00 0.000000e+00 0.000000e+00 2.000000e-02
   95    1      2      0    0      1      -1      -1    50 0.0400000000 0.26000000 0.18000000 0.16000000 0.08000000 0.04000000 0.06000000 0.040000000 0.0400000000 0.020000000 0.020000000 0.000000000 0.0200000000 0.000000e+00 0.0200000000 0.000000e+00 0.000000e+00 0.000000e+00 0.000000e+00 2.000000e-02 0.000000e+00 0.000000e+00 0.000000e+00 0.000000e+00 0.000000e+00
  100    1      2      0    0      1      -1      -1    50 0.0800000000 0.06000000 0.12000000 0.28000000 0.02000000 0.04000000 0.16000000 0.080000000 0.0200000000 0.020000000 0.020000000 0.020000000 0.0400000000 0.000000e+00 0.0200000000 0.000000e+00 0.000000e+00 0.000000e+00 0.000000e+00 0.000000e+00 0.000000e+00 0.000000e+00 0.000000e+00 0.000000e+00 2.000000e-02
0 #_N_MeanSize_at_Age_obs
0 #_N_environ_variables
0 #_N_environ_obs
0 #_N_sizefreq_methods
0 #_do_tags
0 #_morphcomp_data
#
999
