#C data file created using the SS_writedat function in the R package r4ss
#C should work with SS version: 
#C file write time: 2014-11-06 01:48:30
#
1 #_styr
100 #_endyr
1 #_nseas
12 #_months_per_seas
1 #_spawn_seas
1 #_Nfleet
2 #_Nsurveys
1 #_N_areas
Fishery%Survey%CPUE #_fleetnames
0.5 0.5 0.5 #_surveytiming_in_season
1 1 1 #_area_assignments_for_each_fishery_and_survey
1 #_units of catch:  1=bio; 2=num
0.01 #_se of log(catch) only used for init_eq_catch and for Fmethod 2 and 3
1 #_Ngenders
25 #_Nages
0 #_init_equil_catch_for_each_fishery
100 #_N_lines_of_catch_to_read
 #_Fishery year seas
         0    1    1
         0    2    1
         0    3    1
         0    4    1
         0    5    1
         0    6    1
         0    7    1
         0    8    1
         0    9    1
         0   10    1
         0   11    1
         0   12    1
         0   13    1
         0   14    1
         0   15    1
         0   16    1
         0   17    1
         0   18    1
         0   19    1
         0   20    1
         0   21    1
         0   22    1
         0   23    1
         0   24    1
         0   25    1
 254866000   26    1
 237242000   27    1
 221307000   28    1
 206058000   29    1
 194945000   30    1
 188266000   31    1
 182626000   32    1
 177453000   33    1
 175615000   34    1
 179256000   35    1
 180376000   36    1
 180022000   37    1
 179675000   38    1
 175370000   39    1
 169243000   40    1
 166177000   41    1
 164024000   42    1
 160042000   43    1
 156171000   44    1
 150663000   45    1
 146524000   46    1
 147840000   47    1
 149379000   48    1
 152363000   49    1
 159678000   50    1
 166464000   51    1
 172686000   52    1
 177990000   53    1
 181947000   54    1
 190501000   55    1
 195124000   56    1
 193171000   57    1
 190987000   58    1
 193263000   59    1
 192101000   60    1
 188713000   61    1
 187844000   62    1
 189729000   63    1
 187447000   64    1
 185251000   65    1
 186636000   66    1
 192095000   67    1
 194664000   68    1
 195157000   69    1
 194466000   70    1
 196189000   71    1
 199705000   72    1
 197325000   73    1
 190795000   74    1
 184894000   75    1
 178302000   76    1
 175060000   77    1
 176527000   78    1
 176317000   79    1
 174033000   80    1
 171146000   81    1
 171337000   82    1
 171094000   83    1
 169467000   84    1
 166388000   85    1
 165856000   86    1
 164771000   87    1
 162883000   88    1
 162652000   89    1
 161234000   90    1
 157941000   91    1
 152726000   92    1
 149503000   93    1
 147354000   94    1
 146681000   95    1
 147655000   96    1
 149304000   97    1
 149896000   98    1
 147407000   99    1
 145464000  100    1
13 #_N_cpue
 #_Fleet Units Errtype
       1     1       0
       2     1       0
       3     1       0
 #_year seas index        obs se_log
     76    1     2 2437140432    0.2
     78    1     2 3312231079    0.2
     80    1     2 2806989432    0.2
     82    1     2 2205384066    0.2
     84    1     2 2404738996    0.2
     86    1     2 2344677032    0.2
     88    1     2 1907596811    0.2
     90    1     2 2376098838    0.2
     92    1     2 3025259967    0.2
     94    1     2 2223382586    0.2
     96    1     2 2036658129    0.2
     98    1     2 2317085246    0.2
    100    1     2 2317657761    0.2
0 #_N_discard_fleets
#_discard_units (1=same_as_catchunits(bio/num); 2=fraction; 3=numbers)
#_discard_errtype:  >0 for DF of T-dist(read CV below); 0 for normal with CV; -1 for normal with se; -2 for lognormal
0 #_N_discard
0 #_N_meanbodywt
1 #_DF_for_meanbodywt_T-distribution_like
2 # length bin method: 1=use databins; 2=generate from binwidth,min,max below; 3=read vector
1 # binwidth for population size comp
10 # minimum size in the population (lower edge of first bin and size at age 0.00)
200 # maximum size in the population (lower edge of last bin)
-0.001 #_comp_tail_compression
1e-05 #_add_to_comp
0 #_combine males into females at or below this bin number
21 #_N_lbins
#_lbin_vector
10 53 70 83 94 101 107 111 114 117 120 123 125 127 130 132 135 138 142 148 200
0 #_N_Length_comp_observations
25 #_N_agebins
#_agebin_vector
1 2 3 4 5 6 7 8 9 10 11 12 13 14 15 16 17 18 19 20 21 22 23 24 25
1 #_N_ageerror_definitions
 #_age0   age1   age2   age3   age4   age5   age6   age7   age8   age9  age10  age11  age12  age13  age14  age15  age16  age17  age18  age19  age20  age21  age22  age23  age24  age25
 -1.000 -1.000 -1.000 -1.000 -1.000 -1.000 -1.000 -1.000 -1.000 -1.000 -1.000 -1.000 -1.000 -1.000 -1.000 -1.000 -1.000 -1.000 -1.000 -1.000 -1.000 -1.000 -1.000 -1.000 -1.000 -1.000
  0.001  0.001  0.001  0.001  0.001  0.001  0.001  0.001  0.001  0.001  0.001  0.001  0.001  0.001  0.001  0.001  0.001  0.001  0.001  0.001  0.001  0.001  0.001  0.001  0.001  0.001
22 #_N_agecomp
1 #_Lbin_method: 1=poplenbins; 2=datalenbins; 3=lengths
-1 #_combine males into females at or below this bin number
 #_Yr Seas FltSvy Gender Part Ageerr Lbin_lo Lbin_hi Nsamp          a1         a2        a3         a4         a5         a6         a7         a8         a9         a10         a11         a12         a13         a14          a15          a16          a17          a18          a19          a20          a21          a22          a23          a24          a25
   50    1      1      0    0      1      -1      -1   500 0.022738153 0.21032652 0.2621330 0.09047768 0.13016912 0.09649457 0.02780962 0.02995517 0.03119962 0.013001128 0.027663216 0.012750836 0.001955182 0.009959973 0.0079987035 0.0038055402 0.0054278558 0.0064868555 2.469776e-05 0.0037417302 1.249027e-03 1.721648e-03 2.263012e-03 1.957167e-05 6.275833e-04
   55    1      1      0    0      1      -1      -1   500 0.008353386 0.18556449 0.2737408 0.09832815 0.13138168 0.06528513 0.05298041 0.06944006 0.02316536 0.026814110 0.028090679 0.005014410 0.015996879 0.004100138 0.0008395742 0.0006169916 0.0026256619 0.0027084049 2.442711e-04 0.0008205577 1.390754e-05 1.282559e-03 2.768062e-04 8.769586e-04 1.438588e-03
   60    1      1      0    0      1      -1      -1   500 0.010182651 0.12662603 0.1955741 0.21114552 0.04871779 0.05302580 0.09672953 0.10045305 0.02292020 0.050230391 0.019522662 0.012358377 0.015518131 0.014767362 0.0060852177 0.0066846089 0.0003569417 0.0006395871 1.551432e-03 0.0002888385 2.649287e-03 5.311771e-04 2.957741e-10 8.427323e-05 3.357027e-03
   65    1      1      0    0      1      -1      -1   500 0.040383485 0.13218343 0.1655192 0.09637900 0.20302681 0.08284925 0.04351069 0.05844985 0.06711883 0.007572072 0.012648331 0.015634195 0.026687959 0.009942975 0.0103815746 0.0061928631 0.0027244179 0.0102470131 3.735595e-03 0.0016231890 9.361608e-04 1.424720e-03 1.794234e-08 5.947007e-05 7.688748e-04
   70    1      1      0    0      1      -1      -1   500 0.038360986 0.15681305 0.1773993 0.14595355 0.11421505 0.15338922 0.06932303 0.03468743 0.01928875 0.034600741 0.004925864 0.003921911 0.015268599 0.012035767 0.0046458072 0.0025649093 0.0010746962 0.0022605378 2.355669e-03 0.0028396495 3.759206e-05 8.423649e-04 2.886181e-03 1.401936e-05 2.953295e-04
   75    1      1      0    0      1      -1      -1   500 0.021992307 0.11344061 0.1941805 0.06381071 0.13864886 0.16987630 0.06776561 0.04974994 0.03341516 0.040421488 0.030986698 0.014620120 0.012138368 0.006044081 0.0263666793 0.0021613426 0.0015239052 0.0009101288 7.726497e-03 0.0002902049 4.137196e-04 1.318009e-04 1.474575e-03 5.429210e-06 1.904915e-03
   80    1      1      0    0      1      -1      -1   500 0.017192759 0.08212826 0.2024785 0.13688259 0.22292925 0.04443772 0.06939151 0.06280875 0.02467095 0.037801459 0.029557747 0.016315717 0.017974326 0.002434368 0.0157798471 0.0072937247 0.0031894148 0.0014034427 2.619010e-04 0.0010902917 4.400229e-04 1.465200e-03 3.575280e-04 5.179884e-05 1.662930e-03
   85    1      1      0    0      1      -1      -1   500 0.022713249 0.16878056 0.1036408 0.18653838 0.09697919 0.13909473 0.03879696 0.04793342 0.03589789 0.063789563 0.019206972 0.017318163 0.015635360 0.007058333 0.0065683703 0.0073352618 0.0030785597 0.0022875216 5.624683e-03 0.0006108387 5.687453e-03 5.009094e-05 2.087013e-03 2.057303e-03 1.229329e-03
   90    1      1      0    0      1      -1      -1   500 0.003561791 0.15429739 0.1687030 0.20189128 0.07764609 0.10219579 0.08865269 0.02878676 0.04370323 0.032755621 0.025645203 0.008753094 0.007676514 0.010882845 0.0208449140 0.0035422282 0.0019993670 0.0030005364 1.832360e-04 0.0022660093 4.070992e-03 5.659479e-06 5.149631e-03 5.649637e-06 3.780450e-03
   95    1      1      0    0      1      -1      -1   500 0.017546439 0.20497106 0.1994931 0.12784662 0.12981287 0.05698583 0.05518559 0.05143400 0.03590334 0.016853222 0.031672056 0.021451020 0.006127400 0.013748983 0.0079953331 0.0055194570 0.0006429172 0.0003905106 6.038745e-03 0.0028146043 1.145130e-04 5.339920e-03 1.453186e-03 1.343563e-04 5.249019e-04
  100    1      1      0    0      1      -1      -1   500 0.034406966 0.17197546 0.2048972 0.06877473 0.12893460 0.09886346 0.07791839 0.04349263 0.03883768 0.024927956 0.010109530 0.032133344 0.006284653 0.014532145 0.0069990253 0.0095981504 0.0111955356 0.0067075706 1.731092e-03 0.0037398172 1.923046e-03 7.062924e-04 1.327319e-04 1.103001e-03 7.498143e-05
   50    1      2      0    0      1      -1      -1   500 0.042000000 0.24200000 0.2700000 0.08200000 0.11200000 0.11000000 0.02400000 0.01800000 0.02000000 0.012000000 0.024000000 0.014000000 0.008000000 0.004000000 0.0020000000 0.0000000000 0.0020000000 0.0020000000 2.000000e-03 0.0000000000 6.000000e-03 0.000000e+00 0.000000e+00 0.000000e+00 4.000000e-03
   55    1      2      0    0      1      -1      -1   500 0.020000000 0.21000000 0.2960000 0.05200000 0.12400000 0.06200000 0.08000000 0.05400000 0.02000000 0.026000000 0.026000000 0.002000000 0.008000000 0.004000000 0.0020000000 0.0060000000 0.0020000000 0.0000000000 2.000000e-03 0.0020000000 0.000000e+00 0.000000e+00 2.000000e-03 0.000000e+00 0.000000e+00
   60    1      2      0    0      1      -1      -1   500 0.024000000 0.14800000 0.1880000 0.23200000 0.04000000 0.06000000 0.07400000 0.08800000 0.02800000 0.046000000 0.010000000 0.016000000 0.014000000 0.004000000 0.0060000000 0.0100000000 0.0020000000 0.0020000000 6.000000e-03 0.0000000000 0.000000e+00 2.000000e-03 0.000000e+00 0.000000e+00 0.000000e+00
   65    1      2      0    0      1      -1      -1   500 0.080000000 0.18600000 0.1640000 0.06800000 0.20000000 0.04200000 0.03800000 0.03800000 0.06800000 0.014000000 0.024000000 0.022000000 0.024000000 0.002000000 0.0080000000 0.0040000000 0.0080000000 0.0040000000 4.000000e-03 0.0020000000 0.000000e+00 0.000000e+00 0.000000e+00 0.000000e+00 0.000000e+00
   70    1      2      0    0      1      -1      -1   500 0.058000000 0.19000000 0.1660000 0.10200000 0.12200000 0.14800000 0.03200000 0.03800000 0.01800000 0.040000000 0.016000000 0.014000000 0.016000000 0.016000000 0.0060000000 0.0020000000 0.0060000000 0.0020000000 0.000000e+00 0.0020000000 2.000000e-03 2.000000e-03 0.000000e+00 0.000000e+00 2.000000e-03
   75    1      2      0    0      1      -1      -1   500 0.052000000 0.16800000 0.1700000 0.06800000 0.11200000 0.13400000 0.06000000 0.04400000 0.04600000 0.022000000 0.044000000 0.012000000 0.014000000 0.008000000 0.0220000000 0.0060000000 0.0040000000 0.0020000000 6.000000e-03 0.0000000000 2.000000e-03 0.000000e+00 2.000000e-03 0.000000e+00 2.000000e-03
   80    1      2      0    0      1      -1      -1   500 0.052000000 0.12800000 0.1500000 0.16400000 0.19600000 0.05800000 0.05200000 0.04800000 0.01800000 0.028000000 0.030000000 0.018000000 0.012000000 0.010000000 0.0080000000 0.0140000000 0.0000000000 0.0020000000 2.000000e-03 0.0040000000 6.000000e-03 0.000000e+00 0.000000e+00 0.000000e+00 0.000000e+00
   85    1      2      0    0      1      -1      -1   500 0.038000000 0.22200000 0.1060000 0.13600000 0.13200000 0.10000000 0.02400000 0.05000000 0.05200000 0.044000000 0.026000000 0.012000000 0.016000000 0.004000000 0.0080000000 0.0100000000 0.0060000000 0.0020000000 4.000000e-03 0.0040000000 2.000000e-03 0.000000e+00 0.000000e+00 0.000000e+00 2.000000e-03
   90    1      2      0    0      1      -1      -1   500 0.024000000 0.18800000 0.1500000 0.18000000 0.09200000 0.10800000 0.07000000 0.03400000 0.03800000 0.018000000 0.036000000 0.008000000 0.008000000 0.006000000 0.0180000000 0.0020000000 0.0060000000 0.0060000000 0.000000e+00 0.0020000000 4.000000e-03 0.000000e+00 0.000000e+00 0.000000e+00 2.000000e-03
   95    1      2      0    0      1      -1      -1   500 0.058000000 0.23600000 0.1740000 0.14200000 0.08000000 0.02800000 0.07200000 0.04600000 0.04200000 0.016000000 0.026000000 0.026000000 0.004000000 0.020000000 0.0100000000 0.0040000000 0.0040000000 0.0000000000 2.000000e-03 0.0020000000 2.000000e-03 2.000000e-03 2.000000e-03 0.000000e+00 2.000000e-03
  100    1      2      0    0      1      -1      -1   500 0.052000000 0.22600000 0.1440000 0.08400000 0.11200000 0.10400000 0.07800000 0.05000000 0.03800000 0.028000000 0.014000000 0.022000000 0.014000000 0.006000000 0.0060000000 0.0080000000 0.0060000000 0.0000000000 2.000000e-03 0.0000000000 2.000000e-03 0.000000e+00 0.000000e+00 2.000000e-03 2.000000e-03
0 #_N_MeanSize_at_Age_obs
0 #_N_environ_variables
0 #_N_environ_obs
0 #_N_sizefreq_methods
0 #_do_tags
0 #_morphcomp_data
#
999
