#C data file created using the SS_writedat function in the R package r4ss
#C should work with SS version: 
#C file write time: 2014-11-06 00:56:38
#
1 #_styr
100 #_endyr
1 #_nseas
12 #_months_per_seas
1 #_spawn_seas
1 #_Nfleet
2 #_Nsurveys
1 #_N_areas
Fishery%Survey%CPUE #_fleetnames
0.5 0.5 0.5 #_surveytiming_in_season
1 1 1 #_area_assignments_for_each_fishery_and_survey
1 #_units of catch:  1=bio; 2=num
0.01 #_se of log(catch) only used for init_eq_catch and for Fmethod 2 and 3
1 #_Ngenders
25 #_Nages
0 #_init_equil_catch_for_each_fishery
100 #_N_lines_of_catch_to_read
 #_Fishery year seas
         0    1    1
         0    2    1
         0    3    1
         0    4    1
         0    5    1
         0    6    1
         0    7    1
         0    8    1
         0    9    1
         0   10    1
         0   11    1
         0   12    1
         0   13    1
         0   14    1
         0   15    1
         0   16    1
         0   17    1
         0   18    1
         0   19    1
         0   20    1
         0   21    1
         0   22    1
         0   23    1
         0   24    1
         0   25    1
 333569000   26    1
 319865000   27    1
 302463000   28    1
 281732000   29    1
 259616000   30    1
 240395000   31    1
 223276000   32    1
 211587000   33    1
 206631000   34    1
 207021000   35    1
 201955000   36    1
 193519000   37    1
 183809000   38    1
 173585000   39    1
 164852000   40    1
 159839000   41    1
 155549000   42    1
 152084000   43    1
 151067000   44    1
 150358000   45    1
 151668000   46    1
 151389000   47    1
 147925000   48    1
 143012000   49    1
 138206000   50    1
 134078000   51    1
 131619000   52    1
 131239000   53    1
 134119000   54    1
 135330000   55    1
 135435000   56    1
 135932000   57    1
 135558000   58    1
 139531000   59    1
 145953000   60    1
 151974000   61    1
 155888000   62    1
 160643000   63    1
 159367000   64    1
 155267000   65    1
 153047000   66    1
 154077000   67    1
 155769000   68    1
 156674000   69    1
 156441000   70    1
 162681000   71    1
 166889000   72    1
 164458000   73    1
 157993000   74    1
 150897000   75    1
 146979000   76    1
 144737000   77    1
 143961000   78    1
 145395000   79    1
 145734000   80    1
 142251000   81    1
 137502000   82    1
 134610000   83    1
 131581000   84    1
 126783000   85    1
 121938000   86    1
 120183000   87    1
 122981000   88    1
 124479000   89    1
 126207000   90    1
 126680000   91    1
 124733000   92    1
 124626000   93    1
 125223000   94    1
 123633000   95    1
 124582000   96    1
 125574000   97    1
 126094000   98    1
 128199000   99    1
 128024000  100    1
13 #_N_cpue
 #_Fleet Units Errtype
       1     1       0
       2     1       0
       3     1       0
 #_year seas index        obs se_log
     76    1     2 2150060766    0.2
     78    1     2 1491287276    0.2
     80    1     2 2081167465    0.2
     82    1     2 2189878614    0.2
     84    1     2 1958063793    0.2
     86    1     2 1244931364    0.2
     88    1     2 1583869128    0.2
     90    1     2 1694794933    0.2
     92    1     2 1233871395    0.2
     94    1     2 1827561295    0.2
     96    1     2 1552594975    0.2
     98    1     2 2345101193    0.2
    100    1     2 1834363491    0.2
0 #_N_discard_fleets
#_discard_units (1=same_as_catchunits(bio/num); 2=fraction; 3=numbers)
#_discard_errtype:  >0 for DF of T-dist(read CV below); 0 for normal with CV; -1 for normal with se; -2 for lognormal
0 #_N_discard
0 #_N_meanbodywt
1 #_DF_for_meanbodywt_T-distribution_like
2 # length bin method: 1=use databins; 2=generate from binwidth,min,max below; 3=read vector
1 # binwidth for population size comp
10 # minimum size in the population (lower edge of first bin and size at age 0.00)
200 # maximum size in the population (lower edge of last bin)
-0.001 #_comp_tail_compression
1e-05 #_add_to_comp
0 #_combine males into females at or below this bin number
21 #_N_lbins
#_lbin_vector
10 53 70 83 94 101 107 111 114 117 120 123 125 127 130 132 135 138 142 148 200
0 #_N_Length_comp_observations
25 #_N_agebins
#_agebin_vector
1 2 3 4 5 6 7 8 9 10 11 12 13 14 15 16 17 18 19 20 21 22 23 24 25
1 #_N_ageerror_definitions
 #_age0   age1   age2   age3   age4   age5   age6   age7   age8   age9  age10  age11  age12  age13  age14  age15  age16  age17  age18  age19  age20  age21  age22  age23  age24  age25
 -1.000 -1.000 -1.000 -1.000 -1.000 -1.000 -1.000 -1.000 -1.000 -1.000 -1.000 -1.000 -1.000 -1.000 -1.000 -1.000 -1.000 -1.000 -1.000 -1.000 -1.000 -1.000 -1.000 -1.000 -1.000 -1.000
  0.001  0.001  0.001  0.001  0.001  0.001  0.001  0.001  0.001  0.001  0.001  0.001  0.001  0.001  0.001  0.001  0.001  0.001  0.001  0.001  0.001  0.001  0.001  0.001  0.001  0.001
22 #_N_agecomp
1 #_Lbin_method: 1=poplenbins; 2=datalenbins; 3=lengths
-1 #_combine males into females at or below this bin number
 #_Yr Seas FltSvy Gender Part Ageerr Lbin_lo Lbin_hi Nsamp           a1         a2         a3         a4         a5         a6         a7          a8         a9          a10         a11          a12          a13          a14          a15          a16          a17          a18          a19          a20          a21          a22          a23          a24          a25
   50    1      1      0    0      1      -1      -1    50 2.182115e-02 0.16529068 0.06234568 0.13470423 0.08916866 0.06286042 0.12696652 0.069872284 0.07874687 0.0524057934 0.012225113 1.866110e-02 0.0771579841 4.735234e-04 3.857270e-04 0.0002118723 3.395203e-05 2.274243e-03 1.255855e-03 8.386162e-04 1.110853e-07 3.578106e-03 5.761136e-13 1.373515e-12 1.872151e-02
   55    1      1      0    0      1      -1      -1    50 1.104289e-01 0.07185624 0.20067279 0.14395217 0.13087728 0.08799081 0.08216300 0.011155921 0.01665917 0.0541549583 0.011875341 2.559580e-02 0.0055866773 2.648072e-02 1.347454e-03 0.0002376260 1.329721e-04 1.508267e-04 2.053809e-03 9.397540e-09 2.448929e-11 1.642947e-02 4.207559e-06 6.457276e-16 1.938771e-04
   60    1      1      0    0      1      -1      -1    50 3.932061e-05 0.20970624 0.18681046 0.11380486 0.07103905 0.19181274 0.09781135 0.026638404 0.04664280 0.0114839219 0.029349419 5.161707e-03 0.0062225592 9.843601e-08 2.056599e-06 0.0001363358 5.713996e-05 4.046823e-06 2.451620e-06 4.430170e-16 8.143112e-07 8.745921e-15 4.172545e-07 1.603570e-34 3.273808e-03
   65    1      1      0    0      1      -1      -1    50 9.544784e-03 0.14885025 0.10137282 0.05674745 0.25008483 0.07353400 0.11204213 0.106173825 0.03367052 0.0003004123 0.012226577 1.719472e-06 0.0503747535 4.791329e-04 1.449514e-02 0.0050077148 5.402257e-03 1.224832e-06 4.012841e-04 2.817020e-10 1.760418e-02 2.750723e-12 1.431527e-11 1.102085e-20 1.684987e-03
   70    1      1      0    0      1      -1      -1    50 4.141800e-03 0.21507354 0.10197255 0.20805577 0.12115949 0.13628677 0.04391825 0.014780515 0.03873459 0.0505437112 0.017845756 1.262421e-02 0.0232778375 3.993551e-03 4.188376e-03 0.0025248089 3.589578e-08 9.813172e-06 1.026470e-05 7.220197e-06 1.263629e-06 7.033172e-08 7.853819e-05 1.229588e-04 6.483099e-04
   75    1      1      0    0      1      -1      -1    50 2.069283e-03 0.17103476 0.07232417 0.16305057 0.05533991 0.17916584 0.14746763 0.010593950 0.07127122 0.0196345310 0.045245946 9.060786e-03 0.0128092954 1.005977e-02 6.711942e-03 0.0002565192 1.153546e-02 4.220497e-03 2.572239e-06 1.201318e-11 2.523023e-04 2.523526e-09 7.845731e-03 4.286213e-05 4.443989e-06
   80    1      1      0    0      1      -1      -1    50 2.552323e-02 0.01801234 0.19750186 0.11992882 0.14319155 0.11785944 0.07717733 0.003183372 0.01351547 0.0382029283 0.031459182 4.559571e-02 0.0000889929 9.102845e-03 2.252042e-05 0.0504114178 2.260006e-04 8.379930e-07 7.632110e-19 8.885492e-05 4.286826e-02 2.633796e-02 2.134249e-09 5.028120e-40 3.970108e-02
   85    1      1      0    0      1      -1      -1    50 4.678688e-02 0.14448798 0.12612364 0.11831381 0.06856461 0.05257033 0.05977267 0.113866203 0.05001749 0.0558454567 0.022689872 1.764842e-02 0.0114968199 4.284131e-04 5.685538e-03 0.0252412137 2.725167e-02 3.712374e-06 3.955594e-05 5.236755e-02 2.624492e-07 1.620260e-25 2.638143e-07 4.317983e-12 7.976484e-04
   90    1      1      0    0      1      -1      -1    50 2.633030e-05 0.24787728 0.14892376 0.19536748 0.23137306 0.02534801 0.04287939 0.025439933 0.03563222 0.0009810793 0.027539384 1.392428e-03 0.0017787365 6.129324e-04 1.412455e-03 0.0024651910 5.080019e-04 3.905478e-03 1.680570e-04 1.853326e-06 3.622855e-17 2.258579e-05 6.291964e-03 4.274937e-05 9.634972e-06
   95    1      1      0    0      1      -1      -1    50 1.144259e-02 0.18471424 0.03531871 0.35116124 0.06503245 0.07004388 0.03582381 0.052162140 0.05675198 0.0372385502 0.036115330 1.272697e-02 0.0105123361 2.355144e-03 2.062986e-02 0.0048700214 1.765883e-05 4.740020e-06 2.852652e-09 2.078313e-04 1.896875e-03 2.542219e-15 3.409444e-19 5.140262e-48 1.097365e-02
  100    1      1      0    0      1      -1      -1    50 1.723540e-02 0.17762522 0.21736111 0.20589104 0.02510023 0.09220463 0.17417087 0.004880424 0.01436183 0.0216563057 0.009265068 8.361265e-03 0.0074989018 3.995713e-06 2.355261e-03 0.0016393496 1.914381e-03 9.549016e-04 1.945110e-03 8.010944e-06 7.203142e-11 1.599854e-03 1.520838e-08 1.396619e-02 6.511287e-07
   50    1      2      0    0      1      -1      -1    50 4.000000e-02 0.20000000 0.12000000 0.04000000 0.04000000 0.16000000 0.10000000 0.100000000 0.06000000 0.0000000000 0.060000000 2.000000e-02 0.0200000000 2.000000e-02 0.000000e+00 0.0000000000 0.000000e+00 0.000000e+00 0.000000e+00 2.000000e-02 0.000000e+00 0.000000e+00 0.000000e+00 0.000000e+00 0.000000e+00
   55    1      2      0    0      1      -1      -1    50 1.400000e-01 0.10000000 0.28000000 0.16000000 0.14000000 0.02000000 0.00000000 0.000000000 0.04000000 0.0200000000 0.020000000 0.000000e+00 0.0000000000 0.000000e+00 0.000000e+00 0.0000000000 4.000000e-02 0.000000e+00 0.000000e+00 0.000000e+00 0.000000e+00 0.000000e+00 2.000000e-02 0.000000e+00 2.000000e-02
   60    1      2      0    0      1      -1      -1    50 2.000000e-02 0.36000000 0.24000000 0.10000000 0.04000000 0.10000000 0.02000000 0.040000000 0.02000000 0.0400000000 0.000000000 0.000000e+00 0.0000000000 0.000000e+00 2.000000e-02 0.0000000000 0.000000e+00 0.000000e+00 0.000000e+00 0.000000e+00 0.000000e+00 0.000000e+00 0.000000e+00 0.000000e+00 0.000000e+00
   65    1      2      0    0      1      -1      -1    50 8.000000e-02 0.10000000 0.10000000 0.14000000 0.18000000 0.08000000 0.08000000 0.000000000 0.04000000 0.0200000000 0.040000000 2.000000e-02 0.0200000000 0.000000e+00 0.000000e+00 0.0000000000 2.000000e-02 0.000000e+00 0.000000e+00 0.000000e+00 2.000000e-02 0.000000e+00 4.000000e-02 0.000000e+00 2.000000e-02
   70    1      2      0    0      1      -1      -1    50 1.000000e-01 0.22000000 0.04000000 0.20000000 0.08000000 0.10000000 0.08000000 0.060000000 0.02000000 0.0200000000 0.020000000 2.000000e-02 0.0000000000 0.000000e+00 0.000000e+00 0.0200000000 0.000000e+00 2.000000e-02 0.000000e+00 0.000000e+00 0.000000e+00 0.000000e+00 0.000000e+00 0.000000e+00 0.000000e+00
   75    1      2      0    0      1      -1      -1    50 4.000000e-02 0.20000000 0.14000000 0.18000000 0.06000000 0.14000000 0.06000000 0.020000000 0.02000000 0.0200000000 0.040000000 2.000000e-02 0.0000000000 4.000000e-02 0.000000e+00 0.0000000000 0.000000e+00 0.000000e+00 0.000000e+00 0.000000e+00 0.000000e+00 0.000000e+00 2.000000e-02 0.000000e+00 0.000000e+00
   80    1      2      0    0      1      -1      -1    50 2.000000e-02 0.10000000 0.28000000 0.22000000 0.12000000 0.06000000 0.04000000 0.020000000 0.02000000 0.0000000000 0.040000000 4.000000e-02 0.0000000000 2.000000e-02 0.000000e+00 0.0000000000 0.000000e+00 0.000000e+00 0.000000e+00 0.000000e+00 0.000000e+00 0.000000e+00 0.000000e+00 2.000000e-02 0.000000e+00
   85    1      2      0    0      1      -1      -1    50 2.000000e-02 0.20000000 0.16000000 0.16000000 0.08000000 0.00000000 0.08000000 0.100000000 0.06000000 0.0600000000 0.060000000 2.000000e-02 0.0000000000 0.000000e+00 0.000000e+00 0.0000000000 0.000000e+00 0.000000e+00 0.000000e+00 0.000000e+00 0.000000e+00 0.000000e+00 0.000000e+00 0.000000e+00 0.000000e+00
   90    1      2      0    0      1      -1      -1    50 6.000000e-02 0.12000000 0.26000000 0.12000000 0.16000000 0.06000000 0.04000000 0.000000000 0.02000000 0.0000000000 0.000000000 4.000000e-02 0.0200000000 0.000000e+00 4.000000e-02 0.0200000000 0.000000e+00 2.000000e-02 0.000000e+00 0.000000e+00 2.000000e-02 0.000000e+00 0.000000e+00 0.000000e+00 0.000000e+00
   95    1      2      0    0      1      -1      -1    50 0.000000e+00 0.26000000 0.02000000 0.18000000 0.10000000 0.06000000 0.06000000 0.080000000 0.14000000 0.0000000000 0.000000000 2.000000e-02 0.0200000000 2.000000e-02 0.000000e+00 0.0000000000 0.000000e+00 0.000000e+00 0.000000e+00 2.000000e-02 0.000000e+00 2.000000e-02 0.000000e+00 0.000000e+00 0.000000e+00
  100    1      2      0    0      1      -1      -1    50 6.000000e-02 0.22000000 0.10000000 0.22000000 0.02000000 0.14000000 0.10000000 0.040000000 0.04000000 0.0000000000 0.000000000 2.000000e-02 0.0000000000 2.000000e-02 2.000000e-02 0.0000000000 0.000000e+00 0.000000e+00 0.000000e+00 0.000000e+00 0.000000e+00 0.000000e+00 0.000000e+00 0.000000e+00 0.000000e+00
0 #_N_MeanSize_at_Age_obs
0 #_N_environ_variables
0 #_N_environ_obs
0 #_N_sizefreq_methods
0 #_do_tags
0 #_morphcomp_data
#
999
