#C data file created using the SS_writedat function in the R package r4ss
#C should work with SS version: 
#C file write time: 2014-11-06 00:57:42
#
1 #_styr
100 #_endyr
1 #_nseas
12 #_months_per_seas
1 #_spawn_seas
1 #_Nfleet
2 #_Nsurveys
1 #_N_areas
Fishery%Survey%CPUE #_fleetnames
0.5 0.5 0.5 #_surveytiming_in_season
1 1 1 #_area_assignments_for_each_fishery_and_survey
1 #_units of catch:  1=bio; 2=num
0.01 #_se of log(catch) only used for init_eq_catch and for Fmethod 2 and 3
1 #_Ngenders
25 #_Nages
0 #_init_equil_catch_for_each_fishery
100 #_N_lines_of_catch_to_read
 #_Fishery year seas
         0    1    1
         0    2    1
         0    3    1
         0    4    1
         0    5    1
         0    6    1
         0    7    1
         0    8    1
         0    9    1
         0   10    1
         0   11    1
         0   12    1
         0   13    1
         0   14    1
         0   15    1
         0   16    1
         0   17    1
         0   18    1
         0   19    1
         0   20    1
         0   21    1
         0   22    1
         0   23    1
         0   24    1
         0   25    1
 277862000   26    1
 252856000   27    1
 233660000   28    1
 220726000   29    1
 205970000   30    1
 190881000   31    1
 176861000   32    1
 163651000   33    1
 152256000   34    1
 146050000   35    1
 140361000   36    1
 133052000   37    1
 126110000   38    1
 119568000   39    1
 118444000   40    1
 120399000   41    1
 121395000   42    1
 121580000   43    1
 120894000   44    1
 119234000   45    1
 121670000   46    1
 126816000   47    1
 131495000   48    1
 135737000   49    1
 141836000   50    1
 147585000   51    1
 149973000   52    1
 152566000   53    1
 155675000   54    1
 156021000   55    1
 155380000   56    1
 157632000   57    1
 162089000   58    1
 164341000   59    1
 162039000   60    1
 158713000   61    1
 158203000   62    1
 158551000   63    1
 163134000   64    1
 173921000   65    1
 184897000   66    1
 187995000   67    1
 185947000   68    1
 180266000   69    1
 173386000   70    1
 167555000   71    1
 164486000   72    1
 161246000   73    1
 161389000   74    1
 162757000   75    1
 162259000   76    1
 158911000   77    1
 154571000   78    1
 151254000   79    1
 148595000   80    1
 145009000   81    1
 141781000   82    1
 137630000   83    1
 133591000   84    1
 131688000   85    1
 129277000   86    1
 128615000   87    1
 129495000   88    1
 127558000   89    1
 124200000   90    1
 122022000   91    1
 122257000   92    1
 122867000   93    1
 120940000   94    1
 119765000   95    1
 117446000   96    1
 113703000   97    1
 110300000   98    1
 107590000   99    1
 110244000  100    1
13 #_N_cpue
 #_Fleet Units Errtype
       1     1       0
       2     1       0
       3     1       0
 #_year seas index        obs se_log
     76    1     2 3036149906    0.2
     78    1     2 2222611002    0.2
     80    1     2 1798783779    0.2
     82    1     2 2160117452    0.2
     84    1     2 1732309951    0.2
     86    1     2 2247238033    0.2
     88    1     2 2287808860    0.2
     90    1     2 1248292336    0.2
     92    1     2 2837103225    0.2
     94    1     2 2012121932    0.2
     96    1     2 1800511491    0.2
     98    1     2 1275535233    0.2
    100    1     2 1587106128    0.2
0 #_N_discard_fleets
#_discard_units (1=same_as_catchunits(bio/num); 2=fraction; 3=numbers)
#_discard_errtype:  >0 for DF of T-dist(read CV below); 0 for normal with CV; -1 for normal with se; -2 for lognormal
0 #_N_discard
0 #_N_meanbodywt
1 #_DF_for_meanbodywt_T-distribution_like
2 # length bin method: 1=use databins; 2=generate from binwidth,min,max below; 3=read vector
1 # binwidth for population size comp
10 # minimum size in the population (lower edge of first bin and size at age 0.00)
200 # maximum size in the population (lower edge of last bin)
-0.001 #_comp_tail_compression
1e-05 #_add_to_comp
0 #_combine males into females at or below this bin number
21 #_N_lbins
#_lbin_vector
10 53 70 83 94 101 107 111 114 117 120 123 125 127 130 132 135 138 142 148 200
0 #_N_Length_comp_observations
25 #_N_agebins
#_agebin_vector
1 2 3 4 5 6 7 8 9 10 11 12 13 14 15 16 17 18 19 20 21 22 23 24 25
1 #_N_ageerror_definitions
 #_age0   age1   age2   age3   age4   age5   age6   age7   age8   age9  age10  age11  age12  age13  age14  age15  age16  age17  age18  age19  age20  age21  age22  age23  age24  age25
 -1.000 -1.000 -1.000 -1.000 -1.000 -1.000 -1.000 -1.000 -1.000 -1.000 -1.000 -1.000 -1.000 -1.000 -1.000 -1.000 -1.000 -1.000 -1.000 -1.000 -1.000 -1.000 -1.000 -1.000 -1.000 -1.000
  0.001  0.001  0.001  0.001  0.001  0.001  0.001  0.001  0.001  0.001  0.001  0.001  0.001  0.001  0.001  0.001  0.001  0.001  0.001  0.001  0.001  0.001  0.001  0.001  0.001  0.001
22 #_N_agecomp
1 #_Lbin_method: 1=poplenbins; 2=datalenbins; 3=lengths
-1 #_combine males into females at or below this bin number
 #_Yr Seas FltSvy Gender Part Ageerr Lbin_lo Lbin_hi Nsamp           a1         a2         a3         a4         a5         a6         a7         a8          a9         a10         a11          a12          a13          a14          a15          a16          a17          a18          a19          a20          a21          a22          a23          a24          a25
   50    1      1      0    0      1      -1      -1    50 4.149876e-03 0.20590251 0.27822650 0.10324742 0.14123544 0.08521373 0.05679714 0.01864447 0.031769238 0.003616496 0.023144316 1.366542e-02 2.153887e-02 4.546097e-11 1.168805e-02 3.254858e-09 4.606351e-05 1.961020e-04 1.786068e-06 9.158654e-04 8.227740e-11 5.790667e-07 3.212433e-19 1.229549e-07 1.937675e-12
   55    1      1      0    0      1      -1      -1    50 1.073535e-02 0.18902390 0.17892090 0.21354026 0.11601927 0.02539151 0.02552916 0.09608483 0.013092401 0.032941283 0.023521741 2.363441e-02 9.763583e-05 2.009976e-02 1.174186e-02 1.094637e-02 7.675084e-03 8.865170e-04 3.245290e-07 1.079673e-16 6.660459e-38 4.783875e-14 1.026218e-04 1.481151e-05 2.332501e-11
   60    1      1      0    0      1      -1      -1    50 1.114352e-02 0.03388774 0.19720692 0.13764955 0.24389099 0.08736851 0.05721229 0.01135771 0.033103970 0.083221520 0.001781825 5.079106e-03 6.259643e-02 1.718206e-03 5.867330e-03 2.638622e-02 5.100204e-04 3.459955e-07 4.910696e-07 3.629950e-17 7.470605e-06 6.577187e-06 7.110665e-17 4.817268e-09 3.250477e-06
   65    1      1      0    0      1      -1      -1    50 9.768120e-04 0.27286258 0.32115717 0.19314974 0.09970362 0.04513743 0.01186411 0.00541005 0.009296075 0.012498294 0.012937459 3.364080e-03 2.078805e-03 8.801282e-04 1.738612e-03 1.046769e-03 2.228968e-03 2.195745e-03 3.024670e-21 9.315420e-10 1.452223e-03 2.132890e-05 2.298882e-82 1.246932e-33 2.805365e-12
   70    1      1      0    0      1      -1      -1    50 3.611164e-02 0.08156403 0.25156294 0.08384131 0.11264768 0.02552620 0.09701661 0.06628495 0.079340413 0.008825825 0.024512362 6.772595e-04 2.817895e-02 3.970245e-02 3.802262e-03 3.529248e-04 1.636873e-13 5.153010e-02 4.104555e-03 1.263022e-10 2.564348e-03 1.853198e-03 1.392783e-14 2.167381e-15 1.651985e-19
   75    1      1      0    0      1      -1      -1    50 4.221297e-03 0.06955210 0.24574949 0.22189652 0.02138258 0.09800925 0.06049410 0.01940387 0.105181911 0.003593299 0.021274154 1.206024e-02 5.536755e-02 1.888400e-02 1.445912e-02 1.741045e-06 1.517381e-02 6.654540e-04 5.494349e-05 1.255629e-02 3.729266e-09 1.344282e-36 5.154557e-79 7.566857e-19 1.827265e-05
   80    1      1      0    0      1      -1      -1    50 6.646974e-03 0.07883598 0.16190627 0.13770121 0.10584661 0.08715973 0.10730996 0.09428802 0.047735809 0.007563992 0.066736640 5.340262e-03 9.429318e-04 7.569372e-04 6.946656e-06 1.762314e-03 3.332541e-03 7.070287e-05 3.279375e-05 2.531116e-05 8.454485e-02 2.978347e-28 4.376112e-15 5.786611e-04 8.745580e-04
   85    1      1      0    0      1      -1      -1    50 1.374292e-02 0.11200151 0.39891463 0.05813157 0.02101734 0.13539321 0.05989637 0.02612062 0.029128153 0.018743819 0.006092695 3.247347e-02 6.059779e-02 1.023970e-02 2.989184e-04 1.465289e-02 9.703872e-06 4.935665e-04 1.026093e-04 2.466648e-07 1.644768e-05 2.802863e-05 1.812150e-03 1.817827e-07 9.145606e-05
   90    1      1      0    0      1      -1      -1    50 2.178401e-02 0.19391325 0.05688646 0.16630373 0.19068486 0.08384950 0.01148818 0.04999725 0.012288045 0.049129284 0.010820110 1.546864e-03 9.443006e-02 1.320406e-02 5.686661e-04 5.981666e-04 4.630537e-03 2.421576e-02 8.667978e-03 6.101554e-07 5.757435e-04 7.444415e-09 1.032638e-14 2.381517e-05 4.393058e-03
   95    1      1      0    0      1      -1      -1    50 6.960982e-05 0.16191769 0.17504623 0.09564748 0.17684540 0.07316612 0.10852035 0.00655092 0.069292168 0.084852715 0.007123036 2.541956e-02 6.780141e-03 3.961531e-03 4.461553e-04 5.306625e-05 1.166755e-03 1.077259e-04 1.746957e-04 1.431035e-08 5.743801e-05 4.194528e-08 2.685370e-08 2.314169e-03 4.869519e-04
  100    1      1      0    0      1      -1      -1    50 2.269478e-02 0.32068298 0.31640290 0.05957949 0.09766078 0.03694401 0.03981362 0.04723103 0.002688930 0.027492557 0.003610169 4.912724e-06 2.685181e-03 3.005237e-04 1.240402e-03 2.995887e-08 2.113773e-03 9.534555e-08 9.556654e-07 2.504934e-09 1.390276e-18 1.884757e-02 5.307495e-06 2.433103e-61 2.533519e-10
   50    1      2      0    0      1      -1      -1    50 0.000000e+00 0.24000000 0.14000000 0.06000000 0.10000000 0.10000000 0.14000000 0.02000000 0.080000000 0.060000000 0.040000000 2.000000e-02 0.000000e+00 0.000000e+00 0.000000e+00 0.000000e+00 0.000000e+00 0.000000e+00 0.000000e+00 0.000000e+00 0.000000e+00 0.000000e+00 0.000000e+00 0.000000e+00 0.000000e+00
   55    1      2      0    0      1      -1      -1    50 4.000000e-02 0.24000000 0.12000000 0.18000000 0.16000000 0.04000000 0.10000000 0.04000000 0.000000000 0.020000000 0.040000000 2.000000e-02 0.000000e+00 0.000000e+00 0.000000e+00 0.000000e+00 0.000000e+00 0.000000e+00 0.000000e+00 0.000000e+00 0.000000e+00 0.000000e+00 0.000000e+00 0.000000e+00 0.000000e+00
   60    1      2      0    0      1      -1      -1    50 1.000000e-01 0.08000000 0.14000000 0.24000000 0.14000000 0.04000000 0.04000000 0.04000000 0.080000000 0.020000000 0.020000000 2.000000e-02 0.000000e+00 0.000000e+00 2.000000e-02 2.000000e-02 0.000000e+00 0.000000e+00 0.000000e+00 0.000000e+00 0.000000e+00 0.000000e+00 0.000000e+00 0.000000e+00 0.000000e+00
   65    1      2      0    0      1      -1      -1    50 2.000000e-02 0.28000000 0.14000000 0.26000000 0.12000000 0.06000000 0.04000000 0.04000000 0.000000000 0.020000000 0.000000000 0.000000e+00 0.000000e+00 0.000000e+00 0.000000e+00 0.000000e+00 0.000000e+00 0.000000e+00 0.000000e+00 2.000000e-02 0.000000e+00 0.000000e+00 0.000000e+00 0.000000e+00 0.000000e+00
   70    1      2      0    0      1      -1      -1    50 0.000000e+00 0.12000000 0.28000000 0.06000000 0.06000000 0.10000000 0.14000000 0.08000000 0.100000000 0.000000000 0.020000000 2.000000e-02 0.000000e+00 2.000000e-02 0.000000e+00 0.000000e+00 0.000000e+00 0.000000e+00 0.000000e+00 0.000000e+00 0.000000e+00 0.000000e+00 0.000000e+00 0.000000e+00 0.000000e+00
   75    1      2      0    0      1      -1      -1    50 1.000000e-01 0.22000000 0.22000000 0.18000000 0.08000000 0.04000000 0.00000000 0.00000000 0.040000000 0.000000000 0.000000000 2.000000e-02 4.000000e-02 0.000000e+00 2.000000e-02 0.000000e+00 0.000000e+00 0.000000e+00 0.000000e+00 2.000000e-02 0.000000e+00 0.000000e+00 2.000000e-02 0.000000e+00 0.000000e+00
   80    1      2      0    0      1      -1      -1    50 4.000000e-02 0.10000000 0.30000000 0.10000000 0.06000000 0.12000000 0.04000000 0.04000000 0.060000000 0.020000000 0.060000000 2.000000e-02 2.000000e-02 0.000000e+00 0.000000e+00 0.000000e+00 0.000000e+00 2.000000e-02 0.000000e+00 0.000000e+00 0.000000e+00 0.000000e+00 0.000000e+00 0.000000e+00 0.000000e+00
   85    1      2      0    0      1      -1      -1    50 6.000000e-02 0.20000000 0.22000000 0.10000000 0.08000000 0.02000000 0.08000000 0.04000000 0.080000000 0.040000000 0.000000000 4.000000e-02 0.000000e+00 0.000000e+00 2.000000e-02 0.000000e+00 0.000000e+00 0.000000e+00 2.000000e-02 0.000000e+00 0.000000e+00 0.000000e+00 0.000000e+00 0.000000e+00 0.000000e+00
   90    1      2      0    0      1      -1      -1    50 6.000000e-02 0.34000000 0.02000000 0.12000000 0.20000000 0.10000000 0.06000000 0.02000000 0.020000000 0.020000000 0.000000000 4.000000e-02 0.000000e+00 0.000000e+00 0.000000e+00 0.000000e+00 0.000000e+00 0.000000e+00 0.000000e+00 0.000000e+00 0.000000e+00 0.000000e+00 0.000000e+00 0.000000e+00 0.000000e+00
   95    1      2      0    0      1      -1      -1    50 0.000000e+00 0.20000000 0.22000000 0.08000000 0.14000000 0.06000000 0.06000000 0.00000000 0.040000000 0.080000000 0.060000000 0.000000e+00 2.000000e-02 0.000000e+00 4.000000e-02 0.000000e+00 0.000000e+00 0.000000e+00 0.000000e+00 0.000000e+00 0.000000e+00 0.000000e+00 0.000000e+00 0.000000e+00 0.000000e+00
  100    1      2      0    0      1      -1      -1    50 8.000000e-02 0.26000000 0.20000000 0.10000000 0.06000000 0.02000000 0.06000000 0.08000000 0.020000000 0.040000000 0.040000000 0.000000e+00 0.000000e+00 0.000000e+00 0.000000e+00 2.000000e-02 0.000000e+00 0.000000e+00 0.000000e+00 0.000000e+00 0.000000e+00 0.000000e+00 2.000000e-02 0.000000e+00 0.000000e+00
0 #_N_MeanSize_at_Age_obs
0 #_N_environ_variables
0 #_N_environ_obs
0 #_N_sizefreq_methods
0 #_do_tags
0 #_morphcomp_data
#
999
