#C data file created using the SS_writedat function in the R package r4ss
#C should work with SS version: 
#C file write time: 2014-11-06 23:35:51
#
1 #_styr
100 #_endyr
1 #_nseas
12 #_months_per_seas
1 #_spawn_seas
1 #_Nfleet
2 #_Nsurveys
1 #_N_areas
Fishery%Survey%CPUE #_fleetnames
0.5 0.5 0.5 #_surveytiming_in_season
1 1 1 #_area_assignments_for_each_fishery_and_survey
1 #_units of catch:  1=bio; 2=num
0.01 #_se of log(catch) only used for init_eq_catch and for Fmethod 2 and 3
1 #_Ngenders
25 #_Nages
0 #_init_equil_catch_for_each_fishery
100 #_N_lines_of_catch_to_read
 #_Fishery year seas
         0    1    1
         0    2    1
         0    3    1
         0    4    1
         0    5    1
         0    6    1
         0    7    1
         0    8    1
         0    9    1
         0   10    1
         0   11    1
         0   12    1
         0   13    1
         0   14    1
         0   15    1
         0   16    1
         0   17    1
         0   18    1
         0   19    1
         0   20    1
         0   21    1
         0   22    1
         0   23    1
         0   24    1
         0   25    1
 280874000   26    1
 265890000   27    1
 248999000   28    1
 232719000   29    1
 217514000   30    1
 204154000   31    1
 193594000   32    1
 183828000   33    1
 172456000   34    1
 160973000   35    1
 149979000   36    1
 142416000   37    1
 138065000   38    1
 137532000   39    1
 139610000   40    1
 144486000   41    1
 145698000   42    1
 149776000   43    1
 157754000   44    1
 163060000   45    1
 166396000   46    1
 169956000   47    1
 170650000   48    1
 169376000   49    1
 167415000   50    1
 163873000   51    1
 162071000   52    1
 163662000   53    1
 164571000   54    1
 163712000   55    1
 169393000   56    1
 177947000   57    1
 182508000   58    1
 181609000   59    1
 175876000   60    1
 170732000   61    1
 169528000   62    1
 165925000   63    1
 161565000   64    1
 156189000   65    1
 151991000   66    1
 149484000   67    1
 143903000   68    1
 137497000   69    1
 132485000   70    1
 129384000   71    1
 128978000   72    1
 130386000   73    1
 128630000   74    1
 125872000   75    1
 123810000   76    1
 123991000   77    1
 125301000   78    1
 127911000   79    1
 131948000   80    1
 136273000   81    1
 140709000   82    1
 141270000   83    1
 140979000   84    1
 141568000   85    1
 141129000   86    1
 141974000   87    1
 142218000   88    1
 140224000   89    1
 139364000   90    1
 138310000   91    1
 137572000   92    1
 136153000   93    1
 135523000   94    1
 137572000   95    1
 140163000   96    1
 146566000   97    1
 153261000   98    1
 154392000   99    1
 154270000  100    1
76 #_N_cpue
 #_Fleet Units Errtype
       1     1       0
       2     1       0
       3     1       0
 #_year seas index        obs se_log
     25    1     2 3442464885    0.2
     26    1     2 3556955630    0.2
     27    1     2 3434414413    0.2
     28    1     2 4074325911    0.2
     29    1     2 3650377250    0.2
     30    1     2 2896539139    0.2
     31    1     2 2846386410    0.2
     32    1     2 3446936098    0.2
     33    1     2 2909201260    0.2
     34    1     2 2287441217    0.2
     35    1     2 2325846021    0.2
     36    1     2 2107806893    0.2
     37    1     2 2480174319    0.2
     38    1     2 2111312982    0.2
     39    1     2 2897071798    0.2
     40    1     2 2937103084    0.2
     41    1     2 1693989331    0.2
     42    1     2 2515147717    0.2
     43    1     2 2140790870    0.2
     44    1     2 2059424519    0.2
     45    1     2 2085592054    0.2
     46    1     2 2057800713    0.2
     47    1     2 3381825532    0.2
     48    1     2 2417528672    0.2
     49    1     2 1862154006    0.2
     50    1     2 2065581672    0.2
     51    1     2 2009698443    0.2
     52    1     2 2689201344    0.2
     53    1     2 2096886023    0.2
     54    1     2 2346955961    0.2
     55    1     2 2016924933    0.2
     56    1     2 2296892514    0.2
     57    1     2 2413303879    0.2
     58    1     2 3181404694    0.2
     59    1     2 3614302569    0.2
     60    1     2 2307332102    0.2
     61    1     2 1592721417    0.2
     62    1     2 2075456920    0.2
     63    1     2 2023775433    0.2
     64    1     2 2417648738    0.2
     65    1     2 2472439753    0.2
     66    1     2 2238551225    0.2
     67    1     2 1462723941    0.2
     68    1     2 2003706011    0.2
     69    1     2 2700209489    0.2
     70    1     2 1546236309    0.2
     71    1     2 1428710478    0.2
     72    1     2 2204499210    0.2
     73    1     2 1741110741    0.2
     74    1     2 1634454485    0.2
     75    1     2 2468543261    0.2
     76    1     2 1421355163    0.2
     77    1     2 2312425666    0.2
     78    1     2 1481923713    0.2
     79    1     2 2856455381    0.2
     80    1     2 1795746351    0.2
     81    1     2 1411352419    0.2
     82    1     2 1859111340    0.2
     83    1     2 1704818473    0.2
     84    1     2 2341025037    0.2
     85    1     2 1786854712    0.2
     86    1     2 1936047910    0.2
     87    1     2 1850710888    0.2
     88    1     2 1578385381    0.2
     89    1     2 1893082106    0.2
     90    1     2 2038864658    0.2
     91    1     2 1893979591    0.2
     92    1     2 1361974388    0.2
     93    1     2 1960801749    0.2
     94    1     2 2543251733    0.2
     95    1     2 2260078044    0.2
     96    1     2 1764397429    0.2
     97    1     2 2441595201    0.2
     98    1     2 1409712083    0.2
     99    1     2 1798743118    0.2
    100    1     2 1754750684    0.2
0 #_N_discard_fleets
#_discard_units (1=same_as_catchunits(bio/num); 2=fraction; 3=numbers)
#_discard_errtype:  >0 for DF of T-dist(read CV below); 0 for normal with CV; -1 for normal with se; -2 for lognormal
0 #_N_discard
0 #_N_meanbodywt
1 #_DF_for_meanbodywt_T-distribution_like
2 # length bin method: 1=use databins; 2=generate from binwidth,min,max below; 3=read vector
1 # binwidth for population size comp
10 # minimum size in the population (lower edge of first bin and size at age 0.00)
200 # maximum size in the population (lower edge of last bin)
-0.001 #_comp_tail_compression
1e-05 #_add_to_comp
0 #_combine males into females at or below this bin number
21 #_N_lbins
#_lbin_vector
10 53 70 83 94 101 107 111 114 117 120 123 125 127 130 132 135 138 142 148 200
0 #_N_Length_comp_observations
25 #_N_agebins
#_agebin_vector
1 2 3 4 5 6 7 8 9 10 11 12 13 14 15 16 17 18 19 20 21 22 23 24 25
1 #_N_ageerror_definitions
 #_age0   age1   age2   age3   age4   age5   age6   age7   age8   age9  age10  age11  age12  age13  age14  age15  age16  age17  age18  age19  age20  age21  age22  age23  age24  age25
 -1.000 -1.000 -1.000 -1.000 -1.000 -1.000 -1.000 -1.000 -1.000 -1.000 -1.000 -1.000 -1.000 -1.000 -1.000 -1.000 -1.000 -1.000 -1.000 -1.000 -1.000 -1.000 -1.000 -1.000 -1.000 -1.000
  0.001  0.001  0.001  0.001  0.001  0.001  0.001  0.001  0.001  0.001  0.001  0.001  0.001  0.001  0.001  0.001  0.001  0.001  0.001  0.001  0.001  0.001  0.001  0.001  0.001  0.001
198 #_N_agecomp
1 #_Lbin_method: 1=poplenbins; 2=datalenbins; 3=lengths
-1 #_combine males into females at or below this bin number
 #_Yr Seas FltSvy Gender Part Ageerr Lbin_lo Lbin_hi Nsamp          a1         a2         a3         a4         a5         a6         a7         a8          a9         a10         a11         a12         a13         a14          a15          a16          a17          a18          a19          a20          a21          a22          a23          a24          a25
    2    1      1      0    0      1      -1      -1   500 0.007134895 0.11142142 0.18084386 0.12508658 0.10334284 0.08991128 0.05535469 0.06300778 0.059302313 0.049410325 0.030261317 0.030398700 0.024984143 0.009553248 0.0055383183 0.0068847158 0.0058551966 0.0056188016 3.585093e-03 1.039804e-02 5.397729e-03 3.132053e-03 6.089446e-03 1.481802e-04 7.339031e-03
    3    1      1      0    0      1      -1      -1   500 0.015431675 0.06533650 0.15314818 0.11252929 0.12345977 0.11994800 0.06108148 0.06402714 0.046396625 0.040702362 0.036801651 0.016059056 0.026231581 0.028381603 0.0192725087 0.0132389189 0.0141078332 0.0045290772 3.394999e-03 1.423781e-02 4.567120e-03 7.066033e-03 2.905032e-03 2.380054e-03 4.765689e-03
    4    1      1      0    0      1      -1      -1   500 0.007711210 0.10936847 0.12326493 0.16000524 0.09891386 0.08553347 0.06884623 0.05205944 0.044797733 0.040203411 0.033585524 0.023907767 0.031937155 0.021661347 0.0143751043 0.0217111805 0.0063415004 0.0072636412 1.153992e-02 4.318442e-03 2.836232e-03 7.398087e-03 7.371155e-04 2.868990e-03 1.881400e-02
    5    1      1      0    0      1      -1      -1   500 0.028885639 0.09639495 0.15509781 0.08259172 0.12959847 0.10003847 0.06159499 0.05469111 0.056779968 0.051893340 0.028461110 0.042696138 0.015410991 0.017574811 0.0136940684 0.0251118380 0.0022336986 0.0056376244 5.859202e-03 3.776997e-03 1.095375e-03 3.893951e-03 2.153928e-04 2.160642e-03 1.461169e-02
    6    1      1      0    0      1      -1      -1   500 0.006971587 0.14254908 0.12324608 0.16751939 0.06636834 0.08348375 0.08868444 0.07767361 0.053003904 0.044178147 0.022028859 0.023661205 0.015341779 0.024805125 0.0106950259 0.0083005873 0.0060072477 0.0041812830 8.548583e-03 3.718200e-03 4.358544e-03 1.348834e-03 1.245652e-03 3.666522e-03 8.414224e-03
    7    1      1      0    0      1      -1      -1   500 0.012283666 0.10688866 0.23267769 0.06715898 0.10576305 0.06627959 0.07959461 0.06212002 0.045829397 0.040777229 0.039813889 0.017158152 0.018970387 0.019995280 0.0084297322 0.0141247300 0.0116299048 0.0092519197 1.049837e-02 8.350341e-03 7.998670e-04 8.494558e-03 4.316900e-03 2.858938e-03 5.934138e-03
    8    1      1      0    0      1      -1      -1   500 0.014845744 0.14302793 0.10876704 0.15391238 0.10095403 0.10342730 0.03461909 0.04843227 0.049008760 0.032974007 0.050309489 0.021953348 0.022883517 0.015373950 0.0069852075 0.0121358093 0.0187114537 0.0093239489 1.253441e-02 1.330372e-02 6.332622e-04 2.523491e-03 1.009910e-02 5.548765e-03 7.711969e-03
    9    1      1      0    0      1      -1      -1   500 0.005344443 0.13500872 0.14829097 0.07994830 0.13653527 0.08015619 0.09815121 0.04539021 0.048086682 0.036379754 0.043432443 0.035613532 0.016374084 0.014412565 0.0161448782 0.0088610917 0.0100656937 0.0060252735 7.880867e-03 7.957990e-03 7.703222e-03 1.576395e-03 2.420571e-03 6.315442e-04 7.608094e-03
   10    1      1      0    0      1      -1      -1   500 0.010239042 0.09756961 0.17221107 0.11596454 0.06306077 0.13143380 0.06848969 0.06319954 0.034392840 0.044734322 0.034039607 0.027375687 0.028771158 0.022584810 0.0147822154 0.0095568262 0.0167749851 0.0164793850 2.301133e-03 5.652666e-03 1.002099e-03 4.911593e-03 2.094520e-04 1.832219e-03 1.243094e-02
   11    1      1      0    0      1      -1      -1   500 0.011664141 0.12431926 0.13575307 0.13877327 0.09377866 0.06766140 0.10811541 0.04657453 0.055214534 0.021863142 0.032045017 0.022375535 0.023011130 0.014602466 0.0311963130 0.0141580430 0.0119415293 0.0073821381 4.695069e-03 4.509291e-03 4.205717e-03 7.048845e-03 5.434647e-03 1.942488e-03 1.173437e-02
   12    1      1      0    0      1      -1      -1   500 0.007115302 0.15290080 0.15856065 0.08628372 0.10643015 0.08329686 0.05655539 0.05822252 0.044087708 0.057168903 0.024525196 0.027557608 0.018829757 0.024511594 0.0206616211 0.0144409168 0.0049213500 0.0068783309 2.082819e-03 4.640850e-03 4.861643e-03 5.640520e-03 4.885053e-03 8.574248e-03 1.636650e-02
   13    1      1      0    0      1      -1      -1   500 0.014482250 0.11533813 0.16974616 0.12319719 0.07082480 0.11153983 0.04671193 0.04922508 0.060952316 0.039021855 0.027504345 0.009562991 0.025042007 0.016240254 0.0232686808 0.0202497799 0.0158014548 0.0141656176 7.464228e-03 8.197881e-03 6.978071e-03 7.913638e-03 3.956766e-03 2.007441e-03 1.060729e-02
   14    1      1      0    0      1      -1      -1   500 0.010052660 0.12111619 0.16207571 0.13855023 0.10932521 0.09215527 0.07111322 0.05511122 0.038938046 0.049527637 0.024302290 0.024477331 0.016597707 0.015098901 0.0104969447 0.0120402542 0.0091972499 0.0076831884 4.228931e-03 3.182179e-03 4.116872e-03 3.105955e-03 3.921546e-03 8.920927e-04 1.269317e-02
   15    1      1      0    0      1      -1      -1   500 0.011340998 0.10807683 0.14694926 0.11748529 0.14921754 0.08344655 0.05727074 0.04984715 0.045821310 0.024488351 0.045235423 0.040406095 0.023547381 0.014062187 0.0257967984 0.0092008640 0.0048469632 0.0101284657 4.544770e-03 6.671481e-03 6.389856e-03 2.160309e-03 4.382013e-03 7.551966e-04 7.928178e-03
   16    1      1      0    0      1      -1      -1   500 0.010910593 0.10201912 0.14467084 0.12619484 0.10740069 0.10816102 0.07413569 0.04494355 0.043437837 0.041832753 0.029937582 0.031226546 0.023558912 0.032052091 0.0071490186 0.0120587689 0.0091138156 0.0119598920 7.851856e-03 1.433335e-03 1.148537e-03 8.745528e-03 3.221400e-03 8.063477e-03 8.772303e-03
   17    1      1      0    0      1      -1      -1   500 0.032814786 0.10221691 0.12496315 0.11383909 0.10159904 0.08872581 0.10488649 0.06362078 0.043108319 0.048059502 0.028333657 0.016490922 0.028496814 0.020942005 0.0236227478 0.0090140591 0.0059887955 0.0065341898 4.751380e-03 6.047763e-03 3.796455e-03 4.482557e-03 2.784889e-03 3.062336e-03 1.181755e-02
   18    1      1      0    0      1      -1      -1   500 0.015749993 0.19483816 0.14340481 0.09634983 0.10992449 0.05574892 0.04234365 0.07351674 0.052574539 0.029615849 0.054141016 0.021609408 0.023483382 0.015660661 0.0170744800 0.0089252944 0.0033767335 0.0082076763 5.901491e-03 5.533410e-03 3.979951e-03 2.196314e-03 1.489636e-03 4.155072e-03 1.019848e-02
   19    1      1      0    0      1      -1      -1   500 0.006859353 0.12601991 0.26215583 0.10763106 0.05979443 0.08622335 0.04070222 0.05221406 0.037216090 0.041759754 0.018132751 0.019215901 0.025124735 0.012576467 0.0239920574 0.0111284572 0.0140822174 0.0053101620 1.636399e-02 3.847485e-03 8.196843e-03 2.218416e-03 1.713557e-03 3.931245e-03 1.358966e-02
   20    1      1      0    0      1      -1      -1   500 0.008144208 0.08014393 0.15032327 0.18995637 0.10056595 0.05915964 0.05257197 0.05679167 0.048262125 0.035323293 0.032591652 0.028202155 0.038560384 0.017335033 0.0095205895 0.0214280545 0.0136690731 0.0046161748 3.309443e-03 8.216431e-03 8.295123e-03 2.826981e-03 1.020172e-02 5.827905e-03 1.415685e-02
   21    1      1      0    0      1      -1      -1   500 0.006352212 0.12448584 0.11835326 0.13536582 0.18235353 0.09117376 0.05253132 0.04695399 0.040669424 0.037675802 0.035890072 0.020416300 0.015252065 0.012790010 0.0264213351 0.0077130155 0.0118447552 0.0065230387 3.423014e-03 8.932792e-04 4.467817e-03 2.017547e-03 3.972145e-03 7.182960e-04 1.174235e-02
   22    1      1      0    0      1      -1      -1   500 0.022499920 0.12588410 0.16207360 0.08071635 0.12572351 0.13719873 0.05653236 0.04520244 0.050824251 0.036413361 0.019134704 0.027343554 0.017151322 0.014863501 0.0127623182 0.0143729915 0.0010687308 0.0106273956 4.752323e-03 7.643958e-03 1.155569e-03 5.277003e-03 3.015158e-03 1.426644e-03 1.633622e-02
   23    1      1      0    0      1      -1      -1   500 0.011663191 0.25665734 0.07575417 0.11821625 0.06994822 0.09039106 0.10604168 0.04729658 0.021584622 0.046503007 0.020194539 0.027583373 0.014242825 0.013039059 0.0227420287 0.0167099858 0.0064432085 0.0033843727 6.209117e-03 1.145212e-03 3.728014e-03 3.994485e-04 9.330203e-07 5.937266e-04 1.952804e-02
   24    1      1      0    0      1      -1      -1   500 0.009502388 0.14414665 0.28904706 0.09796563 0.07190393 0.05538941 0.05848258 0.08827386 0.034738430 0.017031756 0.018615720 0.014190877 0.011727476 0.010499133 0.0125551327 0.0172812056 0.0095419467 0.0090019397 3.040958e-03 4.287612e-03 7.945335e-03 2.446836e-03 2.362956e-03 7.370074e-04 9.284178e-03
   25    1      1      0    0      1      -1      -1   500 0.010942385 0.11254252 0.16615780 0.24534636 0.06538426 0.07874804 0.03928912 0.05154912 0.062801142 0.024609352 0.013470941 0.022219421 0.019677866 0.011641160 0.0146475443 0.0136859834 0.0106956731 0.0036270499 8.237887e-03 4.467480e-03 5.467886e-03 2.754821e-03 2.356805e-03 1.864855e-03 7.814524e-03
   26    1      1      0    0      1      -1      -1   500 0.006879766 0.12319452 0.12371540 0.13984653 0.21741161 0.04973737 0.06989964 0.03606370 0.046164805 0.040072313 0.033547667 0.016470714 0.013535018 0.011540042 0.0138457544 0.0107328748 0.0034956758 0.0098294123 7.141154e-03 2.263402e-03 1.015238e-02 4.572067e-03 1.122163e-03 1.354381e-03 7.411638e-03
   27    1      1      0    0      1      -1      -1   500 0.007747650 0.07708437 0.15586202 0.10848694 0.13076175 0.17031840 0.04013423 0.05194578 0.027624111 0.044393252 0.033472239 0.015810814 0.017793490 0.025751522 0.0124394259 0.0155768775 0.0059366051 0.0107988757 3.329381e-03 7.651810e-03 1.049958e-02 5.937086e-03 6.557298e-03 1.444366e-03 1.264213e-02
   28    1      1      0    0      1      -1      -1   500 0.009406038 0.09859175 0.11252494 0.10999380 0.09879796 0.12336633 0.18330944 0.02993272 0.046524595 0.020790021 0.033544730 0.035668839 0.021766395 0.008732590 0.0121632129 0.0107613424 0.0039533368 0.0110676326 2.837666e-03 1.402064e-03 2.525394e-03 4.339465e-03 6.294151e-04 2.565525e-03 1.480478e-02
   29    1      1      0    0      1      -1      -1   500 0.008355868 0.13004219 0.15952581 0.08778901 0.10377489 0.08975253 0.08785186 0.11667511 0.036448606 0.036185421 0.022783417 0.031124229 0.028188544 0.017368557 0.0066838636 0.0088413063 0.0039026789 0.0009387192 2.732478e-03 4.876788e-03 2.074751e-03 5.993630e-04 3.922324e-03 2.934883e-04 9.268191e-03
   30    1      1      0    0      1      -1      -1   500 0.022486635 0.13605932 0.16277315 0.12372156 0.07846233 0.08623639 0.05959276 0.05602414 0.107565648 0.019578377 0.020644930 0.015763355 0.022185921 0.019941948 0.0141562241 0.0130100188 0.0052489503 0.0158523623 4.147238e-03 1.910098e-03 1.596829e-03 5.373461e-03 4.991594e-05 9.518361e-04 6.666614e-03
   31    1      1      0    0      1      -1      -1   500 0.025739536 0.14479468 0.18117190 0.12530263 0.09036293 0.06250629 0.07036638 0.04286715 0.042408599 0.087213243 0.020356378 0.012312678 0.007669986 0.013172745 0.0288387976 0.0088095178 0.0063716482 0.0042317671 1.575449e-03 1.006334e-02 6.269068e-04 4.993401e-03 7.685035e-04 6.701467e-04 6.805398e-03
   32    1      1      0    0      1      -1      -1   500 0.007579896 0.15993087 0.17063213 0.11135797 0.08106312 0.08800140 0.06008571 0.04485192 0.034758686 0.052637202 0.065292506 0.019085819 0.014141673 0.009786298 0.0137735218 0.0173932248 0.0090253369 0.0045570119 7.619634e-03 4.219389e-03 2.667845e-03 6.850204e-03 7.306001e-03 1.491558e-05 7.367708e-03
   33    1      1      0    0      1      -1      -1   500 0.007917535 0.09026160 0.23924423 0.12894902 0.12151689 0.09068824 0.07655036 0.03474863 0.029374135 0.036844391 0.031739676 0.043908872 0.010292677 0.009618168 0.0109678945 0.0038119898 0.0096067597 0.0030991733 2.495584e-03 4.380197e-03 2.141108e-03 8.854043e-04 9.613095e-04 4.776610e-03 5.219533e-03
   34    1      1      0    0      1      -1      -1   500 0.004763429 0.14087553 0.10506692 0.18589219 0.11513068 0.07921701 0.08445429 0.03965088 0.034103509 0.034240878 0.023506094 0.023676407 0.046490767 0.009865821 0.0064849381 0.0045312087 0.0088539116 0.0118730280 2.946008e-03 9.903740e-04 1.126902e-02 5.075884e-03 1.986388e-03 2.107766e-03 1.694708e-02
   35    1      1      0    0      1      -1      -1   500 0.024661740 0.05650350 0.17416665 0.06787214 0.16168575 0.11532094 0.07017367 0.05352565 0.057992066 0.023388189 0.028279387 0.022599961 0.017598673 0.061610588 0.0130329207 0.0122405001 0.0066094759 0.0041762922 7.097734e-03 6.340738e-04 4.837112e-03 3.386365e-03 6.043573e-03 1.331902e-03 5.231144e-03
   36    1      1      0    0      1      -1      -1   500 0.015396411 0.19745605 0.08513639 0.13510546 0.05861476 0.13202079 0.07842902 0.07138287 0.056350554 0.025321566 0.029309560 0.016365357 0.010839967 0.021616884 0.0249333861 0.0034081656 0.0070267314 0.0004853405 6.870220e-03 4.214456e-03 2.435330e-03 1.400837e-03 1.869262e-03 1.511224e-03 1.249942e-02
   37    1      1      0    0      1      -1      -1   500 0.033880461 0.12734782 0.27554236 0.04894804 0.09055203 0.04008479 0.08503077 0.05474552 0.052144928 0.036533035 0.024687780 0.017449161 0.020121698 0.010446946 0.0137002377 0.0276977703 0.0035428125 0.0070228953 4.791937e-03 1.155327e-02 3.105885e-03 2.015555e-03 1.090777e-03 1.174558e-04 7.846061e-03
   38    1      1      0    0      1      -1      -1   500 0.020667039 0.26685272 0.14566594 0.15725441 0.05820764 0.06448760 0.04213447 0.05214357 0.052093486 0.024329087 0.038103229 0.015824029 0.011009034 0.008085586 0.0088053906 0.0105972570 0.0053869414 0.0016313040 1.487319e-03 1.654923e-04 8.298274e-04 5.996590e-03 3.246052e-03 6.530084e-07 4.995332e-03
   39    1      1      0    0      1      -1      -1   500 0.048303656 0.10215574 0.29491263 0.08510020 0.13043813 0.04989184 0.04130117 0.02213953 0.063123286 0.038504019 0.017713189 0.021902267 0.016341737 0.004332122 0.0081166203 0.0106942957 0.0103872037 0.0106447620 6.580868e-04 1.433983e-03 1.387367e-03 1.989261e-03 7.259333e-03 6.763275e-03 4.506299e-03
   40    1      1      0    0      1      -1      -1   500 0.007641857 0.26022451 0.15354702 0.17250536 0.07066062 0.09695191 0.02981399 0.04803147 0.025213052 0.022451862 0.029566073 0.023129544 0.010709710 0.002971944 0.0032376840 0.0028659405 0.0132477252 0.0031387183 1.300273e-02 1.313636e-04 7.838722e-04 1.367582e-03 8.918684e-04 3.399467e-04 7.573659e-03
   41    1      1      0    0      1      -1      -1   500 0.015306991 0.10844265 0.31353055 0.11233959 0.14399086 0.05487336 0.05926797 0.02541464 0.017471822 0.008064488 0.028002362 0.033956827 0.010027729 0.012900522 0.0196317483 0.0027599656 0.0081497057 0.0027803233 1.730610e-03 9.098214e-03 1.008492e-03 2.050572e-03 6.661167e-05 4.313476e-04 8.702055e-03
   42    1      1      0    0      1      -1      -1   500 0.043274990 0.12507377 0.11326291 0.29189616 0.11265153 0.12944312 0.04068537 0.04733663 0.006790431 0.013834841 0.007481155 0.018770065 0.010190787 0.012736427 0.0034309068 0.0028360583 0.0053555874 0.0014707600 1.238772e-03 1.874818e-03 5.993083e-03 3.960830e-04 1.329849e-03 5.229472e-04 2.122946e-03
   43    1      1      0    0      1      -1      -1   500 0.019688789 0.27341286 0.15966687 0.09212962 0.16097243 0.09386073 0.07872188 0.02462988 0.024841031 0.006727381 0.013437864 0.002631153 0.004922233 0.009432662 0.0073341097 0.0086797070 0.0026588219 0.0001298946 4.026144e-03 2.387545e-04 3.669357e-04 1.059583e-03 4.310163e-03 2.991859e-04 5.821312e-03
   44    1      1      0    0      1      -1      -1   500 0.015275453 0.18016620 0.28391122 0.10518501 0.08383201 0.10913605 0.04624548 0.07051699 0.020932022 0.024959059 0.005348656 0.008098775 0.003516384 0.008923048 0.0034933746 0.0049736781 0.0087209646 0.0037210381 7.833240e-04 4.838124e-05 3.731090e-03 4.608856e-03 1.269843e-03 7.080619e-04 1.895025e-03
   45    1      1      0    0      1      -1      -1   500 0.019537727 0.09831467 0.19484112 0.22040156 0.10705701 0.05854370 0.10128168 0.03864485 0.052830670 0.021217223 0.018249475 0.007678602 0.017220592 0.009583707 0.0054995490 0.0057352784 0.0063170643 0.0043248280 1.356320e-03 3.626912e-03 8.799899e-04 1.000224e-04 3.323122e-03 8.684551e-04 2.565860e-03
   46    1      1      0    0      1      -1      -1   500 0.010941558 0.17929742 0.13775966 0.17863419 0.17160603 0.07808471 0.03077244 0.06740832 0.028091691 0.037748894 0.016114180 0.015507794 0.007471559 0.007114282 0.0052679042 0.0094414902 0.0094462178 0.0017571189 1.876742e-03 2.101504e-04 5.272546e-07 7.580656e-04 3.958440e-04 5.615223e-05 4.237062e-03
   47    1      1      0    0      1      -1      -1   500 0.008888518 0.13540264 0.22941828 0.12316486 0.12293389 0.13036774 0.04747796 0.03491361 0.058486137 0.025146934 0.025318208 0.010772465 0.013221681 0.003852168 0.0049579633 0.0006198487 0.0085158092 0.0001898394 4.573549e-03 6.035661e-03 7.682261e-07 2.977550e-04 1.567335e-03 6.751452e-06 3.869631e-03
   48    1      1      0    0      1      -1      -1   500 0.021624739 0.11876900 0.21469289 0.18953970 0.08233424 0.10649941 0.08420823 0.05469344 0.011161619 0.048312556 0.008354123 0.017449860 0.010142280 0.010309047 0.0063843161 0.0062857131 0.0004381107 0.0022277992 8.745291e-04 1.041539e-03 1.129030e-03 2.988036e-04 5.709467e-04 2.103468e-04 2.447733e-03
   49    1      1      0    0      1      -1      -1   500 0.007534879 0.16531052 0.13559795 0.14199416 0.12685871 0.05982610 0.10772438 0.09029721 0.034151163 0.020709457 0.039754030 0.007688964 0.026802273 0.009139301 0.0048175807 0.0003535675 0.0059012425 0.0038351917 1.968409e-03 1.865381e-03 1.653033e-04 2.609551e-04 2.557582e-03 1.977520e-03 2.908183e-03
   50    1      1      0    0      1      -1      -1   500 0.019830516 0.11252365 0.21273030 0.09782740 0.10586235 0.10707254 0.06002710 0.06367013 0.092890585 0.031181411 0.013536184 0.034087572 0.010266932 0.012716522 0.0043521214 0.0069033683 0.0019883249 0.0018302977 1.300555e-03 5.410559e-03 9.062862e-05 3.618152e-04 2.329754e-09 4.548895e-04 3.084239e-03
   51    1      1      0    0      1      -1      -1   500 0.024867329 0.13773494 0.16434952 0.15879816 0.08109846 0.08692101 0.09675330 0.05535917 0.061820775 0.057923351 0.014014017 0.005766926 0.027107575 0.003315904 0.0057561401 0.0006515524 0.0019797068 0.0005775617 4.718115e-03 6.293768e-04 1.246727e-03 5.308037e-03 6.375191e-05 8.031599e-04 2.435439e-03
   52    1      1      0    0      1      -1      -1   500 0.020266455 0.21654120 0.16296590 0.09646839 0.13217435 0.06280473 0.07707150 0.04592877 0.038747223 0.050329359 0.031105334 0.014699474 0.014758139 0.013970129 0.0021388063 0.0072626777 0.0031168886 0.0018807678 9.579024e-05 1.454101e-03 2.885824e-03 7.949735e-04 4.068749e-04 1.425016e-03 7.073147e-04
   53    1      1      0    0      1      -1      -1   500 0.009875582 0.19128219 0.21660260 0.12720189 0.07971306 0.09581439 0.02922494 0.05673480 0.048200929 0.031788472 0.026637884 0.026184026 0.026623070 0.007707329 0.0061027350 0.0024957700 0.0105958762 0.0032710441 9.012672e-04 3.876757e-04 2.187788e-05 4.327093e-05 5.699171e-04 7.420380e-05 1.945196e-03
   54    1      1      0    0      1      -1      -1   500 0.023440096 0.07885661 0.26544212 0.16527844 0.12134180 0.06129654 0.05477144 0.02828832 0.036426952 0.056093703 0.010622006 0.029100261 0.019693222 0.014607699 0.0111694037 0.0105092588 0.0017549158 0.0047122356 6.535770e-04 1.641986e-03 8.622412e-06 3.216801e-05 2.479889e-05 6.387349e-05 4.169940e-03
   55    1      1      0    0      1      -1      -1   500 0.029887650 0.20453258 0.06344350 0.24129487 0.13040983 0.07895761 0.03780304 0.04877267 0.039233142 0.027759078 0.022279160 0.009654267 0.019362976 0.018242630 0.0078706211 0.0028721313 0.0076198898 0.0029111849 3.195101e-03 7.826382e-04 3.441540e-04 7.566471e-04 4.585006e-06 1.183954e-07 2.009923e-03
   56    1      1      0    0      1      -1      -1   500 0.021557946 0.27956353 0.23089337 0.05884590 0.13882267 0.08297122 0.03733001 0.02364266 0.028250078 0.022446940 0.018902812 0.010577055 0.006552648 0.019665269 0.0034872184 0.0012126046 0.0013802587 0.0066511649 5.389528e-04 1.138687e-03 1.144238e-04 1.360370e-04 5.107233e-05 1.765055e-03 3.502409e-03
   57    1      1      0    0      1      -1      -1   500 0.024875349 0.16390186 0.30993814 0.20376548 0.02734888 0.08079314 0.05698624 0.02771134 0.016014938 0.017764658 0.013033547 0.008873397 0.019185758 0.007518953 0.0057990661 0.0044215253 0.0010432916 0.0009125385 4.010439e-03 1.683823e-03 1.745799e-03 8.439737e-05 2.267215e-03 2.063447e-13 3.202278e-04
   58    1      1      0    0      1      -1      -1   500 0.021177164 0.09169747 0.18373663 0.24050703 0.15994320 0.03476907 0.09092705 0.04481359 0.026810735 0.023933364 0.022620661 0.009957161 0.006184554 0.012950315 0.0024751291 0.0016819947 0.0079011621 0.0007533639 2.350670e-04 1.062201e-02 6.152036e-05 7.895317e-04 6.366319e-05 2.530146e-03 2.858421e-03
   59    1      1      0    0      1      -1      -1   500 0.001252688 0.07155892 0.14801746 0.17872414 0.22356029 0.11359524 0.03158381 0.06733158 0.070010253 0.009213749 0.019516931 0.015882303 0.009900380 0.005942408 0.0085896174 0.0039068015 0.0072421428 0.0083483021 2.476459e-03 1.072111e-04 9.798411e-04 1.523821e-03 1.730611e-04 3.746900e-05 5.251153e-04
   60    1      1      0    0      1      -1      -1   500 0.037847055 0.06961084 0.14072583 0.12970819 0.15331937 0.18164291 0.08784533 0.01803021 0.057170978 0.051259737 0.014719994 0.008133440 0.022688886 0.006411234 0.0037903797 0.0042442260 0.0046294464 0.0003962840 1.802130e-03 9.728776e-04 2.242241e-05 4.790299e-04 7.468952e-05 3.086619e-04 4.165853e-03
   61    1      1      0    0      1      -1      -1   500 0.017132703 0.22497503 0.09582278 0.09636472 0.07420204 0.14425426 0.11359118 0.07476874 0.008392158 0.029613409 0.036233587 0.029902748 0.024062744 0.003753322 0.0080198756 0.0081906927 0.0020278297 0.0007492993 6.444128e-04 1.982024e-03 5.756839e-04 1.449318e-04 2.408297e-04 4.059582e-04 3.949031e-03
   62    1      1      0    0      1      -1      -1   500 0.006076820 0.13107865 0.30606374 0.05637031 0.07830766 0.06586026 0.10022013 0.09151850 0.057132495 0.009603758 0.025151871 0.021203277 0.018359083 0.001664692 0.0102635846 0.0012137929 0.0048192178 0.0027777880 5.222222e-04 1.016044e-03 4.719148e-03 8.739721e-04 3.641198e-06 4.551854e-03 6.274870e-04
   63    1      1      0    0      1      -1      -1   500 0.018552253 0.11215549 0.18552766 0.27355172 0.04771168 0.03940887 0.06083691 0.07069664 0.050005057 0.045482214 0.011939234 0.024065921 0.007857093 0.012729312 0.0052544942 0.0150882973 0.0031091633 0.0070269281 1.178820e-03 4.597786e-03 2.617120e-04 8.843511e-04 5.337365e-04 6.254068e-07 1.544034e-03
   64    1      1      0    0      1      -1      -1   500 0.007557580 0.13651697 0.12966996 0.12698736 0.20542114 0.04605539 0.04723847 0.04841567 0.049777555 0.064374500 0.031328102 0.006219209 0.020111607 0.022194502 0.0195650320 0.0029760804 0.0065479620 0.0008501015 3.430966e-03 4.822544e-03 6.443494e-03 4.438889e-03 4.905423e-03 2.944319e-05 4.122040e-03
   65    1      1      0    0      1      -1      -1   500 0.016027010 0.08292967 0.14815394 0.16854146 0.13232309 0.16470820 0.02244605 0.02859500 0.029263793 0.046707935 0.057405810 0.033764773 0.003307193 0.009546729 0.0073715950 0.0096038421 0.0154205323 0.0039751124 1.378531e-03 4.137188e-03 3.249589e-03 3.330342e-03 1.854567e-03 6.314184e-04 5.326630e-03
   66    1      1      0    0      1      -1      -1   500 0.016245186 0.22651905 0.13839041 0.12920286 0.09672294 0.06653833 0.11093867 0.03127441 0.022204242 0.024999783 0.039964713 0.035006115 0.019855118 0.007042909 0.0065666485 0.0167888570 0.0028899006 0.0006741023 8.630921e-04 1.057944e-03 6.903124e-04 3.266200e-03 1.134509e-05 5.414157e-04 1.745468e-03
   67    1      1      0    0      1      -1      -1   500 0.012813461 0.10224652 0.27172016 0.10223062 0.10115893 0.06516506 0.06971332 0.11294926 0.031027848 0.014065587 0.021222513 0.028500207 0.021977475 0.016387180 0.0029732592 0.0078253292 0.0061970688 0.0005502610 1.938442e-03 1.338643e-03 1.461500e-04 1.699129e-03 1.521429e-03 2.196590e-03 2.435548e-03
   68    1      1      0    0      1      -1      -1   500 0.020188849 0.11214384 0.12667806 0.26003093 0.08298957 0.07746935 0.08185290 0.05804893 0.065770443 0.011235205 0.012183644 0.010781463 0.021949014 0.023088460 0.0077597932 0.0015875151 0.0062934500 0.0081769843 8.991789e-04 3.840645e-03 2.816169e-03 1.102616e-04 3.370321e-03 2.177599e-05 7.132605e-04
   69    1      1      0    0      1      -1      -1   500 0.019064266 0.12203276 0.13111661 0.11753761 0.21867326 0.08037081 0.05677156 0.03877612 0.053441407 0.058557181 0.010416983 0.005276566 0.012565924 0.017533496 0.0188764220 0.0091590488 0.0073726100 0.0052158780 7.015180e-03 2.347211e-03 7.406182e-05 1.314044e-03 1.401875e-03 5.757469e-05 5.031518e-03
   70    1      1      0    0      1      -1      -1   500 0.018682352 0.19375163 0.18965160 0.09889108 0.08060605 0.11810474 0.05316008 0.04439940 0.036380287 0.029869354 0.060702104 0.009567295 0.009189692 0.013073406 0.0094378523 0.0138566808 0.0066122318 0.0010251659 5.842646e-03 2.056866e-03 7.443405e-05 1.484710e-04 2.000729e-05 1.094462e-03 3.802108e-03
   71    1      1      0    0      1      -1      -1   500 0.021282220 0.15141420 0.20685196 0.11175621 0.08270195 0.06228835 0.12459269 0.03701005 0.038064292 0.030619084 0.027379612 0.044032778 0.005351752 0.008094645 0.0061255708 0.0072483968 0.0087904555 0.0072505917 1.154217e-03 4.186714e-03 3.577667e-03 2.736830e-03 1.041366e-03 8.230947e-04 5.625303e-03
   72    1      1      0    0      1      -1      -1   500 0.007050080 0.26817395 0.19765452 0.13281374 0.10004088 0.03624355 0.03464983 0.08103716 0.019422204 0.021589776 0.013936312 0.012477985 0.036617680 0.001639073 0.0027173012 0.0093421618 0.0069505643 0.0052903149 2.165062e-03 1.109958e-04 2.289951e-03 6.396852e-04 3.137895e-03 2.249597e-04 3.784363e-03
   73    1      1      0    0      1      -1      -1   500 0.004533432 0.11624478 0.32888153 0.12151333 0.13470652 0.06665396 0.03000127 0.03813746 0.046664373 0.023624508 0.014202773 0.014873269 0.008781548 0.025958594 0.0024433431 0.0041799490 0.0027842129 0.0038820792 3.191629e-03 4.039012e-04 2.687116e-05 2.420675e-03 1.601740e-03 6.161106e-04 3.672144e-03
   74    1      1      0    0      1      -1      -1   500 0.015846819 0.12328133 0.13010847 0.27205345 0.09128803 0.10186735 0.03987333 0.03383600 0.034561801 0.049606943 0.017956718 0.021452400 0.012727662 0.012053414 0.0192991979 0.0068532575 0.0038871493 0.0015695205 2.324649e-03 4.515049e-03 1.168394e-03 1.486347e-04 7.823007e-05 1.056125e-03 2.586073e-03
   75    1      1      0    0      1      -1      -1   500 0.024032297 0.12026431 0.13175371 0.10431234 0.23036800 0.08816595 0.09803179 0.05634542 0.016187836 0.021658838 0.037459422 0.010342525 0.014372527 0.007123736 0.0043866391 0.0123846517 0.0025482832 0.0020737543 7.668637e-05 1.082499e-03 2.376448e-03 1.436242e-03 7.285139e-07 1.216102e-03 1.199927e-02
   76    1      1      0    0      1      -1      -1   500 0.027969623 0.22133873 0.15146044 0.10584202 0.07163965 0.14805377 0.05320335 0.06790571 0.025418110 0.024351104 0.011526225 0.033698129 0.008260754 0.008625644 0.0088289934 0.0022265654 0.0050945708 0.0001773430 1.856574e-03 6.326141e-03 1.011667e-02 4.572057e-03 6.220056e-04 1.338524e-05 8.724349e-04
   77    1      1      0    0      1      -1      -1   500 0.022912078 0.17506978 0.19146240 0.11173137 0.06306775 0.08327836 0.12121773 0.04421127 0.057955121 0.033520114 0.016916650 0.008959269 0.018923801 0.006861386 0.0047184473 0.0079466424 0.0115517426 0.0075646147 1.865181e-03 2.149480e-04 2.505536e-04 6.258770e-04 7.375256e-03 1.346239e-03 4.534317e-04
   78    1      1      0    0      1      -1      -1   500 0.039362717 0.15000775 0.22222600 0.17476852 0.08495975 0.05658984 0.03749551 0.09764450 0.041155053 0.019211859 0.015300715 0.002913587 0.016656585 0.017242472 0.0070569068 0.0016963472 0.0047537261 0.0015019809 1.430836e-03 2.383505e-03 1.948955e-04 1.314886e-04 1.042995e-03 1.280179e-03 2.992291e-03
   79    1      1      0    0      1      -1      -1   500 0.014458480 0.21226424 0.18958164 0.19436841 0.09214381 0.05651169 0.04718113 0.03553556 0.063614833 0.024423994 0.014264336 0.011804189 0.005080597 0.005417872 0.0126634164 0.0007457134 0.0053081060 0.0006268525 5.674118e-04 7.037362e-03 8.399477e-05 1.682731e-05 1.431737e-03 4.712405e-04 4.396548e-03
   80    1      1      0    0      1      -1      -1   500 0.025247704 0.17423433 0.25022993 0.12647050 0.11168417 0.08224594 0.04583351 0.02247482 0.028593367 0.052528775 0.008627881 0.013617329 0.019287993 0.005633625 0.0009901495 0.0126214381 0.0084667748 0.0032326099 1.463521e-04 8.423053e-05 1.268797e-03 2.093965e-03 7.484291e-05 2.183222e-04 4.092640e-03
   81    1      1      0    0      1      -1      -1   500 0.007323998 0.20976308 0.15637775 0.18160378 0.11473239 0.08809961 0.06846497 0.03550243 0.041657434 0.010627354 0.036129318 0.011749968 0.014512086 0.003960383 0.0024633539 0.0004723865 0.0066408007 0.0027884816 3.305828e-04 1.440574e-03 1.577751e-03 2.786166e-05 1.736594e-03 1.645343e-05 2.000625e-03
   82    1      1      0    0      1      -1      -1   500 0.013651781 0.12003936 0.25553221 0.15346995 0.14165748 0.09039728 0.07691543 0.04491002 0.024613980 0.018208882 0.010838848 0.012839701 0.011901621 0.005572101 0.0050769495 0.0011359374 0.0007135480 0.0023815060 3.851204e-03 1.037031e-03 9.268035e-04 2.159033e-04 3.916146e-05 8.609242e-04 3.212390e-03
   83    1      1      0    0      1      -1      -1   500 0.023231098 0.09117606 0.19488917 0.19368564 0.11263933 0.14673290 0.05986025 0.04469278 0.038564152 0.011823088 0.015862918 0.016633318 0.022290847 0.005877890 0.0061527889 0.0018705114 0.0022053196 0.0004165352 4.534253e-03 4.308594e-03 6.525947e-04 1.756295e-04 3.383335e-04 1.304671e-03 8.133771e-05
   84    1      1      0    0      1      -1      -1   500 0.015014181 0.20582295 0.13522628 0.10898098 0.16256290 0.07472791 0.10799822 0.03715742 0.049865161 0.028979839 0.013832171 0.011924321 0.006642351 0.011510905 0.0041895712 0.0097819047 0.0023450993 0.0028123865 1.441510e-03 3.657227e-03 4.160604e-03 5.222079e-06 2.080221e-05 3.330723e-04 1.007013e-03
   85    1      1      0    0      1      -1      -1   500 0.018610817 0.15382642 0.24805197 0.08423989 0.09918290 0.13374940 0.07447759 0.07289876 0.031159263 0.022933525 0.022244413 0.009885775 0.007306073 0.004135904 0.0062258891 0.0027014848 0.0028833715 0.0015303230 2.987948e-04 3.951833e-05 1.142544e-04 1.596037e-03 1.400111e-04 1.711594e-03 5.602040e-05
   86    1      1      0    0      1      -1      -1   500 0.009876305 0.17237006 0.18280403 0.20324162 0.07216529 0.06912685 0.08717115 0.04890940 0.044501449 0.027652538 0.031321288 0.010545459 0.009484186 0.002427769 0.0073786031 0.0098440231 0.0090773174 0.0003754152 4.185890e-04 4.032119e-05 1.528615e-04 6.276205e-04 3.145933e-06 1.840746e-09 4.847011e-04
   87    1      1      0    0      1      -1      -1   500 0.014722446 0.20491511 0.20204324 0.13706861 0.11064931 0.05267316 0.04838242 0.07901755 0.043349776 0.028746431 0.012899853 0.010126482 0.028582102 0.006518306 0.0018329132 0.0021415647 0.0043510617 0.0017323779 6.503037e-04 1.974215e-03 1.591622e-06 3.108170e-04 2.865772e-03 1.490427e-10 4.444587e-03
   88    1      1      0    0      1      -1      -1   500 0.019337751 0.08816818 0.22951296 0.14587780 0.11648996 0.10288016 0.04803048 0.03883610 0.074848311 0.025042638 0.037627886 0.018371700 0.011857676 0.007476407 0.0042485128 0.0054623007 0.0007811835 0.0091813359 7.283831e-03 4.694957e-03 1.666473e-03 3.430546e-05 1.400874e-03 4.924566e-04 3.957611e-04
   89    1      1      0    0      1      -1      -1   500 0.018221396 0.13193315 0.12291261 0.18934685 0.13501504 0.09718523 0.09119590 0.03172116 0.021234354 0.052094376 0.019569622 0.031173773 0.017055731 0.013006040 0.0049140187 0.0104191329 0.0033512810 0.0032321548 3.839389e-03 7.752543e-05 7.278992e-04 1.015077e-04 8.730610e-06 9.073399e-04 7.557800e-04
   90    1      1      0    0      1      -1      -1   500 0.025810622 0.17122316 0.20986254 0.07139868 0.14804936 0.11566359 0.05378123 0.04900895 0.025467231 0.035241134 0.025959842 0.013604164 0.013911043 0.009119576 0.0116282828 0.0040267811 0.0097757872 0.0002711782 1.383296e-03 1.118829e-03 4.723618e-04 6.290545e-04 2.098760e-03 4.917418e-09 4.945437e-04
   91    1      1      0    0      1      -1      -1   500 0.010255386 0.13348510 0.20746259 0.16519796 0.07551269 0.12266791 0.05601411 0.02719053 0.057200026 0.023363130 0.025263577 0.027998505 0.011195039 0.022715864 0.0098515337 0.0071888012 0.0058048917 0.0014965080 1.578614e-03 3.817422e-05 7.349023e-03 2.716119e-05 8.434456e-04 1.856703e-06 2.975862e-04
   92    1      1      0    0      1      -1      -1   500 0.014542964 0.14170248 0.20535591 0.12705186 0.10395271 0.05922944 0.10011758 0.06733678 0.043954665 0.041281420 0.015237447 0.010751095 0.012691429 0.005589381 0.0094340365 0.0024023590 0.0108096138 0.0116897804 2.671693e-03 6.270429e-05 1.276511e-04 2.283318e-03 4.054152e-03 5.009008e-03 2.660536e-03
   93    1      1      0    0      1      -1      -1   500 0.037071309 0.13168647 0.18497451 0.14544785 0.09483566 0.12814596 0.04245039 0.04476338 0.043136598 0.028592142 0.036184674 0.018966980 0.006039241 0.022642633 0.0045759657 0.0110038571 0.0015925248 0.0021168845 4.539084e-03 9.459953e-04 8.965813e-06 3.500859e-03 2.384854e-05 1.184493e-03 5.569734e-03
   94    1      1      0    0      1      -1      -1   500 0.012139626 0.21807331 0.11564261 0.18393285 0.13740043 0.07953865 0.05828867 0.01959661 0.042936429 0.033355881 0.018770932 0.030639776 0.009504398 0.013410234 0.0111145724 0.0048961734 0.0032132663 0.0004004865 7.335180e-04 2.588080e-03 2.340429e-04 3.130626e-07 1.817638e-03 1.222142e-04 1.649286e-03
   95    1      1      0    0      1      -1      -1   500 0.030082345 0.14353473 0.27880586 0.09622479 0.11390829 0.08106110 0.04794884 0.04419418 0.021938349 0.038217667 0.028351797 0.014043390 0.015058670 0.009761548 0.0100361260 0.0069547224 0.0039611777 0.0041418435 1.429752e-03 8.875160e-03 2.323181e-05 1.941157e-04 2.415266e-12 2.542263e-06 1.249783e-03
   96    1      1      0    0      1      -1      -1   500 0.043946363 0.21938110 0.13646872 0.16982903 0.07916625 0.10183428 0.06769798 0.04703385 0.033733436 0.018154882 0.019721868 0.018462314 0.009719751 0.009814136 0.0027446380 0.0013735389 0.0100669043 0.0007870876 1.615408e-04 1.683609e-03 1.188532e-03 3.982979e-05 4.792415e-05 6.215969e-03 7.264414e-04
   97    1      1      0    0      1      -1      -1   500 0.013502378 0.20363968 0.24483568 0.12157480 0.12758053 0.08592932 0.05990175 0.03780441 0.024714782 0.020121903 0.002915632 0.018983728 0.011903894 0.006795294 0.0034445456 0.0014760309 0.0026679225 0.0035739838 3.372537e-03 1.228394e-03 3.161122e-04 2.458864e-04 3.244898e-03 1.377251e-06 2.245274e-04
   98    1      1      0    0      1      -1      -1   500 0.019637251 0.07844939 0.30636876 0.16788667 0.08749239 0.10544261 0.04171121 0.04612151 0.032020882 0.020510406 0.041823681 0.009991520 0.011566412 0.013591310 0.0015423075 0.0039138850 0.0001974303 0.0024235376 4.846244e-03 3.874708e-04 3.379190e-03 1.702752e-05 6.200095e-04 2.387212e-07 5.866214e-05
   99    1      1      0    0      1      -1      -1   500 0.014703803 0.11087853 0.13010044 0.24387422 0.14261626 0.06717176 0.08150491 0.03662686 0.034974266 0.030923605 0.014284901 0.031836323 0.009231569 0.019898465 0.0057585488 0.0023518568 0.0065151534 0.0005615156 1.231535e-03 6.951576e-03 8.234512e-04 8.412519e-04 1.516851e-04 1.682905e-04 6.019237e-03
  100    1      1      0    0      1      -1      -1   500 0.011085838 0.14701491 0.14664908 0.08370737 0.22352162 0.11665327 0.05349691 0.06671880 0.022521509 0.038224320 0.022382503 0.012265128 0.013678613 0.005950320 0.0081398430 0.0063317790 0.0036697909 0.0096369578 7.388245e-05 2.491774e-03 1.648784e-04 6.788872e-04 6.578828e-04 6.502682e-04 3.633858e-03
    2    1      2      0    0      1      -1      -1   500 0.028000000 0.13200000 0.17600000 0.12400000 0.10000000 0.08800000 0.06600000 0.05600000 0.032000000 0.032000000 0.030000000 0.030000000 0.022000000 0.020000000 0.0060000000 0.0080000000 0.0060000000 0.0080000000 6.000000e-03 6.000000e-03 4.000000e-03 2.000000e-03 0.000000e+00 4.000000e-03 1.400000e-02
    3    1      2      0    0      1      -1      -1   500 0.022000000 0.13400000 0.17600000 0.10800000 0.10400000 0.10400000 0.07200000 0.07800000 0.026000000 0.030000000 0.024000000 0.024000000 0.016000000 0.014000000 0.0180000000 0.0060000000 0.0080000000 0.0080000000 2.000000e-03 6.000000e-03 2.000000e-03 1.000000e-02 2.000000e-03 2.000000e-03 4.000000e-03
    4    1      2      0    0      1      -1      -1   500 0.022000000 0.17800000 0.11400000 0.11200000 0.11800000 0.08200000 0.04600000 0.06000000 0.046000000 0.042000000 0.038000000 0.022000000 0.020000000 0.020000000 0.0060000000 0.0100000000 0.0180000000 0.0120000000 1.200000e-02 4.000000e-03 2.000000e-03 6.000000e-03 0.000000e+00 0.000000e+00 1.000000e-02
    5    1      2      0    0      1      -1      -1   500 0.030000000 0.13600000 0.16400000 0.10400000 0.08400000 0.07400000 0.07600000 0.06000000 0.048000000 0.052000000 0.032000000 0.032000000 0.022000000 0.018000000 0.0100000000 0.0160000000 0.0020000000 0.0080000000 4.000000e-03 2.000000e-03 8.000000e-03 6.000000e-03 2.000000e-03 0.000000e+00 1.000000e-02
    6    1      2      0    0      1      -1      -1   500 0.036000000 0.18400000 0.10400000 0.10800000 0.06400000 0.08600000 0.09400000 0.06000000 0.026000000 0.046000000 0.030000000 0.020000000 0.024000000 0.020000000 0.0140000000 0.0240000000 0.0120000000 0.0140000000 6.000000e-03 1.000000e-02 0.000000e+00 4.000000e-03 0.000000e+00 2.000000e-03 1.200000e-02
    7    1      2      0    0      1      -1      -1   500 0.016000000 0.10800000 0.21600000 0.09400000 0.09400000 0.06000000 0.07400000 0.05200000 0.050000000 0.030000000 0.038000000 0.038000000 0.018000000 0.020000000 0.0180000000 0.0100000000 0.0140000000 0.0020000000 8.000000e-03 8.000000e-03 6.000000e-03 6.000000e-03 4.000000e-03 2.000000e-03 1.400000e-02
    8    1      2      0    0      1      -1      -1   500 0.032000000 0.12600000 0.11200000 0.14600000 0.07400000 0.11000000 0.04600000 0.06000000 0.048000000 0.040000000 0.044000000 0.010000000 0.018000000 0.024000000 0.0120000000 0.0100000000 0.0140000000 0.0080000000 1.200000e-02 6.000000e-03 1.000000e-02 6.000000e-03 8.000000e-03 6.000000e-03 1.800000e-02
    9    1      2      0    0      1      -1      -1   500 0.018000000 0.16200000 0.14000000 0.08800000 0.14800000 0.05400000 0.08600000 0.04000000 0.046000000 0.046000000 0.030000000 0.030000000 0.014000000 0.024000000 0.0140000000 0.0080000000 0.0080000000 0.0040000000 1.200000e-02 8.000000e-03 4.000000e-03 0.000000e+00 0.000000e+00 4.000000e-03 1.200000e-02
   10    1      2      0    0      1      -1      -1   500 0.036000000 0.13600000 0.12800000 0.13600000 0.07000000 0.11200000 0.04400000 0.06800000 0.038000000 0.038000000 0.034000000 0.026000000 0.028000000 0.020000000 0.0200000000 0.0160000000 0.0140000000 0.0060000000 8.000000e-03 4.000000e-03 4.000000e-03 0.000000e+00 2.000000e-03 2.000000e-03 1.000000e-02
   11    1      2      0    0      1      -1      -1   500 0.032000000 0.15800000 0.09800000 0.13000000 0.09800000 0.05600000 0.10600000 0.05400000 0.054000000 0.034000000 0.040000000 0.020000000 0.026000000 0.018000000 0.0120000000 0.0100000000 0.0080000000 0.0100000000 8.000000e-03 4.000000e-03 2.000000e-03 6.000000e-03 0.000000e+00 4.000000e-03 1.200000e-02
   12    1      2      0    0      1      -1      -1   500 0.034000000 0.18600000 0.13400000 0.09200000 0.10200000 0.07200000 0.06200000 0.06000000 0.036000000 0.046000000 0.030000000 0.022000000 0.022000000 0.014000000 0.0200000000 0.0140000000 0.0020000000 0.0080000000 8.000000e-03 2.000000e-03 4.000000e-03 2.000000e-03 8.000000e-03 2.000000e-03 1.800000e-02
   13    1      2      0    0      1      -1      -1   500 0.032000000 0.14400000 0.16200000 0.13400000 0.05800000 0.07800000 0.06600000 0.04000000 0.068000000 0.032000000 0.040000000 0.026000000 0.020000000 0.012000000 0.0100000000 0.0160000000 0.0080000000 0.0120000000 6.000000e-03 4.000000e-03 2.000000e-03 8.000000e-03 8.000000e-03 0.000000e+00 1.400000e-02
   14    1      2      0    0      1      -1      -1   500 0.022000000 0.12800000 0.15400000 0.14400000 0.11000000 0.07600000 0.06800000 0.04600000 0.040000000 0.058000000 0.028000000 0.020000000 0.016000000 0.010000000 0.0180000000 0.0100000000 0.0200000000 0.0040000000 4.000000e-03 2.000000e-03 2.000000e-03 4.000000e-03 2.000000e-03 2.000000e-03 1.200000e-02
   15    1      2      0    0      1      -1      -1   500 0.028000000 0.15000000 0.14600000 0.11200000 0.09400000 0.09000000 0.04000000 0.05200000 0.050000000 0.016000000 0.056000000 0.024000000 0.026000000 0.014000000 0.0060000000 0.0220000000 0.0140000000 0.0120000000 1.200000e-02 8.000000e-03 1.000000e-02 2.000000e-03 6.000000e-03 2.000000e-03 8.000000e-03
   16    1      2      0    0      1      -1      -1   500 0.042000000 0.12800000 0.13800000 0.13200000 0.08400000 0.08600000 0.07600000 0.03600000 0.066000000 0.028000000 0.040000000 0.022000000 0.010000000 0.012000000 0.0120000000 0.0200000000 0.0180000000 0.0080000000 1.000000e-02 6.000000e-03 1.400000e-02 4.000000e-03 2.000000e-03 0.000000e+00 6.000000e-03
   17    1      2      0    0      1      -1      -1   500 0.040000000 0.16600000 0.10600000 0.12200000 0.08600000 0.10000000 0.07200000 0.06000000 0.042000000 0.034000000 0.034000000 0.016000000 0.026000000 0.016000000 0.0080000000 0.0040000000 0.0040000000 0.0140000000 1.000000e-02 1.000000e-02 6.000000e-03 8.000000e-03 2.000000e-03 0.000000e+00 1.400000e-02
   18    1      2      0    0      1      -1      -1   500 0.036000000 0.24200000 0.14400000 0.07800000 0.08800000 0.07200000 0.07000000 0.05600000 0.040000000 0.016000000 0.028000000 0.022000000 0.020000000 0.020000000 0.0060000000 0.0120000000 0.0100000000 0.0040000000 1.000000e-02 4.000000e-03 4.000000e-03 0.000000e+00 2.000000e-03 2.000000e-03 1.400000e-02
   19    1      2      0    0      1      -1      -1   500 0.020000000 0.14000000 0.27600000 0.10200000 0.07200000 0.07200000 0.05400000 0.05800000 0.028000000 0.038000000 0.018000000 0.026000000 0.014000000 0.010000000 0.0200000000 0.0040000000 0.0080000000 0.0060000000 8.000000e-03 4.000000e-03 2.000000e-03 0.000000e+00 2.000000e-03 6.000000e-03 1.200000e-02
   20    1      2      0    0      1      -1      -1   500 0.020000000 0.11400000 0.16400000 0.17800000 0.10200000 0.07800000 0.06200000 0.04400000 0.044000000 0.034000000 0.028000000 0.022000000 0.026000000 0.020000000 0.0060000000 0.0060000000 0.0120000000 0.0060000000 2.000000e-03 2.000000e-03 2.000000e-03 4.000000e-03 6.000000e-03 4.000000e-03 1.400000e-02
   21    1      2      0    0      1      -1      -1   500 0.026000000 0.18600000 0.09200000 0.13000000 0.15800000 0.06600000 0.04200000 0.05400000 0.032000000 0.042000000 0.028000000 0.026000000 0.010000000 0.022000000 0.0220000000 0.0060000000 0.0100000000 0.0020000000 8.000000e-03 2.000000e-03 2.000000e-03 1.000000e-02 6.000000e-03 2.000000e-03 1.600000e-02
   22    1      2      0    0      1      -1      -1   500 0.078000000 0.12600000 0.15200000 0.08600000 0.10200000 0.13800000 0.05600000 0.03800000 0.034000000 0.028000000 0.024000000 0.026000000 0.020000000 0.018000000 0.0100000000 0.0060000000 0.0160000000 0.0120000000 6.000000e-03 4.000000e-03 4.000000e-03 4.000000e-03 6.000000e-03 0.000000e+00 6.000000e-03
   23    1      2      0    0      1      -1      -1   500 0.040000000 0.32400000 0.08200000 0.10400000 0.06600000 0.06400000 0.07200000 0.04000000 0.034000000 0.038000000 0.020000000 0.022000000 0.016000000 0.010000000 0.0060000000 0.0120000000 0.0080000000 0.0040000000 4.000000e-03 8.000000e-03 8.000000e-03 0.000000e+00 4.000000e-03 0.000000e+00 1.400000e-02
   24    1      2      0    0      1      -1      -1   500 0.020000000 0.17800000 0.31000000 0.06400000 0.08000000 0.02600000 0.05200000 0.07200000 0.028000000 0.014000000 0.032000000 0.034000000 0.012000000 0.020000000 0.0040000000 0.0080000000 0.0020000000 0.0080000000 4.000000e-03 1.000000e-02 4.000000e-03 2.000000e-03 8.000000e-03 2.000000e-03 6.000000e-03
   25    1      2      0    0      1      -1      -1   500 0.038000000 0.13400000 0.16600000 0.24400000 0.06200000 0.05200000 0.04600000 0.04400000 0.046000000 0.040000000 0.010000000 0.016000000 0.014000000 0.018000000 0.0240000000 0.0080000000 0.0080000000 0.0060000000 6.000000e-03 2.000000e-03 6.000000e-03 0.000000e+00 2.000000e-03 0.000000e+00 8.000000e-03
   26    1      2      0    0      1      -1      -1   500 0.026000000 0.14800000 0.10600000 0.14800000 0.22800000 0.06200000 0.04800000 0.02200000 0.030000000 0.036000000 0.026000000 0.022000000 0.016000000 0.012000000 0.0120000000 0.0180000000 0.0040000000 0.0080000000 6.000000e-03 4.000000e-03 2.000000e-03 4.000000e-03 2.000000e-03 6.000000e-03 4.000000e-03
   27    1      2      0    0      1      -1      -1   500 0.022000000 0.13800000 0.13000000 0.11400000 0.13400000 0.18800000 0.03800000 0.04000000 0.024000000 0.042000000 0.034000000 0.022000000 0.016000000 0.010000000 0.0140000000 0.0040000000 0.0040000000 0.0040000000 6.000000e-03 2.000000e-03 6.000000e-03 0.000000e+00 0.000000e+00 2.000000e-03 6.000000e-03
   28    1      2      0    0      1      -1      -1   500 0.022000000 0.15000000 0.11400000 0.10000000 0.09400000 0.09400000 0.17000000 0.02200000 0.040000000 0.026000000 0.020000000 0.034000000 0.028000000 0.004000000 0.0200000000 0.0080000000 0.0140000000 0.0160000000 8.000000e-03 2.000000e-03 4.000000e-03 0.000000e+00 2.000000e-03 0.000000e+00 8.000000e-03
   29    1      2      0    0      1      -1      -1   500 0.034000000 0.13400000 0.14800000 0.08200000 0.10400000 0.08600000 0.09800000 0.13200000 0.018000000 0.028000000 0.006000000 0.014000000 0.036000000 0.008000000 0.0120000000 0.0120000000 0.0100000000 0.0040000000 8.000000e-03 4.000000e-03 4.000000e-03 8.000000e-03 2.000000e-03 4.000000e-03 4.000000e-03
   30    1      2      0    0      1      -1      -1   500 0.034000000 0.20600000 0.14600000 0.12200000 0.06800000 0.08000000 0.07200000 0.07200000 0.072000000 0.018000000 0.018000000 0.006000000 0.020000000 0.018000000 0.0080000000 0.0040000000 0.0080000000 0.0020000000 2.000000e-03 1.000000e-02 6.000000e-03 2.000000e-03 0.000000e+00 0.000000e+00 6.000000e-03
   31    1      2      0    0      1      -1      -1   500 0.024000000 0.18000000 0.17600000 0.11000000 0.11200000 0.05600000 0.07000000 0.05200000 0.050000000 0.068000000 0.014000000 0.016000000 0.004000000 0.018000000 0.0140000000 0.0080000000 0.0040000000 0.0040000000 2.000000e-03 2.000000e-03 4.000000e-03 2.000000e-03 2.000000e-03 2.000000e-03 6.000000e-03
   32    1      2      0    0      1      -1      -1   500 0.014000000 0.23800000 0.14800000 0.12400000 0.06600000 0.05800000 0.04800000 0.05200000 0.038000000 0.054000000 0.052000000 0.020000000 0.014000000 0.010000000 0.0120000000 0.0080000000 0.0120000000 0.0100000000 4.000000e-03 0.000000e+00 4.000000e-03 2.000000e-03 2.000000e-03 2.000000e-03 8.000000e-03
   33    1      2      0    0      1      -1      -1   500 0.032000000 0.11200000 0.21600000 0.11000000 0.11000000 0.07400000 0.06000000 0.03600000 0.036000000 0.026000000 0.036000000 0.056000000 0.006000000 0.022000000 0.0080000000 0.0120000000 0.0160000000 0.0080000000 4.000000e-03 2.000000e-03 2.000000e-03 2.000000e-03 6.000000e-03 2.000000e-03 6.000000e-03
   34    1      2      0    0      1      -1      -1   500 0.016000000 0.15400000 0.10000000 0.19800000 0.12800000 0.07600000 0.06600000 0.05600000 0.030000000 0.024000000 0.008000000 0.030000000 0.038000000 0.016000000 0.0120000000 0.0060000000 0.0060000000 0.0140000000 4.000000e-03 4.000000e-03 6.000000e-03 0.000000e+00 0.000000e+00 0.000000e+00 8.000000e-03
   35    1      2      0    0      1      -1      -1   500 0.040000000 0.07800000 0.15400000 0.10200000 0.14000000 0.11400000 0.07200000 0.06600000 0.050000000 0.022000000 0.030000000 0.018000000 0.032000000 0.034000000 0.0100000000 0.0040000000 0.0060000000 0.0040000000 6.000000e-03 2.000000e-03 2.000000e-03 4.000000e-03 4.000000e-03 0.000000e+00 6.000000e-03
   36    1      2      0    0      1      -1      -1   500 0.056000000 0.25200000 0.07800000 0.12800000 0.05200000 0.10800000 0.05400000 0.05400000 0.054000000 0.026000000 0.012000000 0.012000000 0.022000000 0.022000000 0.0240000000 0.0040000000 0.0080000000 0.0080000000 4.000000e-03 8.000000e-03 4.000000e-03 0.000000e+00 0.000000e+00 0.000000e+00 1.000000e-02
   37    1      2      0    0      1      -1      -1   500 0.060000000 0.18800000 0.17800000 0.05800000 0.08400000 0.04600000 0.08600000 0.05200000 0.046000000 0.042000000 0.020000000 0.008000000 0.012000000 0.016000000 0.0160000000 0.0420000000 0.0060000000 0.0120000000 4.000000e-03 4.000000e-03 6.000000e-03 8.000000e-03 0.000000e+00 0.000000e+00 6.000000e-03
   38    1      2      0    0      1      -1      -1   500 0.046000000 0.29200000 0.11200000 0.15800000 0.04400000 0.04800000 0.02200000 0.07400000 0.064000000 0.022000000 0.018000000 0.022000000 0.010000000 0.012000000 0.0060000000 0.0080000000 0.0180000000 0.0060000000 2.000000e-03 2.000000e-03 0.000000e+00 2.000000e-03 0.000000e+00 0.000000e+00 1.200000e-02
   39    1      2      0    0      1      -1      -1   500 0.096000000 0.16400000 0.26800000 0.10400000 0.09000000 0.02800000 0.03800000 0.02800000 0.058000000 0.018000000 0.022000000 0.010000000 0.018000000 0.012000000 0.0060000000 0.0140000000 0.0080000000 0.0080000000 0.000000e+00 4.000000e-03 0.000000e+00 0.000000e+00 4.000000e-03 0.000000e+00 2.000000e-03
   40    1      2      0    0      1      -1      -1   500 0.024000000 0.35000000 0.12800000 0.17800000 0.07600000 0.07000000 0.02000000 0.03400000 0.014000000 0.026000000 0.008000000 0.014000000 0.010000000 0.004000000 0.0100000000 0.0120000000 0.0040000000 0.0040000000 8.000000e-03 0.000000e+00 4.000000e-03 0.000000e+00 0.000000e+00 0.000000e+00 2.000000e-03
   41    1      2      0    0      1      -1      -1   500 0.046000000 0.11600000 0.30800000 0.10800000 0.13400000 0.07200000 0.05000000 0.02200000 0.020000000 0.022000000 0.022000000 0.006000000 0.008000000 0.012000000 0.0100000000 0.0040000000 0.0060000000 0.0020000000 8.000000e-03 4.000000e-03 8.000000e-03 0.000000e+00 0.000000e+00 8.000000e-03 4.000000e-03
   42    1      2      0    0      1      -1      -1   500 0.070000000 0.17400000 0.14600000 0.22000000 0.07200000 0.13000000 0.04800000 0.04600000 0.010000000 0.022000000 0.010000000 0.014000000 0.014000000 0.004000000 0.0060000000 0.0000000000 0.0020000000 0.0040000000 0.000000e+00 2.000000e-03 4.000000e-03 0.000000e+00 2.000000e-03 0.000000e+00 0.000000e+00
   43    1      2      0    0      1      -1      -1   500 0.078000000 0.28600000 0.15400000 0.07000000 0.15400000 0.04400000 0.05600000 0.03600000 0.018000000 0.012000000 0.020000000 0.010000000 0.012000000 0.012000000 0.0000000000 0.0040000000 0.0060000000 0.0020000000 2.000000e-03 2.000000e-03 6.000000e-03 8.000000e-03 2.000000e-03 2.000000e-03 4.000000e-03
   44    1      2      0    0      1      -1      -1   500 0.026000000 0.21600000 0.27600000 0.10000000 0.05200000 0.14400000 0.03800000 0.05200000 0.016000000 0.028000000 0.010000000 0.006000000 0.008000000 0.012000000 0.0020000000 0.0060000000 0.0000000000 0.0020000000 0.000000e+00 4.000000e-03 0.000000e+00 0.000000e+00 0.000000e+00 2.000000e-03 0.000000e+00
   45    1      2      0    0      1      -1      -1   500 0.054000000 0.14200000 0.18000000 0.25200000 0.07600000 0.03800000 0.08200000 0.04400000 0.046000000 0.012000000 0.018000000 0.006000000 0.012000000 0.002000000 0.0120000000 0.0020000000 0.0040000000 0.0040000000 2.000000e-03 2.000000e-03 0.000000e+00 0.000000e+00 4.000000e-03 2.000000e-03 4.000000e-03
   46    1      2      0    0      1      -1      -1   500 0.028000000 0.21800000 0.11200000 0.17000000 0.18000000 0.06200000 0.03800000 0.08400000 0.032000000 0.018000000 0.010000000 0.014000000 0.002000000 0.008000000 0.0000000000 0.0100000000 0.0020000000 0.0020000000 0.000000e+00 2.000000e-03 0.000000e+00 2.000000e-03 2.000000e-03 0.000000e+00 4.000000e-03
   47    1      2      0    0      1      -1      -1   500 0.036000000 0.20000000 0.16400000 0.09600000 0.16000000 0.11200000 0.03400000 0.02800000 0.062000000 0.022000000 0.038000000 0.012000000 0.008000000 0.002000000 0.0120000000 0.0020000000 0.0040000000 0.0020000000 2.000000e-03 0.000000e+00 2.000000e-03 0.000000e+00 0.000000e+00 0.000000e+00 2.000000e-03
   48    1      2      0    0      1      -1      -1   500 0.056000000 0.15600000 0.19400000 0.14400000 0.06600000 0.08400000 0.11800000 0.03000000 0.028000000 0.054000000 0.018000000 0.028000000 0.006000000 0.002000000 0.0000000000 0.0040000000 0.0020000000 0.0000000000 4.000000e-03 4.000000e-03 2.000000e-03 0.000000e+00 0.000000e+00 0.000000e+00 0.000000e+00
   49    1      2      0    0      1      -1      -1   500 0.042000000 0.21200000 0.14200000 0.12600000 0.10400000 0.06400000 0.08400000 0.09000000 0.030000000 0.004000000 0.040000000 0.016000000 0.030000000 0.004000000 0.0020000000 0.0000000000 0.0040000000 0.0020000000 2.000000e-03 0.000000e+00 2.000000e-03 0.000000e+00 0.000000e+00 0.000000e+00 0.000000e+00
   50    1      2      0    0      1      -1      -1   500 0.068000000 0.14200000 0.17000000 0.11200000 0.12400000 0.11000000 0.04000000 0.05400000 0.062000000 0.034000000 0.016000000 0.012000000 0.010000000 0.024000000 0.0020000000 0.0040000000 0.0020000000 0.0020000000 4.000000e-03 2.000000e-03 0.000000e+00 2.000000e-03 0.000000e+00 0.000000e+00 4.000000e-03
   51    1      2      0    0      1      -1      -1   500 0.052000000 0.16600000 0.14400000 0.14800000 0.09000000 0.07000000 0.08000000 0.05200000 0.058000000 0.072000000 0.010000000 0.006000000 0.022000000 0.004000000 0.0080000000 0.0060000000 0.0040000000 0.0000000000 0.000000e+00 2.000000e-03 2.000000e-03 0.000000e+00 0.000000e+00 2.000000e-03 2.000000e-03
   52    1      2      0    0      1      -1      -1   500 0.042000000 0.23600000 0.16200000 0.09000000 0.09600000 0.06800000 0.07000000 0.06600000 0.012000000 0.032000000 0.036000000 0.016000000 0.010000000 0.028000000 0.0040000000 0.0080000000 0.0040000000 0.0080000000 0.000000e+00 6.000000e-03 2.000000e-03 0.000000e+00 0.000000e+00 0.000000e+00 4.000000e-03
   53    1      2      0    0      1      -1      -1   500 0.020000000 0.25800000 0.19000000 0.11000000 0.09400000 0.09200000 0.03600000 0.05400000 0.042000000 0.012000000 0.022000000 0.018000000 0.010000000 0.010000000 0.0020000000 0.0060000000 0.0100000000 0.0000000000 4.000000e-03 2.000000e-03 0.000000e+00 0.000000e+00 2.000000e-03 2.000000e-03 4.000000e-03
   54    1      2      0    0      1      -1      -1   500 0.058000000 0.08800000 0.27200000 0.20800000 0.09400000 0.04400000 0.07400000 0.03000000 0.022000000 0.024000000 0.012000000 0.018000000 0.024000000 0.002000000 0.0020000000 0.0060000000 0.0060000000 0.0000000000 6.000000e-03 6.000000e-03 0.000000e+00 2.000000e-03 0.000000e+00 0.000000e+00 2.000000e-03
   55    1      2      0    0      1      -1      -1   500 0.064000000 0.25600000 0.07600000 0.17600000 0.12600000 0.09200000 0.03400000 0.04600000 0.014000000 0.016000000 0.030000000 0.016000000 0.018000000 0.010000000 0.0060000000 0.0020000000 0.0060000000 0.0020000000 2.000000e-03 0.000000e+00 0.000000e+00 0.000000e+00 0.000000e+00 2.000000e-03 6.000000e-03
   56    1      2      0    0      1      -1      -1   500 0.036000000 0.31600000 0.17800000 0.04800000 0.11800000 0.09800000 0.04000000 0.01600000 0.038000000 0.028000000 0.032000000 0.016000000 0.008000000 0.008000000 0.0080000000 0.0000000000 0.0040000000 0.0020000000 4.000000e-03 0.000000e+00 0.000000e+00 2.000000e-03 0.000000e+00 0.000000e+00 0.000000e+00
   57    1      2      0    0      1      -1      -1   500 0.016000000 0.22800000 0.26600000 0.12200000 0.03600000 0.08800000 0.07400000 0.04200000 0.022000000 0.034000000 0.014000000 0.008000000 0.016000000 0.006000000 0.0060000000 0.0100000000 0.0040000000 0.0000000000 4.000000e-03 2.000000e-03 0.000000e+00 0.000000e+00 0.000000e+00 0.000000e+00 2.000000e-03
   58    1      2      0    0      1      -1      -1   500 0.018000000 0.14600000 0.21600000 0.23400000 0.12600000 0.02400000 0.06800000 0.03400000 0.026000000 0.036000000 0.014000000 0.008000000 0.016000000 0.010000000 0.0060000000 0.0000000000 0.0100000000 0.0000000000 0.000000e+00 4.000000e-03 0.000000e+00 0.000000e+00 0.000000e+00 0.000000e+00 4.000000e-03
   59    1      2      0    0      1      -1      -1   500 0.024000000 0.10200000 0.14800000 0.17200000 0.21600000 0.10200000 0.03200000 0.06800000 0.040000000 0.020000000 0.010000000 0.018000000 0.004000000 0.012000000 0.0080000000 0.0060000000 0.0080000000 0.0000000000 0.000000e+00 2.000000e-03 0.000000e+00 4.000000e-03 0.000000e+00 0.000000e+00 4.000000e-03
   60    1      2      0    0      1      -1      -1   500 0.092000000 0.08200000 0.11600000 0.12400000 0.13200000 0.16000000 0.08800000 0.02600000 0.044000000 0.042000000 0.018000000 0.008000000 0.012000000 0.010000000 0.0040000000 0.0100000000 0.0020000000 0.0100000000 2.000000e-03 8.000000e-03 0.000000e+00 2.000000e-03 0.000000e+00 4.000000e-03 4.000000e-03
   61    1      2      0    0      1      -1      -1   500 0.026000000 0.28800000 0.09200000 0.05400000 0.07200000 0.09800000 0.12200000 0.08800000 0.012000000 0.054000000 0.028000000 0.010000000 0.008000000 0.018000000 0.0060000000 0.0040000000 0.0100000000 0.0020000000 2.000000e-03 0.000000e+00 0.000000e+00 4.000000e-03 0.000000e+00 0.000000e+00 2.000000e-03
   62    1      2      0    0      1      -1      -1   500 0.026000000 0.17800000 0.28000000 0.04800000 0.05200000 0.08400000 0.06600000 0.08400000 0.050000000 0.012000000 0.038000000 0.022000000 0.010000000 0.016000000 0.0100000000 0.0040000000 0.0040000000 0.0000000000 6.000000e-03 2.000000e-03 4.000000e-03 0.000000e+00 0.000000e+00 0.000000e+00 4.000000e-03
   63    1      2      0    0      1      -1      -1   500 0.040000000 0.15000000 0.17600000 0.23000000 0.06000000 0.04000000 0.03600000 0.06400000 0.072000000 0.050000000 0.008000000 0.020000000 0.016000000 0.012000000 0.0040000000 0.0060000000 0.0020000000 0.0040000000 2.000000e-03 2.000000e-03 2.000000e-03 4.000000e-03 0.000000e+00 0.000000e+00 0.000000e+00
   64    1      2      0    0      1      -1      -1   500 0.030000000 0.17000000 0.15200000 0.15200000 0.17600000 0.03600000 0.02400000 0.04400000 0.060000000 0.050000000 0.020000000 0.006000000 0.018000000 0.024000000 0.0020000000 0.0100000000 0.0040000000 0.0020000000 8.000000e-03 4.000000e-03 4.000000e-03 0.000000e+00 2.000000e-03 0.000000e+00 2.000000e-03
   65    1      2      0    0      1      -1      -1   500 0.060000000 0.15000000 0.13800000 0.11800000 0.07200000 0.18400000 0.04200000 0.03000000 0.020000000 0.038000000 0.056000000 0.024000000 0.004000000 0.020000000 0.0100000000 0.0100000000 0.0060000000 0.0100000000 0.000000e+00 2.000000e-03 2.000000e-03 0.000000e+00 4.000000e-03 0.000000e+00 0.000000e+00
   66    1      2      0    0      1      -1      -1   500 0.020000000 0.23400000 0.13600000 0.11200000 0.08400000 0.06600000 0.11600000 0.03400000 0.030000000 0.014000000 0.030000000 0.042000000 0.028000000 0.006000000 0.0120000000 0.0080000000 0.0000000000 0.0060000000 2.000000e-03 0.000000e+00 4.000000e-03 1.000000e-02 0.000000e+00 2.000000e-03 4.000000e-03
   67    1      2      0    0      1      -1      -1   500 0.034000000 0.11200000 0.29400000 0.09200000 0.08400000 0.06400000 0.06400000 0.08200000 0.022000000 0.022000000 0.022000000 0.026000000 0.034000000 0.016000000 0.0040000000 0.0140000000 0.0060000000 0.0000000000 0.000000e+00 0.000000e+00 0.000000e+00 2.000000e-03 2.000000e-03 2.000000e-03 2.000000e-03
   68    1      2      0    0      1      -1      -1   500 0.026000000 0.11400000 0.14400000 0.22800000 0.06400000 0.08800000 0.06200000 0.04000000 0.092000000 0.018000000 0.026000000 0.010000000 0.018000000 0.020000000 0.0160000000 0.0060000000 0.0080000000 0.0000000000 6.000000e-03 0.000000e+00 0.000000e+00 2.000000e-03 4.000000e-03 2.000000e-03 6.000000e-03
   69    1      2      0    0      1      -1      -1   500 0.036000000 0.21000000 0.12200000 0.09200000 0.19200000 0.06600000 0.05400000 0.04200000 0.036000000 0.046000000 0.012000000 0.004000000 0.012000000 0.018000000 0.0140000000 0.0140000000 0.0000000000 0.0080000000 4.000000e-03 4.000000e-03 4.000000e-03 2.000000e-03 0.000000e+00 2.000000e-03 6.000000e-03
   70    1      2      0    0      1      -1      -1   500 0.044000000 0.25000000 0.15200000 0.07800000 0.09800000 0.15200000 0.02800000 0.03200000 0.040000000 0.022000000 0.044000000 0.000000000 0.010000000 0.006000000 0.0100000000 0.0140000000 0.0080000000 0.0040000000 0.000000e+00 4.000000e-03 0.000000e+00 2.000000e-03 0.000000e+00 0.000000e+00 2.000000e-03
   71    1      2      0    0      1      -1      -1   500 0.062000000 0.21600000 0.20600000 0.11000000 0.07800000 0.06600000 0.08600000 0.03000000 0.034000000 0.018000000 0.020000000 0.022000000 0.004000000 0.008000000 0.0100000000 0.0100000000 0.0060000000 0.0060000000 0.000000e+00 2.000000e-03 2.000000e-03 0.000000e+00 0.000000e+00 2.000000e-03 2.000000e-03
   72    1      2      0    0      1      -1      -1   500 0.048000000 0.27400000 0.18000000 0.13000000 0.08800000 0.04400000 0.05400000 0.04600000 0.018000000 0.026000000 0.020000000 0.012000000 0.020000000 0.004000000 0.0080000000 0.0020000000 0.0020000000 0.0100000000 6.000000e-03 0.000000e+00 0.000000e+00 0.000000e+00 4.000000e-03 0.000000e+00 4.000000e-03
   73    1      2      0    0      1      -1      -1   500 0.036000000 0.12600000 0.26800000 0.15600000 0.11800000 0.05400000 0.04400000 0.03400000 0.052000000 0.020000000 0.022000000 0.014000000 0.014000000 0.014000000 0.0040000000 0.0060000000 0.0020000000 0.0060000000 8.000000e-03 0.000000e+00 0.000000e+00 2.000000e-03 0.000000e+00 0.000000e+00 0.000000e+00
   74    1      2      0    0      1      -1      -1   500 0.036000000 0.14200000 0.14200000 0.24400000 0.10800000 0.08400000 0.05400000 0.02800000 0.030000000 0.044000000 0.014000000 0.016000000 0.010000000 0.006000000 0.0080000000 0.0040000000 0.0060000000 0.0040000000 4.000000e-03 6.000000e-03 0.000000e+00 2.000000e-03 0.000000e+00 0.000000e+00 8.000000e-03
   75    1      2      0    0      1      -1      -1   500 0.048000000 0.18800000 0.13400000 0.09000000 0.19600000 0.08400000 0.06400000 0.04200000 0.016000000 0.020000000 0.038000000 0.014000000 0.006000000 0.004000000 0.0040000000 0.0240000000 0.0000000000 0.0020000000 2.000000e-03 4.000000e-03 6.000000e-03 4.000000e-03 0.000000e+00 2.000000e-03 8.000000e-03
   76    1      2      0    0      1      -1      -1   500 0.044000000 0.25600000 0.14800000 0.08000000 0.06000000 0.14400000 0.05400000 0.03800000 0.028000000 0.012000000 0.022000000 0.030000000 0.016000000 0.014000000 0.0080000000 0.0060000000 0.0120000000 0.0020000000 6.000000e-03 4.000000e-03 4.000000e-03 6.000000e-03 4.000000e-03 0.000000e+00 2.000000e-03
   77    1      2      0    0      1      -1      -1   500 0.038000000 0.23200000 0.18200000 0.10600000 0.08400000 0.06400000 0.09200000 0.06200000 0.044000000 0.022000000 0.006000000 0.012000000 0.014000000 0.018000000 0.0120000000 0.0020000000 0.0040000000 0.0020000000 0.000000e+00 0.000000e+00 4.000000e-03 0.000000e+00 0.000000e+00 0.000000e+00 0.000000e+00
   78    1      2      0    0      1      -1      -1   500 0.056000000 0.19600000 0.22000000 0.17000000 0.05400000 0.06000000 0.03800000 0.08800000 0.030000000 0.024000000 0.014000000 0.006000000 0.008000000 0.010000000 0.0020000000 0.0100000000 0.0040000000 0.0000000000 2.000000e-03 4.000000e-03 0.000000e+00 0.000000e+00 2.000000e-03 0.000000e+00 2.000000e-03
   79    1      2      0    0      1      -1      -1   500 0.048000000 0.28000000 0.18000000 0.14200000 0.13600000 0.03000000 0.03200000 0.02600000 0.042000000 0.034000000 0.012000000 0.016000000 0.002000000 0.002000000 0.0040000000 0.0040000000 0.0020000000 0.0020000000 0.000000e+00 2.000000e-03 0.000000e+00 0.000000e+00 2.000000e-03 0.000000e+00 2.000000e-03
   80    1      2      0    0      1      -1      -1   500 0.064000000 0.18400000 0.20400000 0.10800000 0.11400000 0.08000000 0.04200000 0.02400000 0.036000000 0.052000000 0.016000000 0.028000000 0.014000000 0.010000000 0.0040000000 0.0080000000 0.0040000000 0.0020000000 0.000000e+00 2.000000e-03 2.000000e-03 0.000000e+00 0.000000e+00 0.000000e+00 2.000000e-03
   81    1      2      0    0      1      -1      -1   500 0.034000000 0.25000000 0.17400000 0.16400000 0.08400000 0.08400000 0.06600000 0.03000000 0.020000000 0.016000000 0.030000000 0.008000000 0.010000000 0.006000000 0.0020000000 0.0040000000 0.0060000000 0.0000000000 2.000000e-03 4.000000e-03 0.000000e+00 0.000000e+00 0.000000e+00 0.000000e+00 6.000000e-03
   82    1      2      0    0      1      -1      -1   500 0.032000000 0.19000000 0.27000000 0.10400000 0.13200000 0.06400000 0.05400000 0.04400000 0.026000000 0.010000000 0.018000000 0.006000000 0.012000000 0.016000000 0.0040000000 0.0020000000 0.0020000000 0.0060000000 2.000000e-03 0.000000e+00 2.000000e-03 0.000000e+00 0.000000e+00 2.000000e-03 2.000000e-03
   83    1      2      0    0      1      -1      -1   500 0.050000000 0.14000000 0.13000000 0.21600000 0.12000000 0.10200000 0.06000000 0.05000000 0.040000000 0.014000000 0.012000000 0.016000000 0.024000000 0.006000000 0.0060000000 0.0040000000 0.0020000000 0.0000000000 4.000000e-03 2.000000e-03 0.000000e+00 0.000000e+00 0.000000e+00 2.000000e-03 0.000000e+00
   84    1      2      0    0      1      -1      -1   500 0.030000000 0.26400000 0.09000000 0.11400000 0.15200000 0.09400000 0.07200000 0.02600000 0.056000000 0.036000000 0.018000000 0.010000000 0.000000000 0.016000000 0.0020000000 0.0040000000 0.0040000000 0.0000000000 2.000000e-03 2.000000e-03 2.000000e-03 0.000000e+00 2.000000e-03 0.000000e+00 4.000000e-03
   85    1      2      0    0      1      -1      -1   500 0.044000000 0.14000000 0.23400000 0.11600000 0.07800000 0.12800000 0.05000000 0.06000000 0.042000000 0.026000000 0.028000000 0.014000000 0.010000000 0.002000000 0.0080000000 0.0020000000 0.0040000000 0.0020000000 0.000000e+00 2.000000e-03 8.000000e-03 0.000000e+00 0.000000e+00 0.000000e+00 2.000000e-03
   86    1      2      0    0      1      -1      -1   500 0.052000000 0.21200000 0.14000000 0.18800000 0.04600000 0.07200000 0.07000000 0.03800000 0.046000000 0.034000000 0.032000000 0.020000000 0.006000000 0.012000000 0.0040000000 0.0100000000 0.0040000000 0.0020000000 4.000000e-03 2.000000e-03 4.000000e-03 0.000000e+00 0.000000e+00 0.000000e+00 2.000000e-03
   87    1      2      0    0      1      -1      -1   500 0.032000000 0.25000000 0.17400000 0.11400000 0.13000000 0.04200000 0.04400000 0.07800000 0.044000000 0.030000000 0.018000000 0.012000000 0.012000000 0.004000000 0.0020000000 0.0000000000 0.0040000000 0.0000000000 6.000000e-03 4.000000e-03 0.000000e+00 0.000000e+00 0.000000e+00 0.000000e+00 0.000000e+00
   88    1      2      0    0      1      -1      -1   500 0.046000000 0.10800000 0.23200000 0.15600000 0.11800000 0.11400000 0.03400000 0.03400000 0.052000000 0.030000000 0.018000000 0.018000000 0.014000000 0.000000000 0.0080000000 0.0020000000 0.0020000000 0.0060000000 2.000000e-03 4.000000e-03 0.000000e+00 0.000000e+00 0.000000e+00 0.000000e+00 2.000000e-03
   89    1      2      0    0      1      -1      -1   500 0.030000000 0.20000000 0.09000000 0.18200000 0.13600000 0.08000000 0.09600000 0.02200000 0.030000000 0.030000000 0.032000000 0.026000000 0.012000000 0.008000000 0.0100000000 0.0000000000 0.0020000000 0.0020000000 2.000000e-03 4.000000e-03 2.000000e-03 0.000000e+00 4.000000e-03 0.000000e+00 0.000000e+00
   90    1      2      0    0      1      -1      -1   500 0.048000000 0.24000000 0.17400000 0.07600000 0.11800000 0.07200000 0.04600000 0.07000000 0.024000000 0.016000000 0.042000000 0.018000000 0.016000000 0.008000000 0.0100000000 0.0080000000 0.0080000000 0.0000000000 0.000000e+00 4.000000e-03 0.000000e+00 2.000000e-03 0.000000e+00 0.000000e+00 0.000000e+00
   91    1      2      0    0      1      -1      -1   500 0.028000000 0.21000000 0.18800000 0.14200000 0.04600000 0.12200000 0.05600000 0.04000000 0.066000000 0.012000000 0.022000000 0.020000000 0.004000000 0.020000000 0.0020000000 0.0120000000 0.0040000000 0.0000000000 2.000000e-03 0.000000e+00 0.000000e+00 0.000000e+00 0.000000e+00 0.000000e+00 4.000000e-03
   92    1      2      0    0      1      -1      -1   500 0.048000000 0.18600000 0.16000000 0.16000000 0.13800000 0.04000000 0.09200000 0.04400000 0.020000000 0.042000000 0.010000000 0.018000000 0.012000000 0.014000000 0.0060000000 0.0060000000 0.0000000000 0.0000000000 0.000000e+00 4.000000e-03 0.000000e+00 0.000000e+00 0.000000e+00 0.000000e+00 0.000000e+00
   93    1      2      0    0      1      -1      -1   500 0.084000000 0.15000000 0.17000000 0.15400000 0.08600000 0.09000000 0.03600000 0.06000000 0.036000000 0.038000000 0.034000000 0.010000000 0.002000000 0.016000000 0.0060000000 0.0100000000 0.0000000000 0.0040000000 4.000000e-03 2.000000e-03 2.000000e-03 2.000000e-03 4.000000e-03 0.000000e+00 0.000000e+00
   94    1      2      0    0      1      -1      -1   500 0.042000000 0.26600000 0.13600000 0.13400000 0.08200000 0.08200000 0.07000000 0.02400000 0.048000000 0.044000000 0.008000000 0.020000000 0.008000000 0.010000000 0.0140000000 0.0020000000 0.0020000000 0.0000000000 2.000000e-03 2.000000e-03 2.000000e-03 0.000000e+00 0.000000e+00 0.000000e+00 2.000000e-03
   95    1      2      0    0      1      -1      -1   500 0.052000000 0.17400000 0.26000000 0.13000000 0.09000000 0.07600000 0.05200000 0.04400000 0.020000000 0.016000000 0.022000000 0.020000000 0.020000000 0.002000000 0.0060000000 0.0040000000 0.0000000000 0.0060000000 0.000000e+00 0.000000e+00 0.000000e+00 4.000000e-03 0.000000e+00 0.000000e+00 2.000000e-03
   96    1      2      0    0      1      -1      -1   500 0.070000000 0.24400000 0.18200000 0.14400000 0.07200000 0.05600000 0.06800000 0.02200000 0.040000000 0.008000000 0.026000000 0.018000000 0.010000000 0.014000000 0.0080000000 0.0040000000 0.0040000000 0.0000000000 2.000000e-03 6.000000e-03 0.000000e+00 0.000000e+00 0.000000e+00 0.000000e+00 2.000000e-03
   97    1      2      0    0      1      -1      -1   500 0.020000000 0.29600000 0.21600000 0.09800000 0.11400000 0.04800000 0.05200000 0.04800000 0.024000000 0.016000000 0.010000000 0.010000000 0.012000000 0.010000000 0.0100000000 0.0040000000 0.0020000000 0.0020000000 0.000000e+00 2.000000e-03 0.000000e+00 2.000000e-03 0.000000e+00 0.000000e+00 4.000000e-03
   98    1      2      0    0      1      -1      -1   500 0.026000000 0.11800000 0.30400000 0.15200000 0.09600000 0.08600000 0.04200000 0.03600000 0.036000000 0.030000000 0.024000000 0.006000000 0.024000000 0.002000000 0.0020000000 0.0080000000 0.0000000000 0.0000000000 2.000000e-03 6.000000e-03 0.000000e+00 0.000000e+00 0.000000e+00 0.000000e+00 0.000000e+00
   99    1      2      0    0      1      -1      -1   500 0.044000000 0.15600000 0.11600000 0.23200000 0.12400000 0.06600000 0.07600000 0.03600000 0.038000000 0.024000000 0.022000000 0.022000000 0.006000000 0.012000000 0.0060000000 0.0000000000 0.0100000000 0.0000000000 6.000000e-03 0.000000e+00 0.000000e+00 2.000000e-03 0.000000e+00 0.000000e+00 2.000000e-03
  100    1      2      0    0      1      -1      -1   500 0.038000000 0.20000000 0.16000000 0.09200000 0.17400000 0.10600000 0.05000000 0.04600000 0.024000000 0.030000000 0.020000000 0.012000000 0.020000000 0.004000000 0.0060000000 0.0040000000 0.0040000000 0.0020000000 0.000000e+00 0.000000e+00 6.000000e-03 2.000000e-03 0.000000e+00 0.000000e+00 0.000000e+00
0 #_N_MeanSize_at_Age_obs
0 #_N_environ_variables
0 #_N_environ_obs
0 #_N_sizefreq_methods
0 #_do_tags
0 #_morphcomp_data
#
999
