#C data file created using the SS_writedat function in the R package r4ss
#C should work with SS version: 
#C file write time: 2014-11-06 01:25:42
#
1 #_styr
100 #_endyr
1 #_nseas
12 #_months_per_seas
1 #_spawn_seas
1 #_Nfleet
2 #_Nsurveys
1 #_N_areas
Fishery%Survey%CPUE #_fleetnames
0.5 0.5 0.5 #_surveytiming_in_season
1 1 1 #_area_assignments_for_each_fishery_and_survey
1 #_units of catch:  1=bio; 2=num
0.01 #_se of log(catch) only used for init_eq_catch and for Fmethod 2 and 3
1 #_Ngenders
25 #_Nages
0 #_init_equil_catch_for_each_fishery
100 #_N_lines_of_catch_to_read
 #_Fishery year seas
         0    1    1
         0    2    1
         0    3    1
         0    4    1
         0    5    1
         0    6    1
         0    7    1
         0    8    1
         0    9    1
         0   10    1
         0   11    1
         0   12    1
         0   13    1
         0   14    1
         0   15    1
         0   16    1
         0   17    1
         0   18    1
         0   19    1
         0   20    1
         0   21    1
         0   22    1
         0   23    1
         0   24    1
         0   25    1
 279601000   26    1
 257972000   27    1
 237745000   28    1
 220303000   29    1
 201883000   30    1
 185786000   31    1
 174873000   32    1
 168615000   33    1
 168553000   34    1
 167019000   35    1
 164875000   36    1
 164398000   37    1
 161675000   38    1
 156382000   39    1
 149698000   40    1
 147660000   41    1
 149852000   42    1
 149547000   43    1
 148687000   44    1
 145727000   45    1
 141169000   46    1
 139573000   47    1
 139813000   48    1
 139900000   49    1
 143867000   50    1
 147403000   51    1
 146729000   52    1
 144712000   53    1
 145295000   54    1
 149152000   55    1
 153254000   56    1
 153182000   57    1
 154039000   58    1
 153973000   59    1
 153504000   60    1
 158362000   61    1
 165382000   62    1
 176534000   63    1
 187815000   64    1
 200537000   65    1
 205978000   66    1
 209236000   67    1
 209402000   68    1
 207608000   69    1
 202929000   70    1
 204315000   71    1
 208131000   72    1
 206231000   73    1
 201873000   74    1
 194599000   75    1
 190117000   76    1
 185742000   77    1
 177928000   78    1
 168833000   79    1
 159406000   80    1
 151063000   81    1
 144509000   82    1
 140754000   83    1
 137930000   84    1
 136495000   85    1
 135940000   86    1
 138057000   87    1
 140727000   88    1
 145134000   89    1
 145272000   90    1
 141969000   91    1
 136107000   92    1
 129479000   93    1
 126203000   94    1
 125789000   95    1
 125607000   96    1
 125261000   97    1
 126317000   98    1
 126854000   99    1
 126845000  100    1
13 #_N_cpue
 #_Fleet Units Errtype
       1     1       0
       2     1       0
       3     1       0
 #_year seas index        obs se_log
     76    1     2 2266383686    0.2
     78    1     2 2250472594    0.2
     80    1     2 2079076385    0.2
     82    1     2 2589380485    0.2
     84    1     2 1403508002    0.2
     86    1     2 1809258867    0.2
     88    1     2 1692190434    0.2
     90    1     2 2442855919    0.2
     92    1     2 1613191714    0.2
     94    1     2 1444995475    0.2
     96    1     2 1556685683    0.2
     98    1     2 1767425043    0.2
    100    1     2 1725942143    0.2
0 #_N_discard_fleets
#_discard_units (1=same_as_catchunits(bio/num); 2=fraction; 3=numbers)
#_discard_errtype:  >0 for DF of T-dist(read CV below); 0 for normal with CV; -1 for normal with se; -2 for lognormal
0 #_N_discard
0 #_N_meanbodywt
1 #_DF_for_meanbodywt_T-distribution_like
2 # length bin method: 1=use databins; 2=generate from binwidth,min,max below; 3=read vector
1 # binwidth for population size comp
10 # minimum size in the population (lower edge of first bin and size at age 0.00)
200 # maximum size in the population (lower edge of last bin)
-0.001 #_comp_tail_compression
1e-05 #_add_to_comp
0 #_combine males into females at or below this bin number
21 #_N_lbins
#_lbin_vector
10 53 70 83 94 101 107 111 114 117 120 123 125 127 130 132 135 138 142 148 200
0 #_N_Length_comp_observations
25 #_N_agebins
#_agebin_vector
1 2 3 4 5 6 7 8 9 10 11 12 13 14 15 16 17 18 19 20 21 22 23 24 25
1 #_N_ageerror_definitions
 #_age0   age1   age2   age3   age4   age5   age6   age7   age8   age9  age10  age11  age12  age13  age14  age15  age16  age17  age18  age19  age20  age21  age22  age23  age24  age25
 -1.000 -1.000 -1.000 -1.000 -1.000 -1.000 -1.000 -1.000 -1.000 -1.000 -1.000 -1.000 -1.000 -1.000 -1.000 -1.000 -1.000 -1.000 -1.000 -1.000 -1.000 -1.000 -1.000 -1.000 -1.000 -1.000
  0.001  0.001  0.001  0.001  0.001  0.001  0.001  0.001  0.001  0.001  0.001  0.001  0.001  0.001  0.001  0.001  0.001  0.001  0.001  0.001  0.001  0.001  0.001  0.001  0.001  0.001
22 #_N_agecomp
1 #_Lbin_method: 1=poplenbins; 2=datalenbins; 3=lengths
-1 #_combine males into females at or below this bin number
 #_Yr Seas FltSvy Gender Part Ageerr Lbin_lo Lbin_hi Nsamp          a1         a2         a3         a4         a5         a6         a7          a8         a9         a10         a11         a12          a13          a14         a15          a16          a17          a18          a19          a20          a21          a22          a23          a24          a25
   50    1      1      0    0      1      -1      -1   200 0.003798943 0.19600766 0.22417748 0.09266424 0.17164643 0.07279767 0.02932150 0.056318560 0.02397699 0.008064736 0.043358523 0.009567856 0.0101229071 0.0222878490 0.010124278 0.0076894823 0.0011915282 6.533135e-03 6.370598e-03 1.036809e-07 1.435274e-04 1.514884e-09 3.740906e-03 3.517709e-10 9.508256e-05
   55    1      1      0    0      1      -1      -1   200 0.011941284 0.25154284 0.23788337 0.19233940 0.03608928 0.05927095 0.05968684 0.046546933 0.01635172 0.027785594 0.010594168 0.006363508 0.0173704478 0.0004088321 0.009361110 0.0022041056 0.0001782916 9.027371e-03 2.404527e-03 3.445243e-04 1.258545e-07 5.936511e-06 9.106019e-05 3.946085e-04 1.813184e-03
   60    1      1      0    0      1      -1      -1   200 0.007349648 0.21827864 0.05749245 0.19563787 0.09118421 0.06578339 0.09145752 0.099858455 0.02971128 0.015682925 0.019495197 0.025180369 0.0369064139 0.0102679522 0.015192560 0.0008545232 0.0106666985 3.127386e-04 1.231457e-03 2.717763e-05 7.346209e-03 1.005193e-05 2.502146e-09 1.144152e-10 7.227551e-05
   65    1      1      0    0      1      -1      -1   200 0.011240404 0.07912426 0.26584748 0.14465495 0.26489413 0.04896170 0.06959803 0.002642409 0.03394026 0.023408894 0.007297012 0.015989378 0.0203574694 0.0054647166 0.001529926 0.0027406100 0.0001207041 1.120152e-03 1.886855e-04 7.600261e-05 7.030474e-04 7.735544e-11 1.190229e-10 1.471615e-12 9.978567e-05
   70    1      1      0    0      1      -1      -1   200 0.016470150 0.18742001 0.11697319 0.18379432 0.07677517 0.14058927 0.03453608 0.113283060 0.02683243 0.024964151 0.025517865 0.031070706 0.0003312136 0.0054472237 0.002083169 0.0050121171 0.0018205673 3.282049e-03 8.777349e-04 1.494735e-03 1.847329e-04 6.171268e-05 1.238529e-04 8.690549e-19 1.054487e-03
   75    1      1      0    0      1      -1      -1   200 0.023256056 0.19225283 0.08899348 0.12770381 0.06162495 0.17760854 0.05939071 0.034910733 0.06701906 0.036838807 0.038538466 0.011813063 0.0371709390 0.0065294750 0.007590568 0.0058059260 0.0028132889 8.930618e-04 3.109251e-03 7.789176e-05 3.202975e-09 2.215250e-04 1.583643e-02 1.163936e-09 1.142816e-06
   80    1      1      0    0      1      -1      -1   200 0.003978636 0.18653669 0.13885018 0.11660737 0.07195821 0.13421040 0.11253809 0.040024194 0.03997663 0.013721242 0.070581461 0.010420729 0.0072641097 0.0253207731 0.001877182 0.0047786593 0.0116215553 3.667748e-03 1.027116e-05 1.443845e-03 5.982444e-04 2.407600e-03 1.762279e-06 2.784027e-06 1.601640e-03
   85    1      1      0    0      1      -1      -1   200 0.030470227 0.11444646 0.25619102 0.12510842 0.13537188 0.04329844 0.06809732 0.025451983 0.04991576 0.020676698 0.066781127 0.029615882 0.0051622589 0.0057987495 0.003690635 0.0115920623 0.0021154828 1.187776e-04 3.733937e-03 2.715592e-04 8.662415e-04 1.437195e-05 1.024721e-03 8.185123e-06 1.778013e-04
   90    1      1      0    0      1      -1      -1   200 0.005112605 0.08806294 0.15223908 0.31749852 0.07427100 0.10958974 0.08736977 0.047647573 0.04142870 0.033463266 0.007781761 0.004443855 0.0073347687 0.0011583279 0.003809730 0.0022287785 0.0085528151 2.404832e-05 2.103798e-03 1.595366e-03 2.246068e-03 8.889344e-09 3.974917e-04 4.679174e-13 1.639987e-03
   95    1      1      0    0      1      -1      -1   200 0.009346327 0.18669475 0.24853158 0.12502485 0.02947353 0.06544522 0.03553249 0.054684459 0.04816442 0.047931057 0.040391683 0.037101578 0.0152630517 0.0096211418 0.021778473 0.0147616052 0.0007047829 9.202388e-06 1.194235e-03 1.856624e-04 3.561926e-03 4.577558e-03 8.648823e-06 8.484467e-06 3.281806e-06
  100    1      1      0    0      1      -1      -1   200 0.012951837 0.11588791 0.21570190 0.14559904 0.14431891 0.08498920 0.06938360 0.049677691 0.05747681 0.014592595 0.011441419 0.009969097 0.0085308544 0.0212502482 0.009128061 0.0186521385 0.0061289698 5.165537e-04 8.504718e-04 9.019339e-05 3.712328e-04 4.725448e-04 3.499524e-12 3.827082e-04 1.636014e-03
   50    1      2      0    0      1      -1      -1   200 0.005000000 0.22000000 0.27500000 0.08000000 0.11000000 0.08000000 0.03500000 0.035000000 0.04000000 0.020000000 0.050000000 0.015000000 0.0000000000 0.0100000000 0.000000000 0.0150000000 0.0050000000 0.000000e+00 5.000000e-03 0.000000e+00 0.000000e+00 0.000000e+00 0.000000e+00 0.000000e+00 0.000000e+00
   55    1      2      0    0      1      -1      -1   200 0.015000000 0.23500000 0.26500000 0.14000000 0.06000000 0.05000000 0.07000000 0.030000000 0.03000000 0.025000000 0.025000000 0.000000000 0.0050000000 0.0050000000 0.020000000 0.0000000000 0.0050000000 0.000000e+00 1.000000e-02 5.000000e-03 0.000000e+00 0.000000e+00 0.000000e+00 5.000000e-03 0.000000e+00
   60    1      2      0    0      1      -1      -1   200 0.025000000 0.34000000 0.07500000 0.15500000 0.09000000 0.04500000 0.10500000 0.045000000 0.04000000 0.005000000 0.000000000 0.020000000 0.0150000000 0.0000000000 0.025000000 0.0050000000 0.0000000000 0.000000e+00 0.000000e+00 0.000000e+00 5.000000e-03 0.000000e+00 5.000000e-03 0.000000e+00 0.000000e+00
   65    1      2      0    0      1      -1      -1   200 0.030000000 0.15500000 0.32000000 0.09500000 0.14000000 0.05000000 0.08500000 0.035000000 0.02500000 0.025000000 0.000000000 0.030000000 0.0050000000 0.0000000000 0.005000000 0.0000000000 0.0000000000 0.000000e+00 0.000000e+00 0.000000e+00 0.000000e+00 0.000000e+00 0.000000e+00 0.000000e+00 0.000000e+00
   70    1      2      0    0      1      -1      -1   200 0.085000000 0.20000000 0.09000000 0.15000000 0.09000000 0.08500000 0.04500000 0.090000000 0.03500000 0.060000000 0.015000000 0.015000000 0.0050000000 0.0000000000 0.010000000 0.0000000000 0.0100000000 1.000000e-02 0.000000e+00 5.000000e-03 0.000000e+00 0.000000e+00 0.000000e+00 0.000000e+00 0.000000e+00
   75    1      2      0    0      1      -1      -1   200 0.075000000 0.18500000 0.05000000 0.15500000 0.07000000 0.16000000 0.07000000 0.010000000 0.07000000 0.035000000 0.010000000 0.010000000 0.0300000000 0.0200000000 0.010000000 0.0050000000 0.0150000000 5.000000e-03 5.000000e-03 5.000000e-03 0.000000e+00 0.000000e+00 0.000000e+00 5.000000e-03 0.000000e+00
   80    1      2      0    0      1      -1      -1   200 0.015000000 0.16000000 0.09000000 0.16000000 0.05000000 0.12500000 0.17000000 0.055000000 0.04500000 0.015000000 0.030000000 0.020000000 0.0000000000 0.0100000000 0.005000000 0.0100000000 0.0050000000 2.500000e-02 5.000000e-03 0.000000e+00 0.000000e+00 5.000000e-03 0.000000e+00 0.000000e+00 0.000000e+00
   85    1      2      0    0      1      -1      -1   200 0.085000000 0.15000000 0.20500000 0.11500000 0.15000000 0.05500000 0.06000000 0.035000000 0.04500000 0.020000000 0.025000000 0.005000000 0.0100000000 0.0200000000 0.000000000 0.0150000000 0.0050000000 0.000000e+00 0.000000e+00 0.000000e+00 0.000000e+00 0.000000e+00 0.000000e+00 0.000000e+00 0.000000e+00
   90    1      2      0    0      1      -1      -1   200 0.030000000 0.10000000 0.17000000 0.20500000 0.09500000 0.13500000 0.03000000 0.075000000 0.02000000 0.030000000 0.015000000 0.015000000 0.0100000000 0.0100000000 0.015000000 0.0150000000 0.0050000000 5.000000e-03 1.000000e-02 0.000000e+00 0.000000e+00 0.000000e+00 0.000000e+00 1.000000e-02 0.000000e+00
   95    1      2      0    0      1      -1      -1   200 0.030000000 0.20500000 0.23000000 0.16500000 0.04500000 0.05500000 0.04000000 0.050000000 0.03500000 0.020000000 0.055000000 0.005000000 0.0200000000 0.0050000000 0.005000000 0.0050000000 0.0050000000 5.000000e-03 0.000000e+00 5.000000e-03 5.000000e-03 5.000000e-03 0.000000e+00 0.000000e+00 5.000000e-03
  100    1      2      0    0      1      -1      -1   200 0.030000000 0.18000000 0.17500000 0.16500000 0.15000000 0.09000000 0.05000000 0.060000000 0.03000000 0.005000000 0.010000000 0.000000000 0.0150000000 0.0100000000 0.005000000 0.0100000000 0.0050000000 1.000000e-02 0.000000e+00 0.000000e+00 0.000000e+00 0.000000e+00 0.000000e+00 0.000000e+00 0.000000e+00
0 #_N_MeanSize_at_Age_obs
0 #_N_environ_variables
0 #_N_environ_obs
0 #_N_sizefreq_methods
0 #_do_tags
0 #_morphcomp_data
#
999
