#C data file created using the SS_writedat function in the R package r4ss
#C should work with SS version: 
#C file write time: 2014-11-05 23:39:23
#
1 #_styr
100 #_endyr
1 #_nseas
12 #_months_per_seas
1 #_spawn_seas
1 #_Nfleet
2 #_Nsurveys
1 #_N_areas
Fishery%Survey%CPUE #_fleetnames
0.5 0.5 0.5 #_surveytiming_in_season
1 1 1 #_area_assignments_for_each_fishery_and_survey
1 #_units of catch:  1=bio; 2=num
0.01 #_se of log(catch) only used for init_eq_catch and for Fmethod 2 and 3
1 #_Ngenders
25 #_Nages
0 #_init_equil_catch_for_each_fishery
100 #_N_lines_of_catch_to_read
 #_Fishery year seas
         0    1    1
         0    2    1
         0    3    1
         0    4    1
         0    5    1
         0    6    1
         0    7    1
         0    8    1
         0    9    1
         0   10    1
         0   11    1
         0   12    1
         0   13    1
         0   14    1
         0   15    1
         0   16    1
         0   17    1
         0   18    1
         0   19    1
         0   20    1
         0   21    1
         0   22    1
         0   23    1
         0   24    1
         0   25    1
 236686000   26    1
 220286000   27    1
 205341000   28    1
 197112000   29    1
 192429000   30    1
 187165000   31    1
 185484000   32    1
 191310000   33    1
 195999000   34    1
 193639000   35    1
 188182000   36    1
 181566000   37    1
 178252000   38    1
 176108000   39    1
 173510000   40    1
 170141000   41    1
 163949000   42    1
 156463000   43    1
 150091000   44    1
 146580000   45    1
 143344000   46    1
 139202000   47    1
 137685000   48    1
 139006000   49    1
 138022000   50    1
 137999000   51    1
 139046000   52    1
 143505000   53    1
 144645000   54    1
 145528000   55    1
 149225000   56    1
 151952000   57    1
 151431000   58    1
 150296000   59    1
 151454000   60    1
 152818000   61    1
 151875000   62    1
 149436000   63    1
 150632000   64    1
 157354000   65    1
 162763000   66    1
 167058000   67    1
 172746000   68    1
 173919000   69    1
 175804000   70    1
 181189000   71    1
 181171000   72    1
 177509000   73    1
 173006000   74    1
 168177000   75    1
 161468000   76    1
 156643000   77    1
 156783000   78    1
 159960000   79    1
 160670000   80    1
 160329000   81    1
 159790000   82    1
 159259000   83    1
 157954000   84    1
 157567000   85    1
 161697000   86    1
 167243000   87    1
 169842000   88    1
 175674000   89    1
 181762000   90    1
 181437000   91    1
 179827000   92    1
 179019000   93    1
 178382000   94    1
 177086000   95    1
 177344000   96    1
 179285000   97    1
 177407000   98    1
 173588000   99    1
 170357000  100    1
13 #_N_cpue
 #_Fleet Units Errtype
       1     1       0
       2     1       0
       3     1       0
 #_year seas index        obs se_log
     76    1     2 2171313881    0.2
     78    1     2 1330751228    0.2
     80    1     2 2738063721    0.2
     82    1     2 2141425690    0.2
     84    1     2 2440704291    0.2
     86    1     2 1195563125    0.2
     88    1     2 2642379257    0.2
     90    1     2 2221024223    0.2
     92    1     2 2601358072    0.2
     94    1     2 1587751640    0.2
     96    1     2 2217971208    0.2
     98    1     2 3374369999    0.2
    100    1     2 2248445544    0.2
0 #_N_discard_fleets
#_discard_units (1=same_as_catchunits(bio/num); 2=fraction; 3=numbers)
#_discard_errtype:  >0 for DF of T-dist(read CV below); 0 for normal with CV; -1 for normal with se; -2 for lognormal
0 #_N_discard
0 #_N_meanbodywt
1 #_DF_for_meanbodywt_T-distribution_like
2 # length bin method: 1=use databins; 2=generate from binwidth,min,max below; 3=read vector
1 # binwidth for population size comp
10 # minimum size in the population (lower edge of first bin and size at age 0.00)
200 # maximum size in the population (lower edge of last bin)
-0.001 #_comp_tail_compression
1e-05 #_add_to_comp
0 #_combine males into females at or below this bin number
21 #_N_lbins
#_lbin_vector
10 53 70 83 94 101 107 111 114 117 120 123 125 127 130 132 135 138 142 148 200
0 #_N_Length_comp_observations
25 #_N_agebins
#_agebin_vector
1 2 3 4 5 6 7 8 9 10 11 12 13 14 15 16 17 18 19 20 21 22 23 24 25
1 #_N_ageerror_definitions
 #_age0   age1   age2   age3   age4   age5   age6   age7   age8   age9  age10  age11  age12  age13  age14  age15  age16  age17  age18  age19  age20  age21  age22  age23  age24  age25
 -1.000 -1.000 -1.000 -1.000 -1.000 -1.000 -1.000 -1.000 -1.000 -1.000 -1.000 -1.000 -1.000 -1.000 -1.000 -1.000 -1.000 -1.000 -1.000 -1.000 -1.000 -1.000 -1.000 -1.000 -1.000 -1.000
  0.001  0.001  0.001  0.001  0.001  0.001  0.001  0.001  0.001  0.001  0.001  0.001  0.001  0.001  0.001  0.001  0.001  0.001  0.001  0.001  0.001  0.001  0.001  0.001  0.001  0.001
34 #_N_agecomp
1 #_Lbin_method: 1=poplenbins; 2=datalenbins; 3=lengths
-1 #_combine males into females at or below this bin number
 #_Yr Seas FltSvy Gender Part Ageerr Lbin_lo Lbin_hi Nsamp           a1         a2         a3         a4         a5         a6         a7          a8          a9         a10          a11          a12          a13          a14          a15          a16          a17          a18          a19          a20          a21          a22          a23          a24          a25
   50    1      1      0    0      1      -1      -1    50 6.383500e-04 0.25326325 0.05482996 0.26926114 0.04750057 0.08221782 0.04830568 0.038203354 0.106260274 0.023703141 0.0192436343 1.058778e-02 7.707893e-03 4.143537e-03 1.560615e-02 1.639340e-07 3.587459e-03 7.679185e-03 3.479970e-03 2.857449e-04 1.762624e-08 3.036221e-12 3.833578e-15 3.494668e-03 2.597752e-07
   60    1      1      0    0      1      -1      -1    50 1.757507e-02 0.11276523 0.24662797 0.04372113 0.14033672 0.15075305 0.18473472 0.006367526 0.027003154 0.018292633 0.0085864967 1.681399e-02 8.441700e-04 2.067820e-02 5.023948e-08 3.122473e-03 2.972170e-08 1.539756e-03 2.087525e-11 6.256032e-05 4.662397e-05 9.571083e-09 7.155532e-10 5.316780e-17 1.284458e-04
   70    1      1      0    0      1      -1      -1    50 5.589097e-03 0.31370550 0.06888593 0.07195862 0.16265152 0.06353602 0.09586848 0.091830045 0.040076334 0.030794429 0.0133071346 4.244633e-03 1.290271e-03 4.252956e-03 1.177702e-10 2.368614e-02 4.762397e-07 9.203345e-10 6.092127e-04 6.796121e-03 7.111389e-17 1.110905e-05 2.313962e-26 9.053068e-04 6.658394e-07
   75    1      1      0    0      1      -1      -1    50 1.449274e-03 0.11303412 0.21089694 0.06735914 0.02797757 0.10906583 0.12533586 0.025325669 0.065252751 0.088259100 0.0213532253 8.461077e-02 6.193550e-03 1.978691e-02 2.070086e-02 3.424162e-05 9.846594e-03 3.246028e-03 2.294225e-08 1.547217e-06 1.006812e-06 2.689897e-04 6.043518e-11 1.045627e-15 8.773589e-14
   76    1      1      0    0      1      -1      -1    50 6.026773e-02 0.13368105 0.10322311 0.16695822 0.11312020 0.06466243 0.09077818 0.090528497 0.026574981 0.006522423 0.0294541881 4.602029e-02 1.705882e-02 4.851686e-02 4.541461e-06 1.505504e-03 1.848736e-05 1.591511e-04 7.180261e-07 2.551381e-06 2.345098e-08 4.924125e-05 6.599748e-04 2.171159e-04 1.571462e-05
   79    1      1      0    0      1      -1      -1    50 1.368754e-02 0.14543927 0.23228445 0.17617285 0.07956636 0.07075174 0.03508459 0.027401400 0.023433626 0.064084469 0.0317079090 6.172853e-03 2.701886e-06 2.591780e-02 1.211360e-02 3.007271e-06 3.174753e-02 1.371627e-02 3.683340e-03 3.174919e-20 6.734714e-03 7.912700e-19 5.961451e-08 6.055919e-09 2.939230e-04
   82    1      1      0    0      1      -1      -1    50 2.655540e-02 0.11923360 0.18503164 0.07257954 0.18033415 0.14900493 0.01771884 0.040302980 0.004345707 0.119870640 0.0116626855 5.318201e-03 1.678982e-02 2.453887e-02 6.714047e-03 1.108413e-03 1.784266e-03 1.774358e-04 4.232386e-04 5.610543e-05 4.273763e-10 1.368223e-21 1.644949e-02 3.803942e-10 1.118483e-12
   85    1      1      0    0      1      -1      -1    50 7.121387e-02 0.18630639 0.21167245 0.09966514 0.09623892 0.02802169 0.05129691 0.052434631 0.037924276 0.084110797 0.0025461838 2.160671e-02 1.665239e-03 5.464173e-04 4.576542e-02 4.621835e-05 1.972663e-03 1.430037e-03 3.747836e-03 5.656713e-06 4.194242e-25 2.785019e-11 1.741403e-03 6.664764e-09 4.112894e-05
   88    1      1      0    0      1      -1      -1    50 1.319680e-02 0.08575916 0.14463081 0.28663059 0.16136246 0.03040523 0.02672716 0.064345046 0.035012956 0.018035993 0.0007114518 7.131687e-02 3.166461e-02 5.355134e-03 1.791276e-03 3.646044e-04 5.356776e-03 1.116991e-03 1.930972e-08 2.044606e-07 3.896527e-18 7.115199e-03 2.921665e-04 8.808489e-03 1.307200e-09
   89    1      1      0    0      1      -1      -1    50 8.143912e-05 0.15908713 0.23294645 0.08134101 0.12415240 0.19075666 0.00809800 0.094743610 0.046895271 0.013708407 0.0004920005 7.723185e-06 2.772850e-02 5.767115e-05 4.507078e-03 5.213190e-12 2.053880e-11 1.826617e-04 6.843373e-05 6.200601e-09 9.172791e-03 5.972750e-03 7.040708e-17 9.107403e-12 2.945796e-10
   91    1      1      0    0      1      -1      -1    50 5.183895e-03 0.20016397 0.15910764 0.18834487 0.05218380 0.06726131 0.17646348 0.059258699 0.025372076 0.024851989 0.0223405231 3.349929e-04 9.343632e-04 7.650864e-03 1.096551e-03 2.035692e-03 1.091308e-08 2.547224e-03 1.132771e-04 1.302745e-24 1.805669e-16 5.869517e-14 1.456073e-07 1.186607e-27 4.754627e-03
   93    1      1      0    0      1      -1      -1    50 2.213345e-02 0.20084348 0.18028097 0.17686015 0.05566149 0.14467489 0.05682010 0.020816843 0.017953024 0.049786498 0.0127634622 2.538772e-03 8.611412e-03 4.238838e-04 2.913582e-02 1.276062e-03 2.083312e-03 3.069179e-09 1.175284e-13 1.483946e-02 1.386091e-04 2.318698e-03 1.107350e-31 1.961761e-08 3.959880e-05
   95    1      1      0    0      1      -1      -1    50 1.062711e-02 0.14406250 0.25194074 0.18383483 0.13656915 0.07510378 0.03754989 0.038409701 0.020737120 0.003580406 0.0334930518 2.106596e-02 1.146431e-02 4.222703e-03 9.216027e-03 3.271353e-03 1.356008e-08 4.797405e-05 2.631557e-07 1.747011e-08 1.576155e-08 1.317442e-05 5.403084e-20 9.090981e-23 1.478990e-02
   97    1      1      0    0      1      -1      -1    50 4.227930e-03 0.10588274 0.30828235 0.11049206 0.12296951 0.12170791 0.06114777 0.077951449 0.025276735 0.015004984 0.0074349525 1.129583e-04 1.384757e-02 4.916849e-03 1.768004e-03 5.994416e-05 3.225401e-03 4.102216e-07 2.060833e-07 9.936148e-03 1.964276e-10 8.008346e-58 5.754116e-03 4.013130e-11 2.854649e-11
   98    1      1      0    0      1      -1      -1    50 4.653333e-04 0.08891041 0.22888887 0.26683362 0.11956623 0.05867127 0.06925194 0.044208392 0.020961983 0.007018554 0.0158447914 4.306581e-02 1.012668e-03 2.290790e-02 7.589356e-03 1.868137e-05 1.081434e-03 5.614654e-07 1.521600e-04 1.779384e-04 2.763791e-03 5.250948e-09 5.189818e-04 2.610206e-16 8.933701e-05
   99    1      1      0    0      1      -1      -1    50 1.330072e-02 0.08051958 0.17840488 0.11040218 0.16876379 0.16097574 0.05888460 0.098408424 0.015548588 0.004012518 0.0172578018 1.303104e-02 9.525042e-03 2.036571e-02 8.018584e-03 2.316891e-02 2.575993e-04 2.402218e-08 3.295350e-04 1.407094e-15 1.095506e-11 2.434100e-09 4.334552e-06 4.501103e-05 1.877539e-02
  100    1      1      0    0      1      -1      -1    50 2.519652e-02 0.11630697 0.16540643 0.15744578 0.14111275 0.10602287 0.02365284 0.050174820 0.029690500 0.027849197 0.0183209090 2.080812e-04 1.661929e-02 3.952954e-02 7.051522e-03 4.618854e-03 2.357386e-04 5.613743e-02 7.938571e-10 1.974817e-03 1.791762e-06 1.203863e-02 1.016822e-11 4.250416e-07 4.043081e-04
   50    1      2      0    0      1      -1      -1    50 2.000000e-02 0.22000000 0.24000000 0.16000000 0.08000000 0.04000000 0.06000000 0.100000000 0.020000000 0.000000000 0.0000000000 2.000000e-02 0.000000e+00 4.000000e-02 0.000000e+00 0.000000e+00 0.000000e+00 0.000000e+00 0.000000e+00 0.000000e+00 0.000000e+00 0.000000e+00 0.000000e+00 0.000000e+00 0.000000e+00
   60    1      2      0    0      1      -1      -1    50 2.000000e-02 0.24000000 0.14000000 0.08000000 0.16000000 0.04000000 0.14000000 0.040000000 0.020000000 0.040000000 0.0400000000 0.000000e+00 0.000000e+00 2.000000e-02 0.000000e+00 0.000000e+00 0.000000e+00 2.000000e-02 0.000000e+00 0.000000e+00 0.000000e+00 0.000000e+00 0.000000e+00 0.000000e+00 0.000000e+00
   70    1      2      0    0      1      -1      -1    50 2.000000e-02 0.30000000 0.14000000 0.08000000 0.16000000 0.04000000 0.08000000 0.000000000 0.020000000 0.040000000 0.0000000000 2.000000e-02 2.000000e-02 2.000000e-02 2.000000e-02 0.000000e+00 2.000000e-02 0.000000e+00 2.000000e-02 0.000000e+00 0.000000e+00 0.000000e+00 0.000000e+00 0.000000e+00 0.000000e+00
   75    1      2      0    0      1      -1      -1    50 8.000000e-02 0.06000000 0.22000000 0.08000000 0.12000000 0.10000000 0.14000000 0.040000000 0.000000000 0.000000000 0.0200000000 2.000000e-02 0.000000e+00 6.000000e-02 0.000000e+00 0.000000e+00 0.000000e+00 4.000000e-02 0.000000e+00 0.000000e+00 2.000000e-02 0.000000e+00 0.000000e+00 0.000000e+00 0.000000e+00
   76    1      2      0    0      1      -1      -1    50 6.000000e-02 0.16000000 0.10000000 0.20000000 0.10000000 0.08000000 0.08000000 0.040000000 0.000000000 0.080000000 0.0000000000 2.000000e-02 4.000000e-02 2.000000e-02 2.000000e-02 0.000000e+00 0.000000e+00 0.000000e+00 0.000000e+00 0.000000e+00 0.000000e+00 0.000000e+00 0.000000e+00 0.000000e+00 0.000000e+00
   79    1      2      0    0      1      -1      -1    50 0.000000e+00 0.16000000 0.30000000 0.14000000 0.08000000 0.02000000 0.06000000 0.040000000 0.020000000 0.020000000 0.0600000000 4.000000e-02 0.000000e+00 0.000000e+00 0.000000e+00 0.000000e+00 0.000000e+00 2.000000e-02 2.000000e-02 0.000000e+00 2.000000e-02 0.000000e+00 0.000000e+00 0.000000e+00 0.000000e+00
   82    1      2      0    0      1      -1      -1    50 2.000000e-02 0.26000000 0.22000000 0.12000000 0.02000000 0.14000000 0.04000000 0.060000000 0.000000000 0.040000000 0.0000000000 0.000000e+00 2.000000e-02 0.000000e+00 2.000000e-02 0.000000e+00 4.000000e-02 0.000000e+00 0.000000e+00 0.000000e+00 0.000000e+00 0.000000e+00 0.000000e+00 0.000000e+00 0.000000e+00
   85    1      2      0    0      1      -1      -1    50 4.000000e-02 0.32000000 0.14000000 0.06000000 0.08000000 0.02000000 0.00000000 0.040000000 0.180000000 0.020000000 0.0200000000 2.000000e-02 2.000000e-02 0.000000e+00 0.000000e+00 0.000000e+00 0.000000e+00 0.000000e+00 0.000000e+00 0.000000e+00 0.000000e+00 2.000000e-02 2.000000e-02 0.000000e+00 0.000000e+00
   88    1      2      0    0      1      -1      -1    50 4.000000e-02 0.30000000 0.12000000 0.20000000 0.08000000 0.06000000 0.02000000 0.020000000 0.040000000 0.040000000 0.0200000000 4.000000e-02 2.000000e-02 0.000000e+00 0.000000e+00 0.000000e+00 0.000000e+00 0.000000e+00 0.000000e+00 0.000000e+00 0.000000e+00 0.000000e+00 0.000000e+00 0.000000e+00 0.000000e+00
   89    1      2      0    0      1      -1      -1    50 2.000000e-02 0.12000000 0.24000000 0.10000000 0.26000000 0.06000000 0.02000000 0.020000000 0.040000000 0.020000000 0.0400000000 2.000000e-02 0.000000e+00 2.000000e-02 0.000000e+00 2.000000e-02 0.000000e+00 0.000000e+00 0.000000e+00 0.000000e+00 0.000000e+00 0.000000e+00 0.000000e+00 0.000000e+00 0.000000e+00
   91    1      2      0    0      1      -1      -1    50 8.000000e-02 0.14000000 0.12000000 0.16000000 0.14000000 0.08000000 0.06000000 0.080000000 0.000000000 0.040000000 0.0000000000 2.000000e-02 2.000000e-02 0.000000e+00 2.000000e-02 0.000000e+00 2.000000e-02 0.000000e+00 0.000000e+00 0.000000e+00 2.000000e-02 0.000000e+00 0.000000e+00 0.000000e+00 0.000000e+00
   93    1      2      0    0      1      -1      -1    50 2.000000e-02 0.22000000 0.26000000 0.16000000 0.02000000 0.12000000 0.02000000 0.040000000 0.020000000 0.060000000 0.0000000000 2.000000e-02 0.000000e+00 0.000000e+00 0.000000e+00 2.000000e-02 2.000000e-02 0.000000e+00 0.000000e+00 0.000000e+00 0.000000e+00 0.000000e+00 0.000000e+00 0.000000e+00 0.000000e+00
   95    1      2      0    0      1      -1      -1    50 4.000000e-02 0.16000000 0.20000000 0.12000000 0.10000000 0.04000000 0.02000000 0.100000000 0.020000000 0.040000000 0.0400000000 2.000000e-02 2.000000e-02 2.000000e-02 2.000000e-02 2.000000e-02 0.000000e+00 2.000000e-02 0.000000e+00 0.000000e+00 0.000000e+00 0.000000e+00 0.000000e+00 0.000000e+00 0.000000e+00
   97    1      2      0    0      1      -1      -1    50 0.000000e+00 0.12000000 0.30000000 0.12000000 0.10000000 0.12000000 0.00000000 0.060000000 0.040000000 0.060000000 0.0400000000 2.000000e-02 0.000000e+00 0.000000e+00 0.000000e+00 0.000000e+00 2.000000e-02 0.000000e+00 0.000000e+00 0.000000e+00 0.000000e+00 0.000000e+00 0.000000e+00 0.000000e+00 0.000000e+00
   98    1      2      0    0      1      -1      -1    50 6.000000e-02 0.08000000 0.20000000 0.16000000 0.10000000 0.06000000 0.04000000 0.040000000 0.040000000 0.000000000 0.0800000000 4.000000e-02 0.000000e+00 0.000000e+00 0.000000e+00 2.000000e-02 4.000000e-02 0.000000e+00 2.000000e-02 0.000000e+00 0.000000e+00 0.000000e+00 0.000000e+00 0.000000e+00 2.000000e-02
   99    1      2      0    0      1      -1      -1    50 1.000000e-01 0.30000000 0.06000000 0.16000000 0.10000000 0.08000000 0.02000000 0.020000000 0.020000000 0.060000000 0.0200000000 6.000000e-02 0.000000e+00 0.000000e+00 0.000000e+00 0.000000e+00 0.000000e+00 0.000000e+00 0.000000e+00 0.000000e+00 0.000000e+00 0.000000e+00 0.000000e+00 0.000000e+00 0.000000e+00
  100    1      2      0    0      1      -1      -1    50 2.000000e-02 0.16000000 0.18000000 0.08000000 0.08000000 0.12000000 0.08000000 0.020000000 0.100000000 0.020000000 0.0000000000 2.000000e-02 4.000000e-02 0.000000e+00 4.000000e-02 0.000000e+00 2.000000e-02 0.000000e+00 0.000000e+00 2.000000e-02 0.000000e+00 0.000000e+00 0.000000e+00 0.000000e+00 0.000000e+00
0 #_N_MeanSize_at_Age_obs
0 #_N_environ_variables
0 #_N_environ_obs
0 #_N_sizefreq_methods
0 #_do_tags
0 #_morphcomp_data
#
999
