#C data file created using the SS_writedat function in the R package r4ss
#C should work with SS version: 
#C file write time: 2014-11-06 00:52:53
#
1 #_styr
100 #_endyr
1 #_nseas
12 #_months_per_seas
1 #_spawn_seas
1 #_Nfleet
2 #_Nsurveys
1 #_N_areas
Fishery%Survey%CPUE #_fleetnames
0.5 0.5 0.5 #_surveytiming_in_season
1 1 1 #_area_assignments_for_each_fishery_and_survey
1 #_units of catch:  1=bio; 2=num
0.01 #_se of log(catch) only used for init_eq_catch and for Fmethod 2 and 3
1 #_Ngenders
25 #_Nages
0 #_init_equil_catch_for_each_fishery
100 #_N_lines_of_catch_to_read
 #_Fishery year seas
         0    1    1
         0    2    1
         0    3    1
         0    4    1
         0    5    1
         0    6    1
         0    7    1
         0    8    1
         0    9    1
         0   10    1
         0   11    1
         0   12    1
         0   13    1
         0   14    1
         0   15    1
         0   16    1
         0   17    1
         0   18    1
         0   19    1
         0   20    1
         0   21    1
         0   22    1
         0   23    1
         0   24    1
         0   25    1
 294459000   26    1
 275511000   27    1
 257882000   28    1
 240388000   29    1
 227192000   30    1
 218496000   31    1
 212586000   32    1
 212535000   33    1
 207137000   34    1
 200095000   35    1
 194531000   36    1
 187173000   37    1
 176606000   38    1
 166251000   39    1
 159644000   40    1
 156885000   41    1
 152360000   42    1
 147827000   43    1
 147706000   44    1
 150466000   45    1
 151934000   46    1
 152866000   47    1
 153409000   48    1
 150741000   49    1
 146725000   50    1
 143231000   51    1
 140239000   52    1
 139733000   53    1
 139779000   54    1
 136983000   55    1
 134165000   56    1
 131147000   57    1
 130138000   58    1
 131854000   59    1
 137212000   60    1
 143372000   61    1
 147426000   62    1
 148213000   63    1
 146969000   64    1
 143913000   65    1
 143361000   66    1
 147885000   67    1
 157639000   68    1
 161072000   69    1
 158731000   70    1
 154465000   71    1
 151716000   72    1
 150157000   73    1
 147555000   74    1
 144695000   75    1
 141250000   76    1
 137883000   77    1
 138138000   78    1
 145157000   79    1
 152175000   80    1
 155733000   81    1
 155230000   82    1
 150850000   83    1
 143862000   84    1
 138129000   85    1
 135848000   86    1
 139876000   87    1
 147297000   88    1
 153276000   89    1
 154939000   90    1
 154573000   91    1
 154145000   92    1
 149516000   93    1
 144020000   94    1
 139640000   95    1
 136420000   96    1
 131587000   97    1
 127941000   98    1
 125782000   99    1
 127328000  100    1
13 #_N_cpue
 #_Fleet Units Errtype
       1     1       0
       2     1       0
       3     1       0
 #_year seas index        obs se_log
     76    1     2 1947622602    0.2
     78    1     2 2997915393    0.2
     80    1     2 1738997433    0.2
     82    1     2 3457333173    0.2
     84    1     2 2294608292    0.2
     86    1     2 2630631260    0.2
     88    1     2 2022146995    0.2
     90    1     2 2412090422    0.2
     92    1     2 2153965314    0.2
     94    1     2 2142994318    0.2
     96    1     2 2451030051    0.2
     98    1     2 1664403977    0.2
    100    1     2 1612402781    0.2
0 #_N_discard_fleets
#_discard_units (1=same_as_catchunits(bio/num); 2=fraction; 3=numbers)
#_discard_errtype:  >0 for DF of T-dist(read CV below); 0 for normal with CV; -1 for normal with se; -2 for lognormal
0 #_N_discard
0 #_N_meanbodywt
1 #_DF_for_meanbodywt_T-distribution_like
2 # length bin method: 1=use databins; 2=generate from binwidth,min,max below; 3=read vector
1 # binwidth for population size comp
10 # minimum size in the population (lower edge of first bin and size at age 0.00)
200 # maximum size in the population (lower edge of last bin)
-0.001 #_comp_tail_compression
1e-05 #_add_to_comp
0 #_combine males into females at or below this bin number
21 #_N_lbins
#_lbin_vector
10 53 70 83 94 101 107 111 114 117 120 123 125 127 130 132 135 138 142 148 200
0 #_N_Length_comp_observations
25 #_N_agebins
#_agebin_vector
1 2 3 4 5 6 7 8 9 10 11 12 13 14 15 16 17 18 19 20 21 22 23 24 25
1 #_N_ageerror_definitions
 #_age0   age1   age2   age3   age4   age5   age6   age7   age8   age9  age10  age11  age12  age13  age14  age15  age16  age17  age18  age19  age20  age21  age22  age23  age24  age25
 -1.000 -1.000 -1.000 -1.000 -1.000 -1.000 -1.000 -1.000 -1.000 -1.000 -1.000 -1.000 -1.000 -1.000 -1.000 -1.000 -1.000 -1.000 -1.000 -1.000 -1.000 -1.000 -1.000 -1.000 -1.000 -1.000
  0.001  0.001  0.001  0.001  0.001  0.001  0.001  0.001  0.001  0.001  0.001  0.001  0.001  0.001  0.001  0.001  0.001  0.001  0.001  0.001  0.001  0.001  0.001  0.001  0.001  0.001
22 #_N_agecomp
1 #_Lbin_method: 1=poplenbins; 2=datalenbins; 3=lengths
-1 #_combine males into females at or below this bin number
 #_Yr Seas FltSvy Gender Part Ageerr Lbin_lo Lbin_hi Nsamp           a1         a2         a3         a4         a5          a6          a7          a8           a9         a10         a11         a12          a13          a14          a15          a16          a17          a18          a19          a20          a21          a22          a23          a24          a25
   50    1      1      0    0      1      -1      -1    50 0.0153735709 0.17461753 0.21903417 0.08482317 0.10073862 0.039903206 0.054602633 0.111970892 0.0598750642 0.005521883 0.013375182 0.075283766 2.145925e-02 0.0021393048 2.404445e-03 1.044698e-05 1.874435e-03 5.689519e-06 4.540903e-08 6.161915e-09 3.914180e-09 5.706251e-06 4.759802e-04 3.353611e-13 1.650501e-02
   55    1      1      0    0      1      -1      -1    50 0.0002999509 0.22434751 0.16391241 0.15293584 0.05223442 0.170950009 0.037505765 0.004748071 0.0660960651 0.063342608 0.008118724 0.002591104 1.801650e-03 0.0009845753 3.261488e-06 4.373670e-02 6.352647e-03 4.333659e-07 1.556517e-05 1.725145e-13 7.307959e-09 5.485325e-12 1.663510e-27 2.768231e-28 2.268484e-05
   60    1      1      0    0      1      -1      -1    50 0.0253478286 0.14577414 0.31013133 0.11827261 0.15802754 0.017285012 0.026803486 0.018408429 0.0457071206 0.008634576 0.058785328 0.015098911 6.273945e-08 0.0010017536 1.567196e-02 2.102217e-02 1.904416e-03 2.216463e-04 3.651791e-06 2.200125e-06 1.742140e-04 2.308378e-05 4.432968e-03 2.065153e-21 7.265571e-03
   65    1      1      0    0      1      -1      -1    50 0.0108619653 0.28938856 0.08473791 0.14134267 0.02767150 0.053450059 0.051307167 0.103298139 0.0333074249 0.060620651 0.051754713 0.004454496 1.068411e-02 0.0185868102 5.796437e-03 7.917860e-09 3.391443e-07 5.254699e-02 8.991843e-07 2.309170e-10 3.373264e-08 6.051931e-14 8.957152e-11 1.891172e-04 2.411814e-11
   70    1      1      0    0      1      -1      -1    50 0.0022099708 0.05674979 0.09628610 0.13119246 0.29183926 0.067530957 0.064389147 0.003385616 0.0432231579 0.013682799 0.045583985 0.097268477 3.386955e-02 0.0183798311 1.093210e-02 1.272343e-02 1.299916e-04 3.083062e-13 5.792138e-05 2.521690e-14 2.197125e-05 1.807618e-10 1.046497e-02 1.440303e-36 7.851127e-05
   75    1      1      0    0      1      -1      -1    50 0.0011531875 0.18093213 0.18504794 0.03495326 0.10191325 0.060611817 0.065468334 0.007578998 0.0312520760 0.154815235 0.037982595 0.025697143 2.650849e-03 0.0390047778 3.762595e-02 2.255571e-03 2.863234e-05 2.485904e-02 3.399146e-03 4.794633e-04 1.085272e-18 9.758521e-05 6.661643e-16 2.149112e-03 4.391528e-05
   80    1      1      0    0      1      -1      -1    50 0.0103391093 0.13064630 0.28982066 0.28351496 0.07575751 0.008666431 0.031613208 0.028926476 0.0677463823 0.012835173 0.013086421 0.030111116 1.638935e-03 0.0009849811 6.188943e-03 3.931204e-03 7.970633e-04 8.429414e-07 8.724744e-13 2.632613e-04 3.130202e-03 9.681834e-16 8.223508e-07 1.225694e-17 1.383381e-19
   85    1      1      0    0      1      -1      -1    50 0.0989139088 0.16454539 0.15685309 0.02123767 0.10433294 0.163036255 0.049624855 0.081767666 0.0091593192 0.048218619 0.007346166 0.009756270 2.031824e-03 0.0017452514 4.055912e-02 2.418461e-03 8.514046e-06 4.252016e-04 7.795747e-04 3.006972e-02 5.499331e-03 5.410586e-07 1.189107e-31 2.554310e-12 1.670305e-03
   90    1      1      0    0      1      -1      -1    50 0.0015922813 0.15187377 0.13540610 0.27902983 0.18100447 0.105334290 0.035357977 0.024970512 0.0006965235 0.019933822 0.010552524 0.008804155 1.520229e-02 0.0196035517 6.573508e-04 9.671839e-04 9.342597e-04 5.612633e-03 1.691266e-10 1.583942e-03 8.552888e-05 1.257985e-06 4.994604e-25 2.672978e-16 7.957487e-04
   95    1      1      0    0      1      -1      -1    50 0.0002182267 0.26093975 0.15208630 0.12485900 0.02845716 0.100931733 0.009495298 0.151845867 0.0544794313 0.020539199 0.011741699 0.034126097 1.447803e-04 0.0007304441 2.368554e-02 3.498129e-04 2.789921e-03 1.715380e-02 7.902896e-05 4.141314e-03 1.180630e-09 1.006285e-04 5.092427e-11 1.248176e-18 1.104964e-03
  100    1      1      0    0      1      -1      -1    50 0.0141264469 0.19190894 0.26784180 0.09881483 0.03682862 0.037367517 0.072620952 0.037567617 0.0703949835 0.037423076 0.018119192 0.015668651 6.665200e-04 0.0175245940 4.023427e-04 2.894147e-02 9.679465e-03 4.928677e-03 5.840065e-12 1.975879e-11 1.651982e-07 5.319977e-04 7.178416e-17 4.010436e-14 3.864214e-02
   50    1      2      0    0      1      -1      -1    50 0.0800000000 0.12000000 0.14000000 0.18000000 0.08000000 0.060000000 0.080000000 0.100000000 0.0800000000 0.020000000 0.020000000 0.000000000 2.000000e-02 0.0000000000 0.000000e+00 0.000000e+00 2.000000e-02 0.000000e+00 0.000000e+00 0.000000e+00 0.000000e+00 0.000000e+00 0.000000e+00 0.000000e+00 0.000000e+00
   55    1      2      0    0      1      -1      -1    50 0.0600000000 0.24000000 0.08000000 0.30000000 0.06000000 0.040000000 0.060000000 0.020000000 0.0600000000 0.040000000 0.000000000 0.020000000 2.000000e-02 0.0000000000 0.000000e+00 0.000000e+00 0.000000e+00 0.000000e+00 0.000000e+00 0.000000e+00 0.000000e+00 0.000000e+00 0.000000e+00 0.000000e+00 0.000000e+00
   60    1      2      0    0      1      -1      -1    50 0.0200000000 0.20000000 0.14000000 0.14000000 0.22000000 0.020000000 0.060000000 0.020000000 0.0800000000 0.060000000 0.000000000 0.000000000 0.000000e+00 0.0000000000 4.000000e-02 0.000000e+00 0.000000e+00 0.000000e+00 0.000000e+00 0.000000e+00 0.000000e+00 0.000000e+00 0.000000e+00 0.000000e+00 0.000000e+00
   65    1      2      0    0      1      -1      -1    50 0.1000000000 0.12000000 0.06000000 0.08000000 0.04000000 0.100000000 0.200000000 0.080000000 0.0600000000 0.060000000 0.020000000 0.020000000 2.000000e-02 0.0200000000 2.000000e-02 0.000000e+00 0.000000e+00 0.000000e+00 0.000000e+00 0.000000e+00 0.000000e+00 0.000000e+00 0.000000e+00 0.000000e+00 0.000000e+00
   70    1      2      0    0      1      -1      -1    50 0.0800000000 0.14000000 0.04000000 0.12000000 0.26000000 0.080000000 0.020000000 0.040000000 0.0200000000 0.000000000 0.060000000 0.020000000 6.000000e-02 0.0200000000 0.000000e+00 0.000000e+00 0.000000e+00 0.000000e+00 0.000000e+00 0.000000e+00 0.000000e+00 2.000000e-02 0.000000e+00 2.000000e-02 0.000000e+00
   75    1      2      0    0      1      -1      -1    50 0.0400000000 0.22000000 0.10000000 0.12000000 0.18000000 0.080000000 0.040000000 0.040000000 0.0200000000 0.060000000 0.020000000 0.000000000 0.000000e+00 0.0400000000 2.000000e-02 0.000000e+00 0.000000e+00 0.000000e+00 0.000000e+00 0.000000e+00 0.000000e+00 0.000000e+00 0.000000e+00 0.000000e+00 2.000000e-02
   80    1      2      0    0      1      -1      -1    50 0.0400000000 0.20000000 0.18000000 0.30000000 0.04000000 0.040000000 0.020000000 0.040000000 0.0400000000 0.020000000 0.020000000 0.000000000 0.000000e+00 0.0000000000 2.000000e-02 0.000000e+00 2.000000e-02 0.000000e+00 2.000000e-02 0.000000e+00 0.000000e+00 0.000000e+00 0.000000e+00 0.000000e+00 0.000000e+00
   85    1      2      0    0      1      -1      -1    50 0.0800000000 0.18000000 0.28000000 0.02000000 0.04000000 0.080000000 0.080000000 0.060000000 0.0800000000 0.020000000 0.000000000 0.020000000 0.000000e+00 0.0600000000 0.000000e+00 0.000000e+00 0.000000e+00 0.000000e+00 0.000000e+00 0.000000e+00 0.000000e+00 0.000000e+00 0.000000e+00 0.000000e+00 0.000000e+00
   90    1      2      0    0      1      -1      -1    50 0.0400000000 0.02000000 0.24000000 0.14000000 0.16000000 0.140000000 0.060000000 0.040000000 0.0600000000 0.020000000 0.060000000 0.000000000 0.000000e+00 0.0000000000 2.000000e-02 0.000000e+00 0.000000e+00 0.000000e+00 0.000000e+00 0.000000e+00 0.000000e+00 0.000000e+00 0.000000e+00 0.000000e+00 0.000000e+00
   95    1      2      0    0      1      -1      -1    50 0.0200000000 0.26000000 0.12000000 0.22000000 0.02000000 0.100000000 0.040000000 0.040000000 0.0600000000 0.060000000 0.000000000 0.060000000 0.000000e+00 0.0000000000 0.000000e+00 0.000000e+00 0.000000e+00 0.000000e+00 0.000000e+00 0.000000e+00 0.000000e+00 0.000000e+00 0.000000e+00 0.000000e+00 0.000000e+00
  100    1      2      0    0      1      -1      -1    50 0.0200000000 0.38000000 0.18000000 0.08000000 0.10000000 0.020000000 0.100000000 0.040000000 0.0200000000 0.000000000 0.000000000 0.020000000 0.000000e+00 0.0200000000 0.000000e+00 2.000000e-02 0.000000e+00 0.000000e+00 0.000000e+00 0.000000e+00 0.000000e+00 0.000000e+00 0.000000e+00 0.000000e+00 0.000000e+00
0 #_N_MeanSize_at_Age_obs
0 #_N_environ_variables
0 #_N_environ_obs
0 #_N_sizefreq_methods
0 #_do_tags
0 #_morphcomp_data
#
999
