#C data file created using the SS_writedat function in the R package r4ss
#C should work with SS version: 
#C file write time: 2014-11-06 19:49:08
#
1 #_styr
100 #_endyr
1 #_nseas
12 #_months_per_seas
1 #_spawn_seas
1 #_Nfleet
2 #_Nsurveys
1 #_N_areas
Fishery%Survey%CPUE #_fleetnames
0.5 0.5 0.5 #_surveytiming_in_season
1 1 1 #_area_assignments_for_each_fishery_and_survey
1 #_units of catch:  1=bio; 2=num
0.01 #_se of log(catch) only used for init_eq_catch and for Fmethod 2 and 3
1 #_Ngenders
25 #_Nages
0 #_init_equil_catch_for_each_fishery
100 #_N_lines_of_catch_to_read
 #_Fishery year seas
         0    1    1
         0    2    1
         0    3    1
         0    4    1
         0    5    1
         0    6    1
         0    7    1
         0    8    1
         0    9    1
         0   10    1
         0   11    1
         0   12    1
         0   13    1
         0   14    1
         0   15    1
         0   16    1
         0   17    1
         0   18    1
         0   19    1
         0   20    1
         0   21    1
         0   22    1
         0   23    1
         0   24    1
         0   25    1
 236686000   26    1
 220286000   27    1
 205341000   28    1
 197112000   29    1
 192429000   30    1
 187165000   31    1
 185484000   32    1
 191310000   33    1
 195999000   34    1
 193639000   35    1
 188182000   36    1
 181566000   37    1
 178252000   38    1
 176108000   39    1
 173510000   40    1
 170141000   41    1
 163949000   42    1
 156463000   43    1
 150091000   44    1
 146580000   45    1
 143344000   46    1
 139202000   47    1
 137685000   48    1
 139006000   49    1
 138022000   50    1
 137999000   51    1
 139046000   52    1
 143505000   53    1
 144645000   54    1
 145528000   55    1
 149225000   56    1
 151952000   57    1
 151431000   58    1
 150296000   59    1
 151454000   60    1
 152818000   61    1
 151875000   62    1
 149436000   63    1
 150632000   64    1
 157354000   65    1
 162763000   66    1
 167058000   67    1
 172746000   68    1
 173919000   69    1
 175804000   70    1
 181189000   71    1
 181171000   72    1
 177509000   73    1
 173006000   74    1
 168177000   75    1
 161468000   76    1
 156643000   77    1
 156783000   78    1
 159960000   79    1
 160670000   80    1
 160329000   81    1
 159790000   82    1
 159259000   83    1
 157954000   84    1
 157567000   85    1
 161697000   86    1
 167243000   87    1
 169842000   88    1
 175674000   89    1
 181762000   90    1
 181437000   91    1
 179827000   92    1
 179019000   93    1
 178382000   94    1
 177086000   95    1
 177344000   96    1
 179285000   97    1
 177407000   98    1
 173588000   99    1
 170357000  100    1
76 #_N_cpue
 #_Fleet Units Errtype
       1     1       0
       2     1       0
       3     1       0
 #_year seas index        obs se_log
     25    1     2 3291849467    0.2
     26    1     2 1988747158    0.2
     27    1     2 3737236478    0.2
     28    1     2 2750800119    0.2
     29    1     2 3054934217    0.2
     30    1     2 1410126130    0.2
     31    1     2 2900703324    0.2
     32    1     2 2290841481    0.2
     33    1     2 2781855670    0.2
     34    1     2 1735698258    0.2
     35    1     2 2403144045    0.2
     36    1     2 3577118313    0.2
     37    1     2 2400296464    0.2
     38    1     2 2396999502    0.2
     39    1     2 2080587554    0.2
     40    1     2 1869637808    0.2
     41    1     2 2604960126    0.2
     42    1     2 1784495234    0.2
     43    1     2 2812706462    0.2
     44    1     2 1860866375    0.2
     45    1     2 1780630862    0.2
     46    1     2 1812125742    0.2
     47    1     2 1655158366    0.2
     48    1     2 2006522011    0.2
     49    1     2 1699111139    0.2
     50    1     2 1824910378    0.2
     51    1     2 2002682756    0.2
     52    1     2 1507486851    0.2
     53    1     2 2268546966    0.2
     54    1     2 2019399185    0.2
     55    1     2 2329608582    0.2
     56    1     2 2052704817    0.2
     57    1     2 2001332283    0.2
     58    1     2 2330667179    0.2
     59    1     2 2582010598    0.2
     60    1     2 1582627357    0.2
     61    1     2 3418846312    0.2
     62    1     2 1862541061    0.2
     63    1     2 2680054686    0.2
     64    1     2 2297671495    0.2
     65    1     2 2749251281    0.2
     66    1     2 2312376346    0.2
     67    1     2 2205555475    0.2
     68    1     2 2241783024    0.2
     69    1     2 3292416665    0.2
     70    1     2 2153771723    0.2
     71    1     2 1978962533    0.2
     72    1     2 2269617038    0.2
     73    1     2 3207010597    0.2
     74    1     2 2283874395    0.2
     75    1     2 2009899760    0.2
     76    1     2 2151971242    0.2
     77    1     2 1941166092    0.2
     78    1     2 2963478331    0.2
     79    1     2 2827582800    0.2
     80    1     2 1882231800    0.2
     81    1     2 1877414613    0.2
     82    1     2 4391013932    0.2
     83    1     2 2221330495    0.2
     84    1     2 1616402892    0.2
     85    1     2 2009513305    0.2
     86    1     2 2470755525    0.2
     87    1     2 2070812959    0.2
     88    1     2 2511624367    0.2
     89    1     2 2508510992    0.2
     90    1     2 3336499143    0.2
     91    1     2 2354259887    0.2
     92    1     2 1969822134    0.2
     93    1     2 2493018881    0.2
     94    1     2 3337725350    0.2
     95    1     2 2537833255    0.2
     96    1     2 2550808115    0.2
     97    1     2 3399713576    0.2
     98    1     2 2149081784    0.2
     99    1     2 3006870845    0.2
    100    1     2 2429875290    0.2
0 #_N_discard_fleets
#_discard_units (1=same_as_catchunits(bio/num); 2=fraction; 3=numbers)
#_discard_errtype:  >0 for DF of T-dist(read CV below); 0 for normal with CV; -1 for normal with se; -2 for lognormal
0 #_N_discard
0 #_N_meanbodywt
1 #_DF_for_meanbodywt_T-distribution_like
2 # length bin method: 1=use databins; 2=generate from binwidth,min,max below; 3=read vector
1 # binwidth for population size comp
10 # minimum size in the population (lower edge of first bin and size at age 0.00)
200 # maximum size in the population (lower edge of last bin)
-0.001 #_comp_tail_compression
1e-05 #_add_to_comp
0 #_combine males into females at or below this bin number
21 #_N_lbins
#_lbin_vector
10 53 70 83 94 101 107 111 114 117 120 123 125 127 130 132 135 138 142 148 200
0 #_N_Length_comp_observations
25 #_N_agebins
#_agebin_vector
1 2 3 4 5 6 7 8 9 10 11 12 13 14 15 16 17 18 19 20 21 22 23 24 25
1 #_N_ageerror_definitions
 #_age0   age1   age2   age3   age4   age5   age6   age7   age8   age9  age10  age11  age12  age13  age14  age15  age16  age17  age18  age19  age20  age21  age22  age23  age24  age25
 -1.000 -1.000 -1.000 -1.000 -1.000 -1.000 -1.000 -1.000 -1.000 -1.000 -1.000 -1.000 -1.000 -1.000 -1.000 -1.000 -1.000 -1.000 -1.000 -1.000 -1.000 -1.000 -1.000 -1.000 -1.000 -1.000
  0.001  0.001  0.001  0.001  0.001  0.001  0.001  0.001  0.001  0.001  0.001  0.001  0.001  0.001  0.001  0.001  0.001  0.001  0.001  0.001  0.001  0.001  0.001  0.001  0.001  0.001
198 #_N_agecomp
1 #_Lbin_method: 1=poplenbins; 2=datalenbins; 3=lengths
-1 #_combine males into females at or below this bin number
 #_Yr Seas FltSvy Gender Part Ageerr Lbin_lo Lbin_hi Nsamp           a1         a2         a3         a4         a5         a6         a7          a8          a9         a10          a11          a12          a13          a14          a15          a16          a17          a18          a19          a20          a21          a22          a23          a24          a25
    2    1      1      0    0      1      -1      -1   100 3.850171e-03 0.11209194 0.13370164 0.15326306 0.13134106 0.08852393 0.06402298 0.069253091 0.034649315 0.028617065 0.0378116368 0.0263138241 7.607654e-03 2.094850e-02 1.834557e-02 1.565845e-02 1.126540e-03 1.338744e-04 1.940656e-02 4.059847e-04 7.356308e-06 2.331251e-05 2.946774e-03 2.771209e-03 2.717849e-02
    3    1      1      0    0      1      -1      -1   100 5.854242e-03 0.04730089 0.21766453 0.15757711 0.06481781 0.07687256 0.10869310 0.025559446 0.094035409 0.038096995 0.0375136962 0.0276687529 7.640739e-03 2.399824e-03 3.779570e-02 2.010954e-03 6.059563e-03 1.962799e-02 2.610264e-03 2.104551e-03 2.096774e-04 1.031728e-04 4.677509e-03 3.679195e-03 9.426323e-03
    4    1      1      0    0      1      -1      -1   100 9.738614e-03 0.11278115 0.09602124 0.13371438 0.10677599 0.07022916 0.08755803 0.132937435 0.059296577 0.038395857 0.0409638198 0.0164278253 2.281591e-02 4.062790e-03 9.013218e-03 2.592605e-02 5.869262e-04 3.313616e-03 1.071792e-03 9.197732e-03 1.285525e-02 1.293921e-03 2.273414e-03 2.125988e-03 6.233254e-04
    5    1      1      0    0      1      -1      -1   100 2.541102e-02 0.06666377 0.21327421 0.06245003 0.10578006 0.09403970 0.11595642 0.051667984 0.040778164 0.054776851 0.0067711276 0.0341855842 1.260901e-03 1.269160e-02 1.313975e-02 4.355296e-03 3.668267e-02 1.206118e-02 1.913622e-02 1.395865e-02 1.289974e-03 2.949147e-04 2.424912e-03 1.495972e-06 1.094750e-02
    6    1      1      0    0      1      -1      -1   100 2.194979e-03 0.28943349 0.05415032 0.15116613 0.06770701 0.08240944 0.08501734 0.047907515 0.052682909 0.029756487 0.0191320213 0.0278863075 2.065676e-02 2.231070e-02 5.675160e-03 5.095808e-04 2.176081e-03 2.899341e-02 3.982090e-03 1.033990e-04 1.125434e-03 2.210211e-03 6.535538e-04 1.130865e-09 2.159660e-03
    7    1      1      0    0      1      -1      -1   100 2.527538e-02 0.10604537 0.30063493 0.09078321 0.13331323 0.04742594 0.03541146 0.049275311 0.025982255 0.026335674 0.0164101665 0.0392282764 2.319371e-02 5.318682e-03 1.136152e-02 2.720291e-02 4.638213e-03 1.072975e-02 8.341562e-04 2.836612e-03 3.964574e-03 7.410810e-03 4.165919e-03 1.718712e-03 5.032246e-04
    8    1      1      0    0      1      -1      -1   100 2.756219e-05 0.12476780 0.17934856 0.18972159 0.05758322 0.08137909 0.04004184 0.088854268 0.035919959 0.042791433 0.0419493565 0.0390913442 7.033761e-03 1.031157e-02 2.195225e-02 1.442971e-03 2.045760e-03 1.137174e-02 1.320940e-04 1.508079e-04 1.460731e-04 1.773039e-03 9.679949e-05 6.248502e-05 2.200463e-02
    9    1      1      0    0      1      -1      -1   100 2.378323e-02 0.08793252 0.09289319 0.13105836 0.30827897 0.05407680 0.04754392 0.026638859 0.032207032 0.035893088 0.0124036521 0.0351924420 1.404428e-02 1.589906e-02 2.230307e-02 1.352124e-02 7.860235e-03 4.963645e-03 1.603191e-03 1.446877e-02 9.994424e-03 4.848592e-06 2.009406e-03 1.495977e-03 3.929792e-03
   10    1      1      0    0      1      -1      -1   100 4.093115e-03 0.12868472 0.11330430 0.09417458 0.10529186 0.23264172 0.02202849 0.074972922 0.035676292 0.041355341 0.0208703927 0.0172509304 1.468358e-02 1.948101e-02 1.846447e-02 2.981434e-02 1.341979e-03 6.737438e-03 1.265661e-02 7.830754e-05 1.123159e-03 2.850057e-03 6.186290e-05 9.858260e-04 1.376701e-03
   11    1      1      0    0      1      -1      -1   100 1.066415e-02 0.09045463 0.13855475 0.07882252 0.05636380 0.05726094 0.19316095 0.042598176 0.091099327 0.020972066 0.0335184238 0.0549725370 3.611064e-02 4.011943e-03 1.608305e-02 2.125244e-02 1.844940e-02 1.301865e-02 2.576793e-03 1.782895e-04 2.231975e-03 1.694478e-04 1.163746e-03 2.274026e-07 1.631112e-02
   12    1      1      0    0      1      -1      -1   100 1.954193e-02 0.19078419 0.12619534 0.11993467 0.07742147 0.08115238 0.08230210 0.093166916 0.044526990 0.049315551 0.0160402833 0.0160720825 5.136042e-03 1.991463e-02 8.769928e-03 1.721847e-02 6.065276e-04 7.915235e-03 7.807276e-03 7.797056e-04 2.973704e-04 3.083036e-03 1.185421e-03 1.678805e-04 1.066458e-02
   13    1      1      0    0      1      -1      -1   100 6.437960e-03 0.16498172 0.17053428 0.18358614 0.10978537 0.11669298 0.05033148 0.048608612 0.063941571 0.017169136 0.0238193125 0.0094736847 5.153903e-03 7.119195e-03 4.792229e-03 4.431074e-03 2.302122e-03 1.229845e-03 2.681950e-04 3.566609e-04 4.882761e-03 1.447027e-03 1.773603e-05 5.842431e-04 2.052762e-03
   14    1      1      0    0      1      -1      -1   100 1.151101e-02 0.07526803 0.29409858 0.16676492 0.04713351 0.06518915 0.01958055 0.062962301 0.047883834 0.064039880 0.0165228080 0.0083255526 3.221016e-02 1.061118e-02 2.306387e-02 1.240192e-03 1.539358e-02 1.482011e-02 3.367721e-03 1.362191e-02 1.503125e-03 1.814531e-05 1.543328e-03 6.185938e-08 3.326482e-03
   15    1      1      0    0      1      -1      -1   100 1.079840e-02 0.12678561 0.09762310 0.21583081 0.14682033 0.04343715 0.08336281 0.043417025 0.039574958 0.019831657 0.0578105247 0.0080805590 2.142971e-02 1.196593e-02 6.084604e-03 1.656414e-02 3.859928e-03 4.593468e-03 1.987038e-02 1.225397e-03 1.051252e-02 1.136759e-04 2.413767e-05 4.476604e-08 1.038314e-02
   16    1      1      0    0      1      -1      -1   100 8.449100e-05 0.15092569 0.11862679 0.08398700 0.20700498 0.08420494 0.05247933 0.044529549 0.034618668 0.018357989 0.0277333160 0.0795216346 6.322446e-03 6.669533e-03 1.002196e-02 4.501422e-03 9.673451e-03 3.098016e-03 1.241142e-04 9.680364e-03 5.122205e-04 9.346260e-03 4.376412e-04 1.682790e-02 2.071029e-02
   17    1      1      0    0      1      -1      -1   100 3.845532e-03 0.07133542 0.13711698 0.14686824 0.05774057 0.22465107 0.09353474 0.024855192 0.034319895 0.021439517 0.0248379074 0.0262702992 3.482543e-02 1.541028e-02 2.611501e-02 1.112811e-02 6.863038e-03 1.083027e-02 1.445882e-03 1.360760e-03 1.538382e-07 2.225021e-02 8.034529e-04 5.249665e-10 2.152046e-03
   18    1      1      0    0      1      -1      -1   100 2.187680e-03 0.15318376 0.07749216 0.10909477 0.08674265 0.05080194 0.16124411 0.078578614 0.041394998 0.066200092 0.0058147674 0.0162784045 1.988916e-02 6.406329e-02 1.048955e-03 1.486418e-02 8.737912e-03 7.533285e-03 1.166281e-03 2.017878e-03 1.521282e-03 1.122489e-02 4.407132e-03 3.763878e-05 1.447418e-02
   19    1      1      0    0      1      -1      -1   100 4.101666e-03 0.02498818 0.18111992 0.11138337 0.08410276 0.11685657 0.06240015 0.108827401 0.066569002 0.055506964 0.0414283593 0.0292337823 7.284140e-03 3.771901e-02 1.819766e-02 6.214075e-03 8.384353e-03 5.239097e-03 2.806539e-04 1.118229e-02 3.326210e-03 1.338736e-03 1.621497e-05 4.381079e-04 1.386133e-02
   20    1      1      0    0      1      -1      -1   100 1.666170e-02 0.13963397 0.04399066 0.11378562 0.09049378 0.09851269 0.03991276 0.064708807 0.080993521 0.088636134 0.0339178336 0.0221721535 1.540201e-02 1.699874e-02 2.739966e-02 7.101050e-02 2.730207e-03 9.117867e-03 9.326486e-04 1.091952e-03 1.285377e-02 6.820691e-05 1.870193e-03 2.226131e-03 4.878483e-03
   21    1      1      0    0      1      -1      -1   100 1.180990e-03 0.24677540 0.16676557 0.05928326 0.08343103 0.03527481 0.03322714 0.021158588 0.058198430 0.063098087 0.0331587439 0.0087333705 1.748720e-02 2.220427e-02 5.719608e-02 2.467066e-02 4.681175e-03 2.348552e-03 1.092235e-02 6.377580e-03 3.610218e-04 7.229968e-03 1.271532e-03 5.598367e-03 2.936580e-02
   22    1      1      0    0      1      -1      -1   100 1.643654e-02 0.07050474 0.32529336 0.12375266 0.02652981 0.03592726 0.06446853 0.033638954 0.017806350 0.020378611 0.0800163869 0.0419712814 1.236403e-02 1.447119e-02 3.410806e-03 3.550596e-02 1.428087e-02 1.541086e-02 2.251441e-03 9.284010e-03 1.601526e-03 2.487790e-03 4.911817e-03 7.096942e-05 2.722425e-02
   23    1      1      0    0      1      -1      -1   100 1.681339e-02 0.06063807 0.11641266 0.26865896 0.06143932 0.06066409 0.08706940 0.054734015 0.017565137 0.033525225 0.0424468736 0.0599337902 4.490038e-02 9.122548e-03 1.732091e-03 1.187460e-02 1.454454e-02 3.894438e-03 1.601335e-03 2.695840e-02 2.759788e-03 7.825485e-07 1.280495e-04 3.186057e-06 2.578944e-03
   24    1      1      0    0      1      -1      -1   100 6.838489e-03 0.18849207 0.06317213 0.05185853 0.20473553 0.05975487 0.05459011 0.053996324 0.030894876 0.019854005 0.0085052083 0.0147153132 4.736803e-02 4.030094e-02 4.174407e-03 2.280011e-02 3.149675e-02 3.169576e-03 2.479986e-02 2.344768e-02 6.234233e-06 2.455614e-02 1.472142e-02 4.036734e-04 5.347726e-03
   25    1      1      0    0      1      -1      -1   100 1.322213e-02 0.12806331 0.26125062 0.06502335 0.07529127 0.15212670 0.04011078 0.031387514 0.058055960 0.069720846 0.0110139880 0.0094001861 5.487154e-03 1.872017e-02 4.263167e-03 5.853940e-03 2.820819e-03 7.837003e-04 3.191026e-03 2.497980e-03 1.769617e-02 6.093208e-09 2.109132e-05 1.083177e-07 2.399801e-02
   26    1      1      0    0      1      -1      -1   100 2.121295e-04 0.19033697 0.16106941 0.18026339 0.03600770 0.02508298 0.17162890 0.035018413 0.004127777 0.036039950 0.0014253227 0.0186690630 1.996063e-02 1.711451e-02 3.580034e-02 1.788045e-02 3.674653e-03 6.230455e-03 1.257535e-03 1.170433e-03 1.440257e-02 8.497938e-03 8.826376e-03 5.007974e-03 2.941099e-04
   27    1      1      0    0      1      -1      -1   100 2.993750e-02 0.06665567 0.26687694 0.06162120 0.20791594 0.04349212 0.03071986 0.110218682 0.044129828 0.032308647 0.0199910097 0.0164227838 1.231120e-02 9.799387e-03 1.697274e-03 1.291868e-02 9.382362e-03 1.324739e-03 4.441130e-04 1.264305e-02 1.854504e-04 1.162664e-03 4.878313e-03 8.087889e-04 2.153817e-03
   28    1      1      0    0      1      -1      -1   100 2.088536e-02 0.22703016 0.15077385 0.06098368 0.09507104 0.13704945 0.03281868 0.022053441 0.068395166 0.038686832 0.0174087430 0.0130961014 9.215801e-03 3.518725e-02 8.171975e-03 1.195764e-03 2.210233e-02 1.765163e-02 6.083555e-04 2.620358e-03 1.394951e-06 3.350115e-03 1.932335e-03 4.577419e-04 1.325244e-02
   29    1      1      0    0      1      -1      -1   100 1.947098e-02 0.16075069 0.20637919 0.08262633 0.10356386 0.02921341 0.09574265 0.027011622 0.053444441 0.041716235 0.0562945878 0.0004980701 3.126662e-03 9.320336e-03 3.728641e-03 2.504438e-02 8.724911e-04 5.785056e-02 1.984483e-03 3.026790e-04 1.599498e-04 5.289218e-04 1.545571e-02 1.956819e-04 4.717432e-03
   30    1      1      0    0      1      -1      -1   100 2.760971e-03 0.10701067 0.24546591 0.10222419 0.05987066 0.10859672 0.08645957 0.049573567 0.005469465 0.023206333 0.0862323599 0.0404484132 1.869451e-02 1.546724e-02 1.463042e-03 1.273506e-02 1.412184e-03 2.166391e-05 2.246466e-03 8.152500e-03 9.354218e-05 1.193427e-03 1.334968e-06 3.206110e-05 2.116813e-02
   31    1      1      0    0      1      -1      -1   100 3.538686e-02 0.10981059 0.16115318 0.22186818 0.15776321 0.05031300 0.07129883 0.018760488 0.064230135 0.027120044 0.0091159024 0.0113059302 7.778233e-03 9.592331e-04 9.554096e-03 1.339143e-05 1.374741e-02 1.035783e-02 1.756032e-03 4.072041e-03 1.194196e-02 3.190327e-04 1.934541e-04 4.031920e-08 1.180885e-03
   32    1      1      0    0      1      -1      -1   100 5.862587e-03 0.21577646 0.15116438 0.13238076 0.17487653 0.05216911 0.01507407 0.033630552 0.019639569 0.034764743 0.0003350196 0.0056382663 4.775510e-02 6.218126e-03 8.718566e-03 2.344338e-02 1.221673e-02 2.250298e-03 8.570471e-04 1.863670e-05 1.775246e-03 3.534556e-02 6.303205e-03 7.914582e-06 1.377815e-02
   33    1      1      0    0      1      -1      -1   100 5.752327e-04 0.17065720 0.27184641 0.09179416 0.03326174 0.09003183 0.07367562 0.030056280 0.057101662 0.009336214 0.0213067582 0.0054884117 4.837148e-02 1.326551e-02 2.129398e-02 2.657804e-04 1.132179e-02 8.306807e-03 1.008241e-04 2.229571e-03 3.472289e-05 1.349356e-02 1.563564e-03 4.388096e-03 2.023280e-02
   34    1      1      0    0      1      -1      -1   100 2.861738e-02 0.10253393 0.29487921 0.19331004 0.06291991 0.08400913 0.05288100 0.031146569 0.003576333 0.043205557 0.0319684246 0.0113064950 6.106216e-03 1.063511e-02 3.231074e-02 6.534090e-03 1.529313e-06 1.579862e-03 8.193308e-08 5.226122e-04 3.258049e-04 1.564213e-11 2.533598e-05 5.842138e-13 1.604635e-03
   35    1      1      0    0      1      -1      -1   100 3.386677e-03 0.08223018 0.10642533 0.30987803 0.19068278 0.05576159 0.04195727 0.062507635 0.020169580 0.016032280 0.0315319631 0.0145605114 6.781880e-04 2.636129e-02 5.316727e-04 2.178610e-03 1.544137e-02 1.229145e-04 9.049024e-03 2.329962e-06 1.106358e-08 1.794372e-04 7.753306e-05 8.156896e-03 2.096899e-03
   36    1      1      0    0      1      -1      -1   100 2.429079e-02 0.06145881 0.10225216 0.09112106 0.25236481 0.19716815 0.03038191 0.041279972 0.030118416 0.057557971 0.0053614015 0.0324855931 3.691522e-03 5.075379e-03 2.516626e-03 6.625289e-03 1.673041e-02 5.725933e-04 1.689498e-07 1.408441e-04 1.147724e-02 7.049441e-03 5.996087e-08 3.292984e-12 2.027939e-02
   37    1      1      0    0      1      -1      -1   100 8.546694e-03 0.15878911 0.13653581 0.10902517 0.04267308 0.13192641 0.11883933 0.023446603 0.055222842 0.102313900 0.0265096203 0.0006074737 3.009713e-02 3.037365e-03 7.012534e-04 2.357080e-03 3.905109e-03 8.083451e-03 8.952565e-03 7.297018e-03 4.968672e-04 1.206091e-06 3.436428e-05 1.925853e-03 1.867470e-02
   38    1      1      0    0      1      -1      -1   100 7.965093e-03 0.22338847 0.15778648 0.10640237 0.11532857 0.04076806 0.08000212 0.096967646 0.009410988 0.022184355 0.0464645293 0.0213090671 1.653893e-03 6.763660e-03 4.122649e-02 3.569427e-03 3.275813e-04 2.734594e-03 1.326847e-03 5.607763e-06 1.415308e-09 3.540710e-04 1.736557e-03 2.450679e-07 1.232326e-02
   39    1      1      0    0      1      -1      -1   100 5.970765e-03 0.14846375 0.18439910 0.22635726 0.11279037 0.08231297 0.01370715 0.085280210 0.033904254 0.008471377 0.0255741534 0.0240995099 1.320260e-02 1.571056e-03 8.642037e-03 1.338160e-03 9.383181e-04 7.876399e-04 3.039266e-03 8.525398e-03 3.372742e-03 1.106755e-31 4.296718e-06 6.293907e-08 7.247550e-03
   40    1      1      0    0      1      -1      -1   100 4.563692e-04 0.12972661 0.20137873 0.16135118 0.14063745 0.06002707 0.03059100 0.008030387 0.072886988 0.086468747 0.0382831756 0.0121883758 2.778718e-02 1.342243e-02 1.511861e-04 2.753058e-03 8.365964e-04 6.929189e-04 2.336584e-03 2.385268e-07 1.239691e-04 8.633962e-06 3.040626e-18 6.248391e-10 9.861112e-03
   41    1      1      0    0      1      -1      -1   100 1.055555e-02 0.08293158 0.20964652 0.09110759 0.14931648 0.11248085 0.04499396 0.031718042 0.020792009 0.039651112 0.0866171779 0.0066501521 7.471961e-04 4.183069e-02 2.352594e-02 1.635506e-02 1.826505e-04 2.263999e-03 6.954170e-04 4.061401e-20 2.353956e-06 1.815555e-02 6.446261e-07 5.852323e-30 9.779483e-03
   42    1      1      0    0      1      -1      -1   100 2.260258e-02 0.07438802 0.10859351 0.15351120 0.10283355 0.10893637 0.06569104 0.031583702 0.106371191 0.051166162 0.1083289587 0.0265102188 5.331826e-03 1.226016e-02 8.017873e-03 5.695403e-03 3.459715e-04 5.344053e-03 1.846257e-04 3.366757e-04 1.575764e-05 5.798310e-15 1.896555e-03 3.633633e-06 5.096492e-05
   43    1      1      0    0      1      -1      -1   100 2.055743e-02 0.11629923 0.08900471 0.18159271 0.14574083 0.10463563 0.08961556 0.084831228 0.031206045 0.039437644 0.0324843753 0.0098529554 8.154099e-03 1.738094e-03 8.169374e-04 1.038695e-02 1.408833e-02 1.384417e-05 2.030510e-03 1.952831e-09 2.115582e-05 3.967638e-03 3.560320e-15 2.186319e-03 1.133777e-02
   44    1      1      0    0      1      -1      -1   100 1.005875e-02 0.20385483 0.15336921 0.11095950 0.13260614 0.07066457 0.05125103 0.133339080 0.015472438 0.017457630 0.0049055052 0.0059577229 3.632823e-02 1.119639e-02 2.448490e-03 8.561807e-03 9.269173e-03 1.619596e-02 9.789868e-04 1.125674e-04 5.167229e-09 4.551279e-05 4.217457e-20 4.876588e-03 8.988190e-05
   45    1      1      0    0      1      -1      -1   100 1.161012e-02 0.12971589 0.17602964 0.12260836 0.13964973 0.02424135 0.12808292 0.046287262 0.057757888 0.073036020 0.0326119782 0.0068207260 1.381443e-04 2.670415e-02 3.764799e-03 1.254299e-04 1.633031e-04 5.515345e-03 1.771485e-03 2.766804e-05 2.126297e-04 1.307737e-04 2.534891e-03 2.726583e-07 1.045922e-02
   46    1      1      0    0      1      -1      -1   100 9.436864e-03 0.13561171 0.28784689 0.20304258 0.07737234 0.04403342 0.02136929 0.075608946 0.033558517 0.042162167 0.0219912984 0.0097690857 7.177076e-03 1.414891e-03 1.877367e-02 2.251654e-03 4.222600e-04 1.297415e-03 4.480361e-03 4.208263e-05 2.349588e-07 3.364558e-05 5.670610e-06 2.265139e-03 3.277358e-05
   47    1      1      0    0      1      -1      -1   100 5.696409e-02 0.11970477 0.13176888 0.13324137 0.19590706 0.06674630 0.02251026 0.025382136 0.056989862 0.042320826 0.0468436010 0.0247475119 1.249785e-02 2.048477e-02 2.115390e-03 2.804442e-02 2.402743e-04 8.932179e-04 4.338202e-03 1.795375e-03 3.888336e-04 3.011780e-07 4.042955e-08 5.463320e-03 6.113485e-04
   48    1      1      0    0      1      -1      -1   100 5.680178e-03 0.27529068 0.06500959 0.15470349 0.05658088 0.09140549 0.04072594 0.044187906 0.019288316 0.023529685 0.0973791143 0.0445449837 1.784053e-02 7.184762e-03 4.264745e-03 5.822120e-07 1.694946e-02 1.796423e-02 5.904202e-05 8.035980e-04 2.196735e-07 2.103917e-03 8.746279e-05 5.220229e-08 1.441515e-02
   49    1      1      0    0      1      -1      -1   100 1.897493e-02 0.11140502 0.34669635 0.06061965 0.09318901 0.08504777 0.07264826 0.048451078 0.040471556 0.031041264 0.0182065922 0.0151963818 4.922536e-03 1.115508e-02 4.359668e-04 1.450647e-03 6.132588e-03 1.343890e-02 6.229609e-03 5.736066e-04 1.932556e-04 1.349994e-02 2.000230e-05 1.410819e-08 2.368544e-09
   50    1      1      0    0      1      -1      -1   100 2.318238e-02 0.11212789 0.08105746 0.29523909 0.11475894 0.08790190 0.14357803 0.031192047 0.017596819 0.003166609 0.0153010643 0.0143705931 2.335267e-02 6.130264e-03 1.798222e-02 9.477629e-07 2.727776e-03 1.188362e-14 4.312113e-03 1.605359e-03 1.964895e-04 1.747598e-07 3.456989e-03 4.812611e-08 7.621216e-04
   51    1      1      0    0      1      -1      -1   100 3.732383e-02 0.10681756 0.21141000 0.07417077 0.31381533 0.03938566 0.02772563 0.029536232 0.020313155 0.018750285 0.0013697681 0.0077071630 1.542517e-02 1.125303e-02 4.212778e-03 1.974867e-02 3.190686e-02 7.622846e-04 2.724577e-03 4.805347e-03 1.313091e-02 5.522625e-08 2.051576e-03 8.106326e-10 5.653357e-03
   52    1      1      0    0      1      -1      -1   100 1.448542e-02 0.23634412 0.09854739 0.18992029 0.02002994 0.15144363 0.02726573 0.053882995 0.045313501 0.031144724 0.0188933731 0.0077041455 6.009946e-04 2.450445e-02 1.799319e-02 3.444906e-02 1.075197e-02 1.409853e-03 2.237484e-04 3.616106e-10 1.429827e-02 1.548912e-05 6.005498e-08 2.203585e-18 7.776527e-04
   53    1      1      0    0      1      -1      -1   100 4.810069e-02 0.11880668 0.33515096 0.07633362 0.09072856 0.01948860 0.13160538 0.010483791 0.005979114 0.036682867 0.0507183421 0.0061679266 1.878713e-02 2.607670e-02 5.794310e-03 5.573272e-03 2.905701e-05 7.354419e-03 5.994063e-10 4.280182e-07 2.540186e-03 3.435654e-03 6.860898e-08 2.992638e-05 1.323118e-04
   54    1      1      0    0      1      -1      -1   100 2.354369e-02 0.14543947 0.15626115 0.18328156 0.09199708 0.13866210 0.05386716 0.115786237 0.005131622 0.007690653 0.0144248748 0.0113167989 6.700886e-04 2.612437e-02 3.851210e-06 1.142668e-03 8.744836e-04 1.401353e-02 5.744598e-03 1.770898e-03 3.142126e-11 1.143915e-20 1.024419e-09 3.911885e-06 2.249203e-03
   55    1      1      0    0      1      -1      -1   100 1.835727e-02 0.17059960 0.13597499 0.08386847 0.25075271 0.04144966 0.04519718 0.005685402 0.126081760 0.056375790 0.0161121932 0.0174318611 7.000506e-03 4.870548e-03 2.202250e-03 4.924836e-06 1.210670e-02 6.372284e-04 2.985850e-05 1.141025e-03 1.899851e-08 8.977975e-04 1.526892e-13 3.215468e-03 6.787968e-06
   56    1      1      0    0      1      -1      -1   100 1.605585e-02 0.20319809 0.25601703 0.11792001 0.09327771 0.09054295 0.05239963 0.040885323 0.012498764 0.017045987 0.0065733959 0.0159610226 2.007757e-02 5.261988e-03 1.987664e-04 3.110918e-03 9.870672e-05 1.928655e-02 2.275441e-02 2.508569e-09 1.241703e-03 1.649607e-16 1.783003e-03 3.770373e-13 3.810627e-03
   57    1      1      0    0      1      -1      -1   100 1.113556e-02 0.13429659 0.21527127 0.23771457 0.07699116 0.06526961 0.09925687 0.027058949 0.056292492 0.023276300 0.0275776496 0.0133438477 2.990953e-03 4.145173e-03 5.747767e-04 1.359440e-03 6.569036e-07 7.334492e-04 2.502623e-04 4.046976e-04 2.824647e-04 4.765629e-12 4.107890e-10 3.711329e-07 1.772883e-03
   58    1      1      0    0      1      -1      -1   100 2.727071e-02 0.08031437 0.17783913 0.23082590 0.13816599 0.03793958 0.04363472 0.126038440 0.012176947 0.089531773 0.0025665981 0.0188628862 4.260794e-04 5.657170e-03 3.612175e-04 4.006130e-03 6.579654e-11 2.023990e-03 9.829156e-07 1.077213e-07 1.708093e-08 1.836945e-05 5.173457e-12 6.074678e-24 2.338890e-03
   59    1      1      0    0      1      -1      -1   100 3.800528e-02 0.14838312 0.13408016 0.13411681 0.09920872 0.09666817 0.09449745 0.063321820 0.048988781 0.046451433 0.0364486397 0.0025825553 4.086328e-02 6.092699e-03 2.072699e-03 2.338564e-03 2.129892e-03 2.446462e-03 3.642681e-07 1.269639e-03 2.928862e-06 3.978593e-07 7.687444e-07 1.462894e-17 2.936016e-05
   60    1      1      0    0      1      -1      -1   100 1.311176e-02 0.18295875 0.20751285 0.10174274 0.13822723 0.12328810 0.05212307 0.038891552 0.010484419 0.071941856 0.0018183129 0.0343803333 1.964241e-04 7.882615e-03 6.773474e-04 9.011921e-03 4.607828e-03 7.350461e-10 2.427695e-04 7.168267e-09 8.213356e-06 8.814356e-07 3.990218e-05 1.836054e-06 8.492816e-04
   61    1      1      0    0      1      -1      -1   100 1.626914e-03 0.16677629 0.19365200 0.20323318 0.06899139 0.05995405 0.06788847 0.066543648 0.037091229 0.015324525 0.0407045322 0.0013808092 2.253005e-02 2.414103e-03 3.820943e-02 3.659660e-03 1.166675e-05 9.393485e-06 1.172854e-05 2.329347e-03 1.227266e-04 1.630261e-09 4.821407e-10 6.546630e-03 9.882158e-04
   62    1      1      0    0      1      -1      -1   100 8.805721e-03 0.09827913 0.11215356 0.18828914 0.16801216 0.04363470 0.03889218 0.047261164 0.138281333 0.041855023 0.0229969599 0.0207653159 1.226533e-02 1.006214e-02 2.476139e-02 1.163810e-02 3.993849e-06 1.546667e-03 2.556420e-03 4.015871e-07 5.760421e-04 6.907019e-09 2.592030e-06 2.089303e-04 7.151599e-03
   63    1      1      0    0      1      -1      -1   100 4.333249e-02 0.11609947 0.11992632 0.18810364 0.15641975 0.08484366 0.03890567 0.062793595 0.057419786 0.062182847 0.0007188879 0.0058177879 2.100440e-02 2.894885e-03 4.882734e-03 4.340690e-03 3.817364e-04 8.262805e-03 1.941898e-02 2.829240e-04 3.086605e-04 1.294330e-11 1.296152e-07 1.093676e-03 5.644810e-04
   64    1      1      0    0      1      -1      -1   100 6.137477e-03 0.28235077 0.14514745 0.08457526 0.13719127 0.09544225 0.07853009 0.006347795 0.020544398 0.020580537 0.0134555518 0.0434639297 3.347009e-03 2.674807e-02 6.427014e-03 1.338838e-02 3.095816e-06 3.750341e-03 1.864602e-03 9.701371e-03 3.243731e-05 8.669128e-04 7.457020e-05 2.437727e-05 5.057688e-06
   65    1      1      0    0      1      -1      -1   100 2.436706e-02 0.20394700 0.28313730 0.06044159 0.10918267 0.08658514 0.05271813 0.030809181 0.039247923 0.012496936 0.0090882824 0.0296759998 1.053378e-02 1.534160e-02 2.534109e-03 1.553995e-04 2.875192e-02 3.481050e-11 3.270255e-06 1.085322e-07 1.567196e-08 8.564249e-08 3.975295e-04 5.675083e-04 1.746107e-05
   66    1      1      0    0      1      -1      -1   100 5.672455e-03 0.07679396 0.27408439 0.21188032 0.14142438 0.04667246 0.06563412 0.051349078 0.035972443 0.036938443 0.0024533713 0.0064471137 2.830852e-02 1.253676e-03 3.554978e-04 3.051937e-04 5.285711e-05 1.262563e-03 5.117084e-11 1.530247e-03 5.558438e-10 6.305365e-11 1.134186e-36 4.684244e-11 1.160891e-02
   67    1      1      0    0      1      -1      -1   100 1.423161e-02 0.21141779 0.10593355 0.20670047 0.23078455 0.03815032 0.02959802 0.048596303 0.057116364 0.008402515 0.0106085234 0.0062533008 1.178993e-02 1.281570e-02 8.393899e-06 5.834827e-03 1.386821e-03 1.908069e-05 1.819773e-04 3.978618e-10 3.126076e-06 3.711867e-05 1.016086e-04 2.804331e-05 3.880542e-08
   68    1      1      0    0      1      -1      -1   100 5.327825e-04 0.10390245 0.36968544 0.10174107 0.13907387 0.09516911 0.03176567 0.014064625 0.022554706 0.041522935 0.0223488286 0.0004030887 2.071169e-02 1.300267e-02 3.438393e-03 5.756084e-07 2.381110e-05 1.324346e-02 8.273117e-07 1.164781e-03 8.984047e-16 2.537310e-03 3.725722e-09 1.518428e-06 3.110373e-03
   69    1      1      0    0      1      -1      -1   100 4.419513e-02 0.11236485 0.21628799 0.21460282 0.08991154 0.06441400 0.14867963 0.024525214 0.005632934 0.017826323 0.0129959338 0.0053940989 2.736702e-04 1.016725e-03 2.175898e-02 1.066119e-02 5.811285e-03 3.451598e-04 1.589540e-04 9.380264e-09 2.146498e-04 2.247212e-11 2.153664e-06 7.105039e-18 2.926767e-03
   70    1      1      0    0      1      -1      -1   100 8.885004e-03 0.32947761 0.08247500 0.14545572 0.10104303 0.02650657 0.10179829 0.119635117 0.037345676 0.002315644 0.0048348463 0.0195705999 9.224913e-03 6.488090e-04 1.668555e-03 3.933070e-04 1.522624e-03 3.204785e-03 2.407161e-03 2.672479e-09 6.530339e-07 1.618621e-04 2.891757e-08 1.424182e-03 2.669294e-12
   71    1      1      0    0      1      -1      -1   100 2.376070e-02 0.11516005 0.34037655 0.06362494 0.09820501 0.13504673 0.02793980 0.039613378 0.048507500 0.017367846 0.0484513055 0.0006940033 4.813834e-03 2.126723e-02 3.546242e-03 3.323348e-05 1.313497e-04 2.251985e-04 9.645049e-05 1.175906e-04 1.100366e-02 2.246244e-14 1.089934e-05 7.858480e-19 6.492529e-06
   72    1      1      0    0      1      -1      -1   100 4.092401e-04 0.10069356 0.23259483 0.16268007 0.06979003 0.08056936 0.16102983 0.038467374 0.030663162 0.043665242 0.0083921717 0.0075318607 1.620495e-02 3.436684e-02 1.646425e-03 1.231062e-04 9.351546e-07 4.958972e-03 4.209112e-04 6.360276e-06 1.801723e-09 1.476211e-03 8.848964e-18 3.730973e-04 3.935447e-03
   73    1      1      0    0      1      -1      -1   100 8.012131e-03 0.10982948 0.14628983 0.11144050 0.24950551 0.05815684 0.04943767 0.067016917 0.036950389 0.097417856 0.0200652096 0.0090827636 5.050583e-03 1.054840e-02 1.826162e-03 4.700386e-04 8.570681e-05 6.462170e-07 9.385408e-03 5.553399e-04 1.655216e-05 2.279220e-08 4.843906e-03 8.488594e-20 4.012138e-03
   74    1      1      0    0      1      -1      -1   100 1.835606e-02 0.22043923 0.15779436 0.08730162 0.07699564 0.22811678 0.04536494 0.032767280 0.048196363 0.003248466 0.0335099890 0.0102482610 1.494085e-02 1.305631e-04 4.413550e-03 4.266605e-05 1.195686e-07 1.807815e-02 1.189168e-06 2.776021e-06 6.328752e-06 4.245255e-05 8.132247e-07 1.558787e-06 1.987543e-11
   75    1      1      0    0      1      -1      -1   100 2.662294e-02 0.11921167 0.20471643 0.06759074 0.09980162 0.07290407 0.11695438 0.043695072 0.052895846 0.061966672 0.0140516993 0.0401085325 3.041002e-02 1.029964e-02 5.223228e-03 4.780846e-03 9.237215e-05 1.474120e-02 6.461209e-08 3.376051e-03 3.323718e-04 2.297041e-04 9.969614e-03 7.347774e-08 2.514031e-05
   76    1      1      0    0      1      -1      -1   100 2.208810e-02 0.14259723 0.09871789 0.16350863 0.09906455 0.07337752 0.06886655 0.158428611 0.045735831 0.016965497 0.0342608537 0.0147696554 3.263364e-03 1.813063e-02 3.546262e-04 2.784016e-02 8.116744e-03 1.268260e-03 1.689080e-03 4.410631e-08 1.141405e-07 7.820252e-05 1.141975e-12 1.219330e-09 8.778713e-04
   77    1      1      0    0      1      -1      -1   100 2.147534e-02 0.18014015 0.18770251 0.07054973 0.10417250 0.05349740 0.02672125 0.076376053 0.054253606 0.029445050 0.0304482905 0.0768595873 7.666222e-03 6.896798e-03 3.258326e-02 1.195809e-02 1.710206e-08 1.040937e-02 3.066855e-04 1.565296e-02 6.536016e-04 4.117032e-04 6.236349e-05 4.286275e-05 1.714597e-03
   78    1      1      0    0      1      -1      -1   100 1.168392e-02 0.22855902 0.18173594 0.11713676 0.07537166 0.10412954 0.06353359 0.035760194 0.025827022 0.087099097 0.0092252649 0.0153049224 8.005806e-03 1.309774e-03 5.357259e-03 2.921513e-02 5.670136e-05 3.648243e-09 3.227195e-04 3.101600e-06 2.838591e-05 1.451948e-05 6.560530e-08 2.494585e-04 7.016056e-05
   79    1      1      0    0      1      -1      -1   100 5.905561e-03 0.08585722 0.35610950 0.24417093 0.05924953 0.03621448 0.03271380 0.055692132 0.005445571 0.015296569 0.0485540308 0.0016493971 1.271246e-02 1.819307e-02 6.271699e-03 6.447696e-04 1.205333e-02 2.689232e-03 1.636404e-06 7.403357e-11 3.704888e-08 2.526214e-04 2.624286e-09 1.795238e-10 3.224253e-04
   80    1      1      0    0      1      -1      -1   100 5.650974e-02 0.09953895 0.12373711 0.32767178 0.10756041 0.05799808 0.03307201 0.031096421 0.016710324 0.035448461 0.0274255938 0.0136316095 2.620020e-02 5.268117e-03 3.176673e-02 9.208274e-04 3.546069e-05 2.620649e-03 7.180141e-04 1.207476e-11 1.681112e-03 3.751871e-05 1.728649e-12 1.206548e-11 3.508704e-04
   81    1      1      0    0      1      -1      -1   100 3.171868e-02 0.14386701 0.15500454 0.14474109 0.18433729 0.12513317 0.05359986 0.019412647 0.017980802 0.031212327 0.0012712682 0.0107332335 3.066719e-02 6.636129e-03 1.343676e-02 1.908617e-02 2.634312e-03 2.569208e-03 1.537136e-04 4.966140e-05 5.027541e-03 2.529437e-12 7.273639e-04 1.047465e-18 4.061346e-08
   82    1      1      0    0      1      -1      -1   100 1.260262e-02 0.11070314 0.24929023 0.11725534 0.09356248 0.12727357 0.05737834 0.019509903 0.060076204 0.027320804 0.0169181807 0.0207020275 9.721295e-03 1.327040e-02 1.540441e-04 2.308943e-04 1.724544e-02 5.252840e-03 1.313688e-02 4.720397e-04 1.085838e-03 5.064965e-13 7.938202e-03 2.333568e-04 1.866594e-02
   83    1      1      0    0      1      -1      -1   100 1.447700e-02 0.15123641 0.15580805 0.17148767 0.06935125 0.06550433 0.13747863 0.080498640 0.015421292 0.021129376 0.0107102749 0.0015814591 6.082999e-02 3.106045e-05 2.483945e-02 8.644350e-03 1.809911e-03 2.221526e-03 1.225130e-05 4.948600e-03 4.452565e-05 2.439696e-07 4.718323e-23 9.933012e-07 1.932709e-03
   84    1      1      0    0      1      -1      -1   100 1.544900e-02 0.11328391 0.18944490 0.20088636 0.09086375 0.05340808 0.04541494 0.080061354 0.073886981 0.026671035 0.0110288788 0.0333352646 1.346107e-02 1.718881e-02 1.582968e-03 8.600076e-03 2.612876e-03 2.053751e-02 1.424564e-04 1.982673e-05 1.982987e-03 7.407220e-05 7.493815e-14 2.404799e-08 6.286231e-05
   85    1      1      0    0      1      -1      -1   100 5.408744e-02 0.22412680 0.13444620 0.13809231 0.12867032 0.07712428 0.09525479 0.021522430 0.021148976 0.015408066 0.0078727014 0.0218888104 9.538662e-03 1.737708e-03 1.819003e-03 2.874478e-03 1.926903e-03 6.504431e-03 1.023860e-02 2.253980e-02 2.315816e-03 5.743036e-05 8.040474e-04 4.980591e-09 6.313670e-10
   86    1      1      0    0      1      -1      -1   100 1.221178e-02 0.29147154 0.14485696 0.12024322 0.09815462 0.07701117 0.08600000 0.032091932 0.057575609 0.040255658 0.0095151184 0.0043058183 7.667215e-04 2.126945e-03 1.217573e-04 1.315276e-03 2.908146e-05 1.672177e-02 1.298166e-06 4.336154e-06 1.459626e-04 1.024189e-15 4.674050e-03 3.049576e-12 3.993686e-04
   87    1      1      0    0      1      -1      -1   100 2.876490e-02 0.12105375 0.36863969 0.22236559 0.07877453 0.04017634 0.02183109 0.035356639 0.011583398 0.017489855 0.0168249532 0.0095484256 1.077352e-02 2.697334e-03 1.160665e-05 1.433938e-03 9.078403e-04 2.451757e-03 6.453087e-03 1.373855e-06 1.775405e-05 6.903458e-05 6.929693e-09 7.276959e-12 2.773579e-03
   88    1      1      0    0      1      -1      -1   100 1.075033e-02 0.25679500 0.10266879 0.23334999 0.17776871 0.04498952 0.03330809 0.053694109 0.021416946 0.005756087 0.0178753474 0.0065696676 7.989424e-03 3.097328e-03 9.580252e-04 2.009892e-04 6.680383e-06 1.087571e-02 8.898655e-08 9.180155e-03 2.671352e-03 4.360700e-06 7.329201e-05 1.074144e-13 3.714842e-11
   89    1      1      0    0      1      -1      -1   100 3.129053e-03 0.21936587 0.13585136 0.06828723 0.20652936 0.15018005 0.00900726 0.032752972 0.052442986 0.011481055 0.0130014235 0.0227287145 5.352299e-02 9.324474e-03 5.090637e-05 7.111435e-03 2.473350e-03 6.027826e-10 2.772561e-15 1.037949e-03 1.699622e-03 1.063512e-08 7.673614e-07 9.460751e-07 2.022193e-05
   90    1      1      0    0      1      -1      -1   100 1.487530e-02 0.05692467 0.35209611 0.13839565 0.06934953 0.12340245 0.04728829 0.055236963 0.013682536 0.016107191 0.0015364315 0.0130951869 2.131035e-03 4.917652e-02 3.197406e-02 1.433720e-02 4.614370e-07 3.341558e-06 6.846338e-06 1.107427e-05 8.103431e-06 8.692178e-08 4.879905e-19 4.418673e-05 3.167737e-04
   91    1      1      0    0      1      -1      -1   100 1.139179e-02 0.16521388 0.09876901 0.24526638 0.10977766 0.06719383 0.12392338 0.041556495 0.064726492 0.024660456 0.0119890251 0.0027166072 3.759111e-03 8.358190e-03 1.889133e-03 9.928975e-03 3.975268e-05 5.634024e-04 8.753215e-07 8.022452e-05 2.636917e-03 4.977767e-07 4.040899e-10 5.557917e-03 2.155366e-09
   92    1      1      0    0      1      -1      -1   100 1.847352e-02 0.12437966 0.12305525 0.09549720 0.23701246 0.10199389 0.03936151 0.093709422 0.036408847 0.029831581 0.0049980018 0.0147711899 1.832543e-02 1.418981e-02 1.312601e-02 2.311519e-02 7.864441e-04 1.030256e-04 5.004929e-03 2.593830e-03 5.441754e-22 8.965345e-12 9.934423e-05 8.852196e-12 3.163461e-03
   93    1      1      0    0      1      -1      -1   100 2.471749e-02 0.20384081 0.22206595 0.12880034 0.05704734 0.12904077 0.03066286 0.043717515 0.019554223 0.014453782 0.0214159564 0.0095628055 1.373452e-02 1.381935e-02 2.711539e-03 4.389955e-02 1.384110e-02 1.184657e-04 1.929887e-03 1.081746e-03 6.638010e-06 1.405820e-04 9.561220e-10 1.763580e-09 3.836767e-03
   94    1      1      0    0      1      -1      -1   100 2.637803e-02 0.24763541 0.16782439 0.14166125 0.07493787 0.02115954 0.10750825 0.037024832 0.022522016 0.049886437 0.0185136136 0.0167277430 3.023584e-05 4.304837e-03 3.975661e-02 8.676653e-04 2.004814e-03 5.178910e-03 3.667458e-06 1.531906e-02 7.363840e-14 9.968009e-06 3.842651e-04 2.029513e-13 3.606059e-04
   95    1      1      0    0      1      -1      -1   100 2.029439e-02 0.21412096 0.23334668 0.10522745 0.09947125 0.03483969 0.06813147 0.069219540 0.024408485 0.016886578 0.0676160390 0.0207786069 6.307014e-03 4.241664e-05 6.456942e-04 9.233856e-04 2.464041e-03 4.576607e-03 3.531383e-04 2.466930e-03 1.103671e-08 4.276569e-12 1.095797e-06 2.984671e-12 7.878534e-03
   96    1      1      0    0      1      -1      -1   100 1.790230e-02 0.26930565 0.13064426 0.09624741 0.09817262 0.12221068 0.07785214 0.014849480 0.072904999 0.036585471 0.0087884059 0.0160851298 1.134465e-02 5.021100e-03 6.106082e-03 5.670797e-03 1.281740e-04 1.805828e-04 1.737972e-06 6.558400e-03 3.267461e-03 6.622138e-06 1.000657e-08 1.936206e-09 1.658297e-04
   97    1      1      0    0      1      -1      -1   100 2.351888e-02 0.09123610 0.25914533 0.15580553 0.12814395 0.08072953 0.06112516 0.019357405 0.008734974 0.045130604 0.0298675464 0.0066078936 5.282833e-02 8.121515e-03 1.233347e-05 2.411283e-03 6.274147e-03 1.438046e-04 1.792893e-02 5.896918e-04 1.551042e-03 7.359939e-04 3.273790e-11 1.983503e-08 5.183840e-09
   98    1      1      0    0      1      -1      -1   100 7.427722e-03 0.08961898 0.18886471 0.19553245 0.05706033 0.11474784 0.09317595 0.033288537 0.024591498 0.062086748 0.0404502020 0.0041255788 5.779019e-03 2.701819e-02 3.582314e-02 1.449325e-03 3.999726e-03 2.661559e-03 6.121208e-03 3.376033e-05 3.977490e-06 2.254398e-08 1.470180e-04 9.617864e-28 5.992507e-03
   99    1      1      0    0      1      -1      -1   100 5.613064e-03 0.15493208 0.14027757 0.12065499 0.18264598 0.11974545 0.04401579 0.014791635 0.035810344 0.035375822 0.0486720468 0.0212729679 9.969562e-03 7.426579e-03 1.332619e-02 8.574931e-03 3.007282e-05 3.197362e-03 1.196251e-05 2.119586e-12 2.218734e-09 2.528776e-08 1.410026e-03 4.188854e-05 3.220366e-02
  100    1      1      0    0      1      -1      -1   100 2.250019e-02 0.10461093 0.16201964 0.13538227 0.06576584 0.19029574 0.09386909 0.055819031 0.034475725 0.026371247 0.0048314117 0.0049849046 4.419850e-03 2.142434e-02 1.522604e-02 4.953926e-03 1.766400e-02 1.733469e-04 9.097702e-06 1.234836e-04 7.016058e-11 5.481128e-03 1.136321e-05 9.343482e-06 2.957805e-02
    2    1      2      0    0      1      -1      -1   100 2.000000e-02 0.18000000 0.13000000 0.14000000 0.10000000 0.05000000 0.10000000 0.040000000 0.030000000 0.040000000 0.0100000000 0.0400000000 3.000000e-02 4.000000e-02 3.000000e-02 1.000000e-02 1.000000e-02 0.000000e+00 0.000000e+00 0.000000e+00 0.000000e+00 0.000000e+00 0.000000e+00 0.000000e+00 0.000000e+00
    3    1      2      0    0      1      -1      -1   100 5.000000e-02 0.17000000 0.17000000 0.11000000 0.10000000 0.10000000 0.05000000 0.050000000 0.050000000 0.020000000 0.0300000000 0.0100000000 1.000000e-02 1.000000e-02 3.000000e-02 2.000000e-02 0.000000e+00 0.000000e+00 0.000000e+00 1.000000e-02 0.000000e+00 0.000000e+00 0.000000e+00 0.000000e+00 1.000000e-02
    4    1      2      0    0      1      -1      -1   100 3.000000e-02 0.23000000 0.10000000 0.14000000 0.10000000 0.07000000 0.10000000 0.020000000 0.060000000 0.040000000 0.0400000000 0.0200000000 1.000000e-02 0.000000e+00 1.000000e-02 2.000000e-02 0.000000e+00 1.000000e-02 0.000000e+00 0.000000e+00 0.000000e+00 0.000000e+00 0.000000e+00 0.000000e+00 0.000000e+00
    5    1      2      0    0      1      -1      -1   100 4.000000e-02 0.07000000 0.30000000 0.09000000 0.12000000 0.10000000 0.05000000 0.090000000 0.040000000 0.010000000 0.0400000000 0.0100000000 2.000000e-02 0.000000e+00 0.000000e+00 1.000000e-02 0.000000e+00 0.000000e+00 0.000000e+00 0.000000e+00 0.000000e+00 0.000000e+00 1.000000e-02 0.000000e+00 0.000000e+00
    6    1      2      0    0      1      -1      -1   100 1.000000e-02 0.31000000 0.09000000 0.12000000 0.09000000 0.06000000 0.04000000 0.030000000 0.070000000 0.040000000 0.0100000000 0.0300000000 4.000000e-02 1.000000e-02 0.000000e+00 2.000000e-02 1.000000e-02 1.000000e-02 0.000000e+00 0.000000e+00 0.000000e+00 1.000000e-02 0.000000e+00 0.000000e+00 0.000000e+00
    7    1      2      0    0      1      -1      -1   100 2.000000e-02 0.11000000 0.29000000 0.08000000 0.11000000 0.09000000 0.07000000 0.040000000 0.030000000 0.030000000 0.0100000000 0.0200000000 1.000000e-02 3.000000e-02 0.000000e+00 1.000000e-02 0.000000e+00 0.000000e+00 0.000000e+00 0.000000e+00 0.000000e+00 1.000000e-02 2.000000e-02 0.000000e+00 2.000000e-02
    8    1      2      0    0      1      -1      -1   100 3.000000e-02 0.11000000 0.15000000 0.19000000 0.04000000 0.11000000 0.02000000 0.080000000 0.050000000 0.060000000 0.0500000000 0.0200000000 2.000000e-02 2.000000e-02 1.000000e-02 0.000000e+00 0.000000e+00 0.000000e+00 1.000000e-02 1.000000e-02 0.000000e+00 0.000000e+00 0.000000e+00 1.000000e-02 1.000000e-02
    9    1      2      0    0      1      -1      -1   100 3.000000e-02 0.07000000 0.16000000 0.17000000 0.18000000 0.04000000 0.10000000 0.040000000 0.010000000 0.040000000 0.0100000000 0.0200000000 4.000000e-02 2.000000e-02 1.000000e-02 0.000000e+00 2.000000e-02 0.000000e+00 0.000000e+00 0.000000e+00 0.000000e+00 0.000000e+00 2.000000e-02 1.000000e-02 1.000000e-02
   10    1      2      0    0      1      -1      -1   100 2.000000e-02 0.08000000 0.11000000 0.15000000 0.10000000 0.19000000 0.04000000 0.060000000 0.040000000 0.030000000 0.0200000000 0.0200000000 4.000000e-02 2.000000e-02 6.000000e-02 1.000000e-02 0.000000e+00 0.000000e+00 0.000000e+00 0.000000e+00 0.000000e+00 0.000000e+00 0.000000e+00 0.000000e+00 1.000000e-02
   11    1      2      0    0      1      -1      -1   100 1.000000e-02 0.15000000 0.13000000 0.07000000 0.08000000 0.15000000 0.12000000 0.040000000 0.080000000 0.020000000 0.0300000000 0.0300000000 1.000000e-02 2.000000e-02 2.000000e-02 1.000000e-02 0.000000e+00 1.000000e-02 1.000000e-02 0.000000e+00 0.000000e+00 0.000000e+00 0.000000e+00 0.000000e+00 1.000000e-02
   12    1      2      0    0      1      -1      -1   100 7.000000e-02 0.16000000 0.13000000 0.06000000 0.07000000 0.05000000 0.10000000 0.100000000 0.030000000 0.010000000 0.0300000000 0.0600000000 4.000000e-02 0.000000e+00 1.000000e-02 3.000000e-02 1.000000e-02 0.000000e+00 0.000000e+00 1.000000e-02 0.000000e+00 2.000000e-02 0.000000e+00 0.000000e+00 1.000000e-02
   13    1      2      0    0      1      -1      -1   100 2.000000e-02 0.29000000 0.13000000 0.07000000 0.06000000 0.06000000 0.04000000 0.070000000 0.120000000 0.000000000 0.0700000000 0.0000000000 1.000000e-02 4.000000e-02 1.000000e-02 0.000000e+00 0.000000e+00 0.000000e+00 0.000000e+00 0.000000e+00 0.000000e+00 0.000000e+00 0.000000e+00 1.000000e-02 0.000000e+00
   14    1      2      0    0      1      -1      -1   100 1.000000e-02 0.13000000 0.27000000 0.23000000 0.07000000 0.04000000 0.03000000 0.020000000 0.030000000 0.050000000 0.0100000000 0.0400000000 1.000000e-02 0.000000e+00 0.000000e+00 0.000000e+00 0.000000e+00 0.000000e+00 2.000000e-02 0.000000e+00 0.000000e+00 2.000000e-02 2.000000e-02 0.000000e+00 0.000000e+00
   15    1      2      0    0      1      -1      -1   100 0.000000e+00 0.13000000 0.09000000 0.29000000 0.10000000 0.06000000 0.05000000 0.020000000 0.020000000 0.020000000 0.0700000000 0.0400000000 2.000000e-02 4.000000e-02 1.000000e-02 2.000000e-02 1.000000e-02 0.000000e+00 0.000000e+00 0.000000e+00 0.000000e+00 0.000000e+00 0.000000e+00 1.000000e-02 0.000000e+00
   16    1      2      0    0      1      -1      -1   100 3.000000e-02 0.11000000 0.16000000 0.06000000 0.26000000 0.08000000 0.04000000 0.030000000 0.000000000 0.040000000 0.0400000000 0.0300000000 0.000000e+00 4.000000e-02 1.000000e-02 1.000000e-02 1.000000e-02 2.000000e-02 0.000000e+00 1.000000e-02 1.000000e-02 0.000000e+00 1.000000e-02 0.000000e+00 0.000000e+00
   17    1      2      0    0      1      -1      -1   100 4.000000e-02 0.07000000 0.13000000 0.11000000 0.07000000 0.18000000 0.16000000 0.050000000 0.030000000 0.020000000 0.0400000000 0.0100000000 2.000000e-02 0.000000e+00 1.000000e-02 0.000000e+00 1.000000e-02 0.000000e+00 0.000000e+00 1.000000e-02 1.000000e-02 0.000000e+00 1.000000e-02 0.000000e+00 2.000000e-02
   18    1      2      0    0      1      -1      -1   100 1.000000e-02 0.19000000 0.05000000 0.13000000 0.10000000 0.09000000 0.15000000 0.030000000 0.040000000 0.020000000 0.0300000000 0.0300000000 1.000000e-02 5.000000e-02 2.000000e-02 1.000000e-02 0.000000e+00 2.000000e-02 0.000000e+00 1.000000e-02 0.000000e+00 1.000000e-02 0.000000e+00 0.000000e+00 0.000000e+00
   19    1      2      0    0      1      -1      -1   100 4.000000e-02 0.07000000 0.17000000 0.11000000 0.09000000 0.05000000 0.07000000 0.110000000 0.070000000 0.060000000 0.0200000000 0.0200000000 3.000000e-02 1.000000e-02 4.000000e-02 0.000000e+00 1.000000e-02 0.000000e+00 0.000000e+00 1.000000e-02 0.000000e+00 0.000000e+00 0.000000e+00 0.000000e+00 2.000000e-02
   20    1      2      0    0      1      -1      -1   100 9.000000e-02 0.13000000 0.04000000 0.17000000 0.02000000 0.04000000 0.09000000 0.010000000 0.110000000 0.060000000 0.0400000000 0.0300000000 2.000000e-02 2.000000e-02 2.000000e-02 4.000000e-02 1.000000e-02 2.000000e-02 0.000000e+00 0.000000e+00 1.000000e-02 0.000000e+00 2.000000e-02 1.000000e-02 0.000000e+00
   21    1      2      0    0      1      -1      -1   100 2.000000e-02 0.25000000 0.10000000 0.04000000 0.08000000 0.05000000 0.07000000 0.020000000 0.040000000 0.150000000 0.0200000000 0.0200000000 1.000000e-02 2.000000e-02 1.000000e-02 5.000000e-02 0.000000e+00 0.000000e+00 2.000000e-02 1.000000e-02 1.000000e-02 0.000000e+00 0.000000e+00 1.000000e-02 0.000000e+00
   22    1      2      0    0      1      -1      -1   100 0.000000e+00 0.06000000 0.32000000 0.05000000 0.05000000 0.11000000 0.04000000 0.040000000 0.030000000 0.030000000 0.1000000000 0.0500000000 3.000000e-02 2.000000e-02 2.000000e-02 1.000000e-02 1.000000e-02 1.000000e-02 0.000000e+00 0.000000e+00 0.000000e+00 0.000000e+00 1.000000e-02 1.000000e-02 0.000000e+00
   23    1      2      0    0      1      -1      -1   100 3.000000e-02 0.07000000 0.10000000 0.30000000 0.06000000 0.03000000 0.09000000 0.010000000 0.070000000 0.040000000 0.0100000000 0.1100000000 1.000000e-02 0.000000e+00 0.000000e+00 1.000000e-02 0.000000e+00 1.000000e-02 1.000000e-02 0.000000e+00 1.000000e-02 0.000000e+00 0.000000e+00 0.000000e+00 3.000000e-02
   24    1      2      0    0      1      -1      -1   100 2.000000e-02 0.16000000 0.08000000 0.10000000 0.21000000 0.05000000 0.04000000 0.070000000 0.010000000 0.030000000 0.0400000000 0.0000000000 7.000000e-02 2.000000e-02 2.000000e-02 1.000000e-02 3.000000e-02 1.000000e-02 1.000000e-02 1.000000e-02 0.000000e+00 0.000000e+00 1.000000e-02 0.000000e+00 0.000000e+00
   25    1      2      0    0      1      -1      -1   100 5.000000e-02 0.21000000 0.21000000 0.02000000 0.09000000 0.12000000 0.07000000 0.000000000 0.050000000 0.020000000 0.0100000000 0.0200000000 1.000000e-02 3.000000e-02 2.000000e-02 1.000000e-02 0.000000e+00 0.000000e+00 1.000000e-02 0.000000e+00 0.000000e+00 1.000000e-02 1.000000e-02 0.000000e+00 3.000000e-02
   26    1      2      0    0      1      -1      -1   100 3.000000e-02 0.13000000 0.14000000 0.20000000 0.02000000 0.05000000 0.12000000 0.020000000 0.010000000 0.080000000 0.0500000000 0.0400000000 2.000000e-02 2.000000e-02 2.000000e-02 2.000000e-02 0.000000e+00 1.000000e-02 1.000000e-02 0.000000e+00 0.000000e+00 0.000000e+00 0.000000e+00 0.000000e+00 1.000000e-02
   27    1      2      0    0      1      -1      -1   100 5.000000e-02 0.10000000 0.10000000 0.09000000 0.14000000 0.06000000 0.05000000 0.120000000 0.010000000 0.010000000 0.0500000000 0.0200000000 2.000000e-02 1.000000e-02 1.000000e-02 5.000000e-02 2.000000e-02 2.000000e-02 4.000000e-02 0.000000e+00 0.000000e+00 0.000000e+00 1.000000e-02 0.000000e+00 2.000000e-02
   28    1      2      0    0      1      -1      -1   100 5.000000e-02 0.28000000 0.12000000 0.06000000 0.08000000 0.09000000 0.02000000 0.050000000 0.070000000 0.030000000 0.0200000000 0.0300000000 0.000000e+00 2.000000e-02 1.000000e-02 0.000000e+00 2.000000e-02 1.000000e-02 1.000000e-02 1.000000e-02 0.000000e+00 0.000000e+00 0.000000e+00 0.000000e+00 2.000000e-02
   29    1      2      0    0      1      -1      -1   100 6.000000e-02 0.18000000 0.22000000 0.07000000 0.06000000 0.04000000 0.06000000 0.010000000 0.060000000 0.100000000 0.0300000000 0.0000000000 1.000000e-02 2.000000e-02 0.000000e+00 0.000000e+00 2.000000e-02 4.000000e-02 0.000000e+00 0.000000e+00 0.000000e+00 0.000000e+00 0.000000e+00 0.000000e+00 2.000000e-02
   30    1      2      0    0      1      -1      -1   100 7.000000e-02 0.19000000 0.21000000 0.16000000 0.04000000 0.10000000 0.11000000 0.040000000 0.010000000 0.000000000 0.0400000000 0.0000000000 0.000000e+00 2.000000e-02 0.000000e+00 0.000000e+00 0.000000e+00 0.000000e+00 1.000000e-02 0.000000e+00 0.000000e+00 0.000000e+00 0.000000e+00 0.000000e+00 0.000000e+00
   31    1      2      0    0      1      -1      -1   100 7.000000e-02 0.14000000 0.15000000 0.16000000 0.16000000 0.07000000 0.09000000 0.020000000 0.040000000 0.010000000 0.0200000000 0.0100000000 1.000000e-02 1.000000e-02 1.000000e-02 1.000000e-02 0.000000e+00 0.000000e+00 1.000000e-02 1.000000e-02 0.000000e+00 0.000000e+00 0.000000e+00 0.000000e+00 0.000000e+00
   32    1      2      0    0      1      -1      -1   100 8.000000e-02 0.26000000 0.09000000 0.15000000 0.08000000 0.11000000 0.04000000 0.000000000 0.080000000 0.020000000 0.0000000000 0.0000000000 4.000000e-02 1.000000e-02 2.000000e-02 0.000000e+00 0.000000e+00 0.000000e+00 0.000000e+00 0.000000e+00 0.000000e+00 0.000000e+00 1.000000e-02 0.000000e+00 1.000000e-02
   33    1      2      0    0      1      -1      -1   100 1.000000e-02 0.24000000 0.26000000 0.09000000 0.05000000 0.12000000 0.11000000 0.020000000 0.010000000 0.020000000 0.0300000000 0.0100000000 0.000000e+00 2.000000e-02 0.000000e+00 0.000000e+00 1.000000e-02 0.000000e+00 0.000000e+00 0.000000e+00 0.000000e+00 0.000000e+00 0.000000e+00 0.000000e+00 0.000000e+00
   34    1      2      0    0      1      -1      -1   100 2.000000e-02 0.13000000 0.24000000 0.19000000 0.09000000 0.09000000 0.09000000 0.050000000 0.020000000 0.020000000 0.0100000000 0.0100000000 1.000000e-02 0.000000e+00 1.000000e-02 0.000000e+00 0.000000e+00 0.000000e+00 1.000000e-02 0.000000e+00 1.000000e-02 0.000000e+00 0.000000e+00 0.000000e+00 0.000000e+00
   35    1      2      0    0      1      -1      -1   100 1.000000e-02 0.08000000 0.13000000 0.30000000 0.14000000 0.09000000 0.04000000 0.040000000 0.040000000 0.010000000 0.0300000000 0.0200000000 3.000000e-02 0.000000e+00 0.000000e+00 2.000000e-02 1.000000e-02 0.000000e+00 0.000000e+00 0.000000e+00 0.000000e+00 0.000000e+00 0.000000e+00 0.000000e+00 1.000000e-02
   36    1      2      0    0      1      -1      -1   100 2.000000e-02 0.15000000 0.16000000 0.05000000 0.21000000 0.16000000 0.05000000 0.030000000 0.030000000 0.060000000 0.0200000000 0.0000000000 1.000000e-02 0.000000e+00 0.000000e+00 0.000000e+00 1.000000e-02 0.000000e+00 0.000000e+00 0.000000e+00 1.000000e-02 0.000000e+00 2.000000e-02 0.000000e+00 1.000000e-02
   37    1      2      0    0      1      -1      -1   100 3.000000e-02 0.26000000 0.15000000 0.10000000 0.02000000 0.15000000 0.10000000 0.050000000 0.040000000 0.040000000 0.0100000000 0.0200000000 1.000000e-02 0.000000e+00 0.000000e+00 1.000000e-02 0.000000e+00 0.000000e+00 0.000000e+00 0.000000e+00 0.000000e+00 0.000000e+00 0.000000e+00 0.000000e+00 1.000000e-02
   38    1      2      0    0      1      -1      -1   100 2.000000e-02 0.26000000 0.15000000 0.06000000 0.07000000 0.07000000 0.09000000 0.060000000 0.090000000 0.010000000 0.0500000000 0.0100000000 0.000000e+00 1.000000e-02 0.000000e+00 1.000000e-02 0.000000e+00 2.000000e-02 1.000000e-02 1.000000e-02 0.000000e+00 0.000000e+00 0.000000e+00 0.000000e+00 0.000000e+00
   39    1      2      0    0      1      -1      -1   100 5.000000e-02 0.21000000 0.14000000 0.12000000 0.06000000 0.07000000 0.02000000 0.080000000 0.080000000 0.040000000 0.0000000000 0.0500000000 4.000000e-02 0.000000e+00 0.000000e+00 0.000000e+00 2.000000e-02 0.000000e+00 1.000000e-02 1.000000e-02 0.000000e+00 0.000000e+00 0.000000e+00 0.000000e+00 0.000000e+00
   40    1      2      0    0      1      -1      -1   100 3.000000e-02 0.26000000 0.14000000 0.16000000 0.06000000 0.09000000 0.05000000 0.030000000 0.060000000 0.030000000 0.0200000000 0.0000000000 1.000000e-02 1.000000e-02 2.000000e-02 1.000000e-02 0.000000e+00 1.000000e-02 0.000000e+00 0.000000e+00 0.000000e+00 0.000000e+00 0.000000e+00 0.000000e+00 1.000000e-02
   41    1      2      0    0      1      -1      -1   100 6.000000e-02 0.15000000 0.23000000 0.11000000 0.07000000 0.08000000 0.05000000 0.060000000 0.050000000 0.040000000 0.0400000000 0.0000000000 1.000000e-02 1.000000e-02 3.000000e-02 0.000000e+00 1.000000e-02 0.000000e+00 0.000000e+00 0.000000e+00 0.000000e+00 0.000000e+00 0.000000e+00 0.000000e+00 0.000000e+00
   42    1      2      0    0      1      -1      -1   100 2.000000e-02 0.15000000 0.05000000 0.16000000 0.07000000 0.15000000 0.12000000 0.060000000 0.020000000 0.010000000 0.0500000000 0.0200000000 5.000000e-02 1.000000e-02 1.000000e-02 1.000000e-02 0.000000e+00 1.000000e-02 2.000000e-02 0.000000e+00 0.000000e+00 0.000000e+00 0.000000e+00 0.000000e+00 1.000000e-02
   43    1      2      0    0      1      -1      -1   100 1.000000e-02 0.16000000 0.13000000 0.11000000 0.15000000 0.08000000 0.08000000 0.070000000 0.030000000 0.010000000 0.0200000000 0.0700000000 2.000000e-02 3.000000e-02 2.000000e-02 0.000000e+00 1.000000e-02 0.000000e+00 0.000000e+00 0.000000e+00 0.000000e+00 0.000000e+00 0.000000e+00 0.000000e+00 0.000000e+00
   44    1      2      0    0      1      -1      -1   100 1.000000e-02 0.20000000 0.22000000 0.09000000 0.10000000 0.11000000 0.05000000 0.070000000 0.020000000 0.000000000 0.0200000000 0.0200000000 1.000000e-02 7.000000e-02 0.000000e+00 0.000000e+00 0.000000e+00 1.000000e-02 0.000000e+00 0.000000e+00 0.000000e+00 0.000000e+00 0.000000e+00 0.000000e+00 0.000000e+00
   45    1      2      0    0      1      -1      -1   100 5.000000e-02 0.19000000 0.24000000 0.08000000 0.07000000 0.06000000 0.09000000 0.050000000 0.030000000 0.060000000 0.0100000000 0.0300000000 0.000000e+00 0.000000e+00 2.000000e-02 1.000000e-02 1.000000e-02 0.000000e+00 0.000000e+00 0.000000e+00 0.000000e+00 0.000000e+00 0.000000e+00 0.000000e+00 0.000000e+00
   46    1      2      0    0      1      -1      -1   100 6.000000e-02 0.11000000 0.18000000 0.18000000 0.07000000 0.03000000 0.04000000 0.060000000 0.030000000 0.090000000 0.0200000000 0.0100000000 2.000000e-02 0.000000e+00 6.000000e-02 4.000000e-02 0.000000e+00 0.000000e+00 0.000000e+00 0.000000e+00 0.000000e+00 0.000000e+00 0.000000e+00 0.000000e+00 0.000000e+00
   47    1      2      0    0      1      -1      -1   100 1.000000e-01 0.07000000 0.18000000 0.17000000 0.16000000 0.06000000 0.05000000 0.010000000 0.050000000 0.030000000 0.0300000000 0.0200000000 2.000000e-02 1.000000e-02 0.000000e+00 1.000000e-02 2.000000e-02 0.000000e+00 0.000000e+00 0.000000e+00 1.000000e-02 0.000000e+00 0.000000e+00 0.000000e+00 0.000000e+00
   48    1      2      0    0      1      -1      -1   100 4.000000e-02 0.31000000 0.10000000 0.16000000 0.07000000 0.07000000 0.07000000 0.030000000 0.020000000 0.030000000 0.0200000000 0.0200000000 2.000000e-02 0.000000e+00 1.000000e-02 0.000000e+00 1.000000e-02 1.000000e-02 0.000000e+00 0.000000e+00 0.000000e+00 1.000000e-02 0.000000e+00 0.000000e+00 0.000000e+00
   49    1      2      0    0      1      -1      -1   100 6.000000e-02 0.08000000 0.30000000 0.13000000 0.07000000 0.10000000 0.07000000 0.040000000 0.030000000 0.030000000 0.0100000000 0.0100000000 1.000000e-02 2.000000e-02 1.000000e-02 0.000000e+00 1.000000e-02 0.000000e+00 2.000000e-02 0.000000e+00 0.000000e+00 0.000000e+00 0.000000e+00 0.000000e+00 0.000000e+00
   50    1      2      0    0      1      -1      -1   100 4.000000e-02 0.22000000 0.08000000 0.21000000 0.11000000 0.05000000 0.05000000 0.110000000 0.020000000 0.030000000 0.0100000000 0.0200000000 1.000000e-02 2.000000e-02 0.000000e+00 0.000000e+00 1.000000e-02 1.000000e-02 0.000000e+00 0.000000e+00 0.000000e+00 0.000000e+00 0.000000e+00 0.000000e+00 0.000000e+00
   51    1      2      0    0      1      -1      -1   100 8.000000e-02 0.09000000 0.26000000 0.10000000 0.19000000 0.06000000 0.06000000 0.030000000 0.020000000 0.030000000 0.0100000000 0.0000000000 3.000000e-02 0.000000e+00 0.000000e+00 2.000000e-02 0.000000e+00 1.000000e-02 0.000000e+00 1.000000e-02 0.000000e+00 0.000000e+00 0.000000e+00 0.000000e+00 0.000000e+00
   52    1      2      0    0      1      -1      -1   100 3.000000e-02 0.37000000 0.10000000 0.22000000 0.03000000 0.12000000 0.01000000 0.020000000 0.030000000 0.030000000 0.0000000000 0.0000000000 0.000000e+00 2.000000e-02 0.000000e+00 0.000000e+00 2.000000e-02 0.000000e+00 0.000000e+00 0.000000e+00 0.000000e+00 0.000000e+00 0.000000e+00 0.000000e+00 0.000000e+00
   53    1      2      0    0      1      -1      -1   100 3.000000e-02 0.17000000 0.23000000 0.05000000 0.18000000 0.06000000 0.15000000 0.020000000 0.020000000 0.010000000 0.0200000000 0.0000000000 1.000000e-02 0.000000e+00 2.000000e-02 1.000000e-02 0.000000e+00 1.000000e-02 0.000000e+00 0.000000e+00 0.000000e+00 1.000000e-02 0.000000e+00 0.000000e+00 0.000000e+00
   54    1      2      0    0      1      -1      -1   100 8.000000e-02 0.12000000 0.16000000 0.23000000 0.05000000 0.06000000 0.00000000 0.140000000 0.020000000 0.010000000 0.0400000000 0.0500000000 0.000000e+00 0.000000e+00 0.000000e+00 0.000000e+00 1.000000e-02 1.000000e-02 1.000000e-02 0.000000e+00 0.000000e+00 0.000000e+00 0.000000e+00 1.000000e-02 0.000000e+00
   55    1      2      0    0      1      -1      -1   100 5.000000e-02 0.19000000 0.10000000 0.19000000 0.19000000 0.03000000 0.07000000 0.020000000 0.020000000 0.030000000 0.0200000000 0.0000000000 5.000000e-02 0.000000e+00 0.000000e+00 0.000000e+00 0.000000e+00 0.000000e+00 1.000000e-02 1.000000e-02 0.000000e+00 0.000000e+00 0.000000e+00 1.000000e-02 1.000000e-02
   56    1      2      0    0      1      -1      -1   100 3.000000e-02 0.24000000 0.24000000 0.12000000 0.07000000 0.12000000 0.05000000 0.050000000 0.030000000 0.030000000 0.0100000000 0.0000000000 0.000000e+00 0.000000e+00 0.000000e+00 0.000000e+00 0.000000e+00 1.000000e-02 0.000000e+00 0.000000e+00 0.000000e+00 0.000000e+00 0.000000e+00 0.000000e+00 0.000000e+00
   57    1      2      0    0      1      -1      -1   100 6.000000e-02 0.23000000 0.23000000 0.20000000 0.03000000 0.09000000 0.04000000 0.020000000 0.060000000 0.000000000 0.0100000000 0.0200000000 0.000000e+00 0.000000e+00 0.000000e+00 0.000000e+00 1.000000e-02 0.000000e+00 0.000000e+00 0.000000e+00 0.000000e+00 0.000000e+00 0.000000e+00 0.000000e+00 0.000000e+00
   58    1      2      0    0      1      -1      -1   100 5.000000e-02 0.13000000 0.11000000 0.21000000 0.20000000 0.05000000 0.05000000 0.080000000 0.000000000 0.030000000 0.0000000000 0.0300000000 2.000000e-02 4.000000e-02 0.000000e+00 0.000000e+00 0.000000e+00 0.000000e+00 0.000000e+00 0.000000e+00 0.000000e+00 0.000000e+00 0.000000e+00 0.000000e+00 0.000000e+00
   59    1      2      0    0      1      -1      -1   100 5.000000e-02 0.23000000 0.09000000 0.13000000 0.17000000 0.12000000 0.02000000 0.020000000 0.080000000 0.000000000 0.0400000000 0.0000000000 2.000000e-02 0.000000e+00 0.000000e+00 0.000000e+00 0.000000e+00 0.000000e+00 1.000000e-02 0.000000e+00 0.000000e+00 0.000000e+00 1.000000e-02 0.000000e+00 1.000000e-02
   60    1      2      0    0      1      -1      -1   100 6.000000e-02 0.21000000 0.22000000 0.09000000 0.02000000 0.13000000 0.08000000 0.010000000 0.030000000 0.060000000 0.0100000000 0.0300000000 3.000000e-02 1.000000e-02 1.000000e-02 0.000000e+00 0.000000e+00 0.000000e+00 0.000000e+00 0.000000e+00 0.000000e+00 0.000000e+00 0.000000e+00 0.000000e+00 0.000000e+00
   61    1      2      0    0      1      -1      -1   100 2.000000e-02 0.14000000 0.20000000 0.20000000 0.06000000 0.07000000 0.09000000 0.080000000 0.020000000 0.020000000 0.0500000000 0.0100000000 1.000000e-02 2.000000e-02 1.000000e-02 0.000000e+00 0.000000e+00 0.000000e+00 0.000000e+00 0.000000e+00 0.000000e+00 0.000000e+00 0.000000e+00 0.000000e+00 0.000000e+00
   62    1      2      0    0      1      -1      -1   100 9.000000e-02 0.15000000 0.17000000 0.17000000 0.09000000 0.03000000 0.07000000 0.040000000 0.090000000 0.010000000 0.0100000000 0.0400000000 1.000000e-02 1.000000e-02 0.000000e+00 1.000000e-02 1.000000e-02 0.000000e+00 0.000000e+00 0.000000e+00 0.000000e+00 0.000000e+00 0.000000e+00 0.000000e+00 0.000000e+00
   63    1      2      0    0      1      -1      -1   100 9.000000e-02 0.12000000 0.14000000 0.13000000 0.13000000 0.11000000 0.01000000 0.070000000 0.030000000 0.060000000 0.0000000000 0.0000000000 3.000000e-02 0.000000e+00 3.000000e-02 1.000000e-02 2.000000e-02 0.000000e+00 0.000000e+00 1.000000e-02 0.000000e+00 0.000000e+00 0.000000e+00 1.000000e-02 0.000000e+00
   64    1      2      0    0      1      -1      -1   100 7.000000e-02 0.27000000 0.08000000 0.08000000 0.13000000 0.06000000 0.08000000 0.070000000 0.050000000 0.030000000 0.0100000000 0.0100000000 0.000000e+00 2.000000e-02 0.000000e+00 0.000000e+00 0.000000e+00 1.000000e-02 0.000000e+00 0.000000e+00 0.000000e+00 0.000000e+00 0.000000e+00 0.000000e+00 3.000000e-02
   65    1      2      0    0      1      -1      -1   100 4.000000e-02 0.31000000 0.36000000 0.08000000 0.02000000 0.07000000 0.03000000 0.000000000 0.020000000 0.020000000 0.0200000000 0.0300000000 0.000000e+00 0.000000e+00 0.000000e+00 0.000000e+00 0.000000e+00 0.000000e+00 0.000000e+00 0.000000e+00 0.000000e+00 0.000000e+00 0.000000e+00 0.000000e+00 0.000000e+00
   66    1      2      0    0      1      -1      -1   100 5.000000e-02 0.12000000 0.18000000 0.23000000 0.11000000 0.02000000 0.04000000 0.040000000 0.050000000 0.040000000 0.0400000000 0.0200000000 0.000000e+00 0.000000e+00 3.000000e-02 1.000000e-02 2.000000e-02 0.000000e+00 0.000000e+00 0.000000e+00 0.000000e+00 0.000000e+00 0.000000e+00 0.000000e+00 0.000000e+00
   67    1      2      0    0      1      -1      -1   100 1.000000e-02 0.25000000 0.12000000 0.17000000 0.16000000 0.05000000 0.03000000 0.030000000 0.060000000 0.030000000 0.0100000000 0.0100000000 3.000000e-02 3.000000e-02 0.000000e+00 0.000000e+00 0.000000e+00 1.000000e-02 0.000000e+00 0.000000e+00 0.000000e+00 0.000000e+00 0.000000e+00 0.000000e+00 0.000000e+00
   68    1      2      0    0      1      -1      -1   100 2.000000e-02 0.18000000 0.26000000 0.04000000 0.11000000 0.17000000 0.05000000 0.040000000 0.000000000 0.040000000 0.0400000000 0.0100000000 1.000000e-02 2.000000e-02 0.000000e+00 0.000000e+00 1.000000e-02 0.000000e+00 0.000000e+00 0.000000e+00 0.000000e+00 0.000000e+00 0.000000e+00 0.000000e+00 0.000000e+00
   69    1      2      0    0      1      -1      -1   100 4.000000e-02 0.13000000 0.19000000 0.13000000 0.09000000 0.12000000 0.14000000 0.050000000 0.020000000 0.010000000 0.0000000000 0.0200000000 0.000000e+00 1.000000e-02 0.000000e+00 1.000000e-02 1.000000e-02 0.000000e+00 1.000000e-02 0.000000e+00 2.000000e-02 0.000000e+00 0.000000e+00 0.000000e+00 0.000000e+00
   70    1      2      0    0      1      -1      -1   100 7.000000e-02 0.28000000 0.07000000 0.10000000 0.14000000 0.06000000 0.11000000 0.050000000 0.040000000 0.030000000 0.0200000000 0.0100000000 0.000000e+00 1.000000e-02 0.000000e+00 0.000000e+00 0.000000e+00 0.000000e+00 1.000000e-02 0.000000e+00 0.000000e+00 0.000000e+00 0.000000e+00 0.000000e+00 0.000000e+00
   71    1      2      0    0      1      -1      -1   100 3.000000e-02 0.12000000 0.37000000 0.08000000 0.09000000 0.07000000 0.04000000 0.040000000 0.080000000 0.010000000 0.0100000000 0.0200000000 2.000000e-02 0.000000e+00 0.000000e+00 0.000000e+00 2.000000e-02 0.000000e+00 0.000000e+00 0.000000e+00 0.000000e+00 0.000000e+00 0.000000e+00 0.000000e+00 0.000000e+00
   72    1      2      0    0      1      -1      -1   100 3.000000e-02 0.11000000 0.14000000 0.25000000 0.06000000 0.11000000 0.11000000 0.010000000 0.060000000 0.040000000 0.0300000000 0.0000000000 1.000000e-02 0.000000e+00 0.000000e+00 1.000000e-02 0.000000e+00 1.000000e-02 1.000000e-02 0.000000e+00 1.000000e-02 0.000000e+00 0.000000e+00 0.000000e+00 0.000000e+00
   73    1      2      0    0      1      -1      -1   100 5.000000e-02 0.09000000 0.09000000 0.18000000 0.27000000 0.02000000 0.05000000 0.080000000 0.000000000 0.020000000 0.0800000000 0.0200000000 1.000000e-02 1.000000e-02 1.000000e-02 1.000000e-02 0.000000e+00 0.000000e+00 0.000000e+00 0.000000e+00 0.000000e+00 1.000000e-02 0.000000e+00 0.000000e+00 0.000000e+00
   74    1      2      0    0      1      -1      -1   100 1.000000e-02 0.21000000 0.13000000 0.09000000 0.06000000 0.20000000 0.04000000 0.050000000 0.070000000 0.010000000 0.0300000000 0.0700000000 0.000000e+00 1.000000e-02 0.000000e+00 1.000000e-02 0.000000e+00 0.000000e+00 0.000000e+00 0.000000e+00 0.000000e+00 0.000000e+00 0.000000e+00 1.000000e-02 0.000000e+00
   75    1      2      0    0      1      -1      -1   100 4.000000e-02 0.11000000 0.23000000 0.08000000 0.09000000 0.08000000 0.11000000 0.030000000 0.060000000 0.110000000 0.0000000000 0.0200000000 2.000000e-02 0.000000e+00 0.000000e+00 0.000000e+00 0.000000e+00 0.000000e+00 1.000000e-02 1.000000e-02 0.000000e+00 0.000000e+00 0.000000e+00 0.000000e+00 0.000000e+00
   76    1      2      0    0      1      -1      -1   100 6.000000e-02 0.18000000 0.15000000 0.13000000 0.07000000 0.05000000 0.03000000 0.100000000 0.060000000 0.030000000 0.0400000000 0.0300000000 2.000000e-02 1.000000e-02 0.000000e+00 1.000000e-02 1.000000e-02 1.000000e-02 0.000000e+00 0.000000e+00 0.000000e+00 0.000000e+00 0.000000e+00 0.000000e+00 1.000000e-02
   77    1      2      0    0      1      -1      -1   100 5.000000e-02 0.18000000 0.19000000 0.14000000 0.12000000 0.03000000 0.04000000 0.020000000 0.080000000 0.020000000 0.0500000000 0.0300000000 0.000000e+00 1.000000e-02 3.000000e-02 0.000000e+00 0.000000e+00 1.000000e-02 0.000000e+00 0.000000e+00 0.000000e+00 0.000000e+00 0.000000e+00 0.000000e+00 0.000000e+00
   78    1      2      0    0      1      -1      -1   100 4.000000e-02 0.35000000 0.18000000 0.05000000 0.08000000 0.06000000 0.05000000 0.010000000 0.010000000 0.070000000 0.0200000000 0.0000000000 1.000000e-02 1.000000e-02 2.000000e-02 2.000000e-02 0.000000e+00 1.000000e-02 0.000000e+00 0.000000e+00 1.000000e-02 0.000000e+00 0.000000e+00 0.000000e+00 0.000000e+00
   79    1      2      0    0      1      -1      -1   100 5.000000e-02 0.21000000 0.18000000 0.22000000 0.05000000 0.03000000 0.07000000 0.040000000 0.050000000 0.040000000 0.0300000000 0.0000000000 1.000000e-02 1.000000e-02 0.000000e+00 0.000000e+00 0.000000e+00 0.000000e+00 1.000000e-02 0.000000e+00 0.000000e+00 0.000000e+00 0.000000e+00 0.000000e+00 0.000000e+00
   80    1      2      0    0      1      -1      -1   100 6.000000e-02 0.16000000 0.18000000 0.20000000 0.08000000 0.13000000 0.04000000 0.020000000 0.010000000 0.020000000 0.0200000000 0.0300000000 0.000000e+00 1.000000e-02 1.000000e-02 0.000000e+00 0.000000e+00 1.000000e-02 1.000000e-02 0.000000e+00 0.000000e+00 0.000000e+00 1.000000e-02 0.000000e+00 0.000000e+00
   81    1      2      0    0      1      -1      -1   100 5.000000e-02 0.17000000 0.18000000 0.13000000 0.17000000 0.09000000 0.05000000 0.010000000 0.060000000 0.000000000 0.0100000000 0.0200000000 4.000000e-02 0.000000e+00 0.000000e+00 1.000000e-02 0.000000e+00 0.000000e+00 1.000000e-02 0.000000e+00 0.000000e+00 0.000000e+00 0.000000e+00 0.000000e+00 0.000000e+00
   82    1      2      0    0      1      -1      -1   100 6.000000e-02 0.16000000 0.15000000 0.09000000 0.10000000 0.14000000 0.08000000 0.040000000 0.050000000 0.030000000 0.0100000000 0.0200000000 1.000000e-02 1.000000e-02 0.000000e+00 3.000000e-02 0.000000e+00 0.000000e+00 1.000000e-02 0.000000e+00 0.000000e+00 0.000000e+00 1.000000e-02 0.000000e+00 0.000000e+00
   83    1      2      0    0      1      -1      -1   100 3.000000e-02 0.25000000 0.23000000 0.06000000 0.06000000 0.07000000 0.11000000 0.040000000 0.020000000 0.030000000 0.0000000000 0.0400000000 1.000000e-02 1.000000e-02 1.000000e-02 0.000000e+00 2.000000e-02 1.000000e-02 0.000000e+00 0.000000e+00 0.000000e+00 0.000000e+00 0.000000e+00 0.000000e+00 0.000000e+00
   84    1      2      0    0      1      -1      -1   100 4.000000e-02 0.19000000 0.17000000 0.12000000 0.10000000 0.08000000 0.04000000 0.090000000 0.050000000 0.020000000 0.0200000000 0.0300000000 1.000000e-02 0.000000e+00 0.000000e+00 2.000000e-02 1.000000e-02 0.000000e+00 0.000000e+00 0.000000e+00 0.000000e+00 0.000000e+00 1.000000e-02 0.000000e+00 0.000000e+00
   85    1      2      0    0      1      -1      -1   100 1.000000e-01 0.25000000 0.14000000 0.10000000 0.10000000 0.09000000 0.04000000 0.040000000 0.050000000 0.020000000 0.0100000000 0.0200000000 0.000000e+00 0.000000e+00 1.000000e-02 0.000000e+00 0.000000e+00 1.000000e-02 0.000000e+00 1.000000e-02 1.000000e-02 0.000000e+00 0.000000e+00 0.000000e+00 0.000000e+00
   86    1      2      0    0      1      -1      -1   100 3.000000e-02 0.25000000 0.16000000 0.07000000 0.13000000 0.07000000 0.03000000 0.030000000 0.030000000 0.090000000 0.0200000000 0.0000000000 1.000000e-02 3.000000e-02 2.000000e-02 1.000000e-02 0.000000e+00 2.000000e-02 0.000000e+00 0.000000e+00 0.000000e+00 0.000000e+00 0.000000e+00 0.000000e+00 0.000000e+00
   87    1      2      0    0      1      -1      -1   100 4.000000e-02 0.13000000 0.31000000 0.21000000 0.09000000 0.04000000 0.03000000 0.040000000 0.030000000 0.010000000 0.0300000000 0.0000000000 1.000000e-02 2.000000e-02 0.000000e+00 0.000000e+00 0.000000e+00 0.000000e+00 0.000000e+00 0.000000e+00 1.000000e-02 0.000000e+00 0.000000e+00 0.000000e+00 0.000000e+00
   88    1      2      0    0      1      -1      -1   100 7.000000e-02 0.17000000 0.18000000 0.25000000 0.07000000 0.04000000 0.05000000 0.050000000 0.010000000 0.030000000 0.0400000000 0.0100000000 0.000000e+00 1.000000e-02 1.000000e-02 1.000000e-02 0.000000e+00 0.000000e+00 0.000000e+00 0.000000e+00 0.000000e+00 0.000000e+00 0.000000e+00 0.000000e+00 0.000000e+00
   89    1      2      0    0      1      -1      -1   100 1.000000e-02 0.30000000 0.16000000 0.11000000 0.16000000 0.04000000 0.06000000 0.040000000 0.050000000 0.010000000 0.0300000000 0.0200000000 1.000000e-02 0.000000e+00 0.000000e+00 0.000000e+00 0.000000e+00 0.000000e+00 0.000000e+00 0.000000e+00 0.000000e+00 0.000000e+00 0.000000e+00 0.000000e+00 0.000000e+00
   90    1      2      0    0      1      -1      -1   100 4.000000e-02 0.15000000 0.27000000 0.09000000 0.04000000 0.12000000 0.09000000 0.040000000 0.020000000 0.030000000 0.0200000000 0.0300000000 1.000000e-02 0.000000e+00 3.000000e-02 0.000000e+00 0.000000e+00 0.000000e+00 0.000000e+00 1.000000e-02 0.000000e+00 1.000000e-02 0.000000e+00 0.000000e+00 0.000000e+00
   91    1      2      0    0      1      -1      -1   100 2.000000e-02 0.13000000 0.07000000 0.24000000 0.15000000 0.07000000 0.11000000 0.080000000 0.010000000 0.020000000 0.0200000000 0.0000000000 0.000000e+00 4.000000e-02 1.000000e-02 1.000000e-02 1.000000e-02 0.000000e+00 0.000000e+00 0.000000e+00 0.000000e+00 0.000000e+00 1.000000e-02 0.000000e+00 0.000000e+00
   92    1      2      0    0      1      -1      -1   100 5.000000e-02 0.14000000 0.11000000 0.09000000 0.18000000 0.07000000 0.03000000 0.100000000 0.060000000 0.040000000 0.0200000000 0.0200000000 3.000000e-02 0.000000e+00 0.000000e+00 3.000000e-02 1.000000e-02 1.000000e-02 1.000000e-02 0.000000e+00 0.000000e+00 0.000000e+00 0.000000e+00 0.000000e+00 0.000000e+00
   93    1      2      0    0      1      -1      -1   100 4.000000e-02 0.23000000 0.21000000 0.07000000 0.06000000 0.11000000 0.06000000 0.030000000 0.050000000 0.030000000 0.0200000000 0.0500000000 0.000000e+00 0.000000e+00 2.000000e-02 0.000000e+00 1.000000e-02 0.000000e+00 0.000000e+00 0.000000e+00 1.000000e-02 0.000000e+00 0.000000e+00 0.000000e+00 0.000000e+00
   94    1      2      0    0      1      -1      -1   100 3.000000e-02 0.13000000 0.21000000 0.17000000 0.05000000 0.02000000 0.12000000 0.060000000 0.020000000 0.060000000 0.0200000000 0.0100000000 1.000000e-02 2.000000e-02 2.000000e-02 2.000000e-02 1.000000e-02 2.000000e-02 0.000000e+00 0.000000e+00 0.000000e+00 0.000000e+00 0.000000e+00 0.000000e+00 0.000000e+00
   95    1      2      0    0      1      -1      -1   100 3.000000e-02 0.19000000 0.19000000 0.15000000 0.11000000 0.03000000 0.02000000 0.060000000 0.050000000 0.030000000 0.0500000000 0.0200000000 0.000000e+00 1.000000e-02 0.000000e+00 3.000000e-02 1.000000e-02 0.000000e+00 1.000000e-02 1.000000e-02 0.000000e+00 0.000000e+00 0.000000e+00 0.000000e+00 0.000000e+00
   96    1      2      0    0      1      -1      -1   100 5.000000e-02 0.25000000 0.20000000 0.18000000 0.04000000 0.08000000 0.03000000 0.000000000 0.040000000 0.030000000 0.0300000000 0.0500000000 0.000000e+00 1.000000e-02 0.000000e+00 0.000000e+00 0.000000e+00 0.000000e+00 0.000000e+00 1.000000e-02 0.000000e+00 0.000000e+00 0.000000e+00 0.000000e+00 0.000000e+00
   97    1      2      0    0      1      -1      -1   100 4.000000e-02 0.11000000 0.24000000 0.13000000 0.10000000 0.10000000 0.11000000 0.020000000 0.020000000 0.030000000 0.0100000000 0.0000000000 2.000000e-02 1.000000e-02 2.000000e-02 0.000000e+00 1.000000e-02 0.000000e+00 2.000000e-02 0.000000e+00 0.000000e+00 0.000000e+00 0.000000e+00 0.000000e+00 1.000000e-02
   98    1      2      0    0      1      -1      -1   100 7.000000e-02 0.07000000 0.13000000 0.22000000 0.13000000 0.08000000 0.05000000 0.050000000 0.040000000 0.000000000 0.0300000000 0.0300000000 3.000000e-02 3.000000e-02 1.000000e-02 0.000000e+00 1.000000e-02 0.000000e+00 1.000000e-02 0.000000e+00 1.000000e-02 0.000000e+00 0.000000e+00 0.000000e+00 0.000000e+00
   99    1      2      0    0      1      -1      -1   100 1.000000e-02 0.19000000 0.10000000 0.10000000 0.12000000 0.09000000 0.08000000 0.090000000 0.050000000 0.000000000 0.0100000000 0.0700000000 4.000000e-02 1.000000e-02 3.000000e-02 0.000000e+00 0.000000e+00 0.000000e+00 1.000000e-02 0.000000e+00 0.000000e+00 0.000000e+00 0.000000e+00 0.000000e+00 0.000000e+00
  100    1      2      0    0      1      -1      -1   100 8.000000e-02 0.18000000 0.15000000 0.07000000 0.10000000 0.10000000 0.07000000 0.050000000 0.040000000 0.040000000 0.0100000000 0.0300000000 5.000000e-02 1.000000e-02 1.000000e-02 0.000000e+00 0.000000e+00 1.000000e-02 0.000000e+00 0.000000e+00 0.000000e+00 0.000000e+00 0.000000e+00 0.000000e+00 0.000000e+00
0 #_N_MeanSize_at_Age_obs
0 #_N_environ_variables
0 #_N_environ_obs
0 #_N_sizefreq_methods
0 #_do_tags
0 #_morphcomp_data
#
999
