#
1 #_styr
100 #_endyr
1 #_nseas
 12 #_months/season
1 #_spawn_seas
1 #_Nfleet
1 #_Nsurveys
1 #_N_areas
Fishery%Survey
 0.5 0.5 #_surveytiming_in_season
 1 1 #_area_assignments_for_each_fishery_and_survey
 1 #_units of catch:  1=bio; 2=num
 0.01 #_se of log(catch) only used for init_eq_catch and for Fmethod 2 and 3; use -1 for discard only fleets
1 #_Ngenders
20 #_Nages
0  #_init_equil_catch_for_each_fishery
100 #_N_lines_of_catch_to_read
#_catch_biomass(mtons):_columns_are_fisheries,year,season
482596 1 1
1.76131e+06 2 1
1.4772e+06 3 1
1.2838e+06 4 1
1.1493e+06 5 1
1.06127e+06 6 1
972412 7 1
941108 8 1
887042 9 1
871069 10 1
849486 11 1
817607 12 1
818857 13 1
813687 14 1
805446 15 1
803793 16 1
808278 17 1
798905 18 1
802487 19 1
797794 20 1
789209 21 1
795080 22 1
782039 23 1
786540 24 1
783106 25 1
783175 26 1
788254 27 1
787197 28 1
792602 29 1
788728 30 1
795962 31 1
788108 32 1
783436 33 1
794401 34 1
792453 35 1
787486 36 1
781979 37 1
785720 38 1
774674 39 1
796963 40 1
787454 41 1
785322 42 1
785835 43 1
778956 44 1
799654 45 1
793995 46 1
787170 47 1
780615 48 1
786638 49 1
803568 50 1
784871 51 1
783545 52 1
780843 53 1
799985 54 1
788525 55 1
791941 56 1
802781 57 1
774526 58 1
784885 59 1
794013 60 1
791438 61 1
783713 62 1
779606 63 1
793877 64 1
783945 65 1
778136 66 1
801969 67 1
800724 68 1
790010 69 1
783634 70 1
778903 71 1
790695 72 1
786130 73 1
789139 74 1
801131 75 1
777485 76 1
797213 77 1
787051 78 1
787614 79 1
782524 80 1
771120 81 1
791294 82 1
781670 83 1
770462 84 1
773505 85 1
788775 86 1
793518 87 1
791940 88 1
791721 89 1
800443 90 1
788386 91 1
797275 92 1
785126 93 1
789922 94 1
793599 95 1
788204 96 1
782322 97 1
777956 98 1
787424 99 1
774097 100 1
#
100 #_N_cpue_and_surveyabundance_observations
#_Units:  0=numbers; 1=biomass; 2=F
#_Errtype:  -1=normal; 0=lognormal; >0=T
#_Fleet Units Errtype
1 1 0
2 1 0
#_year seas index obs err
1 1 -2 1 1 #_orig_obs: 1 Survey
2 1 -2 1 1 #_orig_obs: 1 Survey
3 1 -2 1 1 #_orig_obs: 1 Survey
4 1 -2 1 1 #_orig_obs: 1 Survey
5 1 -2 1 1 #_orig_obs: 1 Survey
6 1 -2 1 1 #_orig_obs: 1 Survey
7 1 -2 1 1 #_orig_obs: 1 Survey
8 1 -2 1 1 #_orig_obs: 1 Survey
9 1 -2 1 1 #_orig_obs: 1 Survey
10 1 -2 1 1 #_orig_obs: 1 Survey
11 1 -2 1 1 #_orig_obs: 1 Survey
12 1 -2 1 1 #_orig_obs: 1 Survey
13 1 -2 1 1 #_orig_obs: 1 Survey
14 1 -2 1 1 #_orig_obs: 1 Survey
15 1 -2 1 1 #_orig_obs: 1 Survey
16 1 -2 1 1 #_orig_obs: 1 Survey
17 1 -2 1 1 #_orig_obs: 1 Survey
18 1 -2 1 1 #_orig_obs: 1 Survey
19 1 -2 1 1 #_orig_obs: 1 Survey
20 1 -2 1 1 #_orig_obs: 1 Survey
21 1 -2 1 1 #_orig_obs: 1 Survey
22 1 -2 1 1 #_orig_obs: 1 Survey
23 1 -2 1 1 #_orig_obs: 1 Survey
24 1 -2 1 1 #_orig_obs: 1 Survey
25 1 -2 1 1 #_orig_obs: 1 Survey
26 1 -2 1 1 #_orig_obs: 1 Survey
27 1 -2 1 1 #_orig_obs: 1 Survey
28 1 -2 1 1 #_orig_obs: 1 Survey
29 1 -2 1 1 #_orig_obs: 1 Survey
30 1 -2 1 1 #_orig_obs: 1 Survey
31 1 -2 1 1 #_orig_obs: 1 Survey
32 1 -2 1 1 #_orig_obs: 1 Survey
33 1 -2 1 1 #_orig_obs: 1 Survey
34 1 -2 1 1 #_orig_obs: 1 Survey
35 1 -2 1 1 #_orig_obs: 1 Survey
36 1 -2 1 1 #_orig_obs: 1 Survey
37 1 -2 1 1 #_orig_obs: 1 Survey
38 1 -2 1 1 #_orig_obs: 1 Survey
39 1 -2 1 1 #_orig_obs: 1 Survey
40 1 -2 1 1 #_orig_obs: 1 Survey
41 1 -2 1 1 #_orig_obs: 1 Survey
42 1 -2 1 1 #_orig_obs: 1 Survey
43 1 -2 1 1 #_orig_obs: 1 Survey
44 1 -2 1 1 #_orig_obs: 1 Survey
45 1 -2 1 1 #_orig_obs: 1 Survey
46 1 -2 1 1 #_orig_obs: 1 Survey
47 1 -2 1 1 #_orig_obs: 1 Survey
48 1 -2 1 1 #_orig_obs: 1 Survey
49 1 -2 1 1 #_orig_obs: 1 Survey
50 1 -2 1 1 #_orig_obs: 1 Survey
51 1 -2 1 1 #_orig_obs: 1 Survey
52 1 -2 1 1 #_orig_obs: 1 Survey
53 1 -2 1 1 #_orig_obs: 1 Survey
54 1 -2 1 1 #_orig_obs: 1 Survey
55 1 -2 1 1 #_orig_obs: 1 Survey
56 1 -2 1 1 #_orig_obs: 1 Survey
57 1 -2 1 1 #_orig_obs: 1 Survey
58 1 -2 1 1 #_orig_obs: 1 Survey
59 1 -2 1 1 #_orig_obs: 1 Survey
60 1 -2 1 1 #_orig_obs: 1 Survey
61 1 -2 1 1 #_orig_obs: 1 Survey
62 1 -2 1 1 #_orig_obs: 1 Survey
63 1 -2 1 1 #_orig_obs: 1 Survey
64 1 -2 1 1 #_orig_obs: 1 Survey
65 1 -2 1 1 #_orig_obs: 1 Survey
66 1 -2 1 1 #_orig_obs: 1 Survey
67 1 -2 1 1 #_orig_obs: 1 Survey
68 1 -2 1 1 #_orig_obs: 1 Survey
69 1 -2 1 1 #_orig_obs: 1 Survey
70 1 -2 1 1 #_orig_obs: 1 Survey
71 1 -2 1 1 #_orig_obs: 1 Survey
72 1 -2 1 1 #_orig_obs: 1 Survey
73 1 -2 1 1 #_orig_obs: 1 Survey
74 1 -2 1 1 #_orig_obs: 1 Survey
75 1 -2 1 1 #_orig_obs: 1 Survey
76 1 -2 1 1 #_orig_obs: 1 Survey
77 1 -2 1 1 #_orig_obs: 1 Survey
78 1 -2 1 1 #_orig_obs: 1 Survey
79 1 -2 1 1 #_orig_obs: 1 Survey
80 1 -2 1 1 #_orig_obs: 1 Survey
81 1 -2 1 1 #_orig_obs: 1 Survey
82 1 -2 1 1 #_orig_obs: 1 Survey
83 1 -2 1 1 #_orig_obs: 1 Survey
84 1 -2 1 1 #_orig_obs: 1 Survey
85 1 -2 1 1 #_orig_obs: 1 Survey
86 1 -2 1 1 #_orig_obs: 1 Survey
87 1 -2 1 1 #_orig_obs: 1 Survey
88 1 -2 1 1 #_orig_obs: 1 Survey
89 1 -2 1 1 #_orig_obs: 1 Survey
90 1 -2 1 1 #_orig_obs: 1 Survey
91 1 -2 1 1 #_orig_obs: 1 Survey
92 1 -2 1 1 #_orig_obs: 1 Survey
93 1 -2 1 1 #_orig_obs: 1 Survey
94 1 -2 1 1 #_orig_obs: 1 Survey
95 1 -2 1 1 #_orig_obs: 1 Survey
96 1 -2 1 1 #_orig_obs: 1 Survey
97 1 -2 1 1 #_orig_obs: 1 Survey
98 1 -2 1 1 #_orig_obs: 1 Survey
99 1 -2 1 1 #_orig_obs: 1 Survey
100 1 -2 1 1 #_orig_obs: 1 Survey

0 #_N_fleets_with_discard
#_discard_units (1=same_as_catchunits(bio/num); 2=fraction; 3=numbers)
#_discard_errtype:  >0 for DF of T-dist(read CV below); 0 for normal with CV; -1 for normal with se; -2 for lognormal
#Fleet Disc_units err_type
0 #N discard obs
#_year seas index obs err
#
0 #_N_meanbodywt_obs
30 #_DF_for_meanbodywt_T-distribution_like

2 # length bin method: 1=use databins; 2=generate from binwidth,min,max below; 3=read vector
1 # binwidth for population size comp 
10 # minimum size in the population (lower edge of first bin and size at age 0.00) 
70 # maximum size in the population (lower edge of last bin) 

-1 #_comp_tail_compression
1e-05 #_add_to_comp
0 #_combine males into females at or below this bin number
61 #_N_LengthBins
 10 11 12 13 14 15 16 17 18 19 20 21 22 23 24 25 26 27 28 29 30 31 32 33 34 35 36 37 38 39 40 41 42 43 44 45 46 47 48 49 50 51 52 53 54 55 56 57 58 59 60 61 62 63 64 65 66 67 68 69 70
200 #_N_Length_obs
#Yr Seas Flt/Svy Gender Part Nsamp datavector(female-male)
 1 1 1 0 0 20  0 0 0 0 0 0 0 0 0 0 0 0 0 0 0 0 0 0 1 1 0 0 0 0 0 0 0 1 1 0 0 0 0 0 0 2 1 3 1 1 2 2 2 0 1 0 0 1 0 0 0 0 0 0 0 0 0 0 0 0 0
 2 1 1 0 0 20  0 0 0 0 0 0 0 0 0 0 0 0 0 1 0 0 0 0 0 0 0 1 0 0 0 1 0 0 2 0 1 0 0 1 1 1 0 1 2 3 2 2 1 0 0 0 0 0 0 0 0 0 0 0 0 0 0 0 0 0 0
 3 1 1 0 0 20  0 0 0 0 0 0 0 0 0 0 0 0 0 1 0 0 0 0 0 0 1 2 0 0 0 0 2 2 0 1 0 0 0 1 0 0 0 1 1 1 3 1 1 0 1 0 0 0 0 0 1 0 0 0 0 0 0 0 0 0 0
 4 1 1 0 0 20  0 0 0 0 0 0 0 0 0 0 0 0 0 0 0 0 0 0 0 0 0 0 0 1 1 1 1 0 0 1 0 2 0 1 0 3 2 0 1 0 0 0 1 1 2 0 1 0 0 0 1 0 0 0 0 0 0 0 0 0 0
 5 1 1 0 0 20  0 0 0 0 0 0 0 0 0 0 0 0 0 0 0 0 0 0 0 1 0 2 0 0 1 0 1 0 0 0 1 2 0 0 2 3 0 0 2 1 0 1 1 0 0 0 1 1 0 0 0 0 0 0 0 0 0 0 0 0 0
 6 1 1 0 0 20  0 0 0 0 0 0 0 0 0 0 0 0 0 0 0 0 0 0 0 0 0 0 0 1 0 0 1 3 0 3 1 1 0 1 0 0 0 3 0 1 2 1 0 0 2 0 0 0 0 0 0 0 0 0 0 0 0 0 0 0 0
 7 1 1 0 0 20  0 0 0 0 0 0 0 0 0 0 0 0 0 0 0 0 0 0 0 0 2 0 0 0 0 1 1 0 1 1 0 3 3 0 0 0 1 0 1 0 3 0 0 1 1 0 0 0 0 0 1 0 0 0 0 0 0 0 0 0 0
 8 1 1 0 0 20  0 0 0 0 0 0 0 0 0 0 0 0 1 0 0 0 0 0 0 0 1 0 0 0 0 1 3 0 0 0 1 0 2 0 1 1 1 1 1 1 2 0 0 2 0 0 0 0 0 0 1 0 0 0 0 0 0 0 0 0 0
 9 1 1 0 0 20  0 0 0 0 0 0 0 0 0 0 0 0 0 1 0 0 0 0 0 0 0 0 0 1 0 1 0 1 1 1 0 0 1 0 1 2 2 0 1 2 1 1 0 2 0 0 1 0 0 0 0 0 0 0 0 0 0 0 0 0 0
 10 1 1 0 0 20  0 0 0 0 0 0 0 0 0 0 0 0 0 0 0 0 0 0 0 0 2 2 1 0 0 0 3 1 0 0 0 2 1 0 1 2 1 0 1 2 0 0 1 0 0 0 0 0 0 0 0 0 0 0 0 0 0 0 0 0 0
 11 1 1 0 0 20  0 0 0 0 0 0 0 0 0 0 0 1 0 0 0 0 0 0 0 0 0 3 0 0 0 0 1 0 1 2 1 1 2 1 0 0 0 1 1 1 1 2 1 0 0 0 0 0 0 0 0 0 0 0 0 0 0 0 0 0 0
 12 1 1 0 0 20  0 0 0 0 0 0 0 0 0 0 0 1 0 0 1 0 0 0 0 0 0 0 1 0 0 0 0 2 0 3 0 0 2 3 2 0 0 0 1 1 1 1 0 0 1 0 0 0 0 0 0 0 0 0 0 0 0 0 0 0 0
 13 1 1 0 0 20  0 0 0 0 0 0 0 0 0 0 0 0 0 0 0 0 0 0 0 0 0 1 0 0 0 2 2 2 1 1 0 2 0 0 1 0 0 3 1 0 0 2 1 0 0 0 0 1 0 0 0 0 0 0 0 0 0 0 0 0 0
 14 1 1 0 0 20  0 0 0 0 0 0 0 0 0 0 0 0 0 0 0 0 0 0 1 0 0 1 2 0 0 0 0 2 0 3 2 0 1 3 0 0 1 0 0 0 1 0 1 0 1 1 0 0 0 0 0 0 0 0 0 0 0 0 0 0 0
 15 1 1 0 0 20  0 0 0 0 0 0 0 0 0 0 0 0 0 0 0 0 0 0 0 1 0 1 0 0 0 0 2 2 0 0 1 1 1 1 0 2 0 3 1 0 0 1 0 2 1 0 0 0 0 0 0 0 0 0 0 0 0 0 0 0 0
 16 1 1 0 0 20  0 0 0 0 0 0 0 0 0 0 0 0 0 0 0 0 0 0 0 1 0 0 1 0 0 1 0 1 0 1 0 0 0 3 3 2 1 1 2 2 1 0 0 0 0 0 0 0 0 0 0 0 0 0 0 0 0 0 0 0 0
 17 1 1 0 0 20  0 0 0 0 0 0 0 0 0 0 0 1 0 0 0 0 0 0 0 0 1 0 0 0 1 0 0 2 1 1 0 1 1 3 0 0 0 1 2 1 1 2 0 0 0 1 0 0 0 0 0 0 0 0 0 0 0 0 0 0 0
 18 1 1 0 0 20  0 0 0 0 0 0 0 0 0 0 1 0 1 0 0 0 0 0 0 0 1 1 0 0 1 0 1 1 0 1 1 0 1 0 0 0 1 2 0 3 0 1 1 0 1 0 0 0 0 1 0 0 0 0 0 0 0 0 0 0 0
 19 1 1 0 0 20  0 0 0 0 0 0 0 0 0 0 0 0 0 0 0 0 0 0 1 0 1 0 0 1 0 1 1 1 1 2 1 2 1 1 1 0 0 0 2 0 0 1 0 1 0 1 0 0 0 0 0 0 0 0 0 0 0 0 0 0 0
 20 1 1 0 0 20  0 0 0 0 0 0 0 0 0 0 0 0 0 1 0 0 0 0 0 2 0 0 1 0 1 0 4 0 1 1 1 2 1 0 0 0 1 0 3 0 1 0 0 0 0 0 0 0 0 0 0 0 0 0 0 0 0 0 0 0 0
 21 1 1 0 0 20  0 0 0 0 0 0 0 0 0 0 0 0 0 0 0 0 0 0 0 1 2 0 0 0 1 2 0 0 0 0 1 1 0 1 1 1 1 1 1 0 1 0 1 1 1 0 1 1 0 0 0 0 0 0 0 0 0 0 0 0 0
 22 1 1 0 0 20  0 0 0 0 0 0 0 0 0 0 0 0 1 2 0 0 0 0 0 0 0 1 0 0 0 1 0 1 2 1 0 0 1 1 3 0 3 0 1 0 0 0 0 0 0 1 0 0 0 1 0 0 0 0 0 0 0 0 0 0 0
 23 1 1 0 0 20  0 0 0 0 0 0 0 0 0 0 0 0 0 0 1 0 0 0 0 0 0 0 0 3 0 0 0 1 0 1 0 0 1 2 2 1 1 1 1 2 1 1 0 0 0 1 0 0 0 0 0 0 0 0 0 0 0 0 0 0 0
 24 1 1 0 0 20  0 0 0 0 0 0 0 0 0 0 0 1 0 0 0 0 0 0 0 1 0 1 0 0 0 0 0 1 4 1 0 1 0 0 0 1 1 0 0 2 1 2 1 2 0 0 0 0 0 0 0 0 0 0 0 0 0 0 0 0 0
 25 1 1 0 0 20  0 0 0 0 0 0 0 0 0 0 1 0 0 0 0 1 0 0 0 2 0 0 2 1 0 1 1 0 0 1 2 1 1 2 0 0 0 1 0 2 1 0 0 0 0 0 0 0 0 0 0 0 0 0 0 0 0 0 0 0 0
 26 1 1 0 0 20  0 0 0 0 0 0 0 0 0 0 0 0 0 0 0 0 0 0 0 0 0 1 0 0 0 0 1 1 0 2 2 2 2 0 1 1 2 2 0 1 1 0 0 0 0 1 0 0 0 0 0 0 0 0 0 0 0 0 0 0 0
 27 1 1 0 0 20  0 0 0 0 0 0 0 0 0 0 0 0 0 1 0 0 0 0 0 0 1 0 0 1 1 0 1 0 1 1 3 1 0 0 1 1 2 1 1 0 1 0 0 0 0 1 1 0 0 0 0 0 0 0 0 0 0 0 0 0 0
 28 1 1 0 0 20  0 0 0 0 0 0 0 0 0 0 0 0 0 0 0 0 0 0 1 1 1 1 0 0 0 1 0 1 1 1 1 1 0 1 1 0 0 1 1 1 1 1 1 1 1 0 0 0 0 0 0 0 0 0 0 0 0 0 0 0 0
 29 1 1 0 0 20  0 0 0 0 0 0 0 0 0 1 0 0 0 1 0 0 0 0 0 0 0 0 0 0 0 1 0 3 0 1 0 0 1 1 3 1 0 0 0 3 1 0 1 0 1 0 1 0 0 0 0 0 0 0 0 0 0 0 0 0 0
 30 1 1 0 0 20  0 0 0 0 0 0 0 0 0 0 0 0 1 0 0 0 0 0 0 0 1 0 0 1 0 2 0 0 0 0 1 0 0 3 3 1 1 0 1 0 1 0 0 1 1 1 1 0 0 0 0 0 0 0 0 0 0 0 0 0 0
 31 1 1 0 0 20  0 0 0 0 0 0 0 0 0 0 0 0 0 0 0 0 0 0 0 1 1 4 0 0 0 0 0 0 0 2 0 0 1 0 1 1 2 2 0 2 0 0 0 2 0 0 1 0 0 0 0 0 0 0 0 0 0 0 0 0 0
 32 1 1 0 0 20  0 0 0 0 0 0 0 0 0 0 0 0 0 1 0 0 0 0 1 0 0 0 0 0 0 1 2 0 1 0 1 2 0 1 0 0 1 1 1 0 1 1 1 1 1 1 1 0 0 0 0 0 0 0 0 0 0 0 0 0 0
 33 1 1 0 0 20  0 0 0 0 0 0 0 0 0 0 0 1 0 0 0 0 0 0 0 0 1 0 0 3 1 0 0 0 1 2 0 0 0 3 1 1 0 1 0 1 1 1 0 1 0 0 1 0 0 0 0 0 0 0 0 0 0 0 0 0 0
 34 1 1 0 0 20  0 0 0 0 0 0 0 0 0 0 0 0 0 1 0 0 0 0 0 0 0 0 1 0 0 0 0 1 0 0 1 1 2 0 2 0 1 0 2 1 2 0 2 1 1 0 0 1 0 0 0 0 0 0 0 0 0 0 0 0 0
 35 1 1 0 0 20  0 0 0 0 0 0 0 0 0 0 0 0 0 1 0 0 0 1 0 0 1 0 2 0 0 1 2 0 2 1 1 0 1 3 1 0 0 0 1 1 0 0 1 0 0 0 0 0 0 0 0 0 0 0 0 0 0 0 0 0 0
 36 1 1 0 0 20  0 0 0 0 0 0 0 0 0 0 0 0 0 0 0 0 0 0 0 1 1 1 0 0 1 0 0 0 0 2 0 3 3 1 0 3 1 1 0 0 0 0 1 1 0 0 0 0 0 0 0 0 0 0 0 0 0 0 0 0 0
 37 1 1 0 0 20  0 0 0 0 0 0 0 0 0 0 0 0 1 0 0 0 0 0 0 0 2 0 1 0 0 0 0 1 1 1 1 0 2 2 0 0 1 2 2 2 0 1 0 0 0 0 0 0 0 0 0 0 0 0 0 0 0 0 0 0 0
 38 1 1 0 0 20  0 0 0 0 0 0 0 0 0 0 0 0 0 0 0 0 0 0 0 1 0 0 1 0 1 1 0 0 3 1 1 1 0 1 0 1 1 0 1 1 2 2 1 0 0 0 0 0 0 0 0 0 0 0 0 0 0 0 0 0 0
 39 1 1 0 0 20  0 0 0 0 0 0 0 0 0 0 0 0 0 0 0 0 0 1 0 1 0 1 0 0 0 0 0 1 0 1 1 1 1 2 1 1 1 0 0 2 3 1 0 1 0 0 0 0 0 0 0 0 0 0 0 0 0 0 0 0 0
 40 1 1 0 0 20  0 0 0 0 0 0 0 0 0 0 0 0 0 0 0 0 0 0 0 0 0 0 1 0 0 1 1 1 1 2 0 0 0 1 0 1 2 1 0 1 2 1 1 2 0 0 1 0 0 0 0 0 0 0 0 0 0 0 0 0 0
 41 1 1 0 0 20  0 0 0 0 0 0 0 0 0 0 0 0 0 0 0 0 2 0 0 0 1 0 2 0 0 1 1 0 0 1 1 0 1 1 1 1 0 3 0 1 0 2 0 0 0 1 0 0 0 0 0 0 0 0 0 0 0 0 0 0 0
 42 1 1 0 0 20  0 0 0 0 0 0 0 0 0 0 0 0 0 0 0 0 0 0 0 0 1 0 2 1 0 1 1 2 0 3 1 0 0 1 1 0 1 0 1 1 2 0 0 0 0 1 0 0 0 0 0 0 0 0 0 0 0 0 0 0 0
 43 1 1 0 0 20  0 0 0 0 0 0 0 0 0 0 0 0 0 0 0 0 0 0 0 1 0 1 0 0 0 2 0 2 1 1 0 2 0 0 3 2 0 2 0 1 0 0 0 0 2 0 0 0 0 0 0 0 0 0 0 0 0 0 0 0 0
 44 1 1 0 0 20  0 0 0 0 0 0 0 0 0 0 0 0 0 2 0 0 0 0 0 0 0 0 2 0 3 1 0 0 0 1 1 0 1 1 0 1 1 1 0 2 0 2 0 0 0 0 1 0 0 0 0 0 0 0 0 0 0 0 0 0 0
 45 1 1 0 0 20  0 0 0 0 0 0 0 0 0 0 0 0 0 0 1 0 0 0 0 0 0 0 1 1 1 1 0 0 1 2 1 2 1 1 4 1 0 1 0 0 1 0 0 0 0 0 0 0 0 0 0 0 0 0 0 0 0 0 0 0 0
 46 1 1 0 0 20  0 0 0 0 0 0 0 0 0 0 1 0 0 0 0 0 0 0 0 0 0 1 0 0 1 0 1 1 0 4 1 0 1 0 0 1 2 0 2 1 0 1 0 0 1 0 0 0 0 0 0 0 0 0 0 0 1 0 0 0 0
 47 1 1 0 0 20  0 0 0 0 0 0 0 0 0 0 0 0 1 0 0 0 0 0 1 0 0 1 0 1 1 0 0 3 0 0 1 0 0 1 2 0 0 2 0 2 1 1 0 0 0 0 0 1 1 0 0 0 0 0 0 0 0 0 0 0 0
 48 1 1 0 0 20  0 0 0 0 0 0 0 0 0 0 0 0 0 0 0 0 0 0 0 0 2 0 0 0 1 0 1 0 0 1 0 0 1 0 3 2 1 1 1 2 2 0 0 1 0 1 0 0 0 0 0 0 0 0 0 0 0 0 0 0 0
 49 1 1 0 0 20  0 0 0 0 0 0 0 0 0 0 0 1 0 1 0 0 0 0 0 0 0 0 0 1 1 0 2 1 1 0 0 0 1 0 1 2 2 0 0 0 3 0 1 0 1 1 0 0 0 0 0 0 0 0 0 0 0 0 0 0 0
 50 1 1 0 0 20  0 0 0 0 0 0 0 0 0 0 0 1 0 0 0 0 0 0 1 0 0 1 1 0 1 0 1 1 2 0 1 1 0 1 2 0 1 0 0 1 0 1 0 1 0 2 0 0 0 0 0 0 0 0 0 0 0 0 0 0 0
 51 1 1 0 0 20  0 0 0 0 0 0 0 0 0 0 0 0 0 2 0 0 0 0 0 0 0 0 0 0 0 2 1 2 0 1 3 0 0 0 0 0 0 2 2 1 0 0 1 1 1 0 0 1 0 0 0 0 0 0 0 0 0 0 0 0 0
 52 1 1 0 0 20  0 0 0 0 0 0 0 0 0 0 0 0 1 0 0 0 0 0 0 0 0 0 0 0 0 1 0 1 0 2 3 1 1 0 1 0 2 4 0 1 0 0 1 1 0 0 0 0 0 0 0 0 0 0 0 0 0 0 0 0 0
 53 1 1 0 0 20  0 0 0 0 0 0 0 0 0 0 0 0 0 0 0 0 0 0 0 0 1 1 0 0 0 0 2 0 3 0 0 1 1 1 2 2 2 1 0 2 0 0 0 0 0 1 0 0 0 0 0 0 0 0 0 0 0 0 0 0 0
 54 1 1 0 0 20  0 0 0 0 0 0 0 0 0 0 0 0 0 1 0 0 0 0 0 1 0 1 0 1 0 0 0 1 2 0 0 1 1 0 2 1 2 0 1 2 1 2 0 0 0 0 0 0 0 0 0 0 0 0 0 0 0 0 0 0 0
 55 1 1 0 0 20  0 0 0 0 0 0 0 0 0 0 0 0 0 0 0 0 0 0 0 0 0 0 2 0 1 0 1 0 0 2 1 0 1 2 2 2 0 2 2 1 0 0 1 0 0 0 0 0 0 0 0 0 0 0 0 0 0 0 0 0 0
 56 1 1 0 0 20  0 0 0 0 0 0 0 0 0 0 0 0 1 0 1 0 0 0 0 0 0 0 0 0 2 1 1 1 0 1 0 1 2 1 0 1 2 1 0 1 1 1 0 1 0 0 0 0 0 0 0 0 0 0 0 0 0 0 0 0 0
 57 1 1 0 0 20  0 0 0 0 0 0 0 0 0 0 0 0 0 0 0 0 0 0 0 0 0 0 0 2 0 0 2 0 1 0 2 1 2 1 2 0 1 1 1 2 0 1 0 1 0 0 0 0 0 0 0 0 0 0 0 0 0 0 0 0 0
 58 1 1 0 0 20  0 0 0 0 0 0 0 0 0 0 0 0 1 0 0 0 0 0 0 1 1 0 0 1 0 1 1 1 1 0 0 0 0 1 0 0 2 2 0 0 4 2 0 0 0 0 1 0 0 0 0 0 0 0 0 0 0 0 0 0 0
 59 1 1 0 0 20  0 0 0 0 0 0 0 0 0 0 0 0 0 0 0 0 0 0 0 0 2 0 0 0 1 1 2 2 1 0 1 1 0 1 2 0 1 0 3 1 0 0 0 0 1 0 0 0 0 0 0 0 0 0 0 0 0 0 0 0 0
 60 1 1 0 0 20  0 0 0 0 0 0 0 0 0 0 0 0 1 1 0 0 0 0 0 2 0 0 1 1 0 0 1 1 2 0 0 0 2 2 2 0 0 1 2 0 0 1 0 0 0 0 0 0 0 0 0 0 0 0 0 0 0 0 0 0 0
 61 1 1 0 0 20  0 0 0 0 0 0 0 0 0 0 0 0 0 0 0 0 0 0 0 0 0 0 0 0 0 0 0 0 1 1 2 2 2 3 3 0 1 0 1 2 1 0 0 0 1 0 0 0 0 0 0 0 0 0 0 0 0 0 0 0 0
 62 1 1 0 0 20  0 0 0 0 0 0 0 0 0 0 0 0 0 2 0 0 0 0 0 1 0 0 0 2 0 0 0 0 1 1 1 1 3 1 0 1 1 0 1 2 0 0 0 0 1 0 0 1 0 0 0 0 0 0 0 0 0 0 0 0 0
 63 1 1 0 0 20  0 0 0 0 0 0 0 0 0 0 0 0 1 0 0 0 0 0 0 0 0 0 0 1 1 0 0 1 1 0 0 2 0 3 2 1 0 4 1 1 0 0 0 1 0 0 0 0 0 0 0 0 0 0 0 0 0 0 0 0 0
 64 1 1 0 0 20  0 0 0 0 0 0 0 0 0 0 0 0 0 2 0 0 0 0 0 0 0 1 0 0 1 0 0 0 0 0 0 1 1 0 5 2 0 1 1 1 1 2 0 1 0 0 0 0 0 0 0 0 0 0 0 0 0 0 0 0 0
 65 1 1 0 0 20  0 0 0 0 0 0 0 0 0 0 0 0 1 0 0 0 0 0 1 0 0 1 0 0 1 0 1 1 1 0 3 1 2 0 0 0 0 2 0 3 0 0 0 1 0 0 1 0 0 0 0 0 0 0 0 0 0 0 0 0 0
 66 1 1 0 0 20  0 0 0 0 0 0 0 0 0 0 0 0 0 0 0 0 0 0 0 0 0 0 2 0 0 1 0 0 2 1 1 0 1 0 1 2 1 1 1 1 1 2 1 1 0 0 0 0 0 0 0 0 0 0 0 0 0 0 0 0 0
 67 1 1 0 0 20  0 0 0 0 0 0 0 0 0 0 0 0 0 0 0 0 0 0 0 0 1 0 1 0 1 0 0 3 1 1 0 0 1 2 1 0 2 1 1 1 0 2 1 0 0 0 0 0 0 0 0 0 0 0 0 0 0 0 0 0 0
 68 1 1 0 0 20  0 0 0 0 0 0 0 0 0 0 0 1 0 0 0 0 0 0 0 0 1 0 0 0 0 1 5 0 0 2 3 0 2 0 0 0 3 0 1 0 1 0 0 0 0 0 0 0 0 0 0 0 0 0 0 0 0 0 0 0 0
 69 1 1 0 0 20  0 1 0 0 0 0 0 0 0 0 0 0 1 0 0 0 0 0 0 0 1 1 0 0 1 0 2 0 0 1 0 0 0 0 4 4 0 1 1 0 0 2 0 0 0 0 0 0 0 0 0 0 0 0 0 0 0 0 0 0 0
 70 1 1 0 0 20  0 0 0 0 0 0 0 0 0 0 0 0 0 0 0 0 0 0 0 0 0 0 0 0 1 0 1 0 1 1 0 0 2 1 1 1 3 1 0 3 0 0 0 2 1 0 0 1 0 0 0 0 0 0 0 0 0 0 0 0 0
 71 1 1 0 0 20  0 0 0 0 0 0 0 0 0 0 0 0 0 0 0 0 0 1 0 0 1 0 0 2 2 0 1 0 2 2 0 0 2 0 1 2 0 2 0 0 0 0 1 1 0 0 0 0 0 0 0 0 0 0 0 0 0 0 0 0 0
 72 1 1 0 0 20  0 0 0 0 0 0 0 0 0 0 0 0 0 0 0 0 0 0 0 1 0 0 1 0 0 0 1 1 2 0 1 1 1 1 0 1 0 1 2 2 0 0 1 2 1 0 0 0 0 0 0 0 0 0 0 0 0 0 0 0 0
 73 1 1 0 0 20  0 0 0 0 0 0 0 0 0 0 0 0 0 1 0 0 0 0 0 0 1 0 0 0 0 0 0 0 1 0 3 0 0 2 2 0 2 1 3 1 1 0 2 0 0 0 0 0 0 0 0 0 0 0 0 0 0 0 0 0 0
 74 1 1 0 0 20  0 0 0 0 0 0 0 0 0 0 0 0 0 0 0 0 0 0 0 0 0 0 1 0 0 1 3 0 0 0 2 1 0 0 1 0 1 1 3 1 2 2 0 0 0 1 0 0 0 0 0 0 0 0 0 0 0 0 0 0 0
 75 1 1 0 0 20  0 0 1 0 0 0 0 0 0 0 0 0 0 0 0 0 0 0 1 0 1 0 0 0 1 0 0 1 2 3 0 0 2 0 1 2 0 1 0 0 0 0 2 1 0 1 0 0 0 0 0 0 0 0 0 0 0 0 0 0 0
 76 1 1 0 0 20  0 0 0 0 0 0 0 0 0 0 0 0 1 0 0 0 0 1 0 1 0 0 0 0 0 0 3 2 0 2 0 0 2 1 1 0 2 0 0 3 0 1 0 0 0 0 0 0 0 0 0 0 0 0 0 0 0 0 0 0 0
 77 1 1 0 0 20  0 0 0 0 0 0 0 0 0 0 0 0 0 0 0 0 0 0 0 0 0 0 0 0 2 0 0 0 0 2 2 0 1 0 0 2 1 1 3 3 0 0 2 1 0 0 0 0 0 0 0 0 0 0 0 0 0 0 0 0 0
 78 1 1 0 0 20  0 0 0 0 0 0 0 0 0 0 0 0 0 0 0 0 0 0 0 0 1 0 0 1 2 0 1 1 0 0 1 2 1 0 1 3 0 0 0 3 1 0 0 2 0 0 0 0 0 0 0 0 0 0 0 0 0 0 0 0 0
 79 1 1 0 0 20  0 1 0 0 0 0 0 0 0 0 0 0 0 0 0 0 0 0 0 0 0 0 0 0 0 1 1 1 0 3 1 1 2 2 0 0 0 0 2 3 1 0 0 0 0 0 1 0 0 0 0 0 0 0 0 0 0 0 0 0 0
 80 1 1 0 0 20  0 0 0 0 0 0 0 0 0 0 0 0 0 1 0 0 0 0 0 0 0 1 0 0 0 0 1 2 1 0 0 2 2 2 1 2 1 1 0 3 0 0 0 0 0 0 0 0 0 0 0 0 0 0 0 0 0 0 0 0 0
 81 1 1 0 0 20  0 1 0 0 0 0 0 0 0 0 0 0 0 0 0 0 0 0 0 0 1 1 0 0 0 0 0 1 1 1 0 2 0 0 1 2 0 0 2 1 1 2 1 1 1 0 0 0 0 0 0 0 0 0 0 0 0 0 0 0 0
 82 1 1 0 0 20  0 0 0 0 0 0 0 0 0 0 0 0 0 0 1 0 0 1 0 0 1 0 0 0 0 0 2 1 0 0 1 0 1 0 1 0 1 2 2 2 0 1 0 3 0 0 0 0 0 0 0 0 0 0 0 0 0 0 0 0 0
 83 1 1 0 0 20  0 0 0 0 0 0 0 0 0 0 0 0 0 1 0 0 0 0 0 0 0 0 2 0 1 1 0 1 0 0 1 1 1 0 2 1 3 2 0 0 1 0 0 0 0 2 0 0 0 0 0 0 0 0 0 0 0 0 0 0 0
 84 1 1 0 0 20  0 0 0 0 0 0 0 0 0 0 0 0 1 0 0 0 0 0 0 1 1 1 0 0 0 0 0 0 0 3 0 1 1 1 2 0 0 0 2 2 1 1 1 1 0 0 0 0 0 0 0 0 0 0 0 0 0 0 0 0 0
 85 1 1 0 0 20  0 0 0 0 0 0 0 0 0 0 0 0 1 0 0 0 0 0 1 0 0 1 0 0 1 0 1 0 0 1 3 0 1 0 0 3 0 1 0 1 0 3 1 0 0 0 0 1 0 0 0 0 0 0 0 0 0 0 0 0 0
 86 1 1 0 0 20  0 0 0 0 0 0 0 0 0 0 0 0 0 0 0 0 0 0 0 0 1 0 2 0 1 1 0 0 2 2 1 0 0 2 4 0 2 0 0 0 0 0 1 0 0 1 0 0 0 0 0 0 0 0 0 0 0 0 0 0 0
 87 1 1 0 0 20  0 0 0 0 0 0 0 0 0 0 0 0 0 1 0 0 0 0 1 0 2 1 0 2 0 0 0 0 3 0 3 1 1 0 0 1 2 0 1 1 0 0 0 0 0 0 0 0 0 0 0 0 0 0 0 0 0 0 0 0 0
 88 1 1 0 0 20  0 0 0 0 0 0 0 0 0 0 1 0 0 1 1 0 0 0 0 2 0 0 0 0 3 0 0 0 0 1 1 0 3 1 0 1 0 0 0 1 2 0 0 0 0 0 0 1 1 0 0 0 0 0 0 0 0 0 0 0 0
 89 1 1 0 0 20  0 0 0 0 0 0 0 0 0 0 0 0 0 0 0 0 0 0 0 0 1 1 0 0 1 0 1 0 2 1 1 0 1 1 1 1 0 1 2 0 1 1 0 0 1 0 2 0 0 0 0 0 0 0 0 0 0 0 0 0 0
 90 1 1 0 0 20  0 0 0 0 0 0 0 0 0 0 0 0 0 0 0 0 0 0 0 0 0 1 0 0 0 0 0 0 0 0 1 1 2 0 2 1 5 1 3 2 1 0 0 0 0 0 0 0 0 0 0 0 0 0 0 0 0 0 0 0 0
 91 1 1 0 0 20  0 0 0 0 0 0 0 0 0 0 0 0 1 0 1 0 0 0 0 2 1 0 0 0 0 1 1 0 0 1 0 0 0 2 0 0 5 1 2 1 0 0 0 0 0 0 1 0 0 0 0 0 0 0 0 0 0 0 0 0 0
 92 1 1 0 0 20  0 0 0 0 0 0 0 0 0 0 0 0 0 0 0 0 1 0 0 1 0 1 0 1 0 0 2 1 0 0 0 2 1 1 0 0 3 0 1 0 2 0 2 0 0 1 0 0 0 0 0 0 0 0 0 0 0 0 0 0 0
 93 1 1 0 0 20  1 0 0 0 0 0 0 0 0 0 0 0 0 0 0 0 0 0 0 1 1 0 0 1 0 0 2 2 1 1 1 0 1 0 2 1 0 1 1 0 0 1 0 1 0 0 0 0 0 1 0 0 0 0 0 0 0 0 0 0 0
 94 1 1 0 0 20  0 0 0 0 0 0 0 0 0 0 0 0 0 1 0 0 0 0 1 0 1 0 0 0 1 0 0 1 2 1 1 0 2 0 2 0 0 1 2 1 0 1 0 1 1 0 0 0 0 0 0 0 0 0 0 0 0 0 0 0 0
 95 1 1 0 0 20  0 0 0 0 0 0 0 0 0 0 0 0 0 0 0 0 0 0 0 0 0 1 0 0 1 2 1 1 1 2 0 1 2 1 3 1 1 0 0 1 1 0 0 0 0 0 0 0 0 0 0 0 0 0 0 0 0 0 0 0 0
 96 1 1 0 0 20  0 0 0 0 0 0 0 0 0 0 0 0 0 0 0 1 0 1 0 0 1 0 1 0 0 0 0 1 1 0 0 0 4 2 0 1 2 0 0 1 0 0 1 0 1 1 0 1 0 0 0 0 0 0 0 0 0 0 0 0 0
 97 1 1 0 0 20  0 0 0 0 0 0 0 0 0 0 1 1 1 1 0 0 0 0 0 0 0 1 0 0 0 1 2 2 0 1 2 1 1 0 1 0 0 1 0 0 1 1 0 0 0 0 0 0 1 0 0 0 0 0 0 0 0 0 0 0 0
 98 1 1 0 0 20  0 0 0 0 0 0 0 0 0 0 0 0 0 0 0 0 0 0 0 0 0 0 0 1 1 1 1 1 0 2 1 0 2 1 2 1 0 3 0 0 2 0 1 0 0 0 0 0 0 0 0 0 0 0 0 0 0 0 0 0 0
 99 1 1 0 0 20  0 0 0 0 0 0 0 0 0 0 0 0 0 0 0 0 0 0 0 1 1 1 0 0 0 0 1 0 2 2 1 3 2 0 1 0 1 0 0 2 1 0 0 1 0 0 0 0 0 0 0 0 0 0 0 0 0 0 0 0 0
 100 1 1 0 0 20  0 0 0 0 0 0 0 0 0 0 0 0 0 0 0 0 0 1 0 0 0 0 0 0 0 3 1 0 1 1 1 2 1 1 1 3 0 0 1 2 0 0 0 0 1 0 0 0 0 0 0 0 0 0 0 0 0 0 0 0 0
 1 1 2 0 0 20  0 0 0 0 0 0 0 0 0 0 0 1 0 0 0 0 0 0 0 0 1 0 0 0 0 0 0 0 0 1 0 0 2 0 0 0 4 2 1 0 0 2 1 1 1 1 1 1 0 0 0 0 0 0 0 0 0 0 0 0 0
 2 1 2 0 0 20  0 0 0 0 0 0 0 0 0 0 0 0 0 0 0 0 0 0 0 0 0 0 0 0 0 0 0 1 0 1 1 2 2 0 1 0 1 2 2 2 2 0 1 0 1 0 0 1 0 0 0 0 0 0 0 0 0 0 0 0 0
 3 1 2 0 0 20  0 0 0 0 0 0 0 0 0 0 0 0 0 0 1 0 0 0 0 0 0 0 1 0 1 0 0 0 0 1 2 0 0 0 2 2 1 0 2 0 2 2 1 0 0 1 0 0 0 1 0 0 0 0 0 0 0 0 0 0 0
 4 1 2 0 0 20  0 0 0 0 0 0 0 0 0 0 0 0 0 0 0 0 0 0 0 0 0 0 0 0 0 0 1 1 0 1 0 2 0 0 1 1 1 2 2 2 1 0 1 2 1 1 0 0 0 0 0 0 0 0 0 0 0 0 0 0 0
 5 1 2 0 0 20  0 0 0 1 0 0 0 0 0 0 0 0 0 0 0 0 0 0 0 0 1 0 0 0 0 1 1 0 0 2 0 1 3 0 0 0 1 0 1 1 2 1 1 1 1 0 0 0 0 1 0 0 0 0 0 0 0 0 0 0 0
 6 1 2 0 0 20  0 0 0 0 0 0 0 0 0 0 0 0 0 0 0 1 0 0 0 0 0 1 0 2 1 0 2 1 0 0 2 0 1 4 0 1 0 0 1 1 2 0 0 0 0 0 0 0 0 0 0 0 0 0 0 0 0 0 0 0 0
 7 1 2 0 0 20  0 0 0 0 0 0 0 0 0 0 0 0 1 0 0 0 0 0 2 0 0 0 1 1 0 0 0 1 1 2 1 0 0 1 1 0 3 0 1 0 1 1 2 0 0 0 0 0 0 0 0 0 0 0 0 0 0 0 0 0 0
 8 1 2 0 0 20  0 0 0 0 0 0 0 0 0 0 0 0 1 0 1 0 0 0 0 2 0 0 1 1 2 0 0 1 1 0 0 2 2 2 0 0 1 1 0 1 1 0 0 0 0 0 0 0 0 0 0 0 0 0 0 0 0 0 0 0 0
 9 1 2 0 0 20  0 0 0 0 0 0 0 0 0 0 0 0 1 0 0 0 0 0 0 1 0 2 2 1 0 1 1 1 1 0 0 2 0 1 0 0 1 0 1 2 1 0 0 0 1 0 0 0 0 0 0 0 0 0 0 0 0 0 0 0 0
 10 1 2 0 0 20  0 0 0 0 0 0 0 0 0 0 0 0 0 0 0 0 0 0 0 0 0 1 1 0 0 0 0 1 0 0 0 1 0 1 1 3 3 3 1 2 2 0 0 0 0 0 0 0 0 0 0 0 0 0 0 0 0 0 0 0 0
 11 1 2 0 0 20  0 0 0 0 0 0 0 0 0 0 0 0 0 0 0 0 0 0 1 0 0 1 0 0 0 0 1 2 1 1 3 0 0 0 1 0 3 1 1 0 0 2 0 0 0 0 0 2 0 0 0 0 0 0 0 0 0 0 0 0 0
 12 1 2 0 0 20  0 0 0 0 0 0 0 0 0 0 0 0 0 0 0 1 0 0 0 0 0 1 0 1 0 1 1 2 0 1 0 0 2 1 0 1 1 0 1 3 0 1 0 1 0 0 0 1 0 0 0 0 0 0 0 0 0 0 0 0 0
 13 1 2 0 0 20  1 0 0 0 0 0 0 0 0 0 0 0 1 0 0 0 0 0 0 0 0 0 0 1 0 0 1 0 0 0 2 1 1 0 1 2 0 3 2 0 3 1 0 0 0 0 0 0 0 0 0 0 0 0 0 0 0 0 0 0 0
 14 1 2 0 0 20  0 0 0 0 0 0 0 0 0 0 0 0 0 1 0 0 0 0 0 0 0 0 0 0 0 0 1 0 2 1 2 2 0 3 0 2 1 0 2 0 1 0 1 1 0 0 0 0 0 0 0 0 0 0 0 0 0 0 0 0 0
 15 1 2 0 0 20  0 0 0 0 0 0 0 0 0 0 0 0 0 0 0 0 1 0 0 0 0 0 1 0 0 2 0 2 1 1 1 1 1 0 1 2 2 1 0 0 1 0 1 0 0 0 1 0 0 0 0 0 0 0 0 0 0 0 0 0 0
 16 1 2 0 0 20  0 0 0 0 0 0 0 0 0 0 0 0 0 0 0 0 0 0 0 0 0 0 0 1 0 0 2 0 0 0 1 1 1 1 0 3 4 1 0 0 0 1 0 2 1 0 0 1 0 0 0 0 0 0 0 0 0 0 0 0 0
 17 1 2 0 0 20  0 0 0 0 0 0 0 0 0 0 0 0 0 0 0 0 0 0 0 0 1 1 1 0 1 0 0 1 0 2 1 2 3 0 0 1 0 2 0 1 1 0 2 0 0 0 0 0 0 0 0 0 0 0 0 0 0 0 0 0 0
 18 1 2 0 0 20  0 0 0 0 0 0 0 0 0 0 0 0 0 1 1 0 0 0 0 0 2 0 0 0 0 1 0 2 0 1 0 1 1 0 1 1 1 0 0 4 2 0 1 0 0 0 0 0 0 0 0 0 0 0 0 0 0 0 0 0 0
 19 1 2 0 0 20  0 0 0 0 0 0 0 0 0 0 0 0 0 0 0 0 0 0 1 1 1 1 0 0 1 0 1 0 0 0 1 0 1 1 1 0 3 2 0 0 0 1 3 0 0 0 0 0 1 0 0 0 0 0 0 0 0 0 0 0 0
 20 1 2 0 0 20  0 0 0 0 0 0 0 0 0 0 0 0 1 0 0 0 0 0 0 0 0 0 1 0 1 1 1 0 0 0 1 0 3 0 0 1 1 2 1 3 1 0 1 0 1 0 0 0 0 0 0 0 0 0 0 0 0 0 0 0 0
 21 1 2 0 0 20  0 0 0 0 0 0 0 0 0 0 1 0 0 0 0 0 0 0 1 1 1 0 1 1 1 0 0 0 1 2 1 0 2 1 1 0 0 1 1 0 3 0 0 0 0 0 0 0 0 0 0 0 0 0 0 0 0 0 0 0 0
 22 1 2 0 0 20  0 0 0 0 0 0 0 0 0 0 0 0 1 0 0 0 0 0 0 0 0 1 0 1 0 0 0 1 0 0 2 1 1 0 2 1 2 2 1 1 1 1 1 0 0 0 0 0 0 0 0 0 0 0 0 0 0 0 0 0 0
 23 1 2 0 0 20  0 0 0 0 0 0 0 0 0 0 0 0 0 1 1 0 0 0 0 0 1 0 1 0 0 0 3 0 0 0 1 0 1 1 1 0 2 0 1 3 1 1 0 1 0 0 0 0 0 0 0 0 0 0 0 0 0 0 0 0 0
 24 1 2 0 0 20  0 0 0 0 0 0 0 0 0 0 0 1 0 0 0 0 0 0 1 0 0 0 2 0 0 0 1 1 1 0 0 0 2 0 3 1 1 0 0 2 0 2 0 2 0 0 0 0 0 0 0 0 0 0 0 0 0 0 0 0 0
 25 1 2 0 0 20  1 0 0 0 0 0 0 0 0 0 0 0 0 1 0 0 0 0 0 0 0 0 0 0 0 0 1 1 1 2 0 0 3 0 1 1 1 2 1 1 0 0 0 2 0 0 1 0 0 0 0 0 0 0 0 0 0 0 0 0 0
 26 1 2 0 0 20  0 0 0 0 0 0 0 0 0 0 0 0 0 0 0 0 0 0 0 0 0 2 0 1 0 1 1 1 0 0 4 2 0 0 0 1 2 1 2 0 0 1 0 1 0 0 0 0 0 0 0 0 0 0 0 0 0 0 0 0 0
 27 1 2 0 0 20  0 1 0 0 0 0 0 0 0 0 0 0 0 0 0 0 0 0 1 0 2 0 0 0 0 2 0 0 1 0 0 0 2 1 3 2 0 1 0 0 1 1 0 0 0 1 0 0 0 0 0 1 0 0 0 0 0 0 0 0 0
 28 1 2 0 0 20  0 0 0 0 0 0 0 0 0 0 0 0 0 1 0 0 0 0 0 0 0 0 0 0 0 1 0 0 0 1 3 0 2 1 1 3 2 0 2 1 0 0 1 0 0 0 0 1 0 0 0 0 0 0 0 0 0 0 0 0 0
 29 1 2 0 0 20  0 0 0 0 0 0 0 0 0 0 0 0 0 0 0 0 0 0 0 0 0 0 0 0 0 2 1 0 3 1 0 1 1 1 0 2 2 0 1 1 2 0 1 1 0 0 0 0 0 0 0 0 0 0 0 0 0 0 0 0 0
 30 1 2 0 0 20  0 0 0 0 0 0 0 0 0 0 0 0 0 1 0 0 0 0 0 1 0 1 1 0 1 0 0 0 0 1 1 1 0 3 0 3 0 1 1 0 0 2 1 0 0 1 0 0 0 0 0 0 0 0 0 0 0 0 0 0 0
 31 1 2 0 0 20  0 0 0 0 0 0 0 0 0 0 0 0 1 0 1 0 1 1 0 0 1 0 0 0 0 0 0 0 1 1 4 2 1 0 1 1 3 0 0 0 1 0 0 0 0 0 0 0 0 0 0 0 0 0 0 0 0 0 0 0 0
 32 1 2 0 0 20  0 0 0 0 0 0 0 0 0 0 0 1 0 0 0 0 0 1 1 0 0 0 0 0 0 2 0 2 1 2 1 0 1 2 1 1 0 0 1 2 0 0 0 0 0 1 0 0 0 0 0 0 0 0 0 0 0 0 0 0 0
 33 1 2 0 0 20  0 0 0 0 0 0 0 0 0 0 0 0 0 0 0 0 0 0 1 0 0 0 1 0 0 0 0 0 2 4 1 1 1 1 1 1 1 2 1 0 1 1 0 0 0 0 0 0 0 0 0 0 0 0 0 0 0 0 0 0 0
 34 1 2 0 0 20  0 0 0 0 0 0 0 0 0 0 0 0 1 0 0 0 0 0 0 1 0 0 1 0 1 1 3 1 2 0 0 0 0 1 1 1 3 1 1 0 0 0 1 0 0 0 0 0 0 0 0 0 0 0 0 0 0 0 0 0 0
 35 1 2 0 0 20  0 0 0 0 0 0 0 0 0 0 0 0 1 0 1 0 0 0 0 0 0 0 0 0 0 1 0 1 1 2 1 2 0 0 1 3 0 2 1 1 1 1 0 0 0 0 0 0 0 0 0 0 0 0 0 0 0 0 0 0 0
 36 1 2 0 0 20  0 0 0 0 0 0 0 0 0 0 1 0 0 0 0 0 0 0 0 0 1 0 0 1 0 1 0 0 0 1 0 1 0 2 2 1 1 2 2 0 0 3 0 0 0 0 1 0 0 0 0 0 0 0 0 0 0 0 0 0 0
 37 1 2 0 0 20  0 0 0 0 0 0 0 0 0 0 0 0 0 0 1 0 0 1 0 0 0 1 1 0 0 0 0 1 1 1 0 0 0 2 1 1 1 1 1 1 3 0 1 0 0 1 0 0 0 0 0 0 0 0 0 0 0 0 0 0 0
 38 1 2 0 0 20  0 1 0 0 0 0 0 0 0 0 0 0 0 1 0 0 0 0 0 0 0 0 1 0 0 1 0 0 1 2 2 0 1 1 0 0 2 0 0 3 0 1 3 0 0 0 0 0 0 0 0 0 0 0 0 0 0 0 0 0 0
 39 1 2 0 0 20  0 0 0 0 0 0 0 0 0 0 0 0 0 0 0 0 0 0 0 1 0 0 0 0 1 1 1 0 0 2 0 0 2 1 2 4 1 0 1 1 0 1 0 1 0 0 0 0 0 0 0 0 0 0 0 0 0 0 0 0 0
 40 1 2 0 0 20  0 0 0 0 0 0 0 0 0 0 0 0 0 0 0 0 0 0 0 0 1 1 0 1 0 0 2 2 0 1 0 1 0 1 1 0 1 1 2 0 3 0 0 0 1 0 0 1 0 0 0 0 0 0 0 0 0 0 0 0 0
 41 1 2 0 0 20  0 0 0 0 0 0 0 0 0 0 0 0 0 1 0 0 0 0 0 0 0 0 1 0 0 1 0 2 0 0 2 2 0 1 1 0 2 2 1 0 2 0 1 1 0 0 0 0 0 0 0 0 0 0 0 0 0 0 0 0 0
 42 1 2 0 0 20  0 0 0 0 0 0 0 0 0 0 0 0 0 0 0 1 0 0 1 1 1 1 0 0 0 0 0 0 1 0 0 1 3 0 1 1 0 2 0 2 0 1 1 2 0 0 0 0 0 0 0 0 0 0 0 0 0 0 0 0 0
 43 1 2 0 0 20  0 0 0 0 0 0 0 0 0 0 0 0 0 0 0 0 0 0 1 2 2 1 1 0 0 0 0 2 3 1 0 2 0 2 1 1 0 0 0 0 0 0 0 0 0 1 0 0 0 0 0 0 0 0 0 0 0 0 0 0 0
 44 1 2 0 0 20  0 0 0 0 0 0 0 0 0 0 0 0 0 0 0 0 0 0 0 0 0 1 0 0 0 1 1 0 1 0 2 1 1 2 1 4 0 2 1 2 0 0 0 0 0 0 0 0 0 0 0 0 0 0 0 0 0 0 0 0 0
 45 1 2 0 0 20  0 0 0 0 0 0 0 0 0 0 1 0 0 0 1 0 0 0 0 0 0 0 1 0 0 1 1 0 0 2 1 0 0 0 1 2 3 0 1 2 1 1 1 0 0 0 0 0 0 0 0 0 0 0 0 0 0 0 0 0 0
 46 1 2 0 0 20  0 0 0 0 0 0 0 0 0 0 0 0 0 0 0 0 0 0 0 0 0 1 0 1 2 0 0 1 1 1 0 0 2 1 1 0 2 3 0 0 1 1 0 2 0 0 0 0 0 0 0 0 0 0 0 0 0 0 0 0 0
 47 1 2 0 0 20  0 0 0 0 0 0 0 0 0 0 0 1 0 0 0 0 0 0 0 0 0 0 1 0 0 1 0 1 3 0 1 0 2 3 1 1 1 2 0 1 1 0 0 0 0 0 0 0 0 0 0 0 0 0 0 0 0 0 0 0 0
 48 1 2 0 0 20  0 0 0 0 0 0 0 0 0 0 0 0 0 0 0 0 0 0 0 0 0 2 0 1 0 1 0 0 2 1 0 1 1 1 1 1 1 1 2 3 0 0 1 0 0 0 0 0 0 0 0 0 0 0 0 0 0 0 0 0 0
 49 1 2 0 0 20  0 1 0 0 0 0 0 0 0 0 0 0 0 1 1 0 0 0 0 0 1 0 0 0 0 1 1 2 0 0 0 2 3 0 2 0 0 0 1 0 1 1 1 1 0 0 0 0 0 0 0 0 0 0 0 0 0 0 0 0 0
 50 1 2 0 0 20  0 0 0 0 0 0 0 0 0 0 0 1 0 0 0 0 0 0 0 0 0 1 1 0 0 0 0 0 1 0 0 1 2 3 0 0 0 2 2 0 0 3 0 2 0 0 0 0 0 1 0 0 0 0 0 0 0 0 0 0 0
 51 1 2 0 0 20  0 0 0 0 0 0 0 0 0 0 0 0 0 0 0 0 0 0 0 0 0 0 0 0 0 3 2 0 1 0 1 1 4 0 1 1 0 0 2 1 1 1 1 0 0 0 0 0 0 0 0 0 0 0 0 0 0 0 0 0 0
 52 1 2 0 0 20  0 0 0 0 0 0 0 0 0 0 0 0 0 0 1 0 0 0 1 0 1 0 0 3 0 0 0 0 0 1 1 3 1 1 0 0 0 2 1 1 0 0 0 2 0 0 0 1 0 0 0 0 0 0 0 0 0 0 0 0 0
 53 1 2 0 0 20  0 0 0 0 0 0 0 0 0 0 1 1 0 0 0 0 0 0 0 0 1 0 1 1 0 1 3 0 1 2 1 1 1 0 0 1 0 1 0 2 1 0 0 0 0 0 0 0 0 0 0 0 0 0 0 0 0 0 0 0 0
 54 1 2 0 0 20  0 0 1 0 0 0 0 0 0 0 0 0 0 0 0 0 0 0 0 0 0 2 1 1 0 1 0 0 1 0 0 0 1 1 2 2 0 1 2 1 1 1 0 1 0 0 0 0 0 0 0 0 0 0 0 0 0 0 0 0 0
 55 1 2 0 0 20  0 0 0 0 0 0 0 0 0 0 0 0 0 0 1 0 0 0 0 0 0 0 1 0 0 0 0 0 2 4 2 3 0 0 0 0 1 0 0 1 0 0 1 2 1 1 0 0 0 0 0 0 0 0 0 0 0 0 0 0 0
 56 1 2 0 0 20  0 0 0 0 0 0 0 0 0 0 0 0 0 0 0 0 0 0 0 0 0 1 0 0 0 1 1 2 0 0 1 1 0 1 0 2 1 0 1 1 1 2 2 0 0 0 1 0 0 1 0 0 0 0 0 0 0 0 0 0 0
 57 1 2 0 0 20  0 0 0 0 0 0 0 0 0 0 0 0 0 0 0 0 0 0 0 0 0 0 1 1 0 0 2 1 1 1 1 0 1 0 0 0 1 1 4 2 1 0 1 0 0 1 0 0 0 0 0 0 0 0 0 0 0 0 0 0 0
 58 1 2 0 0 20  0 0 0 0 0 0 0 0 0 0 0 0 0 0 0 1 0 0 0 2 0 1 0 0 1 0 3 0 1 0 1 1 0 0 0 1 2 0 0 1 1 2 0 1 0 1 0 0 0 0 0 0 0 0 0 0 0 0 0 0 0
 59 1 2 0 0 20  0 0 0 0 0 0 0 0 0 0 0 0 0 0 0 0 0 0 0 1 1 0 2 0 0 1 3 1 0 1 1 1 1 0 0 2 1 0 0 0 1 1 0 0 2 0 0 0 0 0 0 0 0 0 0 0 0 0 0 0 0
 60 1 2 0 0 20  0 0 0 0 0 0 0 0 0 0 0 0 0 1 0 0 0 1 0 0 0 1 1 3 1 1 0 0 0 0 0 0 0 0 1 3 0 1 2 2 0 1 1 0 0 0 0 0 0 0 0 0 0 0 0 0 0 0 0 0 0
 61 1 2 0 0 20  0 0 0 0 0 0 0 0 0 0 0 0 0 0 0 0 0 0 0 1 0 1 0 0 0 0 3 2 0 3 0 1 0 1 1 3 1 1 0 0 2 0 0 0 0 0 0 0 0 0 0 0 0 0 0 0 0 0 0 0 0
 62 1 2 0 0 20  0 0 0 0 0 0 0 0 0 0 0 0 1 0 0 0 0 0 0 0 2 1 2 0 1 0 0 0 0 0 0 1 1 1 1 1 2 0 1 1 0 1 1 2 0 0 0 0 0 0 0 0 0 0 0 0 0 0 0 0 0
 63 1 2 0 0 20  0 0 0 0 0 0 0 0 0 0 0 0 0 0 0 0 0 0 0 2 0 0 2 1 0 0 0 0 0 0 0 1 2 1 0 2 2 1 2 0 1 2 0 0 0 1 0 0 0 0 0 0 0 0 0 0 0 0 0 0 0
 64 1 2 0 0 20  0 0 0 0 0 0 0 0 0 0 0 0 0 0 0 0 0 0 0 0 1 0 0 1 0 0 0 0 2 3 1 0 1 0 0 3 1 0 2 2 1 0 1 0 1 0 0 0 0 0 0 0 0 0 0 0 0 0 0 0 0
 65 1 2 0 0 20  0 0 0 0 0 0 0 0 0 0 0 0 0 1 0 0 0 0 0 1 2 1 1 0 0 1 0 0 1 3 0 2 0 0 1 0 2 1 1 0 2 0 0 0 0 0 0 0 0 0 0 0 0 0 0 0 0 0 0 0 0
 66 1 2 0 0 20  0 0 0 0 0 0 0 0 0 0 0 0 0 0 0 0 0 0 0 0 0 1 0 1 1 0 1 0 0 0 0 0 1 2 0 3 1 2 1 2 0 0 3 0 0 1 0 0 0 0 0 0 0 0 0 0 0 0 0 0 0
 67 1 2 0 0 20  0 0 0 0 0 0 0 0 0 0 0 0 0 1 0 0 0 0 0 0 0 1 0 1 0 1 2 1 1 1 0 1 1 2 0 0 0 2 1 0 0 0 2 1 0 1 0 0 0 0 0 0 0 0 0 0 0 0 0 0 0
 68 1 2 0 0 20  0 0 0 0 0 0 0 0 0 0 0 0 0 0 0 0 1 0 0 2 1 0 0 2 0 0 0 2 1 1 2 2 0 0 0 1 1 1 1 1 1 0 0 0 0 0 0 0 0 0 0 0 0 0 0 0 0 0 0 0 0
 69 1 2 0 0 20  0 0 0 0 0 0 0 0 0 0 0 0 0 0 0 0 0 0 1 1 0 0 3 0 2 0 0 0 0 1 1 2 2 1 1 0 0 1 1 0 0 0 1 1 1 0 0 0 0 0 0 0 0 0 0 0 0 0 0 0 0
 70 1 2 0 0 20  0 0 0 0 0 0 0 0 0 0 0 0 0 0 0 0 0 0 0 0 0 1 0 0 0 0 1 2 3 1 2 0 3 2 1 1 0 1 0 1 0 1 0 0 0 0 0 0 0 0 0 0 0 0 0 0 0 0 0 0 0
 71 1 2 0 0 20  0 0 0 0 0 0 0 0 0 0 0 0 0 1 0 0 0 0 0 1 1 0 0 0 2 1 0 0 0 1 0 1 1 0 0 1 2 0 3 2 0 1 1 0 0 0 0 1 0 0 0 0 0 0 0 0 0 0 0 0 0
 72 1 2 0 0 20  0 0 0 0 0 0 0 0 0 0 0 0 1 2 0 0 0 0 0 0 1 0 0 1 1 0 1 0 0 1 0 2 1 2 2 1 1 1 0 1 0 0 0 0 0 0 0 0 1 0 0 0 0 0 0 0 0 0 0 0 0
 73 1 2 0 0 20  0 0 0 0 0 0 0 0 0 1 0 0 0 0 0 0 0 0 0 0 0 0 0 0 0 0 0 1 5 0 1 0 3 1 0 3 0 0 0 3 1 0 0 0 0 1 0 0 0 0 0 0 0 0 0 0 0 0 0 0 0
 74 1 2 0 0 20  0 0 0 0 0 0 0 0 0 0 0 0 0 0 0 0 0 0 0 0 0 0 0 2 0 1 1 0 0 1 1 2 2 2 2 2 0 0 0 1 1 1 0 0 0 0 1 0 0 0 0 0 0 0 0 0 0 0 0 0 0
 75 1 2 0 0 20  0 0 0 0 0 0 0 0 0 0 1 1 0 0 0 0 0 0 0 0 0 0 0 1 0 2 0 0 1 1 0 0 2 2 0 2 0 1 2 1 0 0 2 0 1 0 0 0 0 0 0 0 0 0 0 0 0 0 0 0 0
 76 1 2 0 0 20  0 0 0 0 0 0 0 0 0 0 0 0 1 1 2 0 0 0 0 0 0 0 0 1 1 0 2 0 1 0 2 0 1 0 0 1 2 0 1 0 1 1 1 0 0 0 0 0 0 1 0 0 0 0 0 0 0 0 0 0 0
 77 1 2 0 0 20  0 0 1 0 0 0 0 0 0 0 0 0 0 1 0 0 0 0 0 1 0 1 0 1 0 0 0 1 0 2 1 1 0 1 1 4 0 1 1 0 0 1 0 0 0 1 0 0 0 0 0 0 0 0 0 0 0 0 0 0 0
 78 1 2 0 0 20  0 0 0 0 0 0 0 0 0 0 0 0 0 0 0 0 0 0 0 1 0 0 0 1 0 1 1 0 1 1 1 1 2 0 2 1 0 2 1 0 1 1 2 0 0 0 0 0 0 0 0 0 0 0 0 0 0 0 0 0 0
 79 1 2 0 0 20  0 0 0 0 0 0 0 0 0 0 0 0 0 1 0 0 0 0 1 1 0 2 0 1 0 0 2 2 1 1 1 1 3 0 0 0 0 1 0 0 0 1 0 1 0 0 0 0 0 0 0 0 0 0 0 0 0 0 0 0 0
 80 1 2 0 0 20  0 0 0 0 0 0 0 0 0 0 0 1 0 0 1 0 0 1 1 0 0 0 0 1 0 3 2 0 0 1 0 0 2 1 1 1 0 1 1 0 0 0 1 0 1 0 0 0 0 0 0 0 0 0 0 0 0 0 0 0 0
 81 1 2 0 0 20  0 0 0 0 0 0 0 0 0 0 0 0 0 0 0 0 0 0 0 0 0 0 1 0 0 1 0 1 2 1 2 1 0 1 2 0 2 2 1 0 1 1 0 0 0 1 0 0 0 0 0 0 0 0 0 0 0 0 0 0 0
 82 1 2 0 0 20  0 0 0 0 0 0 0 0 0 0 0 0 1 0 0 0 0 0 0 0 0 0 0 0 0 0 0 1 1 1 3 1 1 0 0 1 4 0 0 0 1 0 1 1 1 1 0 1 0 0 0 0 0 0 0 0 0 0 0 0 0
 83 1 2 0 0 20  0 0 0 0 0 0 0 0 0 0 0 0 0 0 0 0 1 1 0 0 1 0 0 0 0 0 0 0 1 0 0 1 1 1 0 1 1 2 4 0 1 1 0 0 1 1 0 1 0 0 0 0 0 0 0 0 0 0 0 0 0
 84 1 2 0 0 20  0 1 0 0 0 0 0 0 0 0 0 0 0 0 1 1 0 0 0 0 0 0 1 0 0 0 0 1 1 3 0 2 0 2 0 2 0 0 2 0 1 0 0 1 0 1 0 0 0 0 0 0 0 0 0 0 0 0 0 0 0
 85 1 2 0 0 20  0 0 0 0 0 0 0 0 0 0 0 0 0 0 0 0 0 0 0 1 0 1 1 0 0 0 0 1 2 6 0 0 1 1 0 0 0 2 2 0 0 0 2 0 0 0 0 0 0 0 0 0 0 0 0 0 0 0 0 0 0
 86 1 2 0 0 20  0 0 0 0 0 0 0 0 0 0 0 0 0 0 1 0 0 0 1 0 0 0 0 0 1 1 1 0 1 1 0 2 0 3 0 0 1 0 2 2 2 1 0 0 0 0 0 0 0 0 0 0 0 0 0 0 0 0 0 0 0
 87 1 2 0 0 20  0 0 0 0 0 0 0 0 0 0 0 0 0 1 0 0 0 0 0 0 0 1 0 0 1 0 0 2 0 2 0 1 1 0 2 1 1 4 0 2 1 0 0 0 0 0 0 0 0 0 0 0 0 0 0 0 0 0 0 0 0
 88 1 2 0 0 20  0 0 0 0 0 0 0 0 0 0 0 0 0 0 0 0 0 0 0 2 1 0 0 0 1 0 0 0 0 2 2 1 1 1 1 0 2 1 0 1 2 0 1 1 0 0 0 0 0 0 0 0 0 0 0 0 0 0 0 0 0
 89 1 2 0 0 20  0 0 0 0 0 0 0 0 0 0 0 0 0 0 0 0 0 0 0 1 0 0 1 0 0 1 0 0 2 1 1 1 1 0 1 1 1 1 3 0 1 1 2 0 0 0 0 0 0 0 0 0 0 0 0 0 0 0 0 0 0
 90 1 2 0 0 20  0 0 0 0 0 0 0 0 0 0 0 0 0 0 0 0 0 0 0 0 0 1 1 0 0 0 0 3 1 1 0 0 1 3 0 2 1 0 3 0 2 0 0 1 0 0 0 0 0 0 0 0 0 0 0 0 0 0 0 0 0
 91 1 2 0 0 20  0 0 0 0 0 0 0 0 0 0 1 0 0 0 0 0 0 1 0 0 0 0 2 0 1 1 0 1 0 3 0 2 0 0 1 1 1 0 1 2 0 1 0 0 0 0 1 0 0 0 0 0 0 0 0 0 0 0 0 0 0
 92 1 2 0 0 20  0 0 0 0 0 0 0 0 0 0 0 0 1 0 0 0 0 1 0 0 2 0 1 1 0 0 0 2 0 2 2 1 0 2 0 0 1 1 0 2 1 0 0 0 0 0 0 0 0 0 0 0 0 0 0 0 0 0 0 0 0
 93 1 2 0 0 20  0 0 0 0 0 0 0 0 0 0 0 0 1 0 0 0 0 0 0 0 1 0 1 0 0 0 0 0 3 0 2 0 0 2 1 3 1 0 1 0 1 0 1 0 0 1 0 1 0 0 0 0 0 0 0 0 0 0 0 0 0
 94 1 2 0 0 20  0 1 0 0 0 0 0 0 0 0 0 0 0 0 0 0 0 0 0 0 0 1 0 0 0 0 0 1 0 0 2 0 0 2 1 1 1 1 0 2 3 2 0 1 1 0 0 0 0 0 0 0 0 0 0 0 0 0 0 0 0
 95 1 2 0 0 20  0 0 0 0 0 0 0 0 0 0 0 1 0 0 0 0 0 0 0 0 1 1 0 0 0 1 1 0 3 0 3 0 2 0 0 1 1 1 1 1 1 0 0 0 0 0 1 0 0 0 0 0 0 0 0 0 0 0 0 0 0
 96 1 2 0 0 20  0 0 0 0 0 0 0 0 0 0 0 0 1 0 0 0 0 0 0 0 2 0 0 0 1 0 1 0 1 1 1 1 3 0 1 0 2 2 1 0 0 2 0 0 0 0 0 0 0 0 0 0 0 0 0 0 0 0 0 0 0
 97 1 2 0 0 20  0 0 0 0 0 0 0 0 0 0 0 0 2 0 0 0 0 0 0 0 0 0 0 2 0 0 0 0 0 0 0 3 3 0 1 1 2 1 1 1 2 0 0 1 0 0 0 0 0 0 0 0 0 0 0 0 0 0 0 0 0
 98 1 2 0 0 20  0 0 0 0 0 0 0 0 0 0 0 0 0 2 0 0 0 0 1 0 1 3 0 0 1 0 0 1 1 1 1 1 0 0 0 2 1 1 0 1 1 0 1 0 0 0 0 0 0 0 0 0 0 0 0 0 0 0 0 0 0
 99 1 2 0 0 20  0 0 0 0 0 0 0 0 0 0 0 0 0 1 0 0 0 0 0 2 0 0 0 0 1 1 0 1 0 1 1 1 1 0 1 0 1 1 1 0 4 0 1 0 0 0 0 1 0 0 0 0 0 0 0 0 0 0 0 0 0
 100 1 2 0 0 20  0 0 0 0 0 0 0 0 0 0 0 0 0 0 0 0 0 0 0 0 0 0 0 0 0 1 0 2 0 1 1 2 4 1 0 0 2 0 0 1 0 3 0 1 0 1 0 0 0 0 0 0 0 0 0 0 0 0 0 0 0

20 #_N_age_bins
 1 2 3 4 5 6 7 8 9 10 11 12 13 14 15 16 17 18 19 20
2 #_N_ageerror_definitions
 0.5 1.5 2.5 3.5 4.5 5.5 6.5 7.5 8.5 9.5 10.5 11.5 12.5 13.5 14.5 15.5 16.5 17.5 18.5 19.5 20.5
 0.001 0.001 0.001 0.001 0.001 0.001 0.001 0.001 0.001 0.001 0.001 0.001 0.001 0.001 0.001 0.001 0.001 0.001 0.001 0.001 0.001
 0.5 1.5 2.5 3.5 4.5 5.5 6.5 7.5 8.5 9.5 10.5 11.5 12.5 13.5 14.5 15.5 16.5 17.5 18.5 19.5 20.5
 0.329 0.329 0.347 0.369 0.395 0.428 0.468 0.518 0.579 0.653 0.745 0.858 0.996 1.167 1.376 1.632 1.858 2.172 2.53 2.934 3.388
200 #_N_Agecomp_obs
1 #_Lbin_method: 1=poplenbins; 2=datalenbins; 3=lengths
0 #_combine males into females at or below this bin number
#Yr Seas Flt/Svy Gender Part Ageerr Lbin_lo Lbin_hi Nsamp datavector(female-male)
 1 1 1 0 0 1 -1 -1 50  0 0 1 5 1 4 4 5 7 1 5 3 2 3 2 1 0 0 1 5
 2 1 1 0 0 1 -1 -1 50  0 0 4 4 8 4 6 5 7 1 1 3 0 1 2 1 0 0 2 1
 3 1 1 0 0 1 -1 -1 50  0 0 5 7 5 5 6 6 1 2 6 3 1 0 1 0 1 0 0 1
 4 1 1 0 0 1 -1 -1 50  0 1 2 10 9 4 4 1 2 5 2 1 1 3 1 2 1 1 0 0
 5 1 1 0 0 1 -1 -1 50  0 2 6 4 6 9 3 2 2 5 3 2 1 2 0 1 0 1 0 1
 6 1 1 0 0 1 -1 -1 50  0 2 4 11 6 10 3 6 2 1 1 0 1 0 0 1 0 1 0 1
 7 1 1 0 0 1 -1 -1 50  0 2 2 7 8 9 4 4 2 2 1 2 0 0 0 2 1 0 0 4
 8 1 1 0 0 1 -1 -1 50  0 1 3 7 13 3 8 5 1 2 3 0 1 2 0 0 0 1 0 0
 9 1 1 0 0 1 -1 -1 50  0 1 3 7 12 6 4 3 3 4 3 2 1 0 1 0 0 0 0 0
 10 1 1 0 0 1 -1 -1 50  1 0 11 9 7 6 3 4 2 3 1 0 0 0 1 1 0 0 0 1
 11 1 1 0 0 1 -1 -1 50  0 0 6 7 9 14 3 4 1 2 0 1 0 0 1 0 0 1 0 1
 12 1 1 0 0 1 -1 -1 50  0 2 7 8 6 5 7 2 3 3 0 4 0 0 1 0 1 0 0 1
 13 1 1 0 0 1 -1 -1 50  0 1 4 13 8 8 1 7 1 1 1 0 1 0 2 0 1 0 0 1
 14 1 1 0 0 1 -1 -1 50  0 1 3 10 9 6 6 5 4 2 0 1 0 0 1 0 0 0 0 2
 15 1 1 0 0 1 -1 -1 50  0 0 4 10 11 7 4 4 4 3 1 0 0 0 0 1 0 0 1 0
 16 1 1 0 0 1 -1 -1 50  0 0 6 10 7 8 4 2 6 1 2 1 0 1 1 0 0 1 0 0
 17 1 1 0 0 1 -1 -1 50  0 1 9 2 16 7 4 3 2 2 1 2 0 0 0 1 0 0 0 0
 18 1 1 0 0 1 -1 -1 50  0 0 7 9 9 7 5 3 3 3 1 1 1 0 1 0 0 0 0 0
 19 1 1 0 0 1 -1 -1 50  1 1 5 3 9 11 5 6 3 3 1 1 1 0 0 0 0 0 0 0
 20 1 1 0 0 1 -1 -1 50  0 2 2 8 11 5 6 5 3 3 1 1 2 0 0 0 0 0 0 1
 21 1 1 0 0 1 -1 -1 50  0 3 2 8 10 10 4 5 4 2 1 0 0 0 0 0 1 0 0 0
 22 1 1 0 0 1 -1 -1 50  0 2 6 6 13 10 4 2 3 1 3 0 0 0 0 0 0 0 0 0
 23 1 1 0 0 1 -1 -1 50  0 3 3 4 11 9 4 4 1 5 3 2 0 1 0 0 0 0 0 0
 24 1 1 0 0 1 -1 -1 50  0 3 3 9 8 8 4 5 4 2 1 1 1 0 1 0 0 0 0 0
 25 1 1 0 0 1 -1 -1 50  0 2 5 6 7 8 8 6 1 2 2 2 0 0 0 0 0 0 1 0
 26 1 1 0 0 1 -1 -1 50  0 5 4 8 14 5 6 2 4 1 0 0 0 0 0 1 0 0 0 0
 27 1 1 0 0 1 -1 -1 50  0 0 10 8 12 7 4 3 3 1 1 1 0 0 0 0 0 0 0 0
 28 1 1 0 0 1 -1 -1 50  0 1 6 9 5 8 4 4 5 3 1 1 1 0 2 0 0 0 0 0
 29 1 1 0 0 1 -1 -1 50  0 2 4 9 4 7 7 4 3 3 2 1 3 1 0 0 0 0 0 0
 30 1 1 0 0 1 -1 -1 50  0 1 4 7 8 11 5 4 1 3 2 2 1 0 1 0 0 0 0 0
 31 1 1 0 0 1 -1 -1 50  0 0 8 3 7 9 6 6 6 2 3 0 0 0 0 0 0 0 0 0
 32 1 1 0 0 1 -1 -1 50  0 2 7 12 7 5 5 7 3 0 1 1 0 0 0 0 0 0 0 0
 33 1 1 0 0 1 -1 -1 50  1 2 4 6 12 7 5 5 3 0 1 2 0 1 1 0 0 0 0 0
 34 1 1 0 0 1 -1 -1 50  0 1 3 7 6 9 6 4 5 1 2 2 1 1 0 1 1 0 0 0
 35 1 1 0 0 1 -1 -1 50  1 1 7 12 8 7 6 4 2 1 1 0 0 0 0 0 0 0 0 0
 36 1 1 0 0 1 -1 -1 50  0 3 7 11 7 9 3 3 3 1 2 0 0 1 0 0 0 0 0 0
 37 1 1 0 0 1 -1 -1 50  0 4 5 6 9 7 3 8 2 3 0 2 1 0 0 0 0 0 0 0
 38 1 1 0 0 1 -1 -1 50  0 4 8 5 10 5 8 4 0 0 2 0 1 2 1 0 0 0 0 0
 39 1 1 0 0 1 -1 -1 50  1 4 1 10 7 6 7 4 3 2 1 2 0 0 0 0 1 1 0 0
 40 1 1 0 0 1 -1 -1 50  0 0 4 9 7 10 3 9 2 0 0 0 2 1 3 0 0 0 0 0
 41 1 1 0 0 1 -1 -1 50  0 2 2 6 10 14 5 5 5 0 0 0 0 0 0 1 0 0 0 0
 42 1 1 0 0 1 -1 -1 50  0 0 7 11 13 8 2 1 3 1 0 0 2 1 0 1 0 0 0 0
 43 1 1 0 0 1 -1 -1 50  0 0 2 8 13 9 6 5 4 0 0 0 0 0 0 1 2 0 0 0
 44 1 1 0 0 1 -1 -1 50  1 1 5 8 8 7 4 5 1 1 3 2 1 0 0 2 1 0 0 0
 45 1 1 0 0 1 -1 -1 50  1 0 4 12 10 8 2 6 2 1 1 2 0 0 1 0 0 0 0 0
 46 1 1 0 0 1 -1 -1 50  0 3 4 5 6 5 13 1 4 5 1 0 2 0 0 0 0 0 1 0
 47 1 1 0 0 1 -1 -1 50  0 1 2 6 5 12 11 3 2 3 2 1 1 1 0 0 0 0 0 0
 48 1 1 0 0 1 -1 -1 50  0 1 3 9 8 10 4 6 4 3 1 0 0 0 1 0 0 0 0 0
 49 1 1 0 0 1 -1 -1 50  0 5 3 7 6 9 10 5 1 2 2 0 0 0 0 0 0 0 0 0
 50 1 1 0 0 1 -1 -1 50  0 1 2 13 11 6 6 3 3 2 0 0 1 1 0 0 0 0 0 1
 51 1 1 0 0 1 -1 -1 50  0 3 7 8 6 8 5 5 2 5 1 0 0 0 0 0 0 0 0 0
 52 1 1 0 0 1 -1 -1 50  0 2 6 6 3 8 6 6 3 5 2 1 1 1 0 0 0 0 0 0
 53 1 1 0 0 1 -1 -1 50  0 2 9 5 7 7 6 3 2 4 1 0 1 2 0 0 1 0 0 0
 54 1 1 0 0 1 -1 -1 50  0 1 5 6 7 9 9 4 3 4 1 1 0 0 0 0 0 0 0 0
 55 1 1 0 0 1 -1 -1 50  1 3 3 10 10 9 3 4 4 0 0 1 2 0 0 0 0 0 0 0
 56 1 1 0 0 1 -1 -1 50  0 2 2 10 10 10 4 4 2 2 0 1 0 0 2 0 0 1 0 0
 57 1 1 0 0 1 -1 -1 50  0 0 6 8 8 9 5 6 2 2 0 1 1 0 1 0 0 0 0 1
 58 1 1 0 0 1 -1 -1 50  0 1 2 5 9 10 10 6 1 3 0 0 1 0 1 0 0 1 0 0
 59 1 1 0 0 1 -1 -1 50  0 3 4 3 8 12 6 6 1 2 1 1 2 0 0 0 0 1 0 0
 60 1 1 0 0 1 -1 -1 50  0 0 8 4 10 6 5 5 5 1 3 1 1 1 0 0 0 0 0 0
 61 1 1 0 0 1 -1 -1 50  0 0 3 8 3 11 11 4 3 2 0 0 2 1 0 1 0 1 0 0
 62 1 1 0 0 1 -1 -1 50  1 0 2 11 7 12 4 1 3 4 0 2 0 1 0 1 1 0 0 0
 63 1 1 0 0 1 -1 -1 50  0 2 9 4 8 7 3 9 0 1 3 3 1 0 0 0 0 0 0 0
 64 1 1 0 0 1 -1 -1 50  0 0 6 7 11 5 7 4 5 2 2 0 0 0 0 1 0 0 0 0
 65 1 1 0 0 1 -1 -1 50  0 3 3 7 11 7 10 2 2 3 1 0 1 0 0 0 0 0 0 0
 66 1 1 0 0 1 -1 -1 50  0 1 3 7 6 7 5 4 6 5 0 0 0 1 0 0 3 0 1 1
 67 1 1 0 0 1 -1 -1 50  1 3 7 8 8 7 8 4 0 1 1 0 0 0 1 0 1 0 0 0
 68 1 1 0 0 1 -1 -1 50  0 3 5 6 4 12 8 5 2 3 1 0 1 0 0 0 0 0 0 0
 69 1 1 0 0 1 -1 -1 50  0 0 5 12 10 7 7 2 1 2 1 0 1 2 0 0 0 0 0 0
 70 1 1 0 0 1 -1 -1 50  0 2 8 8 8 7 3 3 5 1 0 0 3 1 1 0 0 0 0 0
 71 1 1 0 0 1 -1 -1 50  0 1 6 5 7 10 10 4 1 3 2 0 0 0 0 0 1 0 0 0
 72 1 1 0 0 1 -1 -1 50  0 1 5 11 11 4 4 2 3 0 5 3 0 1 0 0 0 0 0 0
 73 1 1 0 0 1 -1 -1 50  0 1 7 5 14 7 2 2 4 2 3 1 0 1 0 0 1 0 0 0
 74 1 1 0 0 1 -1 -1 50  0 0 3 9 13 10 5 2 2 3 1 0 0 2 0 0 0 0 0 0
 75 1 1 0 0 1 -1 -1 50  0 3 10 7 7 7 4 4 1 2 3 1 1 0 0 0 0 0 0 0
 76 1 1 0 0 1 -1 -1 50  0 1 3 4 17 11 1 4 1 2 0 0 1 3 0 0 0 2 0 0
 77 1 1 0 0 1 -1 -1 50  0 1 5 9 8 6 5 2 5 4 3 2 0 0 0 0 0 0 0 0
 78 1 1 0 0 1 -1 -1 50  0 0 5 9 6 4 10 6 4 3 3 0 0 0 0 0 0 0 0 0
 79 1 1 0 0 1 -1 -1 50  0 3 7 7 10 5 5 3 4 2 1 3 0 0 0 0 0 0 0 0
 80 1 1 0 0 1 -1 -1 50  0 1 6 8 10 12 3 4 0 3 0 0 0 1 0 0 0 1 0 1
 81 1 1 0 0 1 -1 -1 50  0 1 6 11 10 7 5 4 0 2 0 1 1 0 1 0 0 1 0 0
 82 1 1 0 0 1 -1 -1 50  0 0 6 11 9 11 6 2 2 0 0 1 0 0 1 0 1 0 0 0
 83 1 1 0 0 1 -1 -1 50  0 5 5 7 10 5 6 3 4 3 1 0 1 0 0 0 0 0 0 0
 84 1 1 0 0 1 -1 -1 50  0 0 4 14 8 9 5 5 3 0 0 2 0 0 0 0 0 0 0 0
 85 1 1 0 0 1 -1 -1 50  0 4 5 3 10 7 4 6 3 3 2 1 1 1 0 0 0 0 0 0
 86 1 1 0 0 1 -1 -1 50  1 1 3 11 12 7 5 4 2 2 1 1 0 0 0 0 0 0 0 0
 87 1 1 0 0 1 -1 -1 50  0 1 8 10 7 9 4 4 1 3 3 0 0 0 0 0 0 0 0 0
 88 1 1 0 0 1 -1 -1 50  0 1 8 5 11 2 5 6 5 1 3 1 1 0 0 1 0 0 0 0
 89 1 1 0 0 1 -1 -1 50  0 3 5 6 9 9 7 7 2 1 0 0 1 0 0 0 0 0 0 0
 90 1 1 0 0 1 -1 -1 50  0 1 10 9 9 7 6 4 1 2 0 0 0 1 0 0 0 0 0 0
 91 1 1 0 0 1 -1 -1 50  0 3 6 6 8 4 8 5 4 1 2 1 0 0 1 1 0 0 0 0
 92 1 1 0 0 1 -1 -1 50  0 2 7 6 10 7 8 3 2 3 0 0 1 0 0 0 0 0 1 0
 93 1 1 0 0 1 -1 -1 50  0 1 5 6 12 7 8 3 3 2 1 1 0 0 1 0 0 0 0 0
 94 1 1 0 0 1 -1 -1 50  0 1 3 5 8 9 5 5 2 6 5 0 0 0 0 0 0 0 0 1
 95 1 1 0 0 1 -1 -1 50  0 2 0 5 11 5 9 4 6 4 1 1 1 0 0 0 0 0 0 1
 96 1 1 0 0 1 -1 -1 50  0 1 6 7 9 8 8 4 4 1 0 1 0 0 0 1 0 0 0 0
 97 1 1 0 0 1 -1 -1 50  0 1 8 15 6 7 4 3 2 1 0 0 1 0 1 1 0 0 0 0
 98 1 1 0 0 1 -1 -1 50  0 0 6 7 9 12 5 6 3 1 0 1 0 0 0 0 0 0 0 0
 99 1 1 0 0 1 -1 -1 50  0 2 5 13 5 9 6 3 3 1 1 1 1 0 0 0 0 0 0 0
 100 1 1 0 0 1 -1 -1 50  0 0 4 3 13 10 6 5 4 2 0 1 1 1 0 0 0 0 0 0
 1 1 2 0 0 1 -1 -1 50  0 0 2 8 5 1 5 2 5 4 2 3 1 4 1 2 1 1 0 3
 2 1 2 0 0 1 -1 -1 50  0 0 3 5 9 10 2 4 1 0 3 1 1 3 1 1 0 1 1 4
 3 1 2 0 0 1 -1 -1 50  0 0 4 11 5 5 7 3 0 3 2 4 0 0 1 1 0 2 0 2
 4 1 2 0 0 1 -1 -1 50  2 0 4 9 4 5 7 3 2 3 3 1 0 0 1 2 1 0 0 3
 5 1 2 0 0 1 -1 -1 50  0 1 8 6 7 7 3 4 3 4 1 2 0 0 1 0 0 0 0 3
 6 1 2 0 0 1 -1 -1 50  1 2 2 3 11 3 7 5 7 1 0 0 0 0 0 1 1 1 2 3
 7 1 2 0 0 1 -1 -1 50  0 1 5 13 9 1 1 2 5 2 2 1 0 1 2 2 0 2 0 1
 8 1 2 0 0 1 -1 -1 50  0 4 4 6 7 9 6 3 3 6 0 0 0 0 0 0 0 0 0 2
 9 1 2 0 0 1 -1 -1 50  0 0 7 10 6 7 9 3 1 2 1 2 1 0 0 0 1 0 0 0
 10 1 2 0 0 1 -1 -1 50  0 1 6 11 4 6 10 6 3 2 1 0 0 0 0 0 0 0 0 0
 11 1 2 0 0 1 -1 -1 50  0 1 2 9 8 10 11 2 2 2 2 0 1 0 0 0 0 0 0 0
 12 1 2 0 0 1 -1 -1 50  0 3 3 7 8 6 9 1 5 3 2 0 0 1 0 1 0 0 0 1
 13 1 2 0 0 1 -1 -1 50  0 2 8 7 5 10 4 4 2 2 2 2 1 0 0 1 0 0 0 0
 14 1 2 0 0 1 -1 -1 50  0 1 3 8 15 8 3 2 2 5 1 0 1 0 0 0 1 0 0 0
 15 1 2 0 0 1 -1 -1 50  0 0 5 10 9 9 4 3 3 3 0 0 1 1 1 0 1 0 0 0
 16 1 2 0 0 1 -1 -1 50  0 2 7 7 9 5 9 3 2 2 1 0 2 1 0 0 0 0 0 0
 17 1 2 0 0 1 -1 -1 50  0 1 7 8 13 6 9 2 1 2 1 0 0 0 0 0 0 0 0 0
 18 1 2 0 0 1 -1 -1 50  0 0 7 11 6 11 2 6 1 2 0 0 0 1 0 0 0 1 0 2
 19 1 2 0 0 1 -1 -1 50  0 1 5 5 4 13 5 4 5 1 4 1 0 0 1 0 0 0 1 0
 20 1 2 0 0 1 -1 -1 50  0 2 4 7 11 4 8 6 1 2 1 0 2 2 0 0 0 0 0 0
 21 1 2 0 0 1 -1 -1 50  2 3 7 8 6 8 4 2 3 2 3 0 0 0 2 0 0 0 0 0
 22 1 2 0 0 1 -1 -1 50  0 2 6 6 7 5 9 7 2 0 4 2 0 0 0 0 0 0 0 0
 23 1 2 0 0 1 -1 -1 50  0 1 4 3 13 10 5 6 5 1 2 0 0 0 0 0 0 0 0 0
 24 1 2 0 0 1 -1 -1 50  0 0 9 9 9 8 4 3 4 1 1 0 0 0 0 1 0 1 0 0
 25 1 2 0 0 1 -1 -1 50  0 1 9 9 8 5 8 3 2 1 1 0 0 0 0 0 1 1 0 1
 26 1 2 0 0 1 -1 -1 50  0 0 6 9 7 8 6 3 8 2 1 0 0 0 0 0 0 0 0 0
 27 1 2 0 0 1 -1 -1 50  0 3 7 7 6 9 4 6 2 3 1 0 1 0 0 1 0 0 0 0
 28 1 2 0 0 1 -1 -1 50  0 3 3 9 10 8 5 5 2 2 1 0 2 0 0 0 0 0 0 0
 29 1 2 0 0 1 -1 -1 50  0 1 9 7 7 7 4 7 3 1 2 0 0 1 1 0 0 0 0 0
 30 1 2 0 0 1 -1 -1 50  0 3 5 4 7 9 8 3 3 5 0 0 1 2 0 0 0 0 0 0
 31 1 2 0 0 1 -1 -1 50  0 2 3 11 5 9 5 6 3 3 0 0 0 0 1 1 0 1 0 0
 32 1 2 0 0 1 -1 -1 50  0 1 7 6 9 7 7 5 1 3 1 2 0 1 0 0 0 0 0 0
 33 1 2 0 0 1 -1 -1 50  0 3 3 9 9 7 10 4 0 3 0 0 0 0 1 0 1 0 0 0
 34 1 2 0 0 1 -1 -1 50  0 1 8 10 7 7 8 4 1 2 0 1 1 0 0 0 0 0 0 0
 35 1 2 0 0 1 -1 -1 50  0 1 5 8 9 7 5 7 2 1 4 0 1 0 0 0 0 0 0 0
 36 1 2 0 0 1 -1 -1 50  0 2 3 16 9 6 2 7 2 2 0 0 0 0 0 0 0 0 0 1
 37 1 2 0 0 1 -1 -1 50  0 2 10 5 8 3 4 4 5 5 2 1 1 0 0 0 0 0 0 0
 38 1 2 0 0 1 -1 -1 50  0 2 4 6 18 5 3 4 3 0 3 1 0 0 1 0 0 0 0 0
 39 1 2 0 0 1 -1 -1 50  0 2 3 4 12 6 9 4 1 2 3 2 2 0 0 0 0 0 0 0
 40 1 2 0 0 1 -1 -1 50  1 0 5 8 8 6 5 5 4 1 5 0 2 0 0 0 0 0 0 0
 41 1 2 0 0 1 -1 -1 50  0 1 6 7 9 7 6 7 2 1 0 0 0 2 1 1 0 0 0 0
 42 1 2 0 0 1 -1 -1 50  1 2 6 8 7 9 5 3 2 1 3 0 2 0 1 0 0 0 0 0
 43 1 2 0 0 1 -1 -1 50  0 0 14 9 10 4 7 1 1 2 0 1 0 1 0 0 0 0 0 0
 44 1 2 0 0 1 -1 -1 50  0 4 7 6 10 3 5 5 3 3 2 0 0 1 0 1 0 0 0 0
 45 1 2 0 0 1 -1 -1 50  0 3 8 7 8 9 2 3 4 2 3 1 0 0 0 0 0 0 0 0
 46 1 2 0 0 1 -1 -1 50  0 2 6 7 7 8 6 5 4 3 0 1 1 0 0 0 0 0 0 0
 47 1 2 0 0 1 -1 -1 50  0 3 5 7 9 9 6 3 1 3 2 1 0 0 0 0 1 0 0 0
 48 1 2 0 0 1 -1 -1 50  0 3 7 6 5 8 6 5 3 4 1 0 1 0 0 0 0 1 0 0
 49 1 2 0 0 1 -1 -1 50  0 1 7 6 9 6 5 4 3 6 2 0 1 0 0 0 0 0 0 0
 50 1 2 0 0 1 -1 -1 50  0 2 4 5 9 9 6 3 1 4 3 1 0 1 0 0 1 0 0 1
 51 1 2 0 0 1 -1 -1 50  1 0 4 6 7 11 7 4 1 1 4 1 0 0 2 0 0 0 1 0
 52 1 2 0 0 1 -1 -1 50  0 1 8 9 9 8 3 4 3 2 1 1 0 1 0 0 0 0 0 0
 53 1 2 0 0 1 -1 -1 50  0 2 9 10 6 7 7 6 1 0 1 0 0 0 0 1 0 0 0 0
 54 1 2 0 0 1 -1 -1 50  0 1 8 10 8 5 7 6 2 1 0 0 0 1 0 1 0 0 0 0
 55 1 2 0 0 1 -1 -1 50  0 2 3 6 9 9 5 8 1 4 1 0 1 1 0 0 0 0 0 0
 56 1 2 0 0 1 -1 -1 50  0 0 5 11 10 7 3 8 2 2 0 0 1 0 1 0 0 0 0 0
 57 1 2 0 0 1 -1 -1 50  0 0 2 11 11 9 8 3 1 3 1 1 0 0 0 0 0 0 0 0
 58 1 2 0 0 1 -1 -1 50  0 3 5 7 8 7 5 5 3 2 3 1 1 0 0 0 0 0 0 0
 59 1 2 0 0 1 -1 -1 50  0 1 3 10 10 11 5 3 1 1 1 1 0 1 0 0 1 1 0 0
 60 1 2 0 0 1 -1 -1 50  0 0 4 14 4 11 6 5 2 1 1 0 2 0 0 0 0 0 0 0
 61 1 2 0 0 1 -1 -1 50  0 3 6 7 10 5 6 4 2 2 1 2 0 1 0 0 0 1 0 0
 62 1 2 0 0 1 -1 -1 50  0 2 7 9 5 7 8 3 5 2 1 0 1 0 0 0 0 0 0 0
 63 1 2 0 0 1 -1 -1 50  0 1 4 10 5 9 7 9 1 1 1 1 0 0 1 0 0 0 0 0
 64 1 2 0 0 1 -1 -1 50  0 2 2 12 8 8 6 4 2 2 3 0 1 0 0 0 0 0 0 0
 65 1 2 0 0 1 -1 -1 50  0 1 6 6 5 5 10 4 3 3 2 2 2 0 0 0 1 0 0 0
 66 1 2 0 0 1 -1 -1 50  0 3 4 10 9 4 8 6 1 3 0 0 0 0 1 0 0 1 0 0
 67 1 2 0 0 1 -1 -1 50  0 1 7 3 7 4 9 3 8 5 1 2 0 0 0 0 0 0 0 0
 68 1 2 0 0 1 -1 -1 50  0 0 7 8 6 6 10 3 3 3 1 2 1 0 0 0 0 0 0 0
 69 1 2 0 0 1 -1 -1 50  0 0 5 6 10 10 3 4 3 1 3 2 1 0 0 0 1 1 0 0
 70 1 2 0 0 1 -1 -1 50  0 3 6 9 9 9 2 4 1 3 0 1 1 0 0 0 0 1 0 1
 71 1 2 0 0 1 -1 -1 50  1 2 5 6 10 9 4 4 3 1 0 3 1 0 0 0 0 0 0 1
 72 1 2 0 0 1 -1 -1 50  0 1 11 5 4 8 3 4 5 2 1 3 2 1 0 0 0 0 0 0
 73 1 2 0 0 1 -1 -1 50  1 0 6 9 6 6 11 2 3 4 0 1 0 0 0 0 1 0 0 0
 74 1 2 0 0 1 -1 -1 50  0 2 7 10 6 8 5 0 5 2 3 1 0 1 0 0 0 0 0 0
 75 1 2 0 0 1 -1 -1 50  0 0 5 13 10 3 7 7 2 0 0 2 0 0 1 0 0 0 0 0
 76 1 2 0 0 1 -1 -1 50  1 4 6 8 11 4 6 3 0 2 1 2 2 0 0 0 0 0 0 0
 77 1 2 0 0 1 -1 -1 50  0 2 5 13 5 2 4 5 2 3 2 3 3 0 0 0 0 0 1 0
 78 1 2 0 0 1 -1 -1 50  0 1 6 7 13 11 1 4 3 1 1 0 0 1 0 0 0 1 0 0
 79 1 2 0 0 1 -1 -1 50  1 1 7 8 11 10 5 2 0 3 1 1 0 0 0 0 0 0 0 0
 80 1 2 0 0 1 -1 -1 50  0 1 2 10 6 10 5 4 5 2 3 0 0 1 0 0 1 0 0 0
 81 1 2 0 0 1 -1 -1 50  0 2 6 7 9 5 4 5 6 0 4 1 0 0 1 0 0 0 0 0
 82 1 2 0 0 1 -1 -1 50  0 3 4 7 15 7 2 4 2 2 1 1 0 1 0 0 0 0 1 0
 83 1 2 0 0 1 -1 -1 50  0 2 7 4 10 4 4 5 6 2 0 3 2 0 1 0 0 0 0 0
 84 1 2 0 0 1 -1 -1 50  0 1 4 12 10 9 4 5 1 0 2 0 1 0 0 0 0 1 0 0
 85 1 2 0 0 1 -1 -1 50  0 2 7 11 6 5 6 5 2 2 1 1 0 1 0 0 0 1 0 0
 86 1 2 0 0 1 -1 -1 50  0 3 4 9 8 5 5 1 3 4 3 2 1 0 0 1 1 0 0 0
 87 1 2 0 0 1 -1 -1 50  0 2 5 6 9 6 3 3 5 4 0 2 0 0 1 2 1 1 0 0
 88 1 2 0 0 1 -1 -1 50  1 0 9 6 10 10 4 5 1 0 1 1 1 0 1 0 0 0 0 0
 89 1 2 0 0 1 -1 -1 50  0 0 5 7 15 5 5 5 1 0 2 3 0 1 0 0 0 0 1 0
 90 1 2 0 0 1 -1 -1 50  0 0 5 3 11 9 7 6 4 1 3 1 0 0 0 0 0 0 0 0
 91 1 2 0 0 1 -1 -1 50  0 3 9 10 6 6 4 5 3 0 1 1 1 1 0 0 0 0 0 0
 92 1 2 0 0 1 -1 -1 50  1 2 12 6 6 6 8 2 2 2 1 0 0 1 0 1 0 0 0 0
 93 1 2 0 0 1 -1 -1 50  0 1 3 14 9 9 7 4 1 1 1 0 0 0 0 0 0 0 0 0
 94 1 2 0 0 1 -1 -1 50  0 1 6 11 10 7 2 5 4 0 1 0 3 0 0 0 0 0 0 0
 95 1 2 0 0 1 -1 -1 50  0 0 2 9 10 11 5 7 4 1 1 0 0 0 0 0 0 0 0 0
 96 1 2 0 0 1 -1 -1 50  0 1 8 7 7 8 8 4 5 1 0 0 1 0 0 0 0 0 0 0
 97 1 2 0 0 1 -1 -1 50  0 2 6 7 7 8 10 3 2 1 3 1 0 0 0 0 0 0 0 0
 98 1 2 0 0 1 -1 -1 50  0 1 4 7 13 6 8 3 3 2 0 0 2 0 0 0 0 0 0 1
 99 1 2 0 0 1 -1 -1 50  0 1 6 9 7 8 5 5 2 2 1 3 0 1 0 0 0 0 0 0
 100 1 2 0 0 1 -1 -1 50  0 2 6 9 7 8 3 4 2 1 4 3 0 0 0 0 1 0 0 0

0 #_N_MeanSize-at-Age_obs
#Yr Seas Flt/Svy Gender Part Ageerr Ignore datavector(female-male)
#                                          samplesize(female-male)

0 #_N_environ_variables
0 #_N_environ_obs
0 # N sizefreq methods to read 

0 # do tags (0/1)

0 # no morphcomp data 

999

ENDDATA
