#C data file created using the SS_writedat function in the R package r4ss
#C should work with SS version: 
#C file write time: 2014-11-06 01:14:54
#
1 #_styr
100 #_endyr
1 #_nseas
12 #_months_per_seas
1 #_spawn_seas
1 #_Nfleet
2 #_Nsurveys
1 #_N_areas
Fishery%Survey%CPUE #_fleetnames
0.5 0.5 0.5 #_surveytiming_in_season
1 1 1 #_area_assignments_for_each_fishery_and_survey
1 #_units of catch:  1=bio; 2=num
0.01 #_se of log(catch) only used for init_eq_catch and for Fmethod 2 and 3
1 #_Ngenders
25 #_Nages
0 #_init_equil_catch_for_each_fishery
100 #_N_lines_of_catch_to_read
 #_Fishery year seas
         0    1    1
         0    2    1
         0    3    1
         0    4    1
         0    5    1
         0    6    1
         0    7    1
         0    8    1
         0    9    1
         0   10    1
         0   11    1
         0   12    1
         0   13    1
         0   14    1
         0   15    1
         0   16    1
         0   17    1
         0   18    1
         0   19    1
         0   20    1
         0   21    1
         0   22    1
         0   23    1
         0   24    1
         0   25    1
 279967000   26    1
 272733000   27    1
 262160000   28    1
 250141000   29    1
 241282000   30    1
 233911000   31    1
 223988000   32    1
 213381000   33    1
 200678000   34    1
 186832000   35    1
 174103000   36    1
 161819000   37    1
 149297000   38    1
 140589000   39    1
 137545000   40    1
 134816000   41    1
 139079000   42    1
 150140000   43    1
 157530000   44    1
 161782000   45    1
 161484000   46    1
 160242000   47    1
 157995000   48    1
 152745000   49    1
 146707000   50    1
 141706000   51    1
 136597000   52    1
 135127000   53    1
 137822000   54    1
 141266000   55    1
 143563000   56    1
 144494000   57    1
 149298000   58    1
 156161000   59    1
 161368000   60    1
 166034000   61    1
 168225000   62    1
 166874000   63    1
 164907000   64    1
 159417000   65    1
 155509000   66    1
 152892000   67    1
 146598000   68    1
 139807000   69    1
 138297000   70    1
 139225000   71    1
 137947000   72    1
 135459000   73    1
 133255000   74    1
 135551000   75    1
 140135000   76    1
 145583000   77    1
 150426000   78    1
 156524000   79    1
 166619000   80    1
 175956000   81    1
 182075000   82    1
 183006000   83    1
 183084000   84    1
 182239000   85    1
 181026000   86    1
 179240000   87    1
 178575000   88    1
 177012000   89    1
 176897000   90    1
 177429000   91    1
 178357000   92    1
 183236000   93    1
 185267000   94    1
 183737000   95    1
 182900000   96    1
 186873000   97    1
 189730000   98    1
 192144000   99    1
 192638000  100    1
13 #_N_cpue
 #_Fleet Units Errtype
       1     1       0
       2     1       0
       3     1       0
 #_year seas index        obs se_log
     76    1     2 1970868434    0.2
     78    1     2 1522563356    0.2
     80    1     2 3140850232    0.2
     82    1     2 2617361290    0.2
     84    1     2 2486812651    0.2
     86    1     2 2917558096    0.2
     88    1     2 2523038244    0.2
     90    1     2 2706901670    0.2
     92    1     2 2826970019    0.2
     94    1     2 1953074431    0.2
     96    1     2 3371523694    0.2
     98    1     2 2308766302    0.2
    100    1     2 2199114452    0.2
0 #_N_discard_fleets
#_discard_units (1=same_as_catchunits(bio/num); 2=fraction; 3=numbers)
#_discard_errtype:  >0 for DF of T-dist(read CV below); 0 for normal with CV; -1 for normal with se; -2 for lognormal
0 #_N_discard
0 #_N_meanbodywt
1 #_DF_for_meanbodywt_T-distribution_like
2 # length bin method: 1=use databins; 2=generate from binwidth,min,max below; 3=read vector
1 # binwidth for population size comp
10 # minimum size in the population (lower edge of first bin and size at age 0.00)
200 # maximum size in the population (lower edge of last bin)
-0.001 #_comp_tail_compression
1e-05 #_add_to_comp
0 #_combine males into females at or below this bin number
21 #_N_lbins
#_lbin_vector
10 53 70 83 94 101 107 111 114 117 120 123 125 127 130 132 135 138 142 148 200
0 #_N_Length_comp_observations
25 #_N_agebins
#_agebin_vector
1 2 3 4 5 6 7 8 9 10 11 12 13 14 15 16 17 18 19 20 21 22 23 24 25
1 #_N_ageerror_definitions
 #_age0   age1   age2   age3   age4   age5   age6   age7   age8   age9  age10  age11  age12  age13  age14  age15  age16  age17  age18  age19  age20  age21  age22  age23  age24  age25
 -1.000 -1.000 -1.000 -1.000 -1.000 -1.000 -1.000 -1.000 -1.000 -1.000 -1.000 -1.000 -1.000 -1.000 -1.000 -1.000 -1.000 -1.000 -1.000 -1.000 -1.000 -1.000 -1.000 -1.000 -1.000 -1.000
  0.001  0.001  0.001  0.001  0.001  0.001  0.001  0.001  0.001  0.001  0.001  0.001  0.001  0.001  0.001  0.001  0.001  0.001  0.001  0.001  0.001  0.001  0.001  0.001  0.001  0.001
22 #_N_agecomp
1 #_Lbin_method: 1=poplenbins; 2=datalenbins; 3=lengths
-1 #_combine males into females at or below this bin number
 #_Yr Seas FltSvy Gender Part Ageerr Lbin_lo Lbin_hi Nsamp          a1         a2        a3         a4         a5         a6         a7         a8          a9         a10         a11         a12         a13          a14          a15          a16          a17          a18          a19          a20          a21          a22          a23          a24          a25
   50    1      1      0    0      1      -1      -1   200 0.011086526 0.16417048 0.1402373 0.14731718 0.12030633 0.05751052 0.04631535 0.04975127 0.079349216 0.063874102 0.033177950 0.032691385 0.020080985 1.427534e-03 0.0002325729 1.377128e-02 0.0026970447 5.866217e-04 4.347427e-07 3.090730e-04 3.106209e-05 4.378244e-03 3.205717e-05 1.892379e-04 1.047623e-02
   55    1      1      0    0      1      -1      -1   200 0.014055526 0.22972772 0.1994747 0.20489773 0.11665153 0.03201025 0.04255116 0.02183736 0.030048445 0.016755748 0.012899673 0.009169486 0.019068832 7.104065e-03 0.0225779739 9.680803e-04 0.0031819287 1.475580e-02 3.658277e-06 4.767682e-06 5.984234e-05 1.936521e-03 1.775629e-16 1.712382e-04 8.794342e-05
   60    1      1      0    0      1      -1      -1   200 0.021032922 0.10256950 0.1676040 0.21717167 0.14263557 0.04314454 0.13445552 0.04904131 0.057805814 0.010756899 0.007721551 0.013003992 0.001537111 5.192257e-04 0.0080010221 5.869869e-03 0.0004505856 7.406927e-03 6.783280e-03 2.680473e-04 2.108411e-03 1.481297e-06 2.883426e-05 4.068876e-08 8.188649e-05
   65    1      1      0    0      1      -1      -1   200 0.018220263 0.14452268 0.1217853 0.15517710 0.03659094 0.11510009 0.10317585 0.07184161 0.079505861 0.026696564 0.006829501 0.029240814 0.030978247 2.381787e-02 0.0318915090 4.916647e-05 0.0007028867 6.640798e-05 1.445224e-03 4.163078e-05 1.201656e-04 2.990243e-04 5.588520e-06 2.448669e-04 1.650902e-03
   70    1      1      0    0      1      -1      -1   200 0.003418937 0.20963745 0.2072131 0.03653645 0.08482115 0.12939608 0.05886998 0.01375368 0.092374053 0.008478675 0.033431410 0.044739299 0.015977350 2.001942e-02 0.0118820346 5.161345e-03 0.0016948045 1.003326e-03 7.268498e-03 6.563714e-03 1.763843e-10 2.150260e-04 6.832105e-05 7.359962e-03 1.159850e-04
   75    1      1      0    0      1      -1      -1   200 0.018079602 0.19284207 0.2406593 0.09501286 0.08192530 0.07103557 0.08058144 0.04225391 0.007309294 0.020557467 0.063276585 0.016038538 0.006005284 2.641882e-02 0.0042348408 3.971057e-03 0.0031332453 1.726253e-03 6.839073e-03 1.776241e-02 1.223083e-04 3.180932e-07 4.439603e-14 3.935383e-05 1.750633e-04
   80    1      1      0    0      1      -1      -1   200 0.012980339 0.22176152 0.2809060 0.07423523 0.11122278 0.10144774 0.06856655 0.03774986 0.014526042 0.015514899 0.010025346 0.021321563 0.005952879 2.534997e-07 0.0021150414 6.823112e-03 0.0004681302 3.410556e-03 1.436335e-03 2.758352e-05 3.482895e-03 5.183186e-03 3.483557e-04 4.439883e-04 4.983359e-05
   85    1      1      0    0      1      -1      -1   200 0.010660056 0.16707768 0.2001232 0.16020522 0.06711341 0.10030774 0.08782710 0.06330621 0.056772104 0.028747006 0.020298622 0.012848015 0.011093359 4.253624e-03 0.0029179512 2.417689e-03 0.0009560101 9.327535e-04 3.695228e-05 2.319552e-04 1.246298e-03 6.087556e-04 3.286251e-07 1.793902e-05 4.204778e-09
   90    1      1      0    0      1      -1      -1   200 0.014581032 0.18852347 0.1848269 0.11973753 0.18822325 0.04775249 0.05689168 0.04311772 0.050542844 0.020316562 0.020024725 0.022866612 0.016254718 6.320837e-03 0.0029700939 5.657417e-04 0.0047840020 3.480933e-04 3.201882e-03 5.053138e-03 1.196214e-04 3.900477e-04 1.475090e-08 1.922292e-39 2.586950e-03
   95    1      1      0    0      1      -1      -1   200 0.038990936 0.14934495 0.1271646 0.17205106 0.14266829 0.05181150 0.09648470 0.07797857 0.018080412 0.036990417 0.014027096 0.021792441 0.008803284 5.156616e-03 0.0077909061 2.043491e-02 0.0042993725 4.575288e-03 6.831133e-04 1.645971e-04 2.390325e-04 3.539849e-05 2.399939e-06 6.067938e-16 4.301232e-04
  100    1      1      0    0      1      -1      -1   200 0.036225178 0.07266222 0.2537534 0.15687970 0.08181297 0.13489925 0.02340329 0.05582550 0.027309884 0.046473400 0.021125024 0.021498554 0.002678710 6.359631e-03 0.0213066356 8.236740e-03 0.0134440734 4.455399e-07 5.209317e-03 2.711722e-03 4.106604e-04 2.017719e-04 7.753078e-04 4.386327e-09 6.796571e-03
   50    1      2      0    0      1      -1      -1   200 0.015000000 0.23000000 0.0850000 0.10000000 0.10500000 0.12000000 0.04500000 0.07500000 0.065000000 0.080000000 0.030000000 0.000000000 0.015000000 5.000000e-03 0.0100000000 5.000000e-03 0.0050000000 5.000000e-03 0.000000e+00 0.000000e+00 0.000000e+00 5.000000e-03 0.000000e+00 0.000000e+00 0.000000e+00
   55    1      2      0    0      1      -1      -1   200 0.020000000 0.22000000 0.1850000 0.26000000 0.06500000 0.05500000 0.06000000 0.01000000 0.025000000 0.020000000 0.015000000 0.010000000 0.010000000 5.000000e-03 0.0200000000 5.000000e-03 0.0000000000 1.000000e-02 0.000000e+00 0.000000e+00 0.000000e+00 0.000000e+00 5.000000e-03 0.000000e+00 0.000000e+00
   60    1      2      0    0      1      -1      -1   200 0.045000000 0.24500000 0.1800000 0.15000000 0.09000000 0.05000000 0.07000000 0.05000000 0.045000000 0.025000000 0.010000000 0.005000000 0.010000000 5.000000e-03 0.0100000000 0.000000e+00 0.0000000000 0.000000e+00 0.000000e+00 5.000000e-03 0.000000e+00 0.000000e+00 0.000000e+00 0.000000e+00 5.000000e-03
   65    1      2      0    0      1      -1      -1   200 0.045000000 0.19000000 0.0950000 0.19500000 0.06000000 0.10000000 0.06000000 0.08000000 0.040000000 0.025000000 0.010000000 0.015000000 0.040000000 1.500000e-02 0.0050000000 5.000000e-03 0.0100000000 5.000000e-03 5.000000e-03 0.000000e+00 0.000000e+00 0.000000e+00 0.000000e+00 0.000000e+00 0.000000e+00
   70    1      2      0    0      1      -1      -1   200 0.035000000 0.29500000 0.1950000 0.03000000 0.07500000 0.08000000 0.07500000 0.01000000 0.040000000 0.030000000 0.040000000 0.015000000 0.020000000 2.500000e-02 0.0150000000 5.000000e-03 0.0000000000 1.000000e-02 0.000000e+00 0.000000e+00 0.000000e+00 0.000000e+00 5.000000e-03 0.000000e+00 0.000000e+00
   75    1      2      0    0      1      -1      -1   200 0.065000000 0.27000000 0.2300000 0.08500000 0.07000000 0.02500000 0.09000000 0.07000000 0.010000000 0.015000000 0.025000000 0.005000000 0.015000000 5.000000e-03 0.0000000000 0.000000e+00 0.0000000000 1.500000e-02 0.000000e+00 0.000000e+00 0.000000e+00 5.000000e-03 0.000000e+00 0.000000e+00 0.000000e+00
   80    1      2      0    0      1      -1      -1   200 0.045000000 0.20500000 0.3200000 0.08000000 0.09000000 0.10500000 0.09000000 0.01500000 0.005000000 0.010000000 0.005000000 0.005000000 0.005000000 5.000000e-03 0.0000000000 0.000000e+00 0.0000000000 0.000000e+00 5.000000e-03 0.000000e+00 0.000000e+00 0.000000e+00 0.000000e+00 0.000000e+00 1.000000e-02
   85    1      2      0    0      1      -1      -1   200 0.030000000 0.19500000 0.1850000 0.10000000 0.08000000 0.10000000 0.08000000 0.08000000 0.040000000 0.035000000 0.020000000 0.005000000 0.020000000 5.000000e-03 0.0000000000 0.000000e+00 0.0100000000 5.000000e-03 0.000000e+00 0.000000e+00 0.000000e+00 0.000000e+00 0.000000e+00 0.000000e+00 1.000000e-02
   90    1      2      0    0      1      -1      -1   200 0.035000000 0.29500000 0.1500000 0.09000000 0.09500000 0.07000000 0.06000000 0.06000000 0.045000000 0.005000000 0.030000000 0.020000000 0.015000000 0.000000e+00 0.0050000000 5.000000e-03 0.0100000000 0.000000e+00 5.000000e-03 0.000000e+00 0.000000e+00 5.000000e-03 0.000000e+00 0.000000e+00 0.000000e+00
   95    1      2      0    0      1      -1      -1   200 0.050000000 0.13500000 0.1600000 0.12500000 0.21000000 0.06000000 0.08000000 0.04500000 0.040000000 0.015000000 0.020000000 0.005000000 0.015000000 1.000000e-02 0.0100000000 1.000000e-02 0.0000000000 1.000000e-02 0.000000e+00 0.000000e+00 0.000000e+00 0.000000e+00 0.000000e+00 0.000000e+00 0.000000e+00
  100    1      2      0    0      1      -1      -1   200 0.020000000 0.05500000 0.2300000 0.13500000 0.11000000 0.17500000 0.04000000 0.04500000 0.030000000 0.045000000 0.020000000 0.035000000 0.010000000 0.000000e+00 0.0150000000 0.000000e+00 0.0100000000 1.000000e-02 5.000000e-03 0.000000e+00 5.000000e-03 0.000000e+00 5.000000e-03 0.000000e+00 0.000000e+00
0 #_N_MeanSize_at_Age_obs
0 #_N_environ_variables
0 #_N_environ_obs
0 #_N_sizefreq_methods
0 #_do_tags
0 #_morphcomp_data
#
999
