#C data file created using the SS_writedat function in the R package r4ss
#C should work with SS version: 
#C file write time: 2014-11-06 19:13:38
#
1 #_styr
100 #_endyr
1 #_nseas
12 #_months_per_seas
1 #_spawn_seas
1 #_Nfleet
2 #_Nsurveys
1 #_N_areas
Fishery%Survey%CPUE #_fleetnames
0.5 0.5 0.5 #_surveytiming_in_season
1 1 1 #_area_assignments_for_each_fishery_and_survey
1 #_units of catch:  1=bio; 2=num
0.01 #_se of log(catch) only used for init_eq_catch and for Fmethod 2 and 3
1 #_Ngenders
25 #_Nages
0 #_init_equil_catch_for_each_fishery
100 #_N_lines_of_catch_to_read
 #_Fishery year seas
         0    1    1
         0    2    1
         0    3    1
         0    4    1
         0    5    1
         0    6    1
         0    7    1
         0    8    1
         0    9    1
         0   10    1
         0   11    1
         0   12    1
         0   13    1
         0   14    1
         0   15    1
         0   16    1
         0   17    1
         0   18    1
         0   19    1
         0   20    1
         0   21    1
         0   22    1
         0   23    1
         0   24    1
         0   25    1
 264615000   26    1
 250350000   27    1
 236917000   28    1
 224219000   29    1
 210239000   30    1
 197856000   31    1
 188833000   32    1
 184600000   33    1
 182698000   34    1
 182169000   35    1
 179450000   36    1
 175982000   37    1
 173574000   38    1
 172243000   39    1
 172455000   40    1
 174275000   41    1
 170644000   42    1
 164998000   43    1
 161731000   44    1
 163590000   45    1
 165068000   46    1
 167570000   47    1
 170666000   48    1
 171411000   49    1
 169825000   50    1
 164610000   51    1
 158930000   52    1
 152107000   53    1
 146766000   54    1
 144524000   55    1
 149291000   56    1
 160370000   57    1
 167426000   58    1
 168630000   59    1
 168817000   60    1
 169999000   61    1
 172996000   62    1
 171362000   63    1
 167417000   64    1
 162242000   65    1
 156542000   66    1
 152647000   67    1
 153981000   68    1
 152409000   69    1
 149713000   70    1
 147446000   71    1
 144530000   72    1
 141497000   73    1
 140552000   74    1
 140304000   75    1
 138547000   76    1
 136436000   77    1
 136750000   78    1
 139179000   79    1
 139373000   80    1
 136125000   81    1
 131337000   82    1
 127184000   83    1
 126157000   84    1
 124395000   85    1
 121474000   86    1
 120216000   87    1
 119901000   88    1
 120662000   89    1
 124770000   90    1
 129419000   91    1
 134780000   92    1
 144202000   93    1
 156130000   94    1
 159824000   95    1
 158702000   96    1
 157825000   97    1
 163364000   98    1
 167166000   99    1
 165782000  100    1
76 #_N_cpue
 #_Fleet Units Errtype
       1     1       0
       2     1       0
       3     1       0
 #_year seas index        obs se_log
     25    1     2 3053455894    0.2
     26    1     2 4243585853    0.2
     27    1     2 2916560006    0.2
     28    1     2 3130708173    0.2
     29    1     2 2523637785    0.2
     30    1     2 3194419018    0.2
     31    1     2 3551847524    0.2
     32    1     2 2907266710    0.2
     33    1     2 4122256433    0.2
     34    1     2 2794838118    0.2
     35    1     2 2891446448    0.2
     36    1     2 2987274499    0.2
     37    1     2 2179522121    0.2
     38    1     2 2050108993    0.2
     39    1     2 2589789277    0.2
     40    1     2 2957767114    0.2
     41    1     2 2071044561    0.2
     42    1     2 3131480088    0.2
     43    1     2 2576929659    0.2
     44    1     2 2028640012    0.2
     45    1     2 2180577814    0.2
     46    1     2 1628644539    0.2
     47    1     2 2132959721    0.2
     48    1     2 2368035051    0.2
     49    1     2 2611829136    0.2
     50    1     2 2596212910    0.2
     51    1     2 2155655089    0.2
     52    1     2 2075227039    0.2
     53    1     2 1420631496    0.2
     54    1     2 1909623217    0.2
     55    1     2 1837933389    0.2
     56    1     2 1865036944    0.2
     57    1     2 2520013196    0.2
     58    1     2 2587401942    0.2
     59    1     2 1458208458    0.2
     60    1     2 2391337923    0.2
     61    1     2 2309981423    0.2
     62    1     2 1957878243    0.2
     63    1     2 2156080423    0.2
     64    1     2 3162996229    0.2
     65    1     2 2257677316    0.2
     66    1     2 2702792046    0.2
     67    1     2 2532596540    0.2
     68    1     2 2099391205    0.2
     69    1     2 2182775146    0.2
     70    1     2 1896849447    0.2
     71    1     2 1970396450    0.2
     72    1     2 1817930498    0.2
     73    1     2 2448913674    0.2
     74    1     2 1877632539    0.2
     75    1     2 1755355657    0.2
     76    1     2 2086868510    0.2
     77    1     2 1604013927    0.2
     78    1     2 2241106994    0.2
     79    1     2 1940934852    0.2
     80    1     2 1685836811    0.2
     81    1     2 1910910505    0.2
     82    1     2 1853831847    0.2
     83    1     2 2213920284    0.2
     84    1     2 1918157948    0.2
     85    1     2 2223740074    0.2
     86    1     2 1875762352    0.2
     87    1     2 1586832533    0.2
     88    1     2 1974192062    0.2
     89    1     2 1567971607    0.2
     90    1     2 1768491702    0.2
     91    1     2 1536142103    0.2
     92    1     2 2233488801    0.2
     93    1     2 1880322158    0.2
     94    1     2 1897423190    0.2
     95    1     2 2583807723    0.2
     96    1     2 1793021227    0.2
     97    1     2 1847567972    0.2
     98    1     2 2437921409    0.2
     99    1     2 2291273356    0.2
    100    1     2 2799255162    0.2
0 #_N_discard_fleets
#_discard_units (1=same_as_catchunits(bio/num); 2=fraction; 3=numbers)
#_discard_errtype:  >0 for DF of T-dist(read CV below); 0 for normal with CV; -1 for normal with se; -2 for lognormal
0 #_N_discard
0 #_N_meanbodywt
1 #_DF_for_meanbodywt_T-distribution_like
2 # length bin method: 1=use databins; 2=generate from binwidth,min,max below; 3=read vector
1 # binwidth for population size comp
10 # minimum size in the population (lower edge of first bin and size at age 0.00)
200 # maximum size in the population (lower edge of last bin)
-0.001 #_comp_tail_compression
1e-05 #_add_to_comp
0 #_combine males into females at or below this bin number
21 #_N_lbins
#_lbin_vector
10 53 70 83 94 101 107 111 114 117 120 123 125 127 130 132 135 138 142 148 200
0 #_N_Length_comp_observations
25 #_N_agebins
#_agebin_vector
1 2 3 4 5 6 7 8 9 10 11 12 13 14 15 16 17 18 19 20 21 22 23 24 25
1 #_N_ageerror_definitions
 #_age0   age1   age2   age3   age4   age5   age6   age7   age8   age9  age10  age11  age12  age13  age14  age15  age16  age17  age18  age19  age20  age21  age22  age23  age24  age25
 -1.000 -1.000 -1.000 -1.000 -1.000 -1.000 -1.000 -1.000 -1.000 -1.000 -1.000 -1.000 -1.000 -1.000 -1.000 -1.000 -1.000 -1.000 -1.000 -1.000 -1.000 -1.000 -1.000 -1.000 -1.000 -1.000
  0.001  0.001  0.001  0.001  0.001  0.001  0.001  0.001  0.001  0.001  0.001  0.001  0.001  0.001  0.001  0.001  0.001  0.001  0.001  0.001  0.001  0.001  0.001  0.001  0.001  0.001
198 #_N_agecomp
1 #_Lbin_method: 1=poplenbins; 2=datalenbins; 3=lengths
-1 #_combine males into females at or below this bin number
 #_Yr Seas FltSvy Gender Part Ageerr Lbin_lo Lbin_hi Nsamp           a1         a2         a3         a4          a5         a6          a7          a8          a9         a10         a11          a12          a13          a14          a15          a16          a17          a18          a19          a20          a21          a22          a23          a24          a25
    2    1      1      0    0      1      -1      -1   100 4.251125e-02 0.10170855 0.19021900 0.10005163 0.125160853 0.06810752 0.090888588 0.049868171 0.023443287 0.028395295 0.029310203 0.0283834394 0.0311668637 3.176660e-02 7.695765e-03 5.014042e-03 3.246348e-03 1.022070e-02 9.919126e-04 8.214476e-04 5.913935e-03 1.944766e-02 6.757207e-04 8.578100e-05 4.905441e-03
    3    1      1      0    0      1      -1      -1   100 1.618346e-02 0.16675988 0.17754577 0.07998222 0.110209047 0.08397053 0.054132656 0.095178941 0.008739175 0.035629174 0.016346836 0.0239423204 0.0081773047 3.274439e-02 1.782450e-02 5.088994e-05 9.215365e-03 9.662051e-03 1.380031e-02 1.315430e-02 3.207666e-03 1.245480e-02 4.016880e-03 1.616912e-04 6.909839e-03
    4    1      1      0    0      1      -1      -1   100 1.654984e-02 0.17413071 0.18874647 0.10933325 0.085323846 0.06869590 0.083267921 0.043703811 0.016176586 0.024329651 0.055760976 0.0230589304 0.0203996031 1.509568e-02 1.084892e-02 6.366825e-03 5.877806e-03 5.750066e-04 4.785975e-03 9.350326e-06 4.877584e-03 1.520960e-02 1.852112e-04 1.958653e-05 2.667096e-02
    5    1      1      0    0      1      -1      -1   100 2.816262e-03 0.09541984 0.17233308 0.11617304 0.124365658 0.05286244 0.077624783 0.040693390 0.042368929 0.033187754 0.052543427 0.0541868403 0.0049418614 1.940782e-02 3.028931e-02 1.501459e-02 1.052026e-03 1.049333e-02 8.962019e-03 2.046027e-03 1.195024e-04 2.988981e-02 2.302721e-08 7.214125e-04 1.248683e-02
    6    1      1      0    0      1      -1      -1   100 1.378331e-02 0.06639662 0.08857508 0.12351710 0.170404269 0.05348182 0.066303685 0.078019106 0.052232154 0.034536748 0.084926020 0.0605723825 0.0218943168 5.452840e-03 1.667511e-02 2.409524e-04 4.291105e-03 5.679455e-03 1.571582e-03 3.213089e-02 6.574427e-04 8.513579e-06 1.855522e-05 2.073455e-04 1.842360e-02
    7    1      1      0    0      1      -1      -1   100 4.992360e-03 0.20610622 0.08254830 0.13609593 0.122883159 0.11718739 0.054387577 0.038470237 0.016216032 0.051577814 0.030192330 0.0469844292 0.0253278980 1.845434e-02 1.048172e-02 2.714477e-03 6.517773e-03 1.109631e-02 2.694471e-03 2.141495e-03 7.775668e-03 1.267937e-08 1.023099e-03 2.051865e-03 2.079103e-03
    8    1      1      0    0      1      -1      -1   100 2.850906e-02 0.12544350 0.24565615 0.06089510 0.043249509 0.06406722 0.042802333 0.067947571 0.115983443 0.056152956 0.043235504 0.0195509577 0.0047782084 6.415044e-03 3.461393e-02 4.234502e-03 1.477995e-02 4.703103e-03 1.037452e-04 6.357251e-06 4.764700e-03 1.324424e-03 4.875226e-03 3.420943e-03 2.486558e-03
    9    1      1      0    0      1      -1      -1   100 2.553608e-03 0.08783151 0.14213151 0.14254284 0.052013427 0.07874324 0.093381476 0.098031312 0.029546422 0.073015759 0.068011002 0.0123646277 0.0309557795 2.885252e-02 1.485333e-03 4.659274e-03 1.338324e-03 1.047663e-02 2.027027e-03 2.873715e-02 6.442168e-03 8.128884e-04 1.560961e-07 1.408990e-03 2.637032e-03
   10    1      1      0    0      1      -1      -1   100 1.479190e-02 0.08553538 0.19794542 0.13332286 0.185719959 0.04611060 0.020163076 0.048365706 0.038084124 0.050275617 0.025719531 0.0190492172 0.0514457692 1.578899e-02 1.070567e-02 1.082927e-02 1.771453e-02 1.249464e-03 2.195816e-03 1.000075e-03 2.241541e-03 5.835702e-04 1.580679e-09 3.673698e-06 2.115825e-02
   11    1      1      0    0      1      -1      -1   100 2.869035e-04 0.07515699 0.10226982 0.16998206 0.107910795 0.15144831 0.076022253 0.037457255 0.024895964 0.049791101 0.028284785 0.0101576073 0.0353897295 2.575753e-02 3.455151e-02 2.131767e-03 2.000108e-02 1.480473e-02 3.732532e-03 1.144680e-02 6.511574e-03 2.177217e-03 9.691575e-06 1.872864e-03 7.949143e-03
   12    1      1      0    0      1      -1      -1   100 1.300879e-03 0.02404200 0.21912325 0.09652930 0.085111333 0.12289991 0.098477516 0.062341600 0.034073064 0.023345002 0.093785579 0.0124585450 0.0103900172 2.356645e-02 8.331389e-03 8.823573e-03 4.737383e-02 1.905317e-03 5.076752e-03 1.169727e-03 5.269569e-03 3.994869e-04 2.063939e-04 2.222952e-03 1.177656e-02
   13    1      1      0    0      1      -1      -1   100 2.080726e-02 0.17478201 0.03232951 0.18298508 0.068381557 0.10116295 0.095278045 0.080149757 0.018175801 0.019297635 0.044490143 0.0497515044 0.0118154036 3.192983e-02 8.765072e-03 3.508511e-03 6.927774e-03 2.036065e-02 1.973418e-03 5.169309e-03 3.251208e-03 1.000023e-02 5.245375e-08 7.481196e-03 1.226091e-03
   14    1      1      0    0      1      -1      -1   100 2.375033e-03 0.11364292 0.15243319 0.02281316 0.091535426 0.13525150 0.094997833 0.075591626 0.053637465 0.029531629 0.023982970 0.0068950424 0.0203258013 4.390904e-02 6.536423e-03 1.920017e-02 9.691509e-03 8.333529e-03 3.752955e-02 5.772207e-03 1.397101e-02 1.099837e-04 2.006491e-04 1.276526e-02 1.896707e-02
   15    1      1      0    0      1      -1      -1   100 1.478452e-03 0.09005976 0.13243190 0.29286550 0.005881553 0.10422889 0.060708848 0.075239848 0.041131243 0.031321662 0.026909860 0.0425482066 0.0116904904 1.173634e-02 3.570716e-03 2.766027e-02 9.806328e-03 2.963251e-03 6.701731e-03 4.186401e-03 4.454910e-05 9.216971e-03 1.718316e-04 3.764404e-03 3.680989e-03
   16    1      1      0    0      1      -1      -1   100 3.028204e-05 0.14608889 0.13602565 0.14711056 0.124872336 0.03186158 0.106771822 0.032872628 0.051159235 0.043470059 0.058454586 0.0055014476 0.0143539693 2.934191e-02 5.863761e-04 6.938718e-04 2.473490e-03 1.352955e-03 5.731964e-03 2.436797e-02 4.322197e-03 8.976876e-03 7.148237e-03 1.599921e-05 1.641512e-02
   17    1      1      0    0      1      -1      -1   100 1.249848e-02 0.08322919 0.18901079 0.13384092 0.108521808 0.07197925 0.029878882 0.111225886 0.024897958 0.031616796 0.024113591 0.0950905256 0.0065410775 2.641511e-02 1.088717e-02 1.441546e-03 1.208105e-03 2.104716e-02 1.183564e-03 5.113524e-05 1.191071e-02 1.697735e-04 9.281683e-05 4.526360e-05 3.102505e-03
   18    1      1      0    0      1      -1      -1   100 4.912585e-03 0.09709071 0.12419346 0.22323914 0.110457829 0.04955628 0.071351571 0.001267678 0.094612393 0.009362469 0.047661772 0.0326417441 0.0648525869 2.940746e-03 3.945346e-03 1.804503e-02 8.914194e-03 1.764245e-03 5.726473e-03 3.374722e-03 3.053207e-03 6.649494e-07 9.860246e-04 9.923898e-04 1.905674e-02
   19    1      1      0    0      1      -1      -1   100 7.632846e-03 0.08831091 0.14609062 0.12660813 0.158206576 0.07921298 0.076726210 0.063683068 0.009190910 0.050961828 0.012071651 0.0251897570 0.0485536051 3.161740e-02 1.139267e-03 2.114804e-03 1.948834e-02 3.453801e-03 7.449989e-03 8.204501e-03 1.097461e-03 2.633631e-02 6.559758e-03 5.887185e-06 9.338198e-05
   20    1      1      0    0      1      -1      -1   100 6.795827e-03 0.07383016 0.14611797 0.16346835 0.163944080 0.07944035 0.085507896 0.038868816 0.033637840 0.001040958 0.042795448 0.0034570133 0.0175661049 3.743167e-02 1.792299e-02 1.752440e-02 4.960265e-02 2.452872e-03 6.916457e-03 8.595337e-03 1.291769e-04 1.240348e-05 6.023745e-04 1.076384e-03 1.262470e-03
   21    1      1      0    0      1      -1      -1   100 5.985946e-02 0.13667153 0.11786533 0.08845047 0.139260093 0.05233720 0.120694270 0.035588112 0.075486829 0.057527712 0.003600658 0.0168156741 0.0033582488 1.454244e-02 1.133439e-02 1.814686e-02 4.045054e-03 1.273302e-03 7.117994e-03 2.889838e-02 1.225391e-04 9.239005e-04 1.005078e-03 1.477568e-05 5.059708e-03
   22    1      1      0    0      1      -1      -1   100 2.997087e-02 0.21034177 0.17703686 0.06282140 0.066035964 0.11058643 0.028744624 0.080942682 0.042481512 0.036203383 0.039453960 0.0001291247 0.0081722149 5.717184e-03 6.148521e-03 1.322647e-02 8.454844e-03 1.812966e-03 2.795980e-02 6.895684e-03 2.469699e-02 4.477870e-03 8.229810e-07 1.908702e-07 7.687863e-03
   23    1      1      0    0      1      -1      -1   100 1.449298e-02 0.10596171 0.20035706 0.16934278 0.055238944 0.08123933 0.073856461 0.042950590 0.039890195 0.089943317 0.018686212 0.0174058483 0.0045107378 6.822508e-03 8.939631e-03 1.700251e-02 2.597172e-03 5.226718e-03 1.889135e-03 1.688998e-02 1.575052e-02 3.370327e-03 2.926501e-06 2.032186e-04 7.429185e-03
   24    1      1      0    0      1      -1      -1   100 2.620302e-02 0.07457648 0.15599618 0.23997052 0.122803671 0.02165889 0.026950220 0.092021588 0.019586050 0.042786478 0.046149738 0.0123206831 0.0230524454 7.388099e-04 4.632857e-02 2.368377e-03 2.334215e-02 3.856626e-04 4.620376e-04 4.924600e-03 3.395948e-03 4.571552e-04 6.341079e-03 5.653014e-03 1.526645e-03
   25    1      1      0    0      1      -1      -1   100 3.523646e-03 0.05943723 0.11083295 0.16983187 0.155562697 0.13411932 0.041955206 0.019843088 0.072498099 0.029524746 0.067626236 0.0206269599 0.0059377574 3.066306e-02 1.771923e-03 2.431609e-02 3.728384e-04 1.253404e-02 2.527515e-03 1.945584e-02 6.638661e-03 4.249275e-04 1.330800e-03 4.488770e-04 8.195619e-03
   26    1      1      0    0      1      -1      -1   100 8.206635e-04 0.10484334 0.18046169 0.09564500 0.107642974 0.22119185 0.065318638 0.005797410 0.044856210 0.021616527 0.004120124 0.0204305782 0.0099943767 3.486778e-02 4.052242e-02 1.115878e-06 6.272825e-03 5.644831e-04 1.792579e-02 1.810242e-05 4.204059e-03 2.523552e-03 9.638928e-03 1.253781e-04 5.961913e-04
   27    1      1      0    0      1      -1      -1   100 1.952429e-02 0.14247482 0.15587853 0.10797785 0.062765220 0.11265764 0.128126164 0.053774597 0.061176628 0.016966994 0.040574363 0.0283523588 0.0201310360 2.238374e-02 2.671228e-03 1.029355e-02 9.710209e-08 1.298944e-04 1.407766e-06 2.637149e-04 2.949396e-03 3.389581e-03 2.639753e-13 6.505846e-05 7.471850e-03
   28    1      1      0    0      1      -1      -1   100 1.075097e-02 0.19977768 0.12086774 0.10299941 0.125466827 0.08542815 0.092084124 0.048702147 0.065567919 0.006170110 0.006450071 0.0193608818 0.0104523093 9.616347e-03 3.614438e-02 9.981335e-04 5.522119e-04 5.496690e-03 9.354988e-03 9.743305e-04 5.960474e-04 3.071929e-02 9.358603e-04 8.784445e-03 1.748945e-03
   29    1      1      0    0      1      -1      -1   100 2.937805e-03 0.06795646 0.22451933 0.17592796 0.074357620 0.09792272 0.071680649 0.053823502 0.056003132 0.045404941 0.007554303 0.0029707681 0.0438876285 8.020576e-03 6.724223e-03 7.672908e-03 5.609675e-04 8.357140e-03 4.085265e-04 1.090284e-02 2.981122e-04 5.745713e-03 1.832663e-04 4.452812e-04 2.573363e-02
   30    1      1      0    0      1      -1      -1   100 3.413666e-03 0.09153162 0.16184621 0.19741523 0.075739894 0.10217643 0.048281294 0.074335728 0.093589811 0.033230142 0.015732434 0.0060931746 0.0129593531 3.212385e-03 2.841249e-02 1.821898e-02 1.666853e-03 8.539599e-04 1.505825e-02 1.007396e-06 9.349217e-03 5.921334e-13 4.083006e-03 2.937374e-08 2.798846e-03
   31    1      1      0    0      1      -1      -1   100 3.342531e-02 0.10039210 0.20481253 0.13933830 0.119426738 0.03811190 0.071520885 0.026060976 0.042618042 0.072295100 0.026756694 0.0208551146 0.0068654518 2.866218e-02 3.378634e-03 2.218964e-03 1.170438e-02 5.610863e-03 1.688579e-03 3.995945e-03 9.801953e-12 6.354050e-04 4.135658e-05 1.838552e-02 2.119903e-02
   32    1      1      0    0      1      -1      -1   100 1.880507e-02 0.21404702 0.13702418 0.07954918 0.102702807 0.09321663 0.081662024 0.024691234 0.032879561 0.045236741 0.045380914 0.0338825701 0.0140038113 1.143876e-03 3.738447e-03 2.558961e-02 1.214076e-03 5.085076e-03 2.822223e-02 1.441560e-04 3.538657e-03 6.543760e-07 6.611622e-04 9.471985e-15 7.580307e-03
   33    1      1      0    0      1      -1      -1   100 7.404834e-03 0.20113442 0.27880955 0.12591121 0.076513162 0.04974940 0.043689989 0.011574380 0.043491935 0.039111674 0.008166201 0.0321151900 0.0304440716 7.120262e-03 2.855454e-03 6.300299e-04 3.379334e-03 3.990677e-08 4.453501e-03 1.231466e-08 2.453410e-06 2.043353e-06 1.038775e-09 6.319607e-05 3.337766e-02
   34    1      1      0    0      1      -1      -1   100 1.265659e-02 0.24423318 0.14946958 0.19660363 0.058421049 0.10325340 0.021451653 0.067868383 0.022647928 0.008087241 0.014228380 0.0039800666 0.0061881538 2.632645e-02 2.690946e-02 4.705400e-05 7.002695e-03 4.999312e-03 1.194550e-03 7.245788e-05 1.311231e-04 3.754343e-06 7.729474e-03 2.431645e-09 1.649444e-02
   35    1      1      0    0      1      -1      -1   100 6.234451e-03 0.14525821 0.31753675 0.12622103 0.103410715 0.09614862 0.066457001 0.024526958 0.011469881 0.025959167 0.006755938 0.0033408328 0.0138617779 3.448264e-03 2.261760e-03 8.284822e-03 1.330223e-04 4.800787e-06 9.055588e-05 1.778200e-03 4.718069e-05 8.618754e-03 6.464883e-03 2.711515e-08 2.168640e-02
   36    1      1      0    0      1      -1      -1   100 5.497865e-03 0.18163245 0.14934788 0.24972467 0.110839312 0.09479900 0.033757544 0.016372920 0.006613816 0.037442453 0.041835155 0.0152990900 0.0091137887 2.261868e-02 2.243312e-03 9.243725e-03 3.925315e-03 2.601546e-03 7.735489e-05 1.565743e-03 4.469929e-05 1.169687e-03 3.980262e-03 6.032906e-07 2.531175e-04
   37    1      1      0    0      1      -1      -1   100 2.340596e-03 0.18925397 0.21335633 0.09443749 0.112483817 0.12165150 0.092418798 0.029290943 0.049069166 0.005371860 0.019801744 0.0096822804 0.0035723910 2.490461e-02 1.094113e-03 1.353067e-03 4.788677e-03 5.786368e-04 1.469550e-06 3.643617e-04 4.650801e-05 3.804808e-11 9.795568e-03 8.372748e-04 1.350483e-02
   38    1      1      0    0      1      -1      -1   100 2.700877e-02 0.24302288 0.20276195 0.11356352 0.061576755 0.09568850 0.063286557 0.026756517 0.015734206 0.009196303 0.020706097 0.0195676815 0.0087597393 2.051320e-02 2.176525e-02 2.964545e-03 1.060704e-02 1.174690e-02 9.862930e-03 8.681535e-03 3.866781e-05 3.645433e-03 5.459746e-07 8.074698e-06 2.536393e-03
   39    1      1      0    0      1      -1      -1   100 2.440963e-02 0.07158621 0.27569469 0.12481197 0.176178622 0.04220364 0.041071118 0.074320104 0.046412762 0.025975794 0.023265505 0.0266210069 0.0057143245 1.206148e-03 1.016734e-02 5.350419e-03 2.321456e-04 2.374766e-04 1.709445e-02 2.437755e-11 1.368720e-05 1.835851e-06 4.975253e-03 5.085020e-06 2.450780e-03
   40    1      1      0    0      1      -1      -1   100 6.113198e-03 0.27243477 0.14688230 0.15503833 0.056272470 0.02390753 0.114535135 0.032509968 0.097227947 0.018743785 0.000711139 0.0125767863 0.0000715327 1.874159e-02 7.755336e-04 3.212266e-02 9.213938e-04 2.705578e-03 3.593019e-04 3.752426e-04 3.472362e-04 2.339026e-07 5.719009e-11 7.827336e-08 6.626258e-03
   41    1      1      0    0      1      -1      -1   100 1.951122e-03 0.12192334 0.32046416 0.07901314 0.149553639 0.03602062 0.039091798 0.050107442 0.054481022 0.023840471 0.025645751 0.0057304060 0.0161206225 1.160456e-02 4.694363e-02 6.374019e-03 5.617285e-04 3.495438e-04 1.104503e-07 6.412605e-03 1.478561e-03 5.729168e-05 1.906680e-03 1.875845e-06 3.658612e-04
   42    1      1      0    0      1      -1      -1   100 2.410797e-02 0.06055591 0.19167107 0.18473712 0.098421386 0.16564447 0.066547005 0.028156306 0.043485935 0.067951711 0.019145217 0.0029210002 0.0034158028 8.641062e-03 4.075220e-04 3.315858e-05 1.446618e-02 1.123901e-04 8.353732e-07 2.564700e-04 1.196206e-02 1.049158e-03 6.099124e-03 1.336798e-13 2.111448e-04
   43    1      1      0    0      1      -1      -1   100 6.599569e-02 0.12981033 0.13734456 0.07901514 0.159948782 0.06956068 0.078018337 0.063222929 0.048291229 0.019232307 0.019587780 0.0132925908 0.0149507665 2.336119e-02 2.654588e-02 6.324245e-03 5.942733e-03 2.210978e-02 1.345329e-03 1.553998e-04 5.214301e-07 3.555222e-03 1.701876e-03 1.293099e-03 9.393597e-03
   44    1      1      0    0      1      -1      -1   100 9.228157e-03 0.28913479 0.05549664 0.14015552 0.054853525 0.11171389 0.097730747 0.082533781 0.043542730 0.020281793 0.032702611 0.0092611831 0.0051413022 1.433975e-02 6.491543e-04 3.622030e-03 1.313109e-02 3.028144e-06 4.511011e-04 2.120511e-05 4.302831e-03 5.429946e-09 1.479294e-03 5.544816e-04 9.669358e-03
   45    1      1      0    0      1      -1      -1   100 1.221865e-02 0.14838280 0.36065290 0.06280237 0.110922855 0.04325687 0.078565192 0.018081667 0.063760773 0.018746095 0.009800284 0.0112073074 0.0252637584 5.436654e-03 1.844505e-02 4.977851e-03 3.573859e-04 2.240067e-09 1.141944e-03 7.929531e-10 1.059220e-04 3.635043e-05 5.476763e-03 1.812507e-05 3.424426e-04
   46    1      1      0    0      1      -1      -1   100 4.406687e-02 0.14190883 0.21026880 0.27753624 0.031178429 0.05660561 0.010331409 0.080521942 0.010175949 0.036771221 0.040227286 0.0055396871 0.0020139855 2.223449e-02 1.890558e-04 1.561171e-02 7.384389e-03 9.759082e-05 2.951402e-03 9.275677e-04 8.012099e-05 2.580180e-03 5.338912e-04 3.881120e-11 2.633365e-04
   47    1      1      0    0      1      -1      -1   100 1.657647e-02 0.22160689 0.17479492 0.12237969 0.180045991 0.06782573 0.026025190 0.026986613 0.076966749 0.014922053 0.005505657 0.0059442920 0.0088968055 3.488133e-02 2.576837e-03 6.444353e-03 5.148234e-05 2.210412e-04 5.783899e-03 6.687399e-06 9.257609e-04 6.315546e-04 2.697221e-13 4.238824e-12 1.047769e-08
   48    1      1      0    0      1      -1      -1   100 6.304679e-03 0.23541863 0.21432267 0.10435259 0.097255076 0.12480164 0.004974665 0.041872772 0.052515298 0.025950652 0.004522634 0.0062560624 0.0059948097 6.070634e-03 2.549332e-02 1.080747e-03 7.369412e-03 1.931148e-02 1.142171e-02 4.103716e-03 3.718227e-09 4.296691e-05 8.975477e-06 1.192465e-35 5.548501e-04
   49    1      1      0    0      1      -1      -1   100 5.637474e-03 0.17929776 0.17296050 0.19729018 0.099982652 0.11196475 0.097247945 0.012826754 0.009441680 0.008847369 0.022107945 0.0173601002 0.0043826342 3.650706e-04 2.774178e-04 3.874063e-03 2.122031e-02 7.666913e-03 2.504795e-02 6.123171e-10 3.104063e-06 7.231520e-06 2.920673e-13 2.185628e-03 4.569552e-06
   50    1      1      0    0      1      -1      -1   100 1.761641e-03 0.04466508 0.19022341 0.15750794 0.140687372 0.16323890 0.079599515 0.080514853 0.018434443 0.008525013 0.010086396 0.0345082451 0.0047980368 4.121523e-04 2.298185e-03 2.260018e-02 1.876799e-02 8.403615e-03 5.790140e-03 3.621551e-03 1.922226e-07 3.469313e-03 8.541107e-05 1.194008e-07 3.095071e-07
   51    1      1      0    0      1      -1      -1   100 1.285970e-02 0.12947490 0.10498903 0.20032262 0.115224299 0.15523781 0.037560177 0.024115313 0.057825613 0.010470646 0.026173806 0.0122040527 0.0747036267 1.165376e-02 1.372416e-03 2.288151e-04 4.779837e-03 7.414536e-04 3.195224e-03 2.270657e-03 4.199693e-03 5.617626e-03 2.907988e-03 1.207998e-09 1.870942e-03
   52    1      1      0    0      1      -1      -1   100 8.901466e-03 0.11057780 0.17704438 0.08278629 0.185744798 0.05484307 0.141629247 0.039872539 0.071271181 0.045945718 0.039579944 0.0152052409 0.0024554373 5.023668e-03 6.617105e-03 1.274747e-03 3.363713e-06 3.629346e-03 3.622479e-03 1.928228e-03 1.152590e-06 1.961288e-03 3.477437e-12 1.998025e-09 8.150652e-05
   53    1      1      0    0      1      -1      -1   100 3.350130e-02 0.18325030 0.18189722 0.11914595 0.052407412 0.07987178 0.049278881 0.069195887 0.055438857 0.032121150 0.059528196 0.0041513020 0.0082955374 6.979253e-03 1.207783e-02 4.025056e-03 8.477026e-03 2.094475e-03 1.261472e-02 7.318838e-04 1.354878e-03 7.350082e-03 5.100525e-11 1.620277e-02 8.257821e-06
   54    1      1      0    0      1      -1      -1   100 3.284735e-02 0.19773581 0.15114626 0.09978717 0.095755242 0.04385190 0.042033320 0.102936053 0.093170849 0.038027685 0.021030917 0.0150283073 0.0219920553 1.243812e-02 1.444878e-02 2.057532e-03 8.905086e-03 1.030977e-03 1.427474e-03 1.019401e-05 1.181866e-06 1.532506e-05 1.173368e-07 8.102384e-05 4.241267e-03
   55    1      1      0    0      1      -1      -1   100 7.826174e-02 0.25860823 0.15364729 0.15041678 0.049772335 0.09653791 0.039036992 0.041444928 0.013537706 0.038056112 0.012014935 0.0300450069 0.0083187676 7.353816e-03 6.036861e-04 1.879047e-02 3.013431e-03 4.793455e-07 3.471563e-04 1.532287e-06 9.875985e-16 8.417513e-10 7.600256e-11 1.473506e-06 1.892351e-04
   56    1      1      0    0      1      -1      -1   100 4.722871e-02 0.36661467 0.17592143 0.11110296 0.035525158 0.04475448 0.050565296 0.018509157 0.035682109 0.011396871 0.013894843 0.0641950072 0.0034084378 3.407837e-03 9.265811e-03 2.623360e-03 3.294586e-03 1.052231e-03 3.371144e-07 6.701717e-04 7.265415e-04 1.495485e-04 3.397536e-14 4.054708e-09 1.043400e-05
   57    1      1      0    0      1      -1      -1   100 1.528422e-02 0.23665388 0.30693335 0.09644311 0.114368012 0.04281342 0.025814493 0.033100495 0.016348286 0.024530774 0.010325945 0.0045171483 0.0182106187 7.458680e-04 2.018120e-02 2.962149e-05 2.225509e-02 5.469323e-09 7.188386e-04 1.464354e-04 2.217281e-04 1.925531e-17 3.237062e-03 3.644716e-12 7.120398e-03
   58    1      1      0    0      1      -1      -1   100 3.497438e-02 0.10780870 0.27143854 0.33759364 0.049008941 0.03425806 0.049040351 0.022981223 0.032889054 0.018583060 0.009746927 0.0033673649 0.0129333282 1.117204e-03 8.857365e-04 7.546697e-03 5.343743e-06 1.766168e-05 5.434626e-04 2.899277e-03 2.295022e-03 1.559812e-05 9.374740e-10 4.055218e-05 9.875851e-06
   59    1      1      0    0      1      -1      -1   100 2.180851e-02 0.10969917 0.09557393 0.20617306 0.233243259 0.11277082 0.050757269 0.036517577 0.010836590 0.031385681 0.013017464 0.0136213616 0.0211744597 1.525254e-02 2.176614e-03 1.574976e-02 4.258129e-03 2.673506e-04 5.358891e-03 2.131298e-04 1.365329e-04 7.909480e-06 2.277499e-09 3.377753e-16 6.623288e-11
   60    1      1      0    0      1      -1      -1   100 2.887622e-02 0.08756537 0.20248178 0.11877916 0.134253519 0.16158953 0.121539381 0.023583628 0.023668750 0.011022456 0.018202224 0.0016997183 0.0137173238 2.926206e-02 1.230204e-02 1.119407e-03 6.841350e-03 8.937928e-05 2.948847e-08 1.989802e-03 1.630102e-04 2.148856e-04 8.973877e-04 1.366542e-04 4.936137e-06
   61    1      1      0    0      1      -1      -1   100 2.815441e-02 0.16296683 0.18253974 0.10954639 0.031155989 0.12391437 0.131694778 0.109329829 0.034675420 0.018496311 0.011768881 0.0140665363 0.0000611700 8.933493e-03 9.863574e-05 1.193619e-02 2.180830e-03 9.916236e-03 1.652927e-03 6.608512e-03 2.138474e-10 1.948593e-04 1.803240e-05 6.684976e-05 2.276516e-05
   62    1      1      0    0      1      -1      -1   100 1.292922e-02 0.10556828 0.28369542 0.11616185 0.065221312 0.02743198 0.086301568 0.117374712 0.064352753 0.060438288 0.004243852 0.0005790207 0.0318011947 3.531999e-04 1.852968e-03 2.599286e-05 5.641639e-03 1.513953e-04 2.488417e-03 1.226886e-02 1.862294e-06 3.756327e-08 4.057598e-08 8.947820e-05 1.026666e-03
   63    1      1      0    0      1      -1      -1   100 8.723887e-03 0.08660720 0.11360831 0.24546123 0.078259751 0.06530911 0.030848294 0.050096435 0.174737290 0.059187097 0.031108340 0.0157417839 0.0068513674 8.238420e-04 2.522585e-04 1.268013e-02 7.964560e-03 2.892261e-03 1.621776e-03 9.641358e-04 1.708559e-05 2.791428e-09 5.972364e-06 5.423489e-10 6.237884e-03
   64    1      1      0    0      1      -1      -1   100 9.584522e-03 0.13688090 0.20024560 0.15145008 0.114145479 0.08383502 0.105603707 0.015675421 0.056716243 0.058608454 0.008560610 0.0330403038 0.0084787175 5.712277e-04 7.196435e-03 2.206303e-04 9.429942e-04 1.681783e-04 5.359933e-03 3.606555e-04 5.263310e-04 5.415702e-04 6.687667e-14 7.678125e-04 5.191661e-04
   65    1      1      0    0      1      -1      -1   100 2.013685e-02 0.14416606 0.09118154 0.08186699 0.114059503 0.13842746 0.093532799 0.111137221 0.019167721 0.034378406 0.044992809 0.0153214778 0.0103168179 2.119869e-03 2.229824e-02 2.730260e-03 3.388037e-04 5.901982e-03 6.974874e-03 9.899822e-06 3.175899e-05 6.911008e-03 3.321949e-07 2.863760e-02 5.359714e-03
   66    1      1      0    0      1      -1      -1   100 6.431014e-02 0.03980554 0.20543457 0.19469596 0.069320468 0.06834923 0.132414393 0.051592607 0.035755875 0.011931501 0.055737846 0.0242323370 0.0118431032 6.661230e-03 2.317016e-03 3.095048e-07 1.305351e-02 3.189290e-07 1.109664e-02 3.218399e-07 1.099156e-03 2.482185e-04 1.007030e-06 4.510034e-11 9.869129e-05
   67    1      1      0    0      1      -1      -1   100 1.470943e-02 0.32415734 0.07017713 0.15644952 0.070582050 0.04571417 0.061286015 0.104278640 0.016539521 0.041223119 0.002576013 0.0138471452 0.0163820519 1.633249e-02 1.880457e-03 7.448202e-03 1.338106e-06 1.685165e-02 1.779830e-02 1.667657e-03 4.551629e-12 2.520004e-06 1.364477e-08 5.431538e-13 9.522155e-05
   68    1      1      0    0      1      -1      -1   100 3.492755e-02 0.11362958 0.40542607 0.07122804 0.070530555 0.03560993 0.029624799 0.016551215 0.122912237 0.010694492 0.058558761 0.0027930715 0.0075227120 3.251867e-03 4.615278e-03 2.963667e-03 3.925892e-03 8.257752e-05 4.842531e-05 1.669825e-04 4.585468e-04 8.061876e-05 1.377855e-04 2.777334e-06 4.256570e-03
   69    1      1      0    0      1      -1      -1   100 2.731170e-02 0.09522006 0.17251099 0.30671894 0.033930057 0.05982574 0.034770404 0.026342882 0.038384353 0.094718957 0.001808471 0.0273610944 0.0033144406 1.069995e-02 1.231788e-02 5.694249e-03 9.206784e-06 4.522383e-04 4.747651e-03 1.845358e-05 2.635580e-02 1.323937e-02 2.485409e-04 3.977507e-03 2.104530e-05
   70    1      1      0    0      1      -1      -1   100 4.490850e-03 0.17930818 0.16185462 0.16102572 0.141967195 0.02885677 0.058518344 0.044012651 0.035500904 0.046891204 0.035994856 0.0122743156 0.0645478620 9.709762e-04 1.003813e-02 1.230839e-02 1.301492e-04 4.857247e-04 8.656492e-08 3.193923e-06 5.105128e-09 2.737038e-09 3.853547e-13 2.601908e-15 8.198530e-04
   71    1      1      0    0      1      -1      -1   100 1.402624e-02 0.19053003 0.15196348 0.12105856 0.089080567 0.14670951 0.062341583 0.055832966 0.039285623 0.028314854 0.002384432 0.0388943265 0.0019505808 5.449629e-03 2.950875e-03 1.157871e-02 1.163180e-02 1.817823e-03 1.234570e-02 1.639166e-04 8.709896e-08 1.598970e-07 2.389286e-04 9.683303e-03 1.766316e-03
   72    1      1      0    0      1      -1      -1   100 1.037749e-02 0.06976349 0.27397652 0.13682304 0.030794998 0.10803407 0.115407049 0.045432859 0.068959345 0.024403601 0.028084870 0.0234076788 0.0420412047 1.362143e-03 1.266146e-03 5.862344e-05 1.435984e-02 2.173608e-03 2.518770e-03 6.507317e-06 6.381717e-04 3.580141e-13 3.436819e-14 2.842690e-21 1.099749e-04
   73    1      1      0    0      1      -1      -1   100 3.403020e-02 0.15604636 0.16791785 0.13290039 0.120751022 0.04103161 0.050735435 0.114393956 0.009106893 0.083771347 0.043623637 0.0087170020 0.0073266999 6.910725e-03 1.816145e-03 1.152128e-02 4.625130e-03 1.746271e-03 3.990914e-05 2.257386e-03 7.191550e-04 1.706757e-08 2.606035e-06 2.297155e-22 8.965025e-06
   74    1      1      0    0      1      -1      -1   100 2.008061e-02 0.16437332 0.25660799 0.14182894 0.127195514 0.08090613 0.021891949 0.035216912 0.032803550 0.018576602 0.018051316 0.0020122536 0.0399605604 1.556036e-03 9.454755e-03 8.703234e-05 8.424316e-04 2.843458e-10 2.528128e-03 2.518494e-02 1.824980e-07 6.992026e-06 2.070441e-10 8.691560e-24 8.338591e-04
   75    1      1      0    0      1      -1      -1   100 2.066526e-03 0.12356572 0.23652609 0.15249553 0.063652576 0.08052374 0.075759195 0.074194108 0.030099161 0.080426750 0.009041858 0.0112403335 0.0086666662 3.149805e-02 3.591946e-05 1.342018e-04 1.908309e-03 1.494516e-02 4.141354e-05 5.864586e-06 1.054183e-04 3.021027e-03 4.571147e-05 8.650008e-12 6.751100e-07
   76    1      1      0    0      1      -1      -1   100 1.699501e-02 0.13186572 0.14108222 0.21129559 0.119317828 0.06102185 0.083582569 0.066401450 0.013727796 0.038328235 0.046809651 0.0087712326 0.0052909701 1.559922e-03 2.265953e-03 2.318680e-02 3.287568e-03 1.197753e-03 1.318139e-02 1.170838e-17 6.058562e-03 4.271071e-03 3.444985e-06 9.608200e-16 4.974238e-04
   77    1      1      0    0      1      -1      -1   100 4.849914e-02 0.08337656 0.16553929 0.14133916 0.179715982 0.11681480 0.048426700 0.034658596 0.060485007 0.065828593 0.009742345 0.0305587914 0.0020232266 3.235786e-03 9.641654e-05 2.404470e-03 2.326445e-03 3.155999e-03 6.788692e-05 2.554457e-04 9.832370e-04 2.853898e-05 4.791301e-05 9.740153e-07 3.886925e-04
   78    1      1      0    0      1      -1      -1   100 2.075086e-02 0.23642514 0.15027306 0.14587719 0.079271956 0.17327258 0.067353068 0.037164906 0.015098566 0.032185944 0.002570294 0.0027487026 0.0172009151 2.987867e-04 9.249361e-03 2.112961e-07 7.376590e-06 5.728499e-03 7.273505e-04 1.487724e-17 6.249490e-08 2.835820e-06 3.686544e-03 1.055886e-04 2.001406e-07
   79    1      1      0    0      1      -1      -1   100 8.146369e-03 0.11231259 0.37000977 0.10934501 0.041725289 0.06512140 0.104785530 0.073936499 0.010766089 0.009285977 0.018306065 0.0238966292 0.0110956891 3.093182e-03 1.601420e-02 2.937592e-03 3.320330e-05 1.276751e-03 2.481950e-03 1.311938e-02 1.202717e-08 2.310803e-03 3.036263e-09 1.342269e-08 1.300293e-09
   80    1      1      0    0      1      -1      -1   100 1.360318e-02 0.09343440 0.19679575 0.25113119 0.090410617 0.05830272 0.067773897 0.034448130 0.056694426 0.021698291 0.072486118 0.0105623996 0.0055015249 1.339966e-02 4.361048e-03 8.269655e-04 3.275336e-03 5.019555e-04 4.701648e-04 2.540064e-03 5.734361e-06 6.186401e-07 1.470329e-09 1.362958e-04 1.639509e-03
   81    1      1      0    0      1      -1      -1   100 4.159912e-03 0.08532970 0.11028510 0.22607615 0.170016258 0.09241293 0.058456418 0.076884873 0.056905563 0.036709771 0.017162748 0.0129451362 0.0024791187 3.509069e-03 2.604974e-03 1.461668e-02 3.910046e-04 8.045997e-03 2.349252e-04 7.726704e-04 6.233846e-07 4.288098e-03 8.043853e-03 3.570113e-13 7.668440e-03
   82    1      1      0    0      1      -1      -1   100 1.285124e-02 0.12954804 0.17190372 0.06849399 0.173225839 0.11567350 0.076589274 0.076431480 0.051678129 0.015571412 0.008610291 0.0039744568 0.0096828549 2.394837e-02 4.167432e-03 1.419405e-02 3.506671e-03 1.019458e-07 1.587650e-05 1.282511e-03 1.044645e-11 7.555114e-06 2.848885e-02 2.939004e-04 9.860447e-03
   83    1      1      0    0      1      -1      -1   100 2.473013e-03 0.20151389 0.15473079 0.09560318 0.085709192 0.08072344 0.148648421 0.070855000 0.027427173 0.031690235 0.035362266 0.0051412910 0.0241077022 5.665559e-03 1.093289e-02 5.644035e-03 1.530873e-03 2.229756e-03 1.696752e-07 9.849408e-04 2.574070e-04 2.959055e-05 1.638828e-05 8.096757e-03 6.260416e-04
   84    1      1      0    0      1      -1      -1   100 6.671769e-03 0.15633955 0.30798135 0.06132110 0.081463324 0.02844098 0.079248374 0.070515767 0.035459494 0.047505095 0.042274777 0.0152832315 0.0182698346 5.897806e-03 7.441926e-03 1.340821e-03 1.604851e-03 1.442828e-02 1.337132e-03 2.696661e-14 1.707406e-04 4.818590e-04 6.160219e-03 4.784791e-05 1.031387e-02
   85    1      1      0    0      1      -1      -1   100 4.661938e-03 0.15795993 0.24221996 0.17949082 0.070282953 0.03609237 0.025748363 0.121064275 0.044996260 0.030532596 0.002674317 0.0107911760 0.0371853744 1.244039e-02 6.250906e-03 6.035639e-03 1.032686e-03 1.011601e-05 3.878148e-03 2.123002e-03 1.187538e-15 8.659730e-04 1.782566e-03 1.824986e-06 1.878423e-03
   86    1      1      0    0      1      -1      -1   100 5.111459e-02 0.08029734 0.10202135 0.14837515 0.240112564 0.07082608 0.064904498 0.058803997 0.095238872 0.023962228 0.029798674 0.0058476461 0.0026936038 1.677992e-02 1.302957e-03 3.982363e-03 2.596112e-04 1.770876e-03 2.703461e-04 6.411607e-08 1.637129e-03 7.923189e-10 1.123664e-10 2.825774e-24 1.310645e-07
   87    1      1      0    0      1      -1      -1   100 1.750166e-02 0.21038547 0.21617816 0.06422168 0.124962441 0.12275589 0.054142857 0.020235523 0.028334493 0.036842647 0.046099937 0.0148394886 0.0141236733 3.366062e-04 7.571591e-03 5.920473e-03 5.801404e-04 1.009775e-04 6.819161e-04 1.695081e-08 1.990244e-04 1.397058e-02 3.099756e-15 8.232719e-08 1.466222e-05
   88    1      1      0    0      1      -1      -1   100 9.541045e-03 0.12228683 0.22844714 0.15514406 0.067032772 0.09277886 0.095710595 0.013705190 0.052871228 0.017618398 0.016717895 0.0203514766 0.0322702572 1.934836e-02 4.606490e-03 3.576320e-02 1.003781e-02 2.522200e-03 4.611223e-04 4.637120e-09 1.831659e-04 1.444057e-08 5.357902e-05 8.707360e-09 2.548299e-03
   89    1      1      0    0      1      -1      -1   100 1.492812e-02 0.17612605 0.14190816 0.20079528 0.136097652 0.04590468 0.071992057 0.058287132 0.054995906 0.017957919 0.009003563 0.0225861704 0.0100013608 3.242825e-03 2.217018e-04 8.869064e-03 2.352834e-03 1.537679e-02 2.067240e-09 8.175463e-04 3.180291e-06 8.662375e-09 5.079520e-03 1.878308e-03 1.574154e-03
   90    1      1      0    0      1      -1      -1   100 4.487598e-02 0.12318154 0.25886641 0.08217654 0.118556660 0.08118759 0.029684397 0.098819243 0.105250291 0.002955552 0.006645962 0.0256318350 0.0033126006 2.907372e-03 6.382600e-03 4.490023e-04 1.157572e-03 1.750404e-04 5.246529e-07 1.152241e-03 4.011812e-04 4.332334e-03 2.894246e-19 5.436817e-10 1.897530e-03
   91    1      1      0    0      1      -1      -1   100 3.107365e-02 0.14603451 0.17256268 0.24097288 0.122534883 0.05978906 0.035556345 0.019875008 0.042304160 0.060333387 0.009758507 0.0024823948 0.0042187383 5.066426e-03 1.894786e-02 3.169252e-04 1.818707e-03 5.922258e-03 1.377307e-03 9.150009e-03 1.405918e-04 2.162749e-03 7.006472e-10 7.491200e-03 1.097558e-04
   92    1      1      0    0      1      -1      -1   100 3.380454e-02 0.11841047 0.24044487 0.10563374 0.142748417 0.03261376 0.136374047 0.050167284 0.010960817 0.030005590 0.021161000 0.0003526810 0.0005858875 3.169632e-03 1.589786e-02 4.699143e-02 2.778480e-05 2.343376e-07 6.548642e-06 9.145850e-03 3.244790e-04 2.033933e-07 1.882060e-15 7.174634e-07 1.172160e-03
   93    1      1      0    0      1      -1      -1   100 1.431064e-03 0.35290349 0.23753603 0.10918162 0.090492313 0.06067573 0.014572145 0.017771079 0.016495356 0.006017480 0.021236304 0.0076955667 0.0141712758 6.568468e-04 1.900171e-02 1.479035e-03 1.341288e-02 9.866555e-06 5.017858e-06 1.180383e-04 2.426030e-03 3.732741e-07 4.816415e-06 1.560780e-08 1.270591e-02
   94    1      1      0    0      1      -1      -1   100 7.743125e-03 0.07535027 0.33976330 0.11726286 0.139146876 0.10219241 0.116951195 0.032028145 0.009783230 0.006713360 0.013945851 0.0023051543 0.0040603526 3.015282e-05 2.272383e-04 7.653600e-03 2.144307e-02 1.459714e-03 6.151959e-08 1.489066e-03 5.766202e-07 2.789143e-09 3.395258e-04 1.108532e-04 1.415026e-14
   95    1      1      0    0      1      -1      -1   100 1.548770e-02 0.10424980 0.08453761 0.33794842 0.116402125 0.10227902 0.041475329 0.090291402 0.019219809 0.044925144 0.020791507 0.0022124418 0.0021452136 1.405573e-02 1.451259e-05 1.666160e-03 6.766764e-04 1.645092e-06 1.084833e-03 1.412118e-05 7.942401e-06 6.994926e-13 4.831313e-04 4.777541e-06 2.494462e-05
   96    1      1      0    0      1      -1      -1   100 2.381652e-02 0.09741751 0.14852002 0.08861103 0.294624862 0.04852574 0.096433930 0.064193292 0.038522289 0.005399252 0.043031000 0.0185750514 0.0099807190 1.516020e-03 1.128812e-02 2.734677e-05 1.410597e-03 1.307818e-03 4.328746e-03 8.008044e-04 2.739765e-06 4.194439e-08 1.219904e-03 5.441361e-12 4.466460e-04
   97    1      1      0    0      1      -1      -1   100 1.752391e-02 0.26257517 0.07848916 0.09437968 0.073285544 0.16553069 0.034208074 0.065847667 0.079717509 0.057636985 0.011585326 0.0299349721 0.0048295720 7.078869e-03 5.183714e-04 6.403138e-03 6.345758e-05 1.684294e-07 2.065112e-09 2.411821e-11 1.075289e-04 1.016737e-02 2.686459e-05 3.073716e-05 5.923680e-05
   98    1      1      0    0      1      -1      -1   100 3.484887e-03 0.25110264 0.28990385 0.04469275 0.097595166 0.07078044 0.102288400 0.071369694 0.008619844 0.016777933 0.011086929 0.0024200873 0.0082715386 3.477554e-03 3.834633e-03 7.629388e-04 4.988285e-03 5.743488e-03 8.387064e-08 3.592440e-08 7.551184e-11 3.578855e-05 2.462805e-03 3.059444e-08 3.002007e-04
   99    1      1      0    0      1      -1      -1   100 6.936696e-03 0.03366166 0.24347985 0.33196021 0.052898263 0.08102033 0.027627799 0.099375663 0.027274249 0.014878010 0.005610292 0.0274923089 0.0228521810 5.885241e-03 1.311643e-02 4.183185e-04 2.855773e-05 6.002611e-05 3.605328e-10 4.681283e-08 4.647840e-05 4.699336e-07 1.235721e-05 5.364569e-03 1.341573e-10
  100    1      1      0    0      1      -1      -1   100 2.119304e-02 0.07787785 0.10261911 0.22218060 0.208547890 0.05235072 0.033551124 0.022343470 0.108129988 0.046804827 0.009811955 0.0157152406 0.0475233712 4.669659e-03 9.959096e-03 1.034103e-06 4.875596e-03 1.112039e-02 6.353990e-05 3.770775e-16 1.185152e-16 9.909844e-11 1.757752e-04 5.397227e-05 4.317478e-04
    2    1      2      0    0      1      -1      -1   100 5.000000e-02 0.18000000 0.18000000 0.07000000 0.110000000 0.09000000 0.060000000 0.020000000 0.040000000 0.060000000 0.020000000 0.0200000000 0.0300000000 1.000000e-02 3.000000e-02 0.000000e+00 0.000000e+00 0.000000e+00 0.000000e+00 0.000000e+00 2.000000e-02 0.000000e+00 0.000000e+00 0.000000e+00 1.000000e-02
    3    1      2      0    0      1      -1      -1   100 2.000000e-02 0.15000000 0.08000000 0.22000000 0.160000000 0.05000000 0.030000000 0.040000000 0.040000000 0.020000000 0.020000000 0.0200000000 0.0200000000 2.000000e-02 1.000000e-02 2.000000e-02 2.000000e-02 1.000000e-02 0.000000e+00 1.000000e-02 0.000000e+00 0.000000e+00 0.000000e+00 1.000000e-02 3.000000e-02
    4    1      2      0    0      1      -1      -1   100 1.000000e-02 0.18000000 0.17000000 0.11000000 0.120000000 0.09000000 0.040000000 0.060000000 0.050000000 0.020000000 0.030000000 0.0200000000 0.0200000000 0.000000e+00 2.000000e-02 2.000000e-02 0.000000e+00 1.000000e-02 0.000000e+00 0.000000e+00 1.000000e-02 0.000000e+00 0.000000e+00 1.000000e-02 1.000000e-02
    5    1      2      0    0      1      -1      -1   100 3.000000e-02 0.14000000 0.25000000 0.14000000 0.100000000 0.08000000 0.040000000 0.040000000 0.030000000 0.030000000 0.040000000 0.0200000000 0.0100000000 1.000000e-02 2.000000e-02 1.000000e-02 0.000000e+00 0.000000e+00 0.000000e+00 0.000000e+00 0.000000e+00 0.000000e+00 0.000000e+00 0.000000e+00 1.000000e-02
    6    1      2      0    0      1      -1      -1   100 1.000000e-02 0.09000000 0.09000000 0.16000000 0.110000000 0.07000000 0.060000000 0.130000000 0.030000000 0.030000000 0.060000000 0.0300000000 0.0500000000 1.000000e-02 2.000000e-02 0.000000e+00 0.000000e+00 0.000000e+00 1.000000e-02 3.000000e-02 0.000000e+00 0.000000e+00 0.000000e+00 1.000000e-02 0.000000e+00
    7    1      2      0    0      1      -1      -1   100 3.000000e-02 0.25000000 0.10000000 0.04000000 0.170000000 0.05000000 0.030000000 0.090000000 0.040000000 0.050000000 0.020000000 0.0100000000 0.0100000000 5.000000e-02 1.000000e-02 1.000000e-02 1.000000e-02 1.000000e-02 0.000000e+00 0.000000e+00 0.000000e+00 2.000000e-02 0.000000e+00 0.000000e+00 0.000000e+00
    8    1      2      0    0      1      -1      -1   100 4.000000e-02 0.16000000 0.22000000 0.09000000 0.030000000 0.07000000 0.080000000 0.060000000 0.070000000 0.070000000 0.020000000 0.0100000000 0.0200000000 1.000000e-02 0.000000e+00 1.000000e-02 1.000000e-02 1.000000e-02 1.000000e-02 0.000000e+00 1.000000e-02 0.000000e+00 0.000000e+00 0.000000e+00 0.000000e+00
    9    1      2      0    0      1      -1      -1   100 1.000000e-02 0.17000000 0.19000000 0.19000000 0.040000000 0.06000000 0.060000000 0.070000000 0.060000000 0.050000000 0.020000000 0.0200000000 0.0000000000 2.000000e-02 0.000000e+00 2.000000e-02 0.000000e+00 0.000000e+00 0.000000e+00 1.000000e-02 0.000000e+00 0.000000e+00 0.000000e+00 0.000000e+00 1.000000e-02
   10    1      2      0    0      1      -1      -1   100 5.000000e-02 0.07000000 0.17000000 0.15000000 0.150000000 0.06000000 0.050000000 0.060000000 0.080000000 0.020000000 0.030000000 0.0200000000 0.0200000000 0.000000e+00 1.000000e-02 1.000000e-02 1.000000e-02 2.000000e-02 0.000000e+00 0.000000e+00 0.000000e+00 0.000000e+00 0.000000e+00 0.000000e+00 2.000000e-02
   11    1      2      0    0      1      -1      -1   100 0.000000e+00 0.16000000 0.08000000 0.13000000 0.080000000 0.12000000 0.080000000 0.020000000 0.060000000 0.030000000 0.050000000 0.0300000000 0.0400000000 2.000000e-02 1.000000e-02 0.000000e+00 4.000000e-02 1.000000e-02 0.000000e+00 0.000000e+00 2.000000e-02 0.000000e+00 0.000000e+00 1.000000e-02 1.000000e-02
   12    1      2      0    0      1      -1      -1   100 4.000000e-02 0.05000000 0.16000000 0.10000000 0.180000000 0.10000000 0.110000000 0.050000000 0.030000000 0.040000000 0.000000000 0.0200000000 0.0200000000 1.000000e-02 1.000000e-02 2.000000e-02 1.000000e-02 1.000000e-02 0.000000e+00 0.000000e+00 1.000000e-02 1.000000e-02 0.000000e+00 0.000000e+00 2.000000e-02
   13    1      2      0    0      1      -1      -1   100 3.000000e-02 0.16000000 0.04000000 0.15000000 0.060000000 0.07000000 0.060000000 0.100000000 0.030000000 0.060000000 0.060000000 0.0400000000 0.0300000000 4.000000e-02 1.000000e-02 2.000000e-02 0.000000e+00 0.000000e+00 2.000000e-02 0.000000e+00 0.000000e+00 0.000000e+00 0.000000e+00 1.000000e-02 1.000000e-02
   14    1      2      0    0      1      -1      -1   100 2.000000e-02 0.11000000 0.30000000 0.00000000 0.170000000 0.06000000 0.070000000 0.010000000 0.080000000 0.010000000 0.040000000 0.0600000000 0.0100000000 0.000000e+00 1.000000e-02 1.000000e-02 0.000000e+00 1.000000e-02 0.000000e+00 0.000000e+00 1.000000e-02 0.000000e+00 0.000000e+00 0.000000e+00 2.000000e-02
   15    1      2      0    0      1      -1      -1   100 3.000000e-02 0.12000000 0.14000000 0.07000000 0.040000000 0.12000000 0.050000000 0.110000000 0.090000000 0.080000000 0.020000000 0.0400000000 0.0400000000 1.000000e-02 0.000000e+00 0.000000e+00 0.000000e+00 0.000000e+00 1.000000e-02 0.000000e+00 0.000000e+00 0.000000e+00 0.000000e+00 0.000000e+00 3.000000e-02
   16    1      2      0    0      1      -1      -1   100 4.000000e-02 0.20000000 0.18000000 0.09000000 0.190000000 0.01000000 0.020000000 0.020000000 0.080000000 0.020000000 0.040000000 0.0100000000 0.0100000000 2.000000e-02 2.000000e-02 0.000000e+00 0.000000e+00 2.000000e-02 0.000000e+00 0.000000e+00 1.000000e-02 1.000000e-02 0.000000e+00 0.000000e+00 1.000000e-02
   17    1      2      0    0      1      -1      -1   100 2.000000e-02 0.13000000 0.17000000 0.17000000 0.090000000 0.08000000 0.020000000 0.070000000 0.040000000 0.030000000 0.060000000 0.0000000000 0.0100000000 4.000000e-02 1.000000e-02 1.000000e-02 1.000000e-02 0.000000e+00 0.000000e+00 1.000000e-02 0.000000e+00 1.000000e-02 0.000000e+00 0.000000e+00 2.000000e-02
   18    1      2      0    0      1      -1      -1   100 2.000000e-02 0.19000000 0.09000000 0.12000000 0.110000000 0.07000000 0.090000000 0.030000000 0.020000000 0.010000000 0.060000000 0.0000000000 0.0600000000 2.000000e-02 2.000000e-02 3.000000e-02 2.000000e-02 1.000000e-02 0.000000e+00 0.000000e+00 0.000000e+00 1.000000e-02 0.000000e+00 0.000000e+00 2.000000e-02
   19    1      2      0    0      1      -1      -1   100 2.000000e-02 0.16000000 0.13000000 0.13000000 0.130000000 0.09000000 0.040000000 0.090000000 0.010000000 0.080000000 0.000000000 0.0200000000 0.0100000000 2.000000e-02 0.000000e+00 0.000000e+00 0.000000e+00 2.000000e-02 0.000000e+00 0.000000e+00 1.000000e-02 1.000000e-02 0.000000e+00 1.000000e-02 2.000000e-02
   20    1      2      0    0      1      -1      -1   100 5.000000e-02 0.13000000 0.10000000 0.12000000 0.090000000 0.10000000 0.080000000 0.020000000 0.070000000 0.020000000 0.020000000 0.0400000000 0.0400000000 4.000000e-02 2.000000e-02 2.000000e-02 0.000000e+00 0.000000e+00 1.000000e-02 2.000000e-02 1.000000e-02 0.000000e+00 0.000000e+00 0.000000e+00 0.000000e+00
   21    1      2      0    0      1      -1      -1   100 3.000000e-02 0.19000000 0.13000000 0.06000000 0.100000000 0.12000000 0.130000000 0.050000000 0.030000000 0.020000000 0.020000000 0.0100000000 0.0100000000 1.000000e-02 1.000000e-02 2.000000e-02 2.000000e-02 1.000000e-02 0.000000e+00 1.000000e-02 0.000000e+00 0.000000e+00 0.000000e+00 0.000000e+00 2.000000e-02
   22    1      2      0    0      1      -1      -1   100 6.000000e-02 0.16000000 0.18000000 0.05000000 0.060000000 0.09000000 0.040000000 0.000000000 0.040000000 0.080000000 0.030000000 0.0100000000 0.0200000000 3.000000e-02 3.000000e-02 0.000000e+00 3.000000e-02 1.000000e-02 1.000000e-02 0.000000e+00 1.000000e-02 0.000000e+00 0.000000e+00 0.000000e+00 6.000000e-02
   23    1      2      0    0      1      -1      -1   100 1.000000e-02 0.17000000 0.20000000 0.11000000 0.050000000 0.06000000 0.070000000 0.030000000 0.030000000 0.030000000 0.050000000 0.0600000000 0.0000000000 2.000000e-02 1.000000e-02 2.000000e-02 3.000000e-02 1.000000e-02 0.000000e+00 0.000000e+00 2.000000e-02 0.000000e+00 1.000000e-02 0.000000e+00 1.000000e-02
   24    1      2      0    0      1      -1      -1   100 1.000000e-02 0.13000000 0.12000000 0.21000000 0.070000000 0.05000000 0.040000000 0.100000000 0.050000000 0.000000000 0.040000000 0.0200000000 0.0500000000 0.000000e+00 2.000000e-02 1.000000e-02 0.000000e+00 2.000000e-02 2.000000e-02 2.000000e-02 1.000000e-02 0.000000e+00 0.000000e+00 0.000000e+00 1.000000e-02
   25    1      2      0    0      1      -1      -1   100 5.000000e-02 0.14000000 0.20000000 0.17000000 0.170000000 0.07000000 0.000000000 0.040000000 0.050000000 0.000000000 0.030000000 0.0200000000 0.0200000000 0.000000e+00 0.000000e+00 2.000000e-02 0.000000e+00 1.000000e-02 1.000000e-02 0.000000e+00 0.000000e+00 0.000000e+00 0.000000e+00 0.000000e+00 0.000000e+00
   26    1      2      0    0      1      -1      -1   100 5.000000e-02 0.16000000 0.14000000 0.10000000 0.110000000 0.12000000 0.090000000 0.040000000 0.030000000 0.050000000 0.010000000 0.0000000000 0.0200000000 0.000000e+00 2.000000e-02 0.000000e+00 0.000000e+00 0.000000e+00 2.000000e-02 1.000000e-02 0.000000e+00 1.000000e-02 0.000000e+00 0.000000e+00 2.000000e-02
   27    1      2      0    0      1      -1      -1   100 4.000000e-02 0.13000000 0.10000000 0.12000000 0.180000000 0.09000000 0.110000000 0.070000000 0.000000000 0.020000000 0.040000000 0.0100000000 0.0100000000 0.000000e+00 1.000000e-02 1.000000e-02 0.000000e+00 1.000000e-02 1.000000e-02 0.000000e+00 0.000000e+00 1.000000e-02 0.000000e+00 0.000000e+00 3.000000e-02
   28    1      2      0    0      1      -1      -1   100 1.000000e-02 0.21000000 0.09000000 0.14000000 0.100000000 0.06000000 0.140000000 0.100000000 0.010000000 0.020000000 0.020000000 0.0100000000 0.0100000000 2.000000e-02 1.000000e-02 2.000000e-02 1.000000e-02 0.000000e+00 0.000000e+00 1.000000e-02 0.000000e+00 1.000000e-02 0.000000e+00 0.000000e+00 0.000000e+00
   29    1      2      0    0      1      -1      -1   100 4.000000e-02 0.12000000 0.23000000 0.08000000 0.080000000 0.09000000 0.070000000 0.090000000 0.070000000 0.050000000 0.000000000 0.0100000000 0.0200000000 0.000000e+00 2.000000e-02 2.000000e-02 0.000000e+00 0.000000e+00 0.000000e+00 0.000000e+00 0.000000e+00 0.000000e+00 0.000000e+00 0.000000e+00 1.000000e-02
   30    1      2      0    0      1      -1      -1   100 7.000000e-02 0.26000000 0.10000000 0.11000000 0.170000000 0.04000000 0.020000000 0.020000000 0.110000000 0.040000000 0.000000000 0.0000000000 0.0100000000 3.000000e-02 0.000000e+00 0.000000e+00 0.000000e+00 2.000000e-02 0.000000e+00 0.000000e+00 0.000000e+00 0.000000e+00 0.000000e+00 0.000000e+00 0.000000e+00
   31    1      2      0    0      1      -1      -1   100 2.000000e-02 0.18000000 0.13000000 0.11000000 0.170000000 0.08000000 0.060000000 0.030000000 0.050000000 0.040000000 0.030000000 0.0100000000 0.0200000000 0.000000e+00 1.000000e-02 0.000000e+00 0.000000e+00 3.000000e-02 0.000000e+00 2.000000e-02 0.000000e+00 0.000000e+00 0.000000e+00 0.000000e+00 1.000000e-02
   32    1      2      0    0      1      -1      -1   100 4.000000e-02 0.35000000 0.16000000 0.09000000 0.040000000 0.09000000 0.020000000 0.050000000 0.020000000 0.010000000 0.000000000 0.0200000000 0.0500000000 1.000000e-02 0.000000e+00 3.000000e-02 0.000000e+00 1.000000e-02 0.000000e+00 0.000000e+00 0.000000e+00 0.000000e+00 1.000000e-02 0.000000e+00 0.000000e+00
   33    1      2      0    0      1      -1      -1   100 2.000000e-02 0.16000000 0.24000000 0.12000000 0.110000000 0.07000000 0.020000000 0.050000000 0.050000000 0.010000000 0.010000000 0.0500000000 0.0100000000 1.000000e-02 2.000000e-02 1.000000e-02 1.000000e-02 0.000000e+00 1.000000e-02 0.000000e+00 1.000000e-02 1.000000e-02 0.000000e+00 0.000000e+00 0.000000e+00
   34    1      2      0    0      1      -1      -1   100 3.000000e-02 0.23000000 0.15000000 0.14000000 0.080000000 0.04000000 0.060000000 0.030000000 0.070000000 0.020000000 0.020000000 0.0300000000 0.0300000000 2.000000e-02 1.000000e-02 0.000000e+00 0.000000e+00 0.000000e+00 0.000000e+00 1.000000e-02 1.000000e-02 1.000000e-02 0.000000e+00 0.000000e+00 1.000000e-02
   35    1      2      0    0      1      -1      -1   100 3.000000e-02 0.12000000 0.24000000 0.16000000 0.110000000 0.03000000 0.080000000 0.020000000 0.040000000 0.070000000 0.020000000 0.0400000000 0.0200000000 0.000000e+00 1.000000e-02 0.000000e+00 0.000000e+00 0.000000e+00 0.000000e+00 0.000000e+00 0.000000e+00 0.000000e+00 0.000000e+00 1.000000e-02 0.000000e+00
   36    1      2      0    0      1      -1      -1   100 4.000000e-02 0.13000000 0.21000000 0.19000000 0.160000000 0.08000000 0.050000000 0.020000000 0.010000000 0.020000000 0.030000000 0.0100000000 0.0000000000 0.000000e+00 2.000000e-02 2.000000e-02 1.000000e-02 0.000000e+00 0.000000e+00 0.000000e+00 0.000000e+00 0.000000e+00 0.000000e+00 0.000000e+00 0.000000e+00
   37    1      2      0    0      1      -1      -1   100 4.000000e-02 0.24000000 0.17000000 0.11000000 0.160000000 0.08000000 0.080000000 0.030000000 0.010000000 0.010000000 0.020000000 0.0100000000 0.0100000000 0.000000e+00 1.000000e-02 1.000000e-02 1.000000e-02 0.000000e+00 0.000000e+00 0.000000e+00 0.000000e+00 0.000000e+00 0.000000e+00 0.000000e+00 0.000000e+00
   38    1      2      0    0      1      -1      -1   100 4.000000e-02 0.23000000 0.19000000 0.11000000 0.100000000 0.15000000 0.030000000 0.060000000 0.020000000 0.000000000 0.000000000 0.0000000000 0.0100000000 1.000000e-02 1.000000e-02 0.000000e+00 0.000000e+00 0.000000e+00 0.000000e+00 0.000000e+00 0.000000e+00 2.000000e-02 0.000000e+00 1.000000e-02 1.000000e-02
   39    1      2      0    0      1      -1      -1   100 6.000000e-02 0.15000000 0.18000000 0.18000000 0.090000000 0.07000000 0.130000000 0.010000000 0.020000000 0.020000000 0.040000000 0.0000000000 0.0100000000 2.000000e-02 0.000000e+00 0.000000e+00 0.000000e+00 1.000000e-02 0.000000e+00 0.000000e+00 0.000000e+00 0.000000e+00 0.000000e+00 0.000000e+00 1.000000e-02
   40    1      2      0    0      1      -1      -1   100 4.000000e-02 0.32000000 0.12000000 0.12000000 0.100000000 0.10000000 0.070000000 0.030000000 0.000000000 0.020000000 0.000000000 0.0200000000 0.0000000000 1.000000e-02 1.000000e-02 0.000000e+00 1.000000e-02 0.000000e+00 0.000000e+00 3.000000e-02 0.000000e+00 0.000000e+00 0.000000e+00 0.000000e+00 0.000000e+00
   41    1      2      0    0      1      -1      -1   100 6.000000e-02 0.11000000 0.30000000 0.08000000 0.150000000 0.02000000 0.030000000 0.050000000 0.020000000 0.060000000 0.070000000 0.0100000000 0.0000000000 1.000000e-02 0.000000e+00 1.000000e-02 1.000000e-02 0.000000e+00 0.000000e+00 0.000000e+00 1.000000e-02 0.000000e+00 0.000000e+00 0.000000e+00 0.000000e+00
   42    1      2      0    0      1      -1      -1   100 3.000000e-02 0.08000000 0.15000000 0.23000000 0.110000000 0.11000000 0.070000000 0.090000000 0.050000000 0.000000000 0.030000000 0.0000000000 0.0100000000 0.000000e+00 0.000000e+00 0.000000e+00 1.000000e-02 2.000000e-02 0.000000e+00 1.000000e-02 0.000000e+00 0.000000e+00 0.000000e+00 0.000000e+00 0.000000e+00
   43    1      2      0    0      1      -1      -1   100 9.000000e-02 0.10000000 0.14000000 0.14000000 0.160000000 0.07000000 0.120000000 0.020000000 0.010000000 0.060000000 0.020000000 0.0200000000 0.0100000000 1.000000e-02 1.000000e-02 0.000000e+00 0.000000e+00 0.000000e+00 0.000000e+00 0.000000e+00 0.000000e+00 2.000000e-02 0.000000e+00 0.000000e+00 0.000000e+00
   44    1      2      0    0      1      -1      -1   100 3.000000e-02 0.25000000 0.14000000 0.09000000 0.090000000 0.13000000 0.050000000 0.080000000 0.040000000 0.030000000 0.010000000 0.0100000000 0.0200000000 2.000000e-02 0.000000e+00 0.000000e+00 0.000000e+00 0.000000e+00 0.000000e+00 1.000000e-02 0.000000e+00 0.000000e+00 0.000000e+00 0.000000e+00 0.000000e+00
   45    1      2      0    0      1      -1      -1   100 2.000000e-02 0.33000000 0.20000000 0.07000000 0.060000000 0.04000000 0.110000000 0.030000000 0.030000000 0.030000000 0.020000000 0.0100000000 0.0100000000 1.000000e-02 1.000000e-02 0.000000e+00 0.000000e+00 0.000000e+00 1.000000e-02 0.000000e+00 0.000000e+00 0.000000e+00 0.000000e+00 0.000000e+00 1.000000e-02
   46    1      2      0    0      1      -1      -1   100 7.000000e-02 0.23000000 0.13000000 0.24000000 0.020000000 0.04000000 0.050000000 0.040000000 0.000000000 0.070000000 0.010000000 0.0100000000 0.0100000000 2.000000e-02 3.000000e-02 1.000000e-02 0.000000e+00 0.000000e+00 0.000000e+00 1.000000e-02 0.000000e+00 0.000000e+00 0.000000e+00 1.000000e-02 0.000000e+00
   47    1      2      0    0      1      -1      -1   100 2.000000e-02 0.31000000 0.13000000 0.10000000 0.230000000 0.07000000 0.030000000 0.010000000 0.030000000 0.000000000 0.010000000 0.0100000000 0.0100000000 0.000000e+00 0.000000e+00 2.000000e-02 0.000000e+00 1.000000e-02 0.000000e+00 0.000000e+00 1.000000e-02 0.000000e+00 0.000000e+00 0.000000e+00 0.000000e+00
   48    1      2      0    0      1      -1      -1   100 3.000000e-02 0.14000000 0.24000000 0.10000000 0.140000000 0.15000000 0.020000000 0.040000000 0.000000000 0.030000000 0.030000000 0.0200000000 0.0100000000 3.000000e-02 1.000000e-02 0.000000e+00 1.000000e-02 0.000000e+00 0.000000e+00 0.000000e+00 0.000000e+00 0.000000e+00 0.000000e+00 0.000000e+00 0.000000e+00
   49    1      2      0    0      1      -1      -1   100 3.000000e-02 0.20000000 0.18000000 0.19000000 0.070000000 0.10000000 0.060000000 0.010000000 0.030000000 0.020000000 0.050000000 0.0200000000 0.0200000000 2.000000e-02 0.000000e+00 0.000000e+00 0.000000e+00 0.000000e+00 0.000000e+00 0.000000e+00 0.000000e+00 0.000000e+00 0.000000e+00 0.000000e+00 0.000000e+00
   50    1      2      0    0      1      -1      -1   100 7.000000e-02 0.08000000 0.19000000 0.13000000 0.200000000 0.13000000 0.040000000 0.050000000 0.030000000 0.010000000 0.020000000 0.0200000000 0.0100000000 1.000000e-02 0.000000e+00 0.000000e+00 0.000000e+00 1.000000e-02 0.000000e+00 0.000000e+00 0.000000e+00 0.000000e+00 0.000000e+00 0.000000e+00 0.000000e+00
   51    1      2      0    0      1      -1      -1   100 2.000000e-02 0.12000000 0.15000000 0.18000000 0.120000000 0.10000000 0.100000000 0.060000000 0.040000000 0.010000000 0.000000000 0.0000000000 0.0300000000 2.000000e-02 0.000000e+00 0.000000e+00 0.000000e+00 1.000000e-02 1.000000e-02 0.000000e+00 1.000000e-02 1.000000e-02 0.000000e+00 0.000000e+00 1.000000e-02
   52    1      2      0    0      1      -1      -1   100 7.000000e-02 0.10000000 0.20000000 0.10000000 0.130000000 0.06000000 0.120000000 0.050000000 0.040000000 0.020000000 0.030000000 0.0100000000 0.0000000000 2.000000e-02 0.000000e+00 0.000000e+00 2.000000e-02 0.000000e+00 0.000000e+00 1.000000e-02 0.000000e+00 1.000000e-02 0.000000e+00 0.000000e+00 1.000000e-02
   53    1      2      0    0      1      -1      -1   100 6.000000e-02 0.17000000 0.10000000 0.14000000 0.060000000 0.08000000 0.090000000 0.140000000 0.030000000 0.030000000 0.050000000 0.0100000000 0.0000000000 0.000000e+00 2.000000e-02 1.000000e-02 0.000000e+00 1.000000e-02 0.000000e+00 0.000000e+00 0.000000e+00 0.000000e+00 0.000000e+00 0.000000e+00 0.000000e+00
   54    1      2      0    0      1      -1      -1   100 9.000000e-02 0.14000000 0.14000000 0.09000000 0.120000000 0.02000000 0.080000000 0.050000000 0.080000000 0.050000000 0.020000000 0.0500000000 0.0100000000 0.000000e+00 1.000000e-02 3.000000e-02 2.000000e-02 0.000000e+00 0.000000e+00 0.000000e+00 0.000000e+00 0.000000e+00 0.000000e+00 0.000000e+00 0.000000e+00
   55    1      2      0    0      1      -1      -1   100 1.200000e-01 0.22000000 0.16000000 0.16000000 0.090000000 0.03000000 0.020000000 0.070000000 0.010000000 0.040000000 0.020000000 0.0200000000 0.0100000000 0.000000e+00 1.000000e-02 0.000000e+00 1.000000e-02 0.000000e+00 0.000000e+00 0.000000e+00 0.000000e+00 1.000000e-02 0.000000e+00 0.000000e+00 0.000000e+00
   56    1      2      0    0      1      -1      -1   100 7.000000e-02 0.35000000 0.17000000 0.15000000 0.090000000 0.02000000 0.030000000 0.020000000 0.030000000 0.000000000 0.020000000 0.0200000000 0.0000000000 0.000000e+00 0.000000e+00 1.000000e-02 1.000000e-02 0.000000e+00 0.000000e+00 0.000000e+00 0.000000e+00 0.000000e+00 0.000000e+00 1.000000e-02 0.000000e+00
   57    1      2      0    0      1      -1      -1   100 2.000000e-02 0.21000000 0.30000000 0.18000000 0.070000000 0.06000000 0.020000000 0.050000000 0.000000000 0.040000000 0.020000000 0.0000000000 0.0000000000 0.000000e+00 1.000000e-02 0.000000e+00 0.000000e+00 2.000000e-02 0.000000e+00 0.000000e+00 0.000000e+00 0.000000e+00 0.000000e+00 0.000000e+00 0.000000e+00
   58    1      2      0    0      1      -1      -1   100 3.000000e-02 0.09000000 0.24000000 0.28000000 0.090000000 0.02000000 0.050000000 0.070000000 0.000000000 0.020000000 0.020000000 0.0100000000 0.0100000000 3.000000e-02 4.000000e-02 0.000000e+00 0.000000e+00 0.000000e+00 0.000000e+00 0.000000e+00 0.000000e+00 0.000000e+00 0.000000e+00 0.000000e+00 0.000000e+00
   59    1      2      0    0      1      -1      -1   100 2.000000e-02 0.16000000 0.10000000 0.25000000 0.180000000 0.11000000 0.040000000 0.040000000 0.000000000 0.030000000 0.010000000 0.0100000000 0.0100000000 1.000000e-02 0.000000e+00 0.000000e+00 1.000000e-02 1.000000e-02 0.000000e+00 1.000000e-02 0.000000e+00 0.000000e+00 0.000000e+00 0.000000e+00 0.000000e+00
   60    1      2      0    0      1      -1      -1   100 9.000000e-02 0.21000000 0.20000000 0.04000000 0.070000000 0.16000000 0.080000000 0.030000000 0.020000000 0.010000000 0.000000000 0.0000000000 0.0000000000 4.000000e-02 1.000000e-02 0.000000e+00 1.000000e-02 1.000000e-02 0.000000e+00 0.000000e+00 0.000000e+00 1.000000e-02 0.000000e+00 0.000000e+00 1.000000e-02
   61    1      2      0    0      1      -1      -1   100 3.000000e-02 0.24000000 0.11000000 0.20000000 0.040000000 0.14000000 0.140000000 0.010000000 0.020000000 0.010000000 0.010000000 0.0100000000 0.0100000000 1.000000e-02 0.000000e+00 0.000000e+00 1.000000e-02 1.000000e-02 0.000000e+00 0.000000e+00 0.000000e+00 0.000000e+00 0.000000e+00 0.000000e+00 0.000000e+00
   62    1      2      0    0      1      -1      -1   100 4.000000e-02 0.12000000 0.27000000 0.11000000 0.080000000 0.01000000 0.110000000 0.110000000 0.040000000 0.050000000 0.010000000 0.0000000000 0.0200000000 0.000000e+00 1.000000e-02 1.000000e-02 1.000000e-02 0.000000e+00 0.000000e+00 0.000000e+00 0.000000e+00 0.000000e+00 0.000000e+00 0.000000e+00 0.000000e+00
   63    1      2      0    0      1      -1      -1   100 3.000000e-02 0.19000000 0.15000000 0.30000000 0.080000000 0.07000000 0.030000000 0.070000000 0.050000000 0.010000000 0.000000000 0.0000000000 0.0000000000 0.000000e+00 0.000000e+00 1.000000e-02 0.000000e+00 0.000000e+00 0.000000e+00 0.000000e+00 0.000000e+00 0.000000e+00 0.000000e+00 0.000000e+00 1.000000e-02
   64    1      2      0    0      1      -1      -1   100 5.000000e-02 0.08000000 0.15000000 0.16000000 0.170000000 0.08000000 0.040000000 0.040000000 0.080000000 0.080000000 0.020000000 0.0100000000 0.0000000000 1.000000e-02 1.000000e-02 1.000000e-02 1.000000e-02 0.000000e+00 0.000000e+00 0.000000e+00 0.000000e+00 0.000000e+00 0.000000e+00 0.000000e+00 0.000000e+00
   65    1      2      0    0      1      -1      -1   100 5.000000e-02 0.22000000 0.13000000 0.10000000 0.110000000 0.12000000 0.030000000 0.050000000 0.050000000 0.030000000 0.040000000 0.0200000000 0.0400000000 0.000000e+00 0.000000e+00 0.000000e+00 1.000000e-02 0.000000e+00 0.000000e+00 0.000000e+00 0.000000e+00 0.000000e+00 0.000000e+00 0.000000e+00 0.000000e+00
   66    1      2      0    0      1      -1      -1   100 9.000000e-02 0.14000000 0.20000000 0.08000000 0.080000000 0.10000000 0.110000000 0.030000000 0.030000000 0.010000000 0.010000000 0.0300000000 0.0300000000 0.000000e+00 1.000000e-02 3.000000e-02 0.000000e+00 0.000000e+00 1.000000e-02 0.000000e+00 0.000000e+00 0.000000e+00 0.000000e+00 1.000000e-02 0.000000e+00
   67    1      2      0    0      1      -1      -1   100 8.000000e-02 0.34000000 0.07000000 0.14000000 0.020000000 0.06000000 0.040000000 0.070000000 0.040000000 0.040000000 0.000000000 0.0200000000 0.0300000000 3.000000e-02 0.000000e+00 1.000000e-02 0.000000e+00 1.000000e-02 0.000000e+00 0.000000e+00 0.000000e+00 0.000000e+00 0.000000e+00 0.000000e+00 0.000000e+00
   68    1      2      0    0      1      -1      -1   100 7.000000e-02 0.18000000 0.35000000 0.06000000 0.080000000 0.05000000 0.050000000 0.020000000 0.050000000 0.020000000 0.010000000 0.0100000000 0.0100000000 1.000000e-02 0.000000e+00 0.000000e+00 0.000000e+00 0.000000e+00 0.000000e+00 1.000000e-02 0.000000e+00 1.000000e-02 1.000000e-02 0.000000e+00 0.000000e+00
   69    1      2      0    0      1      -1      -1   100 2.000000e-02 0.15000000 0.11000000 0.30000000 0.060000000 0.09000000 0.070000000 0.060000000 0.010000000 0.040000000 0.020000000 0.0200000000 0.0100000000 0.000000e+00 3.000000e-02 0.000000e+00 0.000000e+00 0.000000e+00 0.000000e+00 1.000000e-02 0.000000e+00 0.000000e+00 0.000000e+00 0.000000e+00 0.000000e+00
   70    1      2      0    0      1      -1      -1   100 6.000000e-02 0.20000000 0.08000000 0.15000000 0.190000000 0.06000000 0.090000000 0.030000000 0.040000000 0.010000000 0.060000000 0.0100000000 0.0000000000 0.000000e+00 0.000000e+00 2.000000e-02 0.000000e+00 0.000000e+00 0.000000e+00 0.000000e+00 0.000000e+00 0.000000e+00 0.000000e+00 0.000000e+00 0.000000e+00
   71    1      2      0    0      1      -1      -1   100 5.000000e-02 0.19000000 0.19000000 0.07000000 0.120000000 0.12000000 0.030000000 0.050000000 0.060000000 0.030000000 0.020000000 0.0200000000 0.0000000000 1.000000e-02 1.000000e-02 2.000000e-02 1.000000e-02 0.000000e+00 0.000000e+00 0.000000e+00 0.000000e+00 0.000000e+00 0.000000e+00 0.000000e+00 0.000000e+00
   72    1      2      0    0      1      -1      -1   100 3.000000e-02 0.14000000 0.26000000 0.07000000 0.090000000 0.07000000 0.110000000 0.020000000 0.030000000 0.040000000 0.030000000 0.0200000000 0.0400000000 0.000000e+00 1.000000e-02 0.000000e+00 1.000000e-02 0.000000e+00 2.000000e-02 0.000000e+00 1.000000e-02 0.000000e+00 0.000000e+00 0.000000e+00 0.000000e+00
   73    1      2      0    0      1      -1      -1   100 3.000000e-02 0.14000000 0.15000000 0.13000000 0.110000000 0.06000000 0.070000000 0.140000000 0.020000000 0.080000000 0.010000000 0.0100000000 0.0000000000 1.000000e-02 0.000000e+00 2.000000e-02 0.000000e+00 1.000000e-02 0.000000e+00 0.000000e+00 0.000000e+00 1.000000e-02 0.000000e+00 0.000000e+00 0.000000e+00
   74    1      2      0    0      1      -1      -1   100 4.000000e-02 0.24000000 0.18000000 0.09000000 0.140000000 0.05000000 0.010000000 0.040000000 0.090000000 0.000000000 0.040000000 0.0200000000 0.0200000000 1.000000e-02 0.000000e+00 1.000000e-02 1.000000e-02 0.000000e+00 0.000000e+00 0.000000e+00 0.000000e+00 0.000000e+00 1.000000e-02 0.000000e+00 0.000000e+00
   75    1      2      0    0      1      -1      -1   100 3.000000e-02 0.17000000 0.20000000 0.13000000 0.030000000 0.10000000 0.080000000 0.070000000 0.040000000 0.070000000 0.000000000 0.0000000000 0.0200000000 1.000000e-02 0.000000e+00 1.000000e-02 2.000000e-02 2.000000e-02 0.000000e+00 0.000000e+00 0.000000e+00 0.000000e+00 0.000000e+00 0.000000e+00 0.000000e+00
   76    1      2      0    0      1      -1      -1   100 4.000000e-02 0.17000000 0.11000000 0.17000000 0.120000000 0.09000000 0.080000000 0.040000000 0.040000000 0.030000000 0.030000000 0.0000000000 0.0100000000 2.000000e-02 3.000000e-02 0.000000e+00 0.000000e+00 0.000000e+00 0.000000e+00 0.000000e+00 2.000000e-02 0.000000e+00 0.000000e+00 0.000000e+00 0.000000e+00
   77    1      2      0    0      1      -1      -1   100 1.500000e-01 0.16000000 0.10000000 0.10000000 0.110000000 0.08000000 0.050000000 0.080000000 0.030000000 0.020000000 0.050000000 0.0400000000 0.0000000000 0.000000e+00 0.000000e+00 1.000000e-02 1.000000e-02 0.000000e+00 0.000000e+00 0.000000e+00 0.000000e+00 1.000000e-02 0.000000e+00 0.000000e+00 0.000000e+00
   78    1      2      0    0      1      -1      -1   100 9.000000e-02 0.33000000 0.15000000 0.08000000 0.060000000 0.04000000 0.100000000 0.010000000 0.040000000 0.020000000 0.020000000 0.0000000000 0.0400000000 0.000000e+00 0.000000e+00 0.000000e+00 0.000000e+00 0.000000e+00 0.000000e+00 1.000000e-02 0.000000e+00 0.000000e+00 1.000000e-02 0.000000e+00 0.000000e+00
   79    1      2      0    0      1      -1      -1   100 1.000000e-02 0.21000000 0.22000000 0.13000000 0.070000000 0.06000000 0.110000000 0.040000000 0.020000000 0.050000000 0.020000000 0.0000000000 0.0100000000 1.000000e-02 0.000000e+00 1.000000e-02 0.000000e+00 0.000000e+00 0.000000e+00 1.000000e-02 0.000000e+00 0.000000e+00 0.000000e+00 1.000000e-02 1.000000e-02
   80    1      2      0    0      1      -1      -1   100 4.000000e-02 0.09000000 0.27000000 0.19000000 0.120000000 0.04000000 0.050000000 0.020000000 0.030000000 0.040000000 0.030000000 0.0300000000 0.0100000000 1.000000e-02 0.000000e+00 1.000000e-02 0.000000e+00 0.000000e+00 1.000000e-02 0.000000e+00 1.000000e-02 0.000000e+00 0.000000e+00 0.000000e+00 0.000000e+00
   81    1      2      0    0      1      -1      -1   100 5.000000e-02 0.17000000 0.10000000 0.15000000 0.150000000 0.12000000 0.020000000 0.050000000 0.060000000 0.060000000 0.010000000 0.0100000000 0.0100000000 0.000000e+00 1.000000e-02 0.000000e+00 1.000000e-02 0.000000e+00 0.000000e+00 1.000000e-02 0.000000e+00 1.000000e-02 0.000000e+00 0.000000e+00 0.000000e+00
   82    1      2      0    0      1      -1      -1   100 7.000000e-02 0.15000000 0.13000000 0.11000000 0.190000000 0.10000000 0.070000000 0.040000000 0.030000000 0.010000000 0.020000000 0.0100000000 0.0000000000 4.000000e-02 1.000000e-02 1.000000e-02 0.000000e+00 0.000000e+00 0.000000e+00 0.000000e+00 0.000000e+00 1.000000e-02 0.000000e+00 0.000000e+00 0.000000e+00
   83    1      2      0    0      1      -1      -1   100 2.000000e-02 0.31000000 0.08000000 0.09000000 0.060000000 0.11000000 0.120000000 0.040000000 0.010000000 0.050000000 0.020000000 0.0200000000 0.0100000000 3.000000e-02 0.000000e+00 1.000000e-02 0.000000e+00 2.000000e-02 0.000000e+00 0.000000e+00 0.000000e+00 0.000000e+00 0.000000e+00 0.000000e+00 0.000000e+00
   84    1      2      0    0      1      -1      -1   100 4.000000e-02 0.16000000 0.31000000 0.07000000 0.060000000 0.04000000 0.080000000 0.110000000 0.050000000 0.020000000 0.020000000 0.0300000000 0.0000000000 0.000000e+00 0.000000e+00 0.000000e+00 0.000000e+00 0.000000e+00 0.000000e+00 1.000000e-02 0.000000e+00 0.000000e+00 0.000000e+00 0.000000e+00 0.000000e+00
   85    1      2      0    0      1      -1      -1   100 4.000000e-02 0.10000000 0.21000000 0.19000000 0.060000000 0.03000000 0.050000000 0.160000000 0.050000000 0.050000000 0.000000000 0.0000000000 0.0100000000 3.000000e-02 0.000000e+00 0.000000e+00 0.000000e+00 1.000000e-02 0.000000e+00 1.000000e-02 0.000000e+00 0.000000e+00 0.000000e+00 0.000000e+00 0.000000e+00
   86    1      2      0    0      1      -1      -1   100 3.000000e-02 0.24000000 0.08000000 0.22000000 0.160000000 0.04000000 0.010000000 0.020000000 0.060000000 0.060000000 0.030000000 0.0100000000 0.0000000000 3.000000e-02 0.000000e+00 0.000000e+00 0.000000e+00 1.000000e-02 0.000000e+00 0.000000e+00 0.000000e+00 0.000000e+00 0.000000e+00 0.000000e+00 0.000000e+00
   87    1      2      0    0      1      -1      -1   100 2.000000e-02 0.21000000 0.12000000 0.14000000 0.110000000 0.16000000 0.040000000 0.020000000 0.020000000 0.020000000 0.060000000 0.0100000000 0.0300000000 0.000000e+00 1.000000e-02 1.000000e-02 0.000000e+00 0.000000e+00 1.000000e-02 0.000000e+00 0.000000e+00 1.000000e-02 0.000000e+00 0.000000e+00 0.000000e+00
   88    1      2      0    0      1      -1      -1   100 9.000000e-02 0.10000000 0.25000000 0.10000000 0.070000000 0.08000000 0.100000000 0.020000000 0.050000000 0.000000000 0.050000000 0.0300000000 0.0100000000 2.000000e-02 0.000000e+00 0.000000e+00 0.000000e+00 0.000000e+00 1.000000e-02 1.000000e-02 0.000000e+00 0.000000e+00 0.000000e+00 0.000000e+00 1.000000e-02
   89    1      2      0    0      1      -1      -1   100 2.000000e-02 0.25000000 0.12000000 0.19000000 0.070000000 0.08000000 0.100000000 0.040000000 0.030000000 0.030000000 0.010000000 0.0300000000 0.0000000000 1.000000e-02 0.000000e+00 0.000000e+00 0.000000e+00 1.000000e-02 0.000000e+00 1.000000e-02 0.000000e+00 0.000000e+00 0.000000e+00 0.000000e+00 0.000000e+00
   90    1      2      0    0      1      -1      -1   100 5.000000e-02 0.26000000 0.23000000 0.10000000 0.090000000 0.05000000 0.020000000 0.060000000 0.050000000 0.000000000 0.010000000 0.0200000000 0.0100000000 3.000000e-02 1.000000e-02 1.000000e-02 0.000000e+00 0.000000e+00 0.000000e+00 0.000000e+00 0.000000e+00 0.000000e+00 0.000000e+00 0.000000e+00 0.000000e+00
   91    1      2      0    0      1      -1      -1   100 9.000000e-02 0.17000000 0.21000000 0.17000000 0.100000000 0.07000000 0.070000000 0.030000000 0.020000000 0.040000000 0.010000000 0.0000000000 0.0000000000 0.000000e+00 1.000000e-02 1.000000e-02 0.000000e+00 0.000000e+00 0.000000e+00 0.000000e+00 0.000000e+00 0.000000e+00 0.000000e+00 0.000000e+00 0.000000e+00
   92    1      2      0    0      1      -1      -1   100 8.000000e-02 0.20000000 0.19000000 0.10000000 0.220000000 0.04000000 0.050000000 0.040000000 0.010000000 0.010000000 0.020000000 0.0100000000 0.0100000000 0.000000e+00 0.000000e+00 0.000000e+00 0.000000e+00 0.000000e+00 0.000000e+00 0.000000e+00 0.000000e+00 0.000000e+00 2.000000e-02 0.000000e+00 0.000000e+00
   93    1      2      0    0      1      -1      -1   100 2.000000e-02 0.36000000 0.13000000 0.12000000 0.110000000 0.13000000 0.010000000 0.050000000 0.030000000 0.010000000 0.020000000 0.0000000000 0.0100000000 0.000000e+00 0.000000e+00 0.000000e+00 0.000000e+00 0.000000e+00 0.000000e+00 0.000000e+00 0.000000e+00 0.000000e+00 0.000000e+00 0.000000e+00 0.000000e+00
   94    1      2      0    0      1      -1      -1   100 3.000000e-02 0.11000000 0.41000000 0.14000000 0.120000000 0.07000000 0.050000000 0.020000000 0.000000000 0.000000000 0.010000000 0.0200000000 0.0100000000 0.000000e+00 0.000000e+00 0.000000e+00 1.000000e-02 0.000000e+00 0.000000e+00 0.000000e+00 0.000000e+00 0.000000e+00 0.000000e+00 0.000000e+00 0.000000e+00
   95    1      2      0    0      1      -1      -1   100 2.000000e-02 0.18000000 0.09000000 0.30000000 0.100000000 0.10000000 0.090000000 0.020000000 0.030000000 0.020000000 0.000000000 0.0000000000 0.0100000000 0.000000e+00 0.000000e+00 2.000000e-02 0.000000e+00 0.000000e+00 0.000000e+00 0.000000e+00 0.000000e+00 0.000000e+00 0.000000e+00 1.000000e-02 1.000000e-02
   96    1      2      0    0      1      -1      -1   100 1.000000e-01 0.07000000 0.13000000 0.14000000 0.220000000 0.07000000 0.050000000 0.030000000 0.090000000 0.010000000 0.010000000 0.0200000000 0.0100000000 3.000000e-02 0.000000e+00 0.000000e+00 0.000000e+00 1.000000e-02 0.000000e+00 1.000000e-02 0.000000e+00 0.000000e+00 0.000000e+00 0.000000e+00 0.000000e+00
   97    1      2      0    0      1      -1      -1   100 2.000000e-02 0.26000000 0.03000000 0.10000000 0.050000000 0.25000000 0.070000000 0.080000000 0.070000000 0.020000000 0.000000000 0.0100000000 0.0100000000 0.000000e+00 0.000000e+00 1.000000e-02 0.000000e+00 0.000000e+00 0.000000e+00 0.000000e+00 0.000000e+00 1.000000e-02 1.000000e-02 0.000000e+00 0.000000e+00
   98    1      2      0    0      1      -1      -1   100 2.000000e-02 0.34000000 0.19000000 0.03000000 0.110000000 0.03000000 0.140000000 0.040000000 0.020000000 0.020000000 0.000000000 0.0100000000 0.0100000000 1.000000e-02 0.000000e+00 0.000000e+00 2.000000e-02 0.000000e+00 0.000000e+00 0.000000e+00 0.000000e+00 0.000000e+00 0.000000e+00 0.000000e+00 1.000000e-02
   99    1      2      0    0      1      -1      -1   100 4.000000e-02 0.15000000 0.22000000 0.27000000 0.030000000 0.01000000 0.030000000 0.090000000 0.030000000 0.020000000 0.040000000 0.0200000000 0.0000000000 0.000000e+00 3.000000e-02 0.000000e+00 0.000000e+00 0.000000e+00 0.000000e+00 0.000000e+00 0.000000e+00 0.000000e+00 1.000000e-02 0.000000e+00 1.000000e-02
  100    1      2      0    0      1      -1      -1   100 6.000000e-02 0.16000000 0.12000000 0.20000000 0.190000000 0.03000000 0.010000000 0.010000000 0.060000000 0.010000000 0.050000000 0.0300000000 0.0500000000 1.000000e-02 0.000000e+00 0.000000e+00 0.000000e+00 0.000000e+00 0.000000e+00 0.000000e+00 0.000000e+00 1.000000e-02 0.000000e+00 0.000000e+00 0.000000e+00
0 #_N_MeanSize_at_Age_obs
0 #_N_environ_variables
0 #_N_environ_obs
0 #_N_sizefreq_methods
0 #_do_tags
0 #_morphcomp_data
#
999
