#C data file created using the SS_writedat function in the R package r4ss
#C should work with SS version: 
#C file write time: 2014-11-05 23:44:47
#
1 #_styr
100 #_endyr
1 #_nseas
12 #_months_per_seas
1 #_spawn_seas
1 #_Nfleet
2 #_Nsurveys
1 #_N_areas
Fishery%Survey%CPUE #_fleetnames
0.5 0.5 0.5 #_surveytiming_in_season
1 1 1 #_area_assignments_for_each_fishery_and_survey
1 #_units of catch:  1=bio; 2=num
0.01 #_se of log(catch) only used for init_eq_catch and for Fmethod 2 and 3
1 #_Ngenders
25 #_Nages
0 #_init_equil_catch_for_each_fishery
100 #_N_lines_of_catch_to_read
 #_Fishery year seas
         0    1    1
         0    2    1
         0    3    1
         0    4    1
         0    5    1
         0    6    1
         0    7    1
         0    8    1
         0    9    1
         0   10    1
         0   11    1
         0   12    1
         0   13    1
         0   14    1
         0   15    1
         0   16    1
         0   17    1
         0   18    1
         0   19    1
         0   20    1
         0   21    1
         0   22    1
         0   23    1
         0   24    1
         0   25    1
 314224000   26    1
 309973000   27    1
 301783000   28    1
 287365000   29    1
 274352000   30    1
 261235000   31    1
 249707000   32    1
 237850000   33    1
 227659000   34    1
 217262000   35    1
 208015000   36    1
 200615000   37    1
 196617000   38    1
 190469000   39    1
 180805000   40    1
 171456000   41    1
 163769000   42    1
 155918000   43    1
 148932000   44    1
 145621000   45    1
 144514000   46    1
 142602000   47    1
 141213000   48    1
 138708000   49    1
 138739000   50    1
 139374000   51    1
 141708000   52    1
 145212000   53    1
 147115000   54    1
 146342000   55    1
 145584000   56    1
 144907000   57    1
 145463000   58    1
 146553000   59    1
 148045000   60    1
 147201000   61    1
 141661000   62    1
 136684000   63    1
 135664000   64    1
 136434000   65    1
 139416000   66    1
 143246000   67    1
 147624000   68    1
 148975000   69    1
 151557000   70    1
 157816000   71    1
 159227000   72    1
 157493000   73    1
 154244000   74    1
 150060000   75    1
 149121000   76    1
 153034000   77    1
 158524000   78    1
 160180000   79    1
 158698000   80    1
 155534000   81    1
 150565000   82    1
 147629000   83    1
 147881000   84    1
 146753000   85    1
 146908000   86    1
 147134000   87    1
 145302000   88    1
 143857000   89    1
 141386000   90    1
 140839000   91    1
 141116000   92    1
 139356000   93    1
 137682000   94    1
 135276000   95    1
 133784000   96    1
 132217000   97    1
 128920000   98    1
 126887000   99    1
 131157000  100    1
13 #_N_cpue
 #_Fleet Units Errtype
       1     1       0
       2     1       0
       3     1       0
 #_year seas index        obs se_log
     76    1     2 1793567903    0.2
     78    1     2 2206149194    0.2
     80    1     2 2167025543    0.2
     82    1     2 1693647254    0.2
     84    1     2 2570520635    0.2
     86    1     2 3184080452    0.2
     88    1     2 2514318940    0.2
     90    1     2 1989532283    0.2
     92    1     2 2605409620    0.2
     94    1     2 2263286087    0.2
     96    1     2 1753825912    0.2
     98    1     2 1579004147    0.2
    100    1     2 2323614235    0.2
0 #_N_discard_fleets
#_discard_units (1=same_as_catchunits(bio/num); 2=fraction; 3=numbers)
#_discard_errtype:  >0 for DF of T-dist(read CV below); 0 for normal with CV; -1 for normal with se; -2 for lognormal
0 #_N_discard
0 #_N_meanbodywt
1 #_DF_for_meanbodywt_T-distribution_like
2 # length bin method: 1=use databins; 2=generate from binwidth,min,max below; 3=read vector
1 # binwidth for population size comp
10 # minimum size in the population (lower edge of first bin and size at age 0.00)
200 # maximum size in the population (lower edge of last bin)
-0.001 #_comp_tail_compression
1e-05 #_add_to_comp
0 #_combine males into females at or below this bin number
21 #_N_lbins
#_lbin_vector
10 53 70 83 94 101 107 111 114 117 120 123 125 127 130 132 135 138 142 148 200
0 #_N_Length_comp_observations
25 #_N_agebins
#_agebin_vector
1 2 3 4 5 6 7 8 9 10 11 12 13 14 15 16 17 18 19 20 21 22 23 24 25
1 #_N_ageerror_definitions
 #_age0   age1   age2   age3   age4   age5   age6   age7   age8   age9  age10  age11  age12  age13  age14  age15  age16  age17  age18  age19  age20  age21  age22  age23  age24  age25
 -1.000 -1.000 -1.000 -1.000 -1.000 -1.000 -1.000 -1.000 -1.000 -1.000 -1.000 -1.000 -1.000 -1.000 -1.000 -1.000 -1.000 -1.000 -1.000 -1.000 -1.000 -1.000 -1.000 -1.000 -1.000 -1.000
  0.001  0.001  0.001  0.001  0.001  0.001  0.001  0.001  0.001  0.001  0.001  0.001  0.001  0.001  0.001  0.001  0.001  0.001  0.001  0.001  0.001  0.001  0.001  0.001  0.001  0.001
34 #_N_agecomp
1 #_Lbin_method: 1=poplenbins; 2=datalenbins; 3=lengths
-1 #_combine males into females at or below this bin number
 #_Yr Seas FltSvy Gender Part Ageerr Lbin_lo Lbin_hi Nsamp          a1         a2         a3         a4         a5         a6         a7         a8         a9         a10         a11         a12         a13         a14          a15          a16          a17          a18          a19          a20          a21          a22          a23          a24          a25
   50    1      1      0    0      1      -1      -1   200 0.005716454 0.17301208 0.21946639 0.09720708 0.14100479 0.03758096 0.10711099 0.07504826 0.03729792 0.022624077 0.014668675 0.005213502 0.001384318 0.011447192 0.0130882680 9.020890e-04 1.780844e-02 1.616958e-03 4.139129e-03 1.070547e-02 1.545678e-06 2.872340e-03 3.446370e-05 8.566631e-25 4.860082e-05
   60    1      1      0    0      1      -1      -1   200 0.007736224 0.13480059 0.18529418 0.15343703 0.15015816 0.07085520 0.08255706 0.03203490 0.04860033 0.056725849 0.020435189 0.005127387 0.017326332 0.006945334 0.0046649391 1.337131e-03 9.428838e-03 1.308495e-03 1.603636e-03 4.831532e-04 8.234473e-06 1.041512e-09 4.569572e-05 1.245196e-10 9.086109e-03
   70    1      1      0    0      1      -1      -1   200 0.009356066 0.28672922 0.12601583 0.11639006 0.13826346 0.08788100 0.04516779 0.05884311 0.04822884 0.008300000 0.006087283 0.017273390 0.012806181 0.012677817 0.0050238316 1.733126e-04 7.611098e-04 7.205453e-03 3.938121e-05 4.762290e-04 7.970959e-04 1.343543e-05 1.143670e-02 7.228843e-07 5.268313e-05
   75    1      1      0    0      1      -1      -1   200 0.028782264 0.15787015 0.09159191 0.18026601 0.07531073 0.10051693 0.13198776 0.03331805 0.07848710 0.040445470 0.010166457 0.019308538 0.011165168 0.011855962 0.0004840783 8.650730e-04 1.042435e-03 6.522613e-04 1.416830e-02 5.239709e-03 1.655270e-08 4.887712e-03 2.652660e-04 2.436845e-04 1.078968e-03
   76    1      1      0    0      1      -1      -1   200 0.046345470 0.18284256 0.15846461 0.10405349 0.06969884 0.04856244 0.09551630 0.11739631 0.07470586 0.022416725 0.031371769 0.016221178 0.005939840 0.005394646 0.0028782216 1.379192e-03 6.891985e-05 3.744386e-03 8.549899e-04 4.360220e-03 2.204389e-04 3.318888e-03 7.901443e-11 1.637038e-06 4.243068e-03
   79    1      1      0    0      1      -1      -1   200 0.008917232 0.06323834 0.12594025 0.29265218 0.16420156 0.10488253 0.05251172 0.04571653 0.02149312 0.025420293 0.029061546 0.003789346 0.006128031 0.001108389 0.0074420676 3.424377e-02 1.035277e-04 9.260570e-03 1.112540e-07 6.735366e-04 1.968626e-11 1.521316e-04 7.919597e-05 6.027811e-05 2.923729e-03
   82    1      1      0    0      1      -1      -1   200 0.033220133 0.12181182 0.13269563 0.13755983 0.06387379 0.10936897 0.12676700 0.08403858 0.04503677 0.012893756 0.028061320 0.015170089 0.041677894 0.017659542 0.0102504742 4.369415e-03 6.160591e-03 5.272923e-04 1.170590e-03 4.003246e-03 3.656044e-03 1.229918e-06 7.612625e-11 1.562505e-07 2.583329e-05
   85    1      1      0    0      1      -1      -1   200 0.041846439 0.14120736 0.22742517 0.21279165 0.06656234 0.04000591 0.03741195 0.03950083 0.05153346 0.036056070 0.029239244 0.008905359 0.007993446 0.004399384 0.0095350297 8.654760e-04 3.386687e-03 1.049643e-02 1.471041e-03 1.638639e-02 4.358667e-03 1.584718e-03 6.233573e-08 5.359552e-05 6.983292e-03
   88    1      1      0    0      1      -1      -1   200 0.009752091 0.19052800 0.12624583 0.18841052 0.10414364 0.06296667 0.12486066 0.04468450 0.02908664 0.019276550 0.038488523 0.014817196 0.011260845 0.010317768 0.0104873224 4.862701e-03 1.790241e-03 1.462002e-06 1.429888e-05 1.643948e-03 7.111592e-04 3.723053e-03 1.459664e-03 6.480107e-12 4.667061e-04
   89    1      1      0    0      1      -1      -1   200 0.024955942 0.11568988 0.21145580 0.08386313 0.15881728 0.13356540 0.06719337 0.06968039 0.04020347 0.031906055 0.010873164 0.001412514 0.015442264 0.004325725 0.0074030847 2.119257e-03 2.821310e-03 4.389924e-03 4.525596e-04 1.316970e-03 7.593458e-03 2.140387e-06 7.998890e-04 9.923525e-09 3.717013e-03
   91    1      1      0    0      1      -1      -1   200 0.001489569 0.19473389 0.19392414 0.08193839 0.12736100 0.08213640 0.11564258 0.05707925 0.02027117 0.048827637 0.010139698 0.023298361 0.006242109 0.001131594 0.0067290757 1.088345e-02 1.054233e-02 3.236699e-03 2.085200e-04 1.705446e-03 8.307771e-04 1.406090e-05 6.970385e-07 5.956165e-13 1.633142e-03
   93    1      1      0    0      1      -1      -1   200 0.003598477 0.10713615 0.15839959 0.24876703 0.11559652 0.06516211 0.07423546 0.02111733 0.06398841 0.042575522 0.016806854 0.016778907 0.016783977 0.014119075 0.0175668865 7.689372e-05 2.469221e-03 7.598400e-03 9.974059e-04 5.437708e-04 1.956209e-03 2.433594e-03 4.058933e-07 4.958795e-05 1.242194e-03
   95    1      1      0    0      1      -1      -1   200 0.013927749 0.18059863 0.15066211 0.16420626 0.08439630 0.12954214 0.06388454 0.03019867 0.06868384 0.006047768 0.032053673 0.021722189 0.007938216 0.013418403 0.0027960617 2.741437e-03 1.570320e-02 3.097202e-03 8.888750e-04 7.301362e-04 1.109430e-03 5.638927e-05 2.414005e-07 5.486854e-07 5.595979e-03
   97    1      1      0    0      1      -1      -1   200 0.007382425 0.08814542 0.19822440 0.18016667 0.06937203 0.13437289 0.04895007 0.07220244 0.05461114 0.039135040 0.033099004 0.017296271 0.034460218 0.002192637 0.0026282348 5.176770e-03 3.417068e-04 2.611749e-03 5.080357e-04 1.850486e-03 3.842172e-04 9.067174e-04 1.849196e-03 4.657727e-05 4.085646e-03
   98    1      1      0    0      1      -1      -1   200 0.039663839 0.10966839 0.17860105 0.20021471 0.10970510 0.08315698 0.06520992 0.02721933 0.05703103 0.041142386 0.018773383 0.008840195 0.011562340 0.011352704 0.0056191233 3.196671e-03 6.757735e-03 9.789067e-03 2.322133e-05 3.439365e-03 1.950026e-05 1.647764e-07 4.100100e-03 3.788630e-03 1.125068e-03
   99    1      1      0    0      1      -1      -1   200 0.039728054 0.22828605 0.14400077 0.12608129 0.11403900 0.07027967 0.03417698 0.05061024 0.02099179 0.049045015 0.032024583 0.017579114 0.021519092 0.006571788 0.0058542696 1.753041e-03 1.112412e-02 2.205068e-02 7.691452e-04 8.740928e-05 5.389984e-04 1.464436e-04 1.311483e-04 2.597885e-05 2.585333e-03
  100    1      1      0    0      1      -1      -1   200 0.020152615 0.31757618 0.21506678 0.08537549 0.08318791 0.08746643 0.06996720 0.01981725 0.03849332 0.014081177 0.012102259 0.008510722 0.006099716 0.009209448 0.0001457170 3.715739e-03 1.135443e-03 2.480902e-03 6.511581e-04 2.418662e-04 9.414882e-05 1.857611e-03 7.179055e-06 1.391817e-04 2.424559e-03
   50    1      2      0    0      1      -1      -1   200 0.045000000 0.20500000 0.24500000 0.05000000 0.16000000 0.02500000 0.11000000 0.01000000 0.02000000 0.030000000 0.020000000 0.015000000 0.000000000 0.010000000 0.0250000000 0.000000e+00 1.000000e-02 0.000000e+00 5.000000e-03 0.000000e+00 5.000000e-03 0.000000e+00 0.000000e+00 0.000000e+00 1.000000e-02
   60    1      2      0    0      1      -1      -1   200 0.010000000 0.21000000 0.24000000 0.12000000 0.13500000 0.05500000 0.06000000 0.03000000 0.03000000 0.035000000 0.015000000 0.015000000 0.000000000 0.005000000 0.0050000000 1.000000e-02 5.000000e-03 5.000000e-03 0.000000e+00 0.000000e+00 5.000000e-03 0.000000e+00 0.000000e+00 1.000000e-02 0.000000e+00
   70    1      2      0    0      1      -1      -1   200 0.055000000 0.33000000 0.07000000 0.10500000 0.13000000 0.10000000 0.06500000 0.04500000 0.04500000 0.005000000 0.000000000 0.010000000 0.010000000 0.000000000 0.0200000000 0.000000e+00 5.000000e-03 0.000000e+00 0.000000e+00 5.000000e-03 0.000000e+00 0.000000e+00 0.000000e+00 0.000000e+00 0.000000e+00
   75    1      2      0    0      1      -1      -1   200 0.055000000 0.19500000 0.14500000 0.12500000 0.05000000 0.07500000 0.15500000 0.05500000 0.04000000 0.040000000 0.015000000 0.010000000 0.010000000 0.015000000 0.0000000000 0.000000e+00 0.000000e+00 5.000000e-03 5.000000e-03 0.000000e+00 0.000000e+00 0.000000e+00 0.000000e+00 0.000000e+00 5.000000e-03
   76    1      2      0    0      1      -1      -1   200 0.070000000 0.26500000 0.21000000 0.10000000 0.05500000 0.05500000 0.06000000 0.07000000 0.02000000 0.015000000 0.020000000 0.015000000 0.015000000 0.010000000 0.0100000000 0.000000e+00 0.000000e+00 0.000000e+00 0.000000e+00 0.000000e+00 0.000000e+00 0.000000e+00 0.000000e+00 0.000000e+00 1.000000e-02
   79    1      2      0    0      1      -1      -1   200 0.040000000 0.14500000 0.18500000 0.24500000 0.13000000 0.06500000 0.02000000 0.03000000 0.01500000 0.020000000 0.050000000 0.020000000 0.010000000 0.005000000 0.0050000000 5.000000e-03 5.000000e-03 5.000000e-03 0.000000e+00 0.000000e+00 0.000000e+00 0.000000e+00 0.000000e+00 0.000000e+00 0.000000e+00
   82    1      2      0    0      1      -1      -1   200 0.065000000 0.10000000 0.11000000 0.16500000 0.10500000 0.07500000 0.13500000 0.06000000 0.05000000 0.020000000 0.020000000 0.010000000 0.010000000 0.025000000 0.0050000000 1.500000e-02 1.000000e-02 5.000000e-03 5.000000e-03 0.000000e+00 0.000000e+00 0.000000e+00 0.000000e+00 5.000000e-03 5.000000e-03
   85    1      2      0    0      1      -1      -1   200 0.045000000 0.17500000 0.12500000 0.28000000 0.05500000 0.04500000 0.03000000 0.02000000 0.06500000 0.060000000 0.020000000 0.005000000 0.015000000 0.015000000 0.0050000000 1.000000e-02 1.000000e-02 1.000000e-02 0.000000e+00 5.000000e-03 0.000000e+00 5.000000e-03 0.000000e+00 0.000000e+00 0.000000e+00
   88    1      2      0    0      1      -1      -1   200 0.040000000 0.22000000 0.14500000 0.18500000 0.11000000 0.05500000 0.08000000 0.02000000 0.01500000 0.020000000 0.005000000 0.030000000 0.030000000 0.010000000 0.0050000000 1.500000e-02 0.000000e+00 0.000000e+00 0.000000e+00 1.000000e-02 0.000000e+00 5.000000e-03 0.000000e+00 0.000000e+00 0.000000e+00
   89    1      2      0    0      1      -1      -1   200 0.060000000 0.14000000 0.22000000 0.06500000 0.16000000 0.08000000 0.04000000 0.07000000 0.03500000 0.030000000 0.025000000 0.015000000 0.020000000 0.020000000 0.0200000000 0.000000e+00 0.000000e+00 0.000000e+00 0.000000e+00 0.000000e+00 0.000000e+00 0.000000e+00 0.000000e+00 0.000000e+00 0.000000e+00
   91    1      2      0    0      1      -1      -1   200 0.035000000 0.25500000 0.18500000 0.12000000 0.13000000 0.03500000 0.10000000 0.02500000 0.01500000 0.030000000 0.025000000 0.005000000 0.010000000 0.000000000 0.0100000000 5.000000e-03 1.000000e-02 5.000000e-03 0.000000e+00 0.000000e+00 0.000000e+00 0.000000e+00 0.000000e+00 0.000000e+00 0.000000e+00
   93    1      2      0    0      1      -1      -1   200 0.035000000 0.25500000 0.14000000 0.18500000 0.12500000 0.02500000 0.07500000 0.03000000 0.04000000 0.010000000 0.035000000 0.015000000 0.005000000 0.000000000 0.0100000000 0.000000e+00 5.000000e-03 1.000000e-02 0.000000e+00 0.000000e+00 0.000000e+00 0.000000e+00 0.000000e+00 0.000000e+00 0.000000e+00
   95    1      2      0    0      1      -1      -1   200 0.050000000 0.17500000 0.19000000 0.17500000 0.05500000 0.12500000 0.04000000 0.00500000 0.05000000 0.030000000 0.035000000 0.020000000 0.010000000 0.000000000 0.0050000000 1.000000e-02 5.000000e-03 0.000000e+00 1.000000e-02 0.000000e+00 1.000000e-02 0.000000e+00 0.000000e+00 0.000000e+00 0.000000e+00
   97    1      2      0    0      1      -1      -1   200 0.015000000 0.13000000 0.26000000 0.07500000 0.09500000 0.08500000 0.05500000 0.06000000 0.08000000 0.020000000 0.040000000 0.015000000 0.005000000 0.005000000 0.0150000000 3.000000e-02 5.000000e-03 0.000000e+00 0.000000e+00 0.000000e+00 0.000000e+00 0.000000e+00 1.000000e-02 0.000000e+00 0.000000e+00
   98    1      2      0    0      1      -1      -1   200 0.080000000 0.15500000 0.16500000 0.14000000 0.12000000 0.08500000 0.05000000 0.02000000 0.06000000 0.025000000 0.020000000 0.030000000 0.010000000 0.025000000 0.0050000000 5.000000e-03 0.000000e+00 0.000000e+00 5.000000e-03 0.000000e+00 0.000000e+00 0.000000e+00 0.000000e+00 0.000000e+00 0.000000e+00
   99    1      2      0    0      1      -1      -1   200 0.080000000 0.31000000 0.13500000 0.11000000 0.09000000 0.05500000 0.03000000 0.05000000 0.01000000 0.020000000 0.025000000 0.020000000 0.005000000 0.000000000 0.0200000000 5.000000e-03 1.000000e-02 1.500000e-02 0.000000e+00 5.000000e-03 5.000000e-03 0.000000e+00 0.000000e+00 0.000000e+00 0.000000e+00
  100    1      2      0    0      1      -1      -1   200 0.025000000 0.34000000 0.22000000 0.08000000 0.05000000 0.05500000 0.04000000 0.03500000 0.02500000 0.040000000 0.025000000 0.010000000 0.000000000 0.010000000 0.0000000000 1.500000e-02 1.000000e-02 5.000000e-03 1.000000e-02 0.000000e+00 5.000000e-03 0.000000e+00 0.000000e+00 0.000000e+00 0.000000e+00
0 #_N_MeanSize_at_Age_obs
0 #_N_environ_variables
0 #_N_environ_obs
0 #_N_sizefreq_methods
0 #_do_tags
0 #_morphcomp_data
#
999
