#C data file created using the SS_writedat function in the R package r4ss
#C should work with SS version: 
#C file write time: 2014-11-06 01:35:50
#
1 #_styr
100 #_endyr
1 #_nseas
12 #_months_per_seas
1 #_spawn_seas
1 #_Nfleet
2 #_Nsurveys
1 #_N_areas
Fishery%Survey%CPUE #_fleetnames
0.5 0.5 0.5 #_surveytiming_in_season
1 1 1 #_area_assignments_for_each_fishery_and_survey
1 #_units of catch:  1=bio; 2=num
0.01 #_se of log(catch) only used for init_eq_catch and for Fmethod 2 and 3
1 #_Ngenders
25 #_Nages
0 #_init_equil_catch_for_each_fishery
100 #_N_lines_of_catch_to_read
 #_Fishery year seas
         0    1    1
         0    2    1
         0    3    1
         0    4    1
         0    5    1
         0    6    1
         0    7    1
         0    8    1
         0    9    1
         0   10    1
         0   11    1
         0   12    1
         0   13    1
         0   14    1
         0   15    1
         0   16    1
         0   17    1
         0   18    1
         0   19    1
         0   20    1
         0   21    1
         0   22    1
         0   23    1
         0   24    1
         0   25    1
 286096000   26    1
 267572000   27    1
 250796000   28    1
 233529000   29    1
 223273000   30    1
 219444000   31    1
 210697000   32    1
 201793000   33    1
 194950000   34    1
 189969000   35    1
 183580000   36    1
 179051000   37    1
 174865000   38    1
 170190000   39    1
 164848000   40    1
 159765000   41    1
 157773000   42    1
 156834000   43    1
 153925000   44    1
 154050000   45    1
 155337000   46    1
 155676000   47    1
 153898000   48    1
 152397000   49    1
 152296000   50    1
 155534000   51    1
 161488000   52    1
 164058000   53    1
 167265000   54    1
 169915000   55    1
 169778000   56    1
 169033000   57    1
 169607000   58    1
 171377000   59    1
 170936000   60    1
 170008000   61    1
 168334000   62    1
 165691000   63    1
 164837000   64    1
 160796000   65    1
 152435000   66    1
 144885000   67    1
 141366000   68    1
 140884000   69    1
 141920000   70    1
 141551000   71    1
 143663000   72    1
 145674000   73    1
 149821000   74    1
 154051000   75    1
 155455000   76    1
 154415000   77    1
 153961000   78    1
 154348000   79    1
 152041000   80    1
 147867000   81    1
 143077000   82    1
 136742000   83    1
 133247000   84    1
 135192000   85    1
 136522000   86    1
 135936000   87    1
 135142000   88    1
 136230000   89    1
 138225000   90    1
 143472000   91    1
 146155000   92    1
 146981000   93    1
 149062000   94    1
 149576000   95    1
 149165000   96    1
 148472000   97    1
 146555000   98    1
 144350000   99    1
 144295000  100    1
13 #_N_cpue
 #_Fleet Units Errtype
       1     1       0
       2     1       0
       3     1       0
 #_year seas index        obs se_log
     76    1     2 2470823450    0.2
     78    1     2 2061348436    0.2
     80    1     2 2227801206    0.2
     82    1     2 1347640180    0.2
     84    1     2 2298524142    0.2
     86    1     2 1943803979    0.2
     88    1     2 1863129556    0.2
     90    1     2 1577284093    0.2
     92    1     2 2347766183    0.2
     94    1     2 1883454723    0.2
     96    1     2 2510914929    0.2
     98    1     2 1718033083    0.2
    100    1     2 1778940974    0.2
0 #_N_discard_fleets
#_discard_units (1=same_as_catchunits(bio/num); 2=fraction; 3=numbers)
#_discard_errtype:  >0 for DF of T-dist(read CV below); 0 for normal with CV; -1 for normal with se; -2 for lognormal
0 #_N_discard
0 #_N_meanbodywt
1 #_DF_for_meanbodywt_T-distribution_like
2 # length bin method: 1=use databins; 2=generate from binwidth,min,max below; 3=read vector
1 # binwidth for population size comp
10 # minimum size in the population (lower edge of first bin and size at age 0.00)
200 # maximum size in the population (lower edge of last bin)
-0.001 #_comp_tail_compression
1e-05 #_add_to_comp
0 #_combine males into females at or below this bin number
21 #_N_lbins
#_lbin_vector
10 53 70 83 94 101 107 111 114 117 120 123 125 127 130 132 135 138 142 148 200
0 #_N_Length_comp_observations
25 #_N_agebins
#_agebin_vector
1 2 3 4 5 6 7 8 9 10 11 12 13 14 15 16 17 18 19 20 21 22 23 24 25
1 #_N_ageerror_definitions
 #_age0   age1   age2   age3   age4   age5   age6   age7   age8   age9  age10  age11  age12  age13  age14  age15  age16  age17  age18  age19  age20  age21  age22  age23  age24  age25
 -1.000 -1.000 -1.000 -1.000 -1.000 -1.000 -1.000 -1.000 -1.000 -1.000 -1.000 -1.000 -1.000 -1.000 -1.000 -1.000 -1.000 -1.000 -1.000 -1.000 -1.000 -1.000 -1.000 -1.000 -1.000 -1.000
  0.001  0.001  0.001  0.001  0.001  0.001  0.001  0.001  0.001  0.001  0.001  0.001  0.001  0.001  0.001  0.001  0.001  0.001  0.001  0.001  0.001  0.001  0.001  0.001  0.001  0.001
22 #_N_agecomp
1 #_Lbin_method: 1=poplenbins; 2=datalenbins; 3=lengths
-1 #_combine males into females at or below this bin number
 #_Yr Seas FltSvy Gender Part Ageerr Lbin_lo Lbin_hi Nsamp          a1         a2        a3         a4         a5         a6         a7         a8         a9        a10         a11         a12        a13         a14         a15          a16          a17          a18          a19          a20          a21          a22          a23          a24          a25
   50    1      1      0    0      1      -1      -1   500 0.026984276 0.17123996 0.2208986 0.09522774 0.07794198 0.08051315 0.08773388 0.06659230 0.01702334 0.06166476 0.016029469 0.008980330 0.01741473 0.009813704 0.012631735 0.0067148419 3.938929e-03 0.0027634038 0.0049607550 2.822005e-03 5.427353e-03 1.971145e-03 1.378654e-04 8.213151e-10 0.0005737883
   55    1      1      0    0      1      -1      -1   500 0.026430067 0.12362167 0.2465419 0.14929581 0.07105235 0.15403052 0.04492269 0.04526617 0.02863945 0.01783846 0.019927256 0.021596100 0.01123911 0.004768959 0.021563837 0.0013299936 5.201513e-03 0.0009763302 0.0028175447 7.113108e-04 4.901577e-04 2.435938e-05 8.126414e-04 1.966537e-05 0.0008821293
   60    1      1      0    0      1      -1      -1   500 0.019178519 0.14108394 0.1571992 0.21935759 0.13083330 0.08691873 0.05073079 0.05241988 0.03093111 0.01827265 0.031738573 0.009124709 0.01818848 0.012728665 0.003593160 0.0027317960 1.751897e-03 0.0014297428 0.0010688904 3.363364e-03 4.792148e-03 9.814890e-04 4.816872e-04 1.962632e-05 0.0010800254
   65    1      1      0    0      1      -1      -1   500 0.009354027 0.06818831 0.1809586 0.22854896 0.08527623 0.12907589 0.05871756 0.05295635 0.06008411 0.02747698 0.029015678 0.007690744 0.02304514 0.012559935 0.010641926 0.0047678435 3.432023e-03 0.0027436989 0.0002379415 1.488234e-05 9.918382e-05 4.351383e-04 2.041610e-03 1.563883e-08 0.0026372330
   70    1      1      0    0      1      -1      -1   500 0.030610463 0.07028161 0.2808158 0.15107020 0.14638537 0.03204443 0.01827857 0.06255358 0.06827622 0.02029133 0.029845895 0.011265376 0.01273583 0.026024913 0.004826205 0.0055924472 4.229824e-03 0.0032960045 0.0072101484 6.959361e-05 1.226583e-02 1.177418e-03 2.221058e-05 5.652191e-07 0.0008302072
   75    1      1      0    0      1      -1      -1   500 0.015502901 0.12336692 0.2320051 0.17328080 0.11450018 0.10246362 0.02320264 0.07406585 0.04043431 0.02394828 0.005055941 0.005332507 0.01882102 0.008404520 0.002151625 0.0084101667 3.342228e-03 0.0031903269 0.0090281944 1.821095e-03 1.086349e-03 1.162800e-03 5.945540e-03 8.100967e-04 0.0026669485
   80    1      1      0    0      1      -1      -1   500 0.006877850 0.09879216 0.1875447 0.20011457 0.10040628 0.05756204 0.07019809 0.09169775 0.04717866 0.02781684 0.043903631 0.007326213 0.01508053 0.016042210 0.006759315 0.0001087446 2.529559e-04 0.0054060719 0.0117748967 4.450290e-04 9.229633e-04 6.322223e-04 3.619226e-04 1.526003e-04 0.0026417202
   85    1      1      0    0      1      -1      -1   500 0.018099176 0.16415586 0.3286718 0.10024503 0.05191898 0.07728063 0.05750508 0.04122498 0.04434726 0.02733474 0.015149435 0.013931846 0.01117949 0.017310654 0.003761031 0.0115576678 5.082658e-05 0.0050128247 0.0073031281 1.535585e-03 1.058300e-05 6.669080e-05 2.924709e-05 1.442619e-04 0.0021732449
   90    1      1      0    0      1      -1      -1   500 0.004806753 0.21984626 0.1908751 0.19819138 0.06107260 0.07746476 0.06227090 0.06853194 0.02232699 0.01508161 0.015291755 0.013918889 0.01193277 0.011659893 0.006062071 0.0039146346 2.820512e-04 0.0045904594 0.0043284216 9.915094e-04 1.456875e-03 8.130310e-04 3.148270e-04 2.538514e-03 0.0014359519
   95    1      1      0    0      1      -1      -1   500 0.028631510 0.12128371 0.1941330 0.18236938 0.06344889 0.09174432 0.09706396 0.03958835 0.04658613 0.02164393 0.020231065 0.020523057 0.02967648 0.009417331 0.008328208 0.0021225820 7.211334e-03 0.0006277088 0.0067282540 1.846375e-03 7.259579e-04 2.267896e-04 3.765761e-03 1.334968e-04 0.0019424241
  100    1      1      0    0      1      -1      -1   500 0.021297824 0.22940836 0.1788868 0.11372283 0.10890317 0.09891690 0.05165182 0.04496573 0.04129857 0.01657414 0.025137209 0.020036169 0.01266847 0.008934321 0.003168594 0.0019137083 3.254590e-03 0.0058714752 0.0047833383 2.818482e-03 1.316702e-03 1.520295e-03 1.225644e-03 3.747898e-04 0.0013500949
   50    1      2      0    0      1      -1      -1   500 0.092000000 0.23800000 0.1800000 0.11200000 0.07800000 0.05200000 0.06000000 0.05200000 0.02200000 0.03200000 0.016000000 0.008000000 0.00200000 0.006000000 0.012000000 0.0140000000 2.000000e-03 0.0100000000 0.0000000000 4.000000e-03 0.000000e+00 0.000000e+00 0.000000e+00 0.000000e+00 0.0080000000
   55    1      2      0    0      1      -1      -1   500 0.048000000 0.18400000 0.1900000 0.12000000 0.11000000 0.12600000 0.04600000 0.04600000 0.03200000 0.01200000 0.022000000 0.020000000 0.00800000 0.006000000 0.012000000 0.0020000000 4.000000e-03 0.0000000000 0.0000000000 0.000000e+00 4.000000e-03 0.000000e+00 0.000000e+00 4.000000e-03 0.0040000000
   60    1      2      0    0      1      -1      -1   500 0.044000000 0.17600000 0.1600000 0.18200000 0.11600000 0.08000000 0.04800000 0.07000000 0.01800000 0.01400000 0.024000000 0.018000000 0.00800000 0.004000000 0.006000000 0.0120000000 2.000000e-03 0.0040000000 0.0020000000 4.000000e-03 2.000000e-03 2.000000e-03 0.000000e+00 2.000000e-03 0.0020000000
   65    1      2      0    0      1      -1      -1   500 0.014000000 0.07600000 0.2100000 0.20200000 0.07800000 0.08800000 0.07000000 0.05600000 0.05200000 0.03200000 0.022000000 0.014000000 0.01600000 0.024000000 0.014000000 0.0120000000 0.000000e+00 0.0040000000 0.0020000000 2.000000e-03 0.000000e+00 4.000000e-03 2.000000e-03 4.000000e-03 0.0020000000
   70    1      2      0    0      1      -1      -1   500 0.054000000 0.10400000 0.3040000 0.13400000 0.12800000 0.02800000 0.02200000 0.04800000 0.05800000 0.01200000 0.024000000 0.018000000 0.01000000 0.016000000 0.008000000 0.0100000000 8.000000e-03 0.0020000000 0.0020000000 2.000000e-03 6.000000e-03 2.000000e-03 0.000000e+00 0.000000e+00 0.0000000000
   75    1      2      0    0      1      -1      -1   500 0.024000000 0.18400000 0.2120000 0.19000000 0.09600000 0.07400000 0.02000000 0.07800000 0.04000000 0.03200000 0.004000000 0.002000000 0.02200000 0.010000000 0.002000000 0.0000000000 2.000000e-03 0.0040000000 0.0020000000 0.000000e+00 0.000000e+00 2.000000e-03 0.000000e+00 0.000000e+00 0.0000000000
   80    1      2      0    0      1      -1      -1   500 0.036000000 0.12000000 0.1760000 0.20600000 0.09000000 0.06400000 0.07600000 0.06400000 0.03400000 0.02800000 0.032000000 0.006000000 0.02800000 0.014000000 0.012000000 0.0020000000 4.000000e-03 0.0000000000 0.0040000000 0.000000e+00 0.000000e+00 0.000000e+00 4.000000e-03 0.000000e+00 0.0000000000
   85    1      2      0    0      1      -1      -1   500 0.028000000 0.17400000 0.3360000 0.07800000 0.08000000 0.08000000 0.04400000 0.03400000 0.03200000 0.02800000 0.026000000 0.014000000 0.00600000 0.006000000 0.008000000 0.0080000000 4.000000e-03 0.0040000000 0.0020000000 4.000000e-03 0.000000e+00 0.000000e+00 0.000000e+00 0.000000e+00 0.0040000000
   90    1      2      0    0      1      -1      -1   500 0.038000000 0.27800000 0.1500000 0.18600000 0.05600000 0.04000000 0.05800000 0.07200000 0.01800000 0.01800000 0.024000000 0.012000000 0.01000000 0.020000000 0.010000000 0.0000000000 2.000000e-03 0.0020000000 0.0000000000 0.000000e+00 2.000000e-03 0.000000e+00 0.000000e+00 0.000000e+00 0.0040000000
   95    1      2      0    0      1      -1      -1   500 0.052000000 0.18000000 0.1900000 0.18400000 0.03600000 0.07800000 0.10200000 0.03000000 0.04800000 0.00800000 0.012000000 0.018000000 0.02600000 0.008000000 0.006000000 0.0000000000 6.000000e-03 0.0000000000 0.0020000000 6.000000e-03 0.000000e+00 2.000000e-03 2.000000e-03 2.000000e-03 0.0020000000
  100    1      2      0    0      1      -1      -1   500 0.064000000 0.23800000 0.1600000 0.11600000 0.08000000 0.09600000 0.04800000 0.05000000 0.03600000 0.01000000 0.026000000 0.020000000 0.00400000 0.016000000 0.006000000 0.0040000000 1.400000e-02 0.0020000000 0.0020000000 2.000000e-03 0.000000e+00 0.000000e+00 0.000000e+00 0.000000e+00 0.0060000000
0 #_N_MeanSize_at_Age_obs
0 #_N_environ_variables
0 #_N_environ_obs
0 #_N_sizefreq_methods
0 #_do_tags
0 #_morphcomp_data
#
999
