#C data file created using the SS_writedat function in the R package r4ss
#C should work with SS version: 
#C file write time: 2014-11-05 23:42:25
#
1 #_styr
100 #_endyr
1 #_nseas
12 #_months_per_seas
1 #_spawn_seas
1 #_Nfleet
2 #_Nsurveys
1 #_N_areas
Fishery%Survey%CPUE #_fleetnames
0.5 0.5 0.5 #_surveytiming_in_season
1 1 1 #_area_assignments_for_each_fishery_and_survey
1 #_units of catch:  1=bio; 2=num
0.01 #_se of log(catch) only used for init_eq_catch and for Fmethod 2 and 3
1 #_Ngenders
25 #_Nages
0 #_init_equil_catch_for_each_fishery
100 #_N_lines_of_catch_to_read
 #_Fishery year seas
         0    1    1
         0    2    1
         0    3    1
         0    4    1
         0    5    1
         0    6    1
         0    7    1
         0    8    1
         0    9    1
         0   10    1
         0   11    1
         0   12    1
         0   13    1
         0   14    1
         0   15    1
         0   16    1
         0   17    1
         0   18    1
         0   19    1
         0   20    1
         0   21    1
         0   22    1
         0   23    1
         0   24    1
         0   25    1
 303607000   26    1
 289688000   27    1
 273921000   28    1
 257769000   29    1
 244950000   30    1
 229833000   31    1
 215324000   32    1
 201100000   33    1
 188072000   34    1
 180384000   35    1
 181257000   36    1
 182521000   37    1
 180242000   38    1
 176105000   39    1
 173665000   40    1
 171589000   41    1
 168302000   42    1
 166110000   43    1
 163723000   44    1
 161524000   45    1
 162080000   46    1
 164420000   47    1
 166889000   48    1
 171439000   49    1
 172836000   50    1
 168967000   51    1
 161993000   52    1
 156023000   53    1
 152621000   54    1
 148517000   55    1
 143951000   56    1
 140461000   57    1
 136332000   58    1
 132010000   59    1
 132944000   60    1
 137761000   61    1
 139598000   62    1
 138150000   63    1
 134271000   64    1
 131294000   65    1
 129951000   66    1
 129688000   67    1
 133239000   68    1
 134967000   69    1
 134155000   70    1
 131779000   71    1
 133296000   72    1
 134326000   73    1
 133893000   74    1
 136482000   75    1
 141267000   76    1
 145704000   77    1
 149647000   78    1
 151411000   79    1
 149289000   80    1
 145178000   81    1
 140984000   82    1
 135202000   83    1
 129068000   84    1
 125579000   85    1
 126513000   86    1
 131996000   87    1
 135968000   88    1
 139171000   89    1
 143061000   90    1
 145619000   91    1
 149204000   92    1
 150795000   93    1
 153118000   94    1
 159110000   95    1
 162626000   96    1
 163288000   97    1
 159456000   98    1
 153827000   99    1
 148811000  100    1
13 #_N_cpue
 #_Fleet Units Errtype
       1     1       0
       2     1       0
       3     1       0
 #_year seas index        obs se_log
     76    1     2 1793260069    0.2
     78    1     2 2340621543    0.2
     80    1     2 2631241823    0.2
     82    1     2 1654294021    0.2
     84    1     2 1678041838    0.2
     86    1     2 1339848695    0.2
     88    1     2 2179854752    0.2
     90    1     2 2450852882    0.2
     92    1     2 2588841999    0.2
     94    1     2 1854481261    0.2
     96    1     2 3283265737    0.2
     98    1     2 2061235530    0.2
    100    1     2 3488351298    0.2
0 #_N_discard_fleets
#_discard_units (1=same_as_catchunits(bio/num); 2=fraction; 3=numbers)
#_discard_errtype:  >0 for DF of T-dist(read CV below); 0 for normal with CV; -1 for normal with se; -2 for lognormal
0 #_N_discard
0 #_N_meanbodywt
1 #_DF_for_meanbodywt_T-distribution_like
2 # length bin method: 1=use databins; 2=generate from binwidth,min,max below; 3=read vector
1 # binwidth for population size comp
10 # minimum size in the population (lower edge of first bin and size at age 0.00)
200 # maximum size in the population (lower edge of last bin)
-0.001 #_comp_tail_compression
1e-05 #_add_to_comp
0 #_combine males into females at or below this bin number
21 #_N_lbins
#_lbin_vector
10 53 70 83 94 101 107 111 114 117 120 123 125 127 130 132 135 138 142 148 200
0 #_N_Length_comp_observations
25 #_N_agebins
#_agebin_vector
1 2 3 4 5 6 7 8 9 10 11 12 13 14 15 16 17 18 19 20 21 22 23 24 25
1 #_N_ageerror_definitions
 #_age0   age1   age2   age3   age4   age5   age6   age7   age8   age9  age10  age11  age12  age13  age14  age15  age16  age17  age18  age19  age20  age21  age22  age23  age24  age25
 -1.000 -1.000 -1.000 -1.000 -1.000 -1.000 -1.000 -1.000 -1.000 -1.000 -1.000 -1.000 -1.000 -1.000 -1.000 -1.000 -1.000 -1.000 -1.000 -1.000 -1.000 -1.000 -1.000 -1.000 -1.000 -1.000
  0.001  0.001  0.001  0.001  0.001  0.001  0.001  0.001  0.001  0.001  0.001  0.001  0.001  0.001  0.001  0.001  0.001  0.001  0.001  0.001  0.001  0.001  0.001  0.001  0.001  0.001
34 #_N_agecomp
1 #_Lbin_method: 1=poplenbins; 2=datalenbins; 3=lengths
-1 #_combine males into females at or below this bin number
 #_Yr Seas FltSvy Gender Part Ageerr Lbin_lo Lbin_hi Nsamp          a1         a2         a3         a4         a5         a6         a7         a8         a9         a10         a11         a12         a13          a14          a15          a16          a17          a18          a19          a20          a21          a22          a23          a24          a25
   50    1      1      0    0      1      -1      -1   200 0.011189028 0.10474273 0.27650870 0.19696771 0.09439775 0.10639609 0.05694358 0.03687817 0.03052651 0.021472115 0.014598119 0.015520742 0.011244774 0.0025497803 0.0035098080 1.559557e-03 2.436286e-03 5.939750e-04 4.743833e-03 1.234864e-03 4.736983e-04 2.683233e-03 4.077667e-04 1.900799e-10 2.421172e-03
   60    1      1      0    0      1      -1      -1   200 0.019292079 0.25632320 0.18119396 0.08079052 0.12944726 0.07265945 0.03203365 0.06107810 0.06301753 0.011080555 0.009989548 0.026322970 0.029885834 0.0060546963 0.0006001243 7.041169e-03 4.426379e-03 3.819586e-03 1.579580e-03 2.596346e-05 1.533268e-05 6.099230e-05 3.321683e-04 1.725016e-03 1.204335e-03
   70    1      1      0    0      1      -1      -1   200 0.031719265 0.05812654 0.21668098 0.16604981 0.22581088 0.02762480 0.10774614 0.03905165 0.01911845 0.008213262 0.031250310 0.026610355 0.015860050 0.0036651118 0.0116596953 5.673735e-03 1.784795e-03 5.693715e-04 1.404837e-03 2.507252e-05 4.097453e-22 2.714268e-06 8.945272e-06 5.938562e-04 7.493724e-04
   75    1      1      0    0      1      -1      -1   200 0.023582282 0.18339805 0.20487634 0.07935091 0.17620881 0.12311969 0.01159962 0.06593391 0.01857577 0.052388530 0.006833065 0.014158614 0.014599140 0.0006135838 0.0056583917 6.613638e-03 5.706449e-03 2.746307e-03 2.566201e-03 1.331125e-03 7.090302e-08 1.007453e-06 8.860803e-05 1.131052e-09 4.989025e-05
   76    1      1      0    0      1      -1      -1   200 0.015382472 0.18556758 0.22125892 0.17663437 0.08486228 0.08950964 0.09117544 0.01026624 0.01873685 0.026097454 0.024138072 0.001429590 0.040917650 0.0005880966 0.0060851612 1.121115e-04 1.553775e-03 1.127365e-03 2.881982e-03 2.313591e-05 2.396595e-05 4.846492e-04 1.025685e-03 9.987443e-05 1.763199e-05
   79    1      1      0    0      1      -1      -1   200 0.016416989 0.09483937 0.22558407 0.19584970 0.11782741 0.11495296 0.07450254 0.02908483 0.02586873 0.027021791 0.009071580 0.005932393 0.010479777 0.0240432089 0.0009839113 1.957431e-02 7.352539e-04 1.447878e-03 3.664737e-07 3.225577e-03 5.109251e-05 1.035902e-03 2.430362e-04 2.375888e-05 1.203559e-03
   82    1      1      0    0      1      -1      -1   200 0.005091031 0.14787221 0.17231491 0.12471403 0.08225006 0.13704210 0.09411450 0.06377566 0.07030348 0.019317397 0.011064381 0.036699486 0.018231378 0.0004987287 0.0025201895 1.127516e-03 6.040488e-03 3.038839e-04 2.034046e-05 9.279873e-04 4.377352e-09 4.090212e-03 1.659312e-03 1.047835e-07 2.061709e-05
   85    1      1      0    0      1      -1      -1   200 0.028963783 0.16396688 0.19305445 0.08085610 0.09332588 0.11447593 0.07353302 0.04354930 0.03306022 0.055599224 0.029110212 0.012906337 0.039709827 0.0144829475 0.0117027745 4.120866e-03 3.152461e-06 1.465906e-03 7.349371e-04 1.323893e-03 1.553755e-03 1.012386e-05 5.227867e-05 2.175975e-18 2.438199e-03
   88    1      1      0    0      1      -1      -1   200 0.011258105 0.12843962 0.27770758 0.19417384 0.12345513 0.07216518 0.02127024 0.05693178 0.03256353 0.013511875 0.012427036 0.011732641 0.013218277 0.0163572928 0.0018814282 1.095144e-03 5.096488e-04 5.982711e-04 7.682390e-03 8.395144e-06 3.785605e-04 2.167739e-03 2.881933e-04 3.151794e-09 1.781282e-04
   89    1      1      0    0      1      -1      -1   200 0.009425254 0.19708179 0.13125256 0.19000121 0.18933551 0.08359902 0.02615526 0.01746508 0.03787935 0.028221723 0.019037846 0.012330155 0.007260415 0.0095340642 0.0032942877 1.455495e-02 1.039753e-02 1.095659e-02 4.355688e-04 7.537724e-07 4.778558e-14 3.499150e-04 1.391958e-09 1.044177e-03 3.869824e-04
   91    1      1      0    0      1      -1      -1   200 0.018273851 0.20823364 0.18634065 0.17324594 0.07652571 0.07701077 0.11992457 0.04695897 0.03061388 0.013468470 0.004690522 0.004598116 0.007686327 0.0071190398 0.0025969872 4.840501e-03 5.373511e-03 9.626284e-04 4.702517e-03 1.270516e-04 4.434782e-03 1.264040e-06 2.427440e-06 1.089793e-04 2.158891e-03
   93    1      1      0    0      1      -1      -1   200 0.030932777 0.09043113 0.21412437 0.18238077 0.10215470 0.14206089 0.03384370 0.05238903 0.03386707 0.028014040 0.030700329 0.005014864 0.016964718 0.0071426618 0.0024629731 6.457474e-03 4.441455e-03 1.096118e-03 6.984342e-03 3.252919e-03 6.612881e-05 8.770993e-04 7.879346e-04 3.364274e-03 1.882374e-04
   95    1      1      0    0      1      -1      -1   200 0.018454648 0.15847597 0.33483611 0.04888484 0.11783852 0.08174793 0.08219582 0.05396868 0.01160655 0.049378385 0.019074058 0.007674789 0.005290150 0.0034254105 0.0001416559 4.410470e-06 3.156726e-04 4.807799e-05 1.111272e-04 4.320155e-05 3.860669e-03 1.235396e-03 5.837499e-07 1.010858e-13 1.387336e-03
   97    1      1      0    0      1      -1      -1   200 0.006603402 0.09660220 0.24662582 0.13736138 0.22099746 0.04181247 0.07629911 0.05919284 0.01190769 0.018817341 0.019171555 0.015433671 0.017164707 0.0076642612 0.0039222859 5.107711e-03 2.605468e-03 5.537805e-05 1.507333e-03 6.247276e-03 3.046224e-07 3.655041e-03 1.137779e-03 6.991668e-05 3.760606e-05
   98    1      1      0    0      1      -1      -1   200 0.028476881 0.09110001 0.07560599 0.17061605 0.14842389 0.17961146 0.04313839 0.05113151 0.04274164 0.020063748 0.049408776 0.014791099 0.017340425 0.0373892889 0.0118285041 4.525765e-03 7.439019e-03 8.179442e-06 1.838819e-06 4.327266e-04 3.167207e-03 1.362458e-03 7.869215e-04 4.609134e-06 6.036124e-04
   99    1      1      0    0      1      -1      -1   200 0.016192771 0.16727582 0.13657051 0.09546051 0.13343703 0.12859214 0.13314529 0.05167824 0.03928394 0.027290304 0.007313489 0.014398329 0.013819220 0.0054475905 0.0106507338 6.258960e-03 4.361043e-03 9.625880e-04 2.705393e-03 2.662296e-04 4.199170e-03 1.467411e-05 8.932183e-05 8.714290e-07 5.858322e-04
  100    1      1      0    0      1      -1      -1   200 0.018708322 0.09844589 0.23489128 0.05340625 0.06775099 0.07998392 0.10691250 0.12514916 0.04227547 0.060196896 0.034745778 0.012122167 0.030254393 0.0037858026 0.0017913910 1.699252e-02 6.376561e-05 5.735375e-03 1.620300e-03 2.719150e-04 3.806978e-03 2.892146e-09 7.093068e-06 6.509962e-06 1.075329e-03
   50    1      2      0    0      1      -1      -1   200 0.025000000 0.08000000 0.21500000 0.18000000 0.11000000 0.12500000 0.05000000 0.06000000 0.04000000 0.020000000 0.005000000 0.040000000 0.025000000 0.0000000000 0.0050000000 0.000000e+00 0.000000e+00 5.000000e-03 5.000000e-03 0.000000e+00 0.000000e+00 0.000000e+00 0.000000e+00 0.000000e+00 1.000000e-02
   60    1      2      0    0      1      -1      -1   200 0.050000000 0.34500000 0.18000000 0.07000000 0.10500000 0.05000000 0.02500000 0.05000000 0.03500000 0.015000000 0.015000000 0.015000000 0.015000000 0.0050000000 0.0000000000 1.000000e-02 0.000000e+00 5.000000e-03 0.000000e+00 5.000000e-03 0.000000e+00 0.000000e+00 0.000000e+00 0.000000e+00 5.000000e-03
   70    1      2      0    0      1      -1      -1   200 0.045000000 0.06500000 0.16500000 0.12500000 0.19500000 0.05000000 0.13500000 0.03500000 0.02500000 0.030000000 0.015000000 0.070000000 0.000000000 0.0000000000 0.0100000000 0.000000e+00 1.000000e-02 0.000000e+00 0.000000e+00 5.000000e-03 0.000000e+00 0.000000e+00 0.000000e+00 1.000000e-02 1.000000e-02
   75    1      2      0    0      1      -1      -1   200 0.050000000 0.25500000 0.23000000 0.05500000 0.08500000 0.12000000 0.01500000 0.03500000 0.02500000 0.065000000 0.000000000 0.020000000 0.000000000 0.0050000000 0.0100000000 0.000000e+00 1.500000e-02 5.000000e-03 5.000000e-03 5.000000e-03 0.000000e+00 0.000000e+00 0.000000e+00 0.000000e+00 0.000000e+00
   76    1      2      0    0      1      -1      -1   200 0.040000000 0.18000000 0.20500000 0.13500000 0.07500000 0.12500000 0.07000000 0.01500000 0.05500000 0.015000000 0.045000000 0.000000000 0.000000000 0.0100000000 0.0050000000 5.000000e-03 0.000000e+00 5.000000e-03 5.000000e-03 0.000000e+00 1.000000e-02 0.000000e+00 0.000000e+00 0.000000e+00 0.000000e+00
   79    1      2      0    0      1      -1      -1   200 0.010000000 0.12500000 0.21000000 0.14500000 0.11000000 0.11500000 0.07500000 0.03500000 0.05000000 0.040000000 0.000000000 0.020000000 0.010000000 0.0150000000 0.0050000000 1.500000e-02 1.000000e-02 0.000000e+00 0.000000e+00 0.000000e+00 0.000000e+00 0.000000e+00 5.000000e-03 5.000000e-03 0.000000e+00
   82    1      2      0    0      1      -1      -1   200 0.020000000 0.18000000 0.16500000 0.08500000 0.11000000 0.08500000 0.08500000 0.06500000 0.04000000 0.050000000 0.015000000 0.035000000 0.010000000 0.0000000000 0.0200000000 2.500000e-02 5.000000e-03 0.000000e+00 5.000000e-03 0.000000e+00 0.000000e+00 0.000000e+00 0.000000e+00 0.000000e+00 0.000000e+00
   85    1      2      0    0      1      -1      -1   200 0.100000000 0.21000000 0.16500000 0.09500000 0.08500000 0.08500000 0.01500000 0.05000000 0.03500000 0.025000000 0.015000000 0.025000000 0.030000000 0.0000000000 0.0050000000 2.000000e-02 0.000000e+00 1.500000e-02 1.000000e-02 5.000000e-03 0.000000e+00 5.000000e-03 0.000000e+00 0.000000e+00 5.000000e-03
   88    1      2      0    0      1      -1      -1   200 0.055000000 0.15500000 0.19500000 0.23500000 0.06500000 0.10000000 0.04500000 0.04500000 0.02500000 0.010000000 0.010000000 0.030000000 0.015000000 0.0050000000 0.0050000000 0.000000e+00 0.000000e+00 5.000000e-03 0.000000e+00 0.000000e+00 0.000000e+00 0.000000e+00 0.000000e+00 0.000000e+00 0.000000e+00
   89    1      2      0    0      1      -1      -1   200 0.045000000 0.31500000 0.11500000 0.13500000 0.12500000 0.08000000 0.06000000 0.01500000 0.03000000 0.015000000 0.020000000 0.010000000 0.020000000 0.0000000000 0.0000000000 0.000000e+00 5.000000e-03 0.000000e+00 0.000000e+00 5.000000e-03 0.000000e+00 0.000000e+00 0.000000e+00 5.000000e-03 0.000000e+00
   91    1      2      0    0      1      -1      -1   200 0.055000000 0.19500000 0.16000000 0.16000000 0.08500000 0.10500000 0.12000000 0.04500000 0.02000000 0.005000000 0.010000000 0.000000000 0.005000000 0.0100000000 0.0050000000 5.000000e-03 1.000000e-02 0.000000e+00 0.000000e+00 0.000000e+00 0.000000e+00 5.000000e-03 0.000000e+00 0.000000e+00 0.000000e+00
   93    1      2      0    0      1      -1      -1   200 0.055000000 0.14000000 0.23000000 0.18500000 0.08000000 0.10500000 0.03500000 0.04000000 0.04000000 0.025000000 0.025000000 0.005000000 0.010000000 0.0050000000 0.0050000000 0.000000e+00 5.000000e-03 0.000000e+00 5.000000e-03 5.000000e-03 0.000000e+00 0.000000e+00 0.000000e+00 0.000000e+00 0.000000e+00
   95    1      2      0    0      1      -1      -1   200 0.020000000 0.19000000 0.29000000 0.08500000 0.12000000 0.08000000 0.02500000 0.08000000 0.00500000 0.020000000 0.030000000 0.015000000 0.010000000 0.0050000000 0.0050000000 5.000000e-03 0.000000e+00 0.000000e+00 0.000000e+00 5.000000e-03 5.000000e-03 5.000000e-03 0.000000e+00 0.000000e+00 0.000000e+00
   97    1      2      0    0      1      -1      -1   200 0.040000000 0.13500000 0.20500000 0.14500000 0.15500000 0.07500000 0.06000000 0.06500000 0.01000000 0.025000000 0.015000000 0.020000000 0.020000000 0.0050000000 0.0050000000 1.000000e-02 0.000000e+00 5.000000e-03 0.000000e+00 0.000000e+00 0.000000e+00 0.000000e+00 5.000000e-03 0.000000e+00 0.000000e+00
   98    1      2      0    0      1      -1      -1   200 0.030000000 0.13000000 0.09000000 0.15500000 0.13000000 0.14000000 0.03000000 0.07500000 0.05000000 0.030000000 0.035000000 0.030000000 0.010000000 0.0350000000 0.0100000000 5.000000e-03 0.000000e+00 0.000000e+00 0.000000e+00 0.000000e+00 5.000000e-03 0.000000e+00 5.000000e-03 0.000000e+00 5.000000e-03
   99    1      2      0    0      1      -1      -1   200 0.025000000 0.21500000 0.08000000 0.12500000 0.19000000 0.06000000 0.11500000 0.03000000 0.02500000 0.030000000 0.020000000 0.010000000 0.025000000 0.0050000000 0.0200000000 5.000000e-03 0.000000e+00 0.000000e+00 5.000000e-03 5.000000e-03 5.000000e-03 0.000000e+00 5.000000e-03 0.000000e+00 0.000000e+00
  100    1      2      0    0      1      -1      -1   200 0.045000000 0.23500000 0.20000000 0.06500000 0.06500000 0.09000000 0.06000000 0.12000000 0.03000000 0.015000000 0.025000000 0.005000000 0.020000000 0.0050000000 0.0050000000 5.000000e-03 1.000000e-02 0.000000e+00 0.000000e+00 0.000000e+00 0.000000e+00 0.000000e+00 0.000000e+00 0.000000e+00 0.000000e+00
0 #_N_MeanSize_at_Age_obs
0 #_N_environ_variables
0 #_N_environ_obs
0 #_N_sizefreq_methods
0 #_do_tags
0 #_morphcomp_data
#
999
