#C data file created using the SS_writedat function in the R package r4ss
#C should work with SS version: 
#C file write time: 2014-11-06 19:33:52
#
1 #_styr
100 #_endyr
1 #_nseas
12 #_months_per_seas
1 #_spawn_seas
1 #_Nfleet
2 #_Nsurveys
1 #_N_areas
Fishery%Survey%CPUE #_fleetnames
0.5 0.5 0.5 #_surveytiming_in_season
1 1 1 #_area_assignments_for_each_fishery_and_survey
1 #_units of catch:  1=bio; 2=num
0.01 #_se of log(catch) only used for init_eq_catch and for Fmethod 2 and 3
1 #_Ngenders
25 #_Nages
0 #_init_equil_catch_for_each_fishery
100 #_N_lines_of_catch_to_read
 #_Fishery year seas
         0    1    1
         0    2    1
         0    3    1
         0    4    1
         0    5    1
         0    6    1
         0    7    1
         0    8    1
         0    9    1
         0   10    1
         0   11    1
         0   12    1
         0   13    1
         0   14    1
         0   15    1
         0   16    1
         0   17    1
         0   18    1
         0   19    1
         0   20    1
         0   21    1
         0   22    1
         0   23    1
         0   24    1
         0   25    1
 256579000   26    1
 242163000   27    1
 227745000   28    1
 215696000   29    1
 206572000   30    1
 201031000   31    1
 200270000   32    1
 196722000   33    1
 191803000   34    1
 187525000   35    1
 189355000   36    1
 191677000   37    1
 194453000   38    1
 193520000   39    1
 190824000   40    1
 188950000   41    1
 184686000   42    1
 180115000   43    1
 173844000   44    1
 167316000   45    1
 162401000   46    1
 156881000   47    1
 154779000   48    1
 157174000   49    1
 160718000   50    1
 166760000   51    1
 172355000   52    1
 172816000   53    1
 171932000   54    1
 172227000   55    1
 172091000   56    1
 169248000   57    1
 165522000   58    1
 157778000   59    1
 151170000   60    1
 147854000   61    1
 145587000   62    1
 140427000   63    1
 137883000   64    1
 139393000   65    1
 138734000   66    1
 138241000   67    1
 138210000   68    1
 141046000   69    1
 144937000   70    1
 145753000   71    1
 144285000   72    1
 141505000   73    1
 139805000   74    1
 144927000   75    1
 154098000   76    1
 158977000   77    1
 162072000   78    1
 163831000   79    1
 163747000   80    1
 162056000   81    1
 158085000   82    1
 156775000   83    1
 163006000   84    1
 168543000   85    1
 170066000   86    1
 168945000   87    1
 166605000   88    1
 164775000   89    1
 159729000   90    1
 156277000   91    1
 155045000   92    1
 155603000   93    1
 155679000   94    1
 157323000   95    1
 164929000   96    1
 177760000   97    1
 193791000   98    1
 206427000   99    1
 216205000  100    1
76 #_N_cpue
 #_Fleet Units Errtype
       1     1       0
       2     1       0
       3     1       0
 #_year seas index        obs se_log
     25    1     2 4764386648    0.2
     26    1     2 4320779880    0.2
     27    1     2 2760038388    0.2
     28    1     2 3069102224    0.2
     29    1     2 2380460830    0.2
     30    1     2 1931102466    0.2
     31    1     2 3404890046    0.2
     32    1     2 3802218302    0.2
     33    1     2 3289092694    0.2
     34    1     2 2505704764    0.2
     35    1     2 2246303563    0.2
     36    1     2 2025541068    0.2
     37    1     2 3205913893    0.2
     38    1     2 2409959425    0.2
     39    1     2 2277554876    0.2
     40    1     2 3428838797    0.2
     41    1     2 2625158273    0.2
     42    1     2 3216544381    0.2
     43    1     2 2449426898    0.2
     44    1     2 1820143120    0.2
     45    1     2 2712351406    0.2
     46    1     2 2317514979    0.2
     47    1     2 2590608010    0.2
     48    1     2 2241595832    0.2
     49    1     2 2007995350    0.2
     50    1     2 1989649959    0.2
     51    1     2 2292689232    0.2
     52    1     2 2170406974    0.2
     53    1     2 2376478141    0.2
     54    1     2 2141364459    0.2
     55    1     2 1955578566    0.2
     56    1     2 2838776383    0.2
     57    1     2 2378851470    0.2
     58    1     2 2050926009    0.2
     59    1     2 2429380383    0.2
     60    1     2 1875055158    0.2
     61    1     2 2252705117    0.2
     62    1     2 2083623058    0.2
     63    1     2 2185383294    0.2
     64    1     2 2114771023    0.2
     65    1     2 1606109965    0.2
     66    1     2 1406658885    0.2
     67    1     2 2329094653    0.2
     68    1     2 1528968316    0.2
     69    1     2 1732564169    0.2
     70    1     2 2420240407    0.2
     71    1     2 1908763259    0.2
     72    1     2 1886417493    0.2
     73    1     2 2057586030    0.2
     74    1     2 1767482170    0.2
     75    1     2 2048848085    0.2
     76    1     2 1636079501    0.2
     77    1     2 1828156261    0.2
     78    1     2 2773839837    0.2
     79    1     2 3197368599    0.2
     80    1     2 1588652818    0.2
     81    1     2 1953775033    0.2
     82    1     2 2292058850    0.2
     83    1     2 1894538964    0.2
     84    1     2 1942150016    0.2
     85    1     2 2530077104    0.2
     86    1     2 1972169495    0.2
     87    1     2 2664531375    0.2
     88    1     2 3134914292    0.2
     89    1     2 2878771236    0.2
     90    1     2 2282058229    0.2
     91    1     2 2135903606    0.2
     92    1     2 2090085825    0.2
     93    1     2 1933597907    0.2
     94    1     2 1472359964    0.2
     95    1     2 2852605211    0.2
     96    1     2 2593443958    0.2
     97    1     2 2310660660    0.2
     98    1     2 2551540713    0.2
     99    1     2 3133728883    0.2
    100    1     2 2775693087    0.2
0 #_N_discard_fleets
#_discard_units (1=same_as_catchunits(bio/num); 2=fraction; 3=numbers)
#_discard_errtype:  >0 for DF of T-dist(read CV below); 0 for normal with CV; -1 for normal with se; -2 for lognormal
0 #_N_discard
0 #_N_meanbodywt
1 #_DF_for_meanbodywt_T-distribution_like
2 # length bin method: 1=use databins; 2=generate from binwidth,min,max below; 3=read vector
1 # binwidth for population size comp
10 # minimum size in the population (lower edge of first bin and size at age 0.00)
200 # maximum size in the population (lower edge of last bin)
-0.001 #_comp_tail_compression
1e-05 #_add_to_comp
0 #_combine males into females at or below this bin number
21 #_N_lbins
#_lbin_vector
10 53 70 83 94 101 107 111 114 117 120 123 125 127 130 132 135 138 142 148 200
0 #_N_Length_comp_observations
25 #_N_agebins
#_agebin_vector
1 2 3 4 5 6 7 8 9 10 11 12 13 14 15 16 17 18 19 20 21 22 23 24 25
1 #_N_ageerror_definitions
 #_age0   age1   age2   age3   age4   age5   age6   age7   age8   age9  age10  age11  age12  age13  age14  age15  age16  age17  age18  age19  age20  age21  age22  age23  age24  age25
 -1.000 -1.000 -1.000 -1.000 -1.000 -1.000 -1.000 -1.000 -1.000 -1.000 -1.000 -1.000 -1.000 -1.000 -1.000 -1.000 -1.000 -1.000 -1.000 -1.000 -1.000 -1.000 -1.000 -1.000 -1.000 -1.000
  0.001  0.001  0.001  0.001  0.001  0.001  0.001  0.001  0.001  0.001  0.001  0.001  0.001  0.001  0.001  0.001  0.001  0.001  0.001  0.001  0.001  0.001  0.001  0.001  0.001  0.001
198 #_N_agecomp
1 #_Lbin_method: 1=poplenbins; 2=datalenbins; 3=lengths
-1 #_combine males into females at or below this bin number
 #_Yr Seas FltSvy Gender Part Ageerr Lbin_lo Lbin_hi Nsamp           a1         a2         a3         a4         a5         a6          a7          a8          a9         a10          a11          a12          a13          a14          a15          a16          a17          a18          a19          a20          a21          a22          a23          a24          a25
    2    1      1      0    0      1      -1      -1   100 1.066386e-02 0.04386089 0.17008081 0.19596822 0.04903609 0.10459091 0.067310286 0.085048013 0.048285457 0.046013854 4.337765e-02 1.881511e-02 1.412975e-02 4.578887e-02 1.371408e-03 7.019827e-03 3.946294e-03 6.892475e-03 1.907028e-02 6.631714e-04 1.722213e-03 6.124708e-04 9.351100e-06 6.012569e-06 1.571674e-02
    3    1      1      0    0      1      -1      -1   100 1.950676e-02 0.14668166 0.09023912 0.11815380 0.10561624 0.14077020 0.067248498 0.041744333 0.050088424 0.072542479 9.408650e-03 2.576612e-02 2.453770e-02 1.240451e-02 1.300848e-02 2.298770e-02 7.374997e-03 5.242298e-03 7.814345e-03 4.291583e-05 1.747605e-02 3.731709e-04 1.171049e-04 2.999367e-05 8.244540e-04
    4    1      1      0    0      1      -1      -1   100 1.190285e-03 0.16034018 0.23211510 0.12220629 0.05924385 0.09463423 0.033761741 0.022679101 0.022180986 0.025468681 5.031234e-02 4.764405e-02 2.175348e-02 1.927167e-02 9.344196e-03 2.925042e-02 6.468216e-06 2.941063e-02 3.028194e-06 1.333662e-03 1.046918e-03 5.047068e-03 8.372355e-05 3.929820e-08 1.167187e-02
    5    1      1      0    0      1      -1      -1   100 1.249028e-02 0.10188448 0.25309594 0.19109634 0.07974051 0.07630777 0.039004602 0.039670846 0.040512121 0.035214362 3.303465e-02 2.025402e-02 1.543346e-02 1.891004e-02 6.318934e-04 1.304708e-02 6.004729e-03 5.334608e-03 1.206744e-02 5.479140e-04 2.487395e-06 6.360954e-05 1.300959e-04 1.680896e-03 3.839809e-03
    6    1      1      0    0      1      -1      -1   100 3.616351e-03 0.08583192 0.09364514 0.18783797 0.19130769 0.12453429 0.049763239 0.032377816 0.075425211 0.023043656 1.698248e-02 1.428883e-02 4.198652e-02 1.963193e-02 7.510973e-04 7.160122e-03 7.459382e-03 4.613493e-03 2.814432e-03 1.729668e-03 3.216173e-03 3.573850e-03 1.006709e-05 6.625985e-03 1.772682e-03
    7    1      1      0    0      1      -1      -1   100 4.262855e-05 0.12550416 0.16078219 0.08903539 0.20875302 0.08559286 0.069080510 0.057527008 0.047661880 0.021898289 1.132366e-02 3.725655e-02 2.737220e-02 1.079812e-02 5.748721e-03 3.450293e-03 1.713474e-04 8.680668e-03 9.148444e-03 2.050484e-03 2.576070e-03 4.173387e-03 8.730996e-05 6.399200e-05 1.122083e-02
    8    1      1      0    0      1      -1      -1   100 1.292300e-02 0.11222283 0.13134782 0.10557538 0.06550573 0.12698916 0.102578966 0.074019848 0.035382129 0.032246808 2.512790e-02 4.514039e-02 2.270097e-02 4.100882e-03 4.936279e-02 4.633908e-03 1.816128e-02 6.007110e-03 2.176688e-03 3.650436e-03 1.860374e-02 1.831357e-04 5.455339e-04 2.901697e-05 7.845312e-04
    9    1      1      0    0      1      -1      -1   100 6.570673e-03 0.17618828 0.06962540 0.09461317 0.09708455 0.06291553 0.092762004 0.120778114 0.054261589 0.024074506 7.415044e-02 1.298759e-02 1.325648e-02 3.955253e-03 2.008825e-02 2.280938e-02 2.536345e-02 1.114697e-03 3.928359e-03 1.144589e-02 6.717242e-04 5.650645e-05 4.240839e-05 2.346020e-05 1.123229e-02
   10    1      1      0    0      1      -1      -1   100 6.436588e-03 0.07578288 0.18085669 0.05651884 0.07458574 0.06020964 0.075280768 0.159812796 0.133814826 0.027874855 2.486086e-02 2.885137e-02 1.653851e-02 3.524078e-03 1.877688e-02 1.395682e-02 6.153233e-03 9.852182e-03 3.521270e-03 5.057332e-03 1.775451e-04 3.935054e-04 2.611309e-03 7.071082e-04 1.384438e-02
   11    1      1      0    0      1      -1      -1   100 8.106079e-04 0.08941153 0.09351997 0.18275839 0.03609697 0.07713899 0.070889868 0.033829382 0.123937613 0.110055959 3.516813e-02 1.418539e-02 4.067196e-03 1.576279e-02 5.875331e-03 7.662136e-03 3.010973e-02 6.976573e-03 7.252554e-03 7.646905e-03 1.700794e-02 5.640652e-06 5.467626e-04 3.868350e-04 2.889680e-02
   12    1      1      0    0      1      -1      -1   100 1.316194e-02 0.15379784 0.09949063 0.11171060 0.12194007 0.05152233 0.056847687 0.069506907 0.034962322 0.078299403 5.824698e-02 2.682140e-02 2.731647e-02 2.638814e-02 2.175188e-02 4.527078e-04 1.762124e-03 9.446639e-03 1.587611e-02 1.681745e-03 1.750723e-04 3.323274e-03 4.703095e-03 1.079821e-03 9.734818e-03
   13    1      1      0    0      1      -1      -1   100 4.704919e-03 0.09811831 0.08228936 0.08091007 0.03749879 0.25168095 0.063055335 0.042454337 0.107176674 0.023583005 5.365372e-02 2.516808e-02 1.892945e-02 3.860669e-02 2.213910e-02 1.123709e-02 1.467756e-03 1.510274e-02 2.386849e-03 7.009801e-04 5.543368e-05 2.128595e-04 3.116887e-03 2.566529e-04 1.549397e-02
   14    1      1      0    0      1      -1      -1   100 6.123939e-03 0.08927609 0.20714123 0.03843005 0.11012198 0.06269983 0.137400795 0.019557344 0.049024609 0.038680535 4.198205e-02 3.986286e-02 1.969232e-02 1.938303e-02 1.807882e-02 9.008611e-03 6.754796e-03 3.731502e-02 2.108483e-03 6.109295e-03 6.765342e-04 9.617524e-03 3.859292e-03 9.390999e-03 1.770397e-02
   15    1      1      0    0      1      -1      -1   100 1.823123e-02 0.10085201 0.11450240 0.07567218 0.05901872 0.08753673 0.052925520 0.132891631 0.032741721 0.070655112 4.739628e-02 2.058419e-02 3.854944e-02 2.170284e-02 5.938918e-02 7.791602e-03 1.655200e-02 8.682122e-03 3.714963e-03 1.733552e-04 7.037673e-04 6.015328e-03 2.137126e-04 2.757502e-03 2.074646e-02
   16    1      1      0    0      1      -1      -1   100 4.154537e-02 0.20079140 0.11213619 0.09513217 0.07636621 0.05042226 0.036430647 0.041775391 0.021771371 0.009698989 8.507049e-02 1.540871e-02 4.157487e-02 6.607596e-02 1.777058e-02 7.160137e-03 5.447139e-02 2.581190e-03 8.204764e-03 1.186315e-03 3.923596e-03 5.865992e-03 1.631223e-03 9.995030e-05 2.904832e-03
   17    1      1      0    0      1      -1      -1   100 2.090213e-02 0.08835385 0.15761248 0.12702394 0.09295549 0.10413526 0.053940845 0.033268748 0.007853871 0.081326384 9.015364e-03 6.947748e-02 5.135631e-02 8.236393e-03 2.667954e-02 2.045500e-02 1.290569e-02 2.224340e-03 4.083513e-03 5.106281e-04 1.190981e-02 1.092551e-03 4.827464e-05 1.280175e-07 1.463198e-02
   18    1      1      0    0      1      -1      -1   100 4.163959e-03 0.10238920 0.16262012 0.34827472 0.06723844 0.05966931 0.040830533 0.020313470 0.024251703 0.017257536 3.618612e-02 8.582218e-03 2.063340e-02 1.890850e-02 1.088932e-02 1.207593e-02 8.781384e-03 3.551555e-03 2.243224e-02 1.350364e-03 1.620152e-03 1.217006e-03 9.282773e-04 1.362093e-04 5.698322e-03
   19    1      1      0    0      1      -1      -1   100 6.128198e-03 0.19332627 0.13531102 0.09186925 0.13719019 0.05074047 0.052714918 0.055658069 0.055224193 0.018659572 7.241341e-02 4.071116e-02 5.982004e-03 1.605927e-02 7.565973e-03 1.776868e-04 1.350931e-02 9.137972e-03 7.472276e-03 9.129688e-03 2.083589e-04 2.988417e-03 5.431539e-03 2.138494e-04 1.217693e-02
   20    1      1      0    0      1      -1      -1   100 7.935171e-03 0.11481594 0.21977292 0.06560380 0.06463685 0.21198084 0.028876902 0.049058022 0.026903544 0.037571271 6.520556e-03 5.175216e-03 5.192981e-02 1.503193e-02 1.793035e-02 1.793756e-02 9.371615e-03 1.446611e-02 3.790803e-03 1.972464e-05 3.457382e-04 1.384867e-02 3.136016e-03 1.447518e-04 1.319589e-02
   21    1      1      0    0      1      -1      -1   100 9.295373e-03 0.11736000 0.12736856 0.17372070 0.05893768 0.14189910 0.143713453 0.034021591 0.013531988 0.027171763 8.672027e-03 3.266211e-03 1.034728e-02 4.570535e-02 5.475928e-04 8.460351e-03 4.847425e-04 2.007688e-03 7.811064e-03 3.953295e-04 9.693101e-03 1.944225e-03 2.874161e-03 1.890276e-02 3.186789e-02
   22    1      1      0    0      1      -1      -1   100 2.081023e-02 0.07132395 0.14836170 0.18708765 0.08620485 0.08012436 0.033780908 0.109142446 0.006321082 0.017018534 2.318224e-02 1.999064e-03 2.448625e-02 6.784421e-02 1.138749e-02 1.391531e-02 2.719287e-02 3.142119e-02 4.976767e-03 1.840156e-04 1.579235e-02 1.964739e-03 4.208657e-03 8.574779e-04 1.041166e-02
   23    1      1      0    0      1      -1      -1   100 1.446966e-02 0.15622048 0.13074461 0.08676290 0.11275932 0.10346416 0.034174962 0.080811109 0.115734436 0.026839704 1.291495e-02 2.665047e-02 4.057553e-04 4.003237e-03 2.441770e-02 2.890903e-03 9.056703e-03 6.616302e-05 5.489630e-04 1.177943e-02 2.929787e-02 2.170914e-04 7.019621e-05 4.794835e-04 1.521975e-02
   24    1      1      0    0      1      -1      -1   100 3.773322e-04 0.14902724 0.09834076 0.11388441 0.06018226 0.10700779 0.128340356 0.062046344 0.019150566 0.064216929 5.121063e-02 1.837447e-02 5.592401e-03 3.564480e-03 4.373326e-03 2.368109e-06 9.065042e-03 8.742430e-03 1.692032e-02 1.660291e-05 8.015911e-05 1.822604e-04 2.206298e-02 1.189754e-02 4.534100e-02
   25    1      1      0    0      1      -1      -1   100 7.425536e-03 0.05367844 0.29584805 0.11531458 0.12158757 0.04706079 0.106413144 0.053013983 0.008456890 0.032544364 2.168685e-02 2.167321e-02 2.545432e-02 3.049291e-02 1.060628e-03 1.914797e-02 1.348918e-02 8.715739e-05 6.722886e-03 1.010629e-03 2.913552e-03 2.515244e-04 7.858338e-05 1.421125e-03 1.316613e-02
   26    1      1      0    0      1      -1      -1   100 1.121369e-02 0.13218614 0.09767413 0.26621613 0.07748492 0.10302970 0.066443213 0.026959851 0.076669331 0.055747042 1.781624e-02 2.887683e-02 1.393764e-04 1.247946e-02 3.601088e-04 1.522831e-03 1.703143e-03 3.902240e-03 9.171163e-03 8.192688e-06 5.604242e-07 5.546076e-03 3.324837e-04 6.255920e-04 3.891549e-03
   27    1      1      0    0      1      -1      -1   100 2.346713e-02 0.09751207 0.11011101 0.09860522 0.28277533 0.05308793 0.048966677 0.048499932 0.046388593 0.044265931 2.830562e-03 1.976403e-02 2.218415e-02 2.298799e-03 1.201841e-02 9.153357e-03 2.241426e-03 2.896124e-02 3.169336e-03 9.133599e-03 5.710797e-05 2.911251e-04 1.335158e-03 5.651259e-08 3.288181e-02
   28    1      1      0    0      1      -1      -1   100 9.084354e-03 0.14603976 0.15714747 0.05926862 0.04531678 0.20622339 0.057155277 0.016882056 0.009617796 0.056884440 2.852467e-02 2.922546e-02 6.972345e-03 3.626802e-02 4.713835e-02 8.194410e-03 3.783540e-02 1.288684e-04 2.004702e-02 4.417313e-05 1.648663e-03 4.530542e-05 5.730138e-05 2.399243e-07 2.024983e-02
   29    1      1      0    0      1      -1      -1   100 1.905369e-02 0.17705303 0.12307934 0.09935116 0.07644503 0.10113915 0.128754380 0.029887763 0.049846758 0.071041823 1.465886e-02 7.100439e-02 1.528865e-02 3.355156e-03 2.235641e-03 6.144817e-03 1.179586e-03 4.626186e-03 5.098405e-03 1.220359e-04 1.208537e-06 7.424190e-05 1.014167e-12 2.227171e-06 5.564585e-04
   30    1      1      0    0      1      -1      -1   100 1.884046e-02 0.15649410 0.24195240 0.13995300 0.09042439 0.03879167 0.066618898 0.084656220 0.045608823 0.017164338 3.781765e-02 2.174749e-04 1.284495e-02 1.381379e-02 7.985412e-04 2.289424e-02 1.617326e-03 2.271100e-04 3.275744e-07 2.409442e-06 4.507586e-03 3.240884e-03 5.217211e-05 1.962128e-10 1.461233e-03
   31    1      1      0    0      1      -1      -1   100 1.988910e-03 0.33488997 0.13575285 0.16764569 0.05481991 0.09836159 0.035645031 0.012935887 0.085301464 0.007117889 6.689269e-03 1.069550e-02 1.360057e-02 9.364557e-03 3.233575e-05 6.630276e-03 3.886472e-03 3.575277e-03 5.500211e-03 3.246119e-04 1.482433e-03 1.821286e-04 1.007953e-03 4.425154e-05 2.524977e-03
   32    1      1      0    0      1      -1      -1   100 1.062757e-02 0.15765196 0.30800775 0.08966276 0.12004524 0.05086709 0.081669336 0.024957551 0.012699987 0.023266226 8.112079e-03 3.293102e-02 2.548673e-03 8.094831e-04 4.278119e-02 1.016865e-02 3.191731e-03 4.408913e-03 2.022896e-03 2.735112e-03 1.195883e-03 3.033921e-04 4.017160e-04 4.046603e-05 8.893326e-03
   33    1      1      0    0      1      -1      -1   100 6.953331e-03 0.11858477 0.16698843 0.26672914 0.07898713 0.10512864 0.022340619 0.013581828 0.060511666 0.014694663 6.667656e-02 1.025808e-02 8.507074e-03 3.226652e-03 1.017135e-02 9.969584e-04 7.901183e-03 4.387213e-06 2.571643e-04 4.927932e-03 3.536637e-03 1.172153e-05 3.775132e-22 8.958766e-11 2.902408e-02
   34    1      1      0    0      1      -1      -1   100 2.785003e-02 0.05916293 0.21457617 0.11536845 0.21493151 0.03571852 0.109363487 0.048938326 0.045003549 0.008512201 2.653338e-02 3.961095e-02 1.656358e-03 7.663426e-04 7.238281e-03 1.130950e-02 2.823959e-03 7.893283e-03 2.965293e-04 5.672958e-04 4.245070e-06 7.163254e-03 4.990847e-07 1.440923e-02 3.017249e-04
   35    1      1      0    0      1      -1      -1   100 1.098192e-02 0.21102301 0.15719865 0.17144919 0.04230592 0.10774526 0.066037963 0.060510960 0.029894187 0.037894541 1.928604e-02 4.268361e-03 2.566731e-02 5.703738e-03 8.445397e-03 1.396145e-03 1.967134e-03 6.373039e-03 2.277695e-08 2.695893e-03 1.517208e-02 2.176742e-03 6.735683e-06 2.615744e-03 9.184008e-03
   36    1      1      0    0      1      -1      -1   100 2.719758e-02 0.21451185 0.32222685 0.02688991 0.08766219 0.05750670 0.070120037 0.024978616 0.040898415 0.013972126 2.894202e-02 2.754265e-02 1.580940e-02 1.791316e-02 8.803515e-03 3.472361e-03 2.358574e-04 2.020917e-04 3.509323e-03 2.249232e-05 1.866675e-04 5.306270e-03 1.246797e-18 1.852071e-06 2.088075e-03
   37    1      1      0    0      1      -1      -1   100 1.025960e-02 0.16227334 0.18418806 0.18475034 0.09025264 0.04926196 0.060204642 0.074850445 0.019425130 0.060659110 2.466488e-02 2.615485e-02 1.275890e-02 2.082071e-03 2.232827e-02 5.517867e-04 9.631861e-04 1.298822e-02 4.706475e-08 3.645797e-05 9.150240e-05 1.282262e-04 5.600436e-09 3.487756e-08 1.126283e-03
   38    1      1      0    0      1      -1      -1   100 5.606894e-03 0.07922042 0.30837913 0.13207079 0.14798714 0.02591028 0.049646617 0.078002044 0.091114713 0.011264492 2.584294e-02 1.669718e-02 7.108594e-04 3.446371e-04 7.979038e-04 1.278353e-04 4.823313e-03 1.895445e-04 4.415851e-05 1.918521e-02 9.849452e-06 8.267298e-09 6.442243e-10 3.760966e-07 2.023665e-03
   39    1      1      0    0      1      -1      -1   100 2.101657e-02 0.07692697 0.16426258 0.13276238 0.19639651 0.09778571 0.019215567 0.054603276 0.056419871 0.059345018 1.955274e-02 4.075929e-02 2.538118e-02 7.587598e-04 3.276101e-04 8.170373e-06 1.849004e-03 2.054126e-05 3.682637e-04 3.942541e-06 2.987414e-02 2.022150e-03 1.420193e-16 1.523774e-08 3.397486e-04
   40    1      1      0    0      1      -1      -1   100 4.536910e-03 0.15977356 0.12293413 0.18834362 0.06159161 0.13368183 0.120934885 0.001491269 0.025838603 0.045927235 3.598146e-02 1.486622e-02 1.700195e-02 5.135103e-03 4.608837e-03 1.781982e-03 2.101921e-02 9.111101e-03 2.470084e-04 7.954081e-05 2.902030e-03 7.639505e-06 2.392033e-03 6.241835e-10 1.981224e-02
   41    1      1      0    0      1      -1      -1   100 4.972338e-02 0.15318505 0.26748255 0.08087760 0.05652106 0.08390150 0.081355426 0.092255559 0.009586926 0.012256803 9.034021e-03 3.174741e-02 1.581460e-02 5.554845e-04 1.174814e-02 1.761840e-02 2.582720e-05 7.310046e-05 1.437387e-02 6.699879e-03 8.488540e-04 5.874162e-08 3.780209e-04 4.650973e-11 3.936488e-03
   42    1      1      0    0      1      -1      -1   100 5.783427e-02 0.20238497 0.14780691 0.15723848 0.04404056 0.08180665 0.108234821 0.051679265 0.043986012 0.005267826 9.586246e-03 1.433387e-02 3.453326e-02 1.659086e-03 3.462105e-03 1.228211e-02 3.564873e-06 7.326297e-06 1.273441e-08 2.681286e-03 2.088720e-06 1.321978e-03 8.697368e-06 2.837531e-04 1.955486e-02
   43    1      1      0    0      1      -1      -1   100 4.086991e-02 0.18317565 0.16604703 0.10053353 0.13400219 0.03165821 0.031671867 0.076984531 0.036079802 0.073510987 2.613458e-02 3.881764e-02 2.079354e-02 1.709139e-02 4.679391e-03 1.963537e-03 1.498888e-03 5.280954e-04 3.078728e-04 1.033528e-07 2.229042e-03 7.722701e-04 2.151393e-06 5.633422e-05 1.059148e-02
   44    1      1      0    0      1      -1      -1   100 2.384996e-02 0.10101124 0.13668981 0.21156140 0.04642742 0.14986535 0.048211192 0.049709707 0.074013319 0.072291019 3.810537e-02 2.466719e-03 9.100577e-03 1.442043e-03 9.608777e-03 2.028668e-03 1.907430e-03 1.823800e-02 9.680134e-05 1.946339e-04 1.974999e-05 3.137650e-03 4.706906e-16 1.621305e-10 2.316444e-05
   45    1      1      0    0      1      -1      -1   100 3.875903e-03 0.15322426 0.08961489 0.12661409 0.16401348 0.12823852 0.146131718 0.023307295 0.031642389 0.046551580 4.150145e-02 1.694104e-02 1.237652e-03 1.031719e-03 8.445208e-03 1.039279e-02 1.478297e-03 2.989966e-03 2.089377e-06 3.938268e-07 1.748666e-08 2.378886e-11 2.486778e-03 6.595908e-21 2.784640e-04
   46    1      1      0    0      1      -1      -1   100 3.189135e-03 0.12147667 0.22186605 0.19682598 0.07627360 0.06144293 0.047946691 0.072993639 0.023636046 0.016061965 4.334781e-02 1.227112e-02 2.302671e-02 5.313126e-03 1.174538e-03 2.537593e-03 4.001348e-02 5.779027e-04 1.127988e-04 2.369629e-02 4.915241e-03 1.640044e-06 8.158061e-17 9.116152e-07 1.298141e-03
   47    1      1      0    0      1      -1      -1   100 2.686825e-02 0.16884821 0.08505547 0.21208024 0.05026928 0.10349911 0.066014897 0.066014288 0.070806226 0.020427478 3.867822e-02 2.527750e-02 2.003251e-02 1.404808e-02 9.190897e-05 1.394145e-02 4.170744e-03 2.545706e-03 1.608533e-03 9.440483e-05 2.104435e-04 2.589673e-03 3.059988e-03 8.947847e-12 3.767385e-03
   48    1      1      0    0      1      -1      -1   100 1.757811e-02 0.29422504 0.13652379 0.07811428 0.11834712 0.10431943 0.057159951 0.060030371 0.024516370 0.034379211 5.057842e-03 6.815016e-03 4.404563e-03 3.875412e-03 3.716834e-02 1.097011e-02 1.366077e-03 1.893993e-04 5.227512e-04 3.177931e-06 3.797132e-07 1.060694e-07 3.068498e-04 3.117461e-11 4.126310e-03
   49    1      1      0    0      1      -1      -1   100 1.843875e-02 0.12463738 0.26543319 0.09938247 0.12172614 0.06805305 0.032674401 0.068018841 0.007224413 0.027567247 2.564007e-02 8.666848e-03 2.419018e-02 3.131801e-02 6.246078e-04 2.424292e-03 2.110238e-05 1.699469e-02 4.943562e-03 3.497485e-02 9.356596e-04 1.016131e-05 1.812855e-11 4.556640e-08 1.610005e-02
   50    1      1      0    0      1      -1      -1   100 1.384556e-02 0.17637737 0.20549183 0.19498118 0.10348807 0.05402276 0.054536953 0.006013572 0.033387416 0.026970495 2.104304e-02 4.378144e-02 1.097880e-02 9.092589e-03 2.418379e-02 1.647511e-02 1.850181e-03 2.040138e-03 3.218361e-07 1.089730e-04 5.692122e-04 2.349081e-04 5.223876e-04 1.230460e-22 3.907179e-06
   51    1      1      0    0      1      -1      -1   100 1.276716e-02 0.27233637 0.19718803 0.12318779 0.16688888 0.04321249 0.046411292 0.035936260 0.022708318 0.033317995 1.228581e-02 3.771793e-04 1.334970e-02 7.010582e-03 6.438969e-05 1.677229e-03 4.948903e-03 2.712646e-03 1.309753e-05 3.000044e-04 5.837211e-05 1.797908e-05 3.945601e-10 4.508907e-11 3.229524e-03
   52    1      1      0    0      1      -1      -1   100 1.929967e-02 0.07944378 0.23501953 0.13895944 0.12542468 0.21445104 0.024393989 0.030526627 0.014021579 0.019327433 1.021120e-02 1.577007e-02 1.667093e-02 4.026814e-04 1.330701e-02 3.113077e-03 7.084731e-03 1.600831e-02 6.658836e-03 4.315099e-15 4.598767e-03 1.128927e-06 1.246465e-03 3.096893e-14 4.059033e-03
   53    1      1      0    0      1      -1      -1   100 1.181794e-02 0.11036796 0.11002579 0.28450866 0.13093381 0.09687544 0.056935456 0.069895220 0.042222242 0.014916427 7.777934e-03 2.983351e-03 1.003076e-02 1.620388e-02 1.520193e-02 2.181030e-05 4.180280e-03 5.047570e-03 1.017036e-04 3.796608e-03 1.842575e-18 8.083147e-14 1.470426e-07 2.387580e-03 3.767520e-03
   54    1      1      0    0      1      -1      -1   100 3.522712e-02 0.13730896 0.14601962 0.10509335 0.12658888 0.06609248 0.068183319 0.093865853 0.040568740 0.034458904 1.200953e-02 4.679388e-02 6.204157e-03 2.042708e-02 1.384433e-02 1.889518e-02 7.625549e-07 1.215825e-02 1.611081e-06 1.453552e-02 2.485498e-07 1.321123e-03 5.192642e-06 3.654292e-09 3.959054e-04
   55    1      1      0    0      1      -1      -1   100 2.751265e-04 0.25983940 0.19321142 0.07271855 0.08996026 0.11178501 0.078418645 0.055920848 0.064670998 0.041281349 3.272487e-03 8.193618e-03 1.431526e-04 1.044366e-02 4.751199e-03 3.430404e-03 1.211583e-03 1.209754e-06 3.037811e-05 1.977200e-09 5.462691e-05 7.365008e-05 1.630217e-11 1.428581e-07 3.122818e-04
   56    1      1      0    0      1      -1      -1   100 3.148945e-02 0.10911445 0.25853737 0.12183231 0.08413576 0.06956391 0.124916669 0.061882157 0.038376657 0.036620220 9.892508e-03 1.000779e-02 2.047758e-02 3.949658e-03 1.477636e-03 1.195509e-02 5.944429e-04 3.462227e-04 1.655524e-07 4.344473e-04 1.462165e-05 3.317062e-12 1.435387e-03 3.436203e-04 2.601873e-03
   57    1      1      0    0      1      -1      -1   100 2.246596e-03 0.20571608 0.05937069 0.30512706 0.13048027 0.03611229 0.031675493 0.066514557 0.041129466 0.024304761 4.096877e-02 4.322572e-03 4.219097e-03 9.281560e-03 3.486833e-04 1.177411e-05 1.101913e-02 7.746308e-05 8.676441e-04 1.850516e-02 9.980207e-07 7.576377e-03 6.617577e-07 7.540442e-05 4.744464e-05
   58    1      1      0    0      1      -1      -1   100 8.741403e-04 0.06828136 0.16540741 0.10623535 0.15309935 0.11822309 0.105707952 0.041512893 0.088522326 0.030333481 5.597112e-02 2.394954e-02 2.329966e-02 1.404301e-03 2.462292e-03 3.678752e-05 2.882998e-04 3.859543e-05 1.484194e-06 6.038835e-05 4.253547e-03 8.573429e-03 1.872910e-04 2.328951e-04 1.043009e-03
   59    1      1      0    0      1      -1      -1   100 2.331483e-02 0.10459975 0.06716491 0.29645646 0.07084855 0.12435225 0.101614857 0.027866621 0.027774870 0.042895719 2.238451e-02 4.803374e-03 5.739864e-02 4.495562e-03 6.632840e-04 1.132723e-02 1.156128e-04 4.425334e-06 3.378290e-03 1.735341e-06 5.155106e-06 1.169319e-05 7.207108e-03 5.450311e-08 1.314499e-03
   60    1      1      0    0      1      -1      -1   100 1.210531e-02 0.18002149 0.08104101 0.11220790 0.13971259 0.06358930 0.117985713 0.047480245 0.080404377 0.017263145 6.590767e-02 2.906205e-02 1.291165e-02 6.215224e-03 2.925642e-03 1.063284e-04 2.756066e-04 3.188106e-05 1.944523e-09 1.565503e-02 1.055683e-03 1.615750e-04 2.297870e-32 3.806931e-04 1.349989e-02
   61    1      1      0    0      1      -1      -1   100 2.526761e-02 0.20971105 0.23914426 0.08562812 0.03347761 0.16390427 0.081239276 0.040260133 0.024468885 0.002907620 2.041545e-02 1.572835e-02 2.897376e-03 1.879606e-03 2.358868e-02 1.578044e-02 1.110107e-05 2.750257e-03 4.971052e-03 1.880264e-03 9.740897e-05 2.997348e-06 1.406884e-03 2.429357e-16 2.581310e-03
   62    1      1      0    0      1      -1      -1   100 5.247505e-03 0.08009525 0.21981143 0.14340519 0.05270535 0.05235045 0.165903715 0.026869124 0.111984389 0.059829641 5.079828e-03 1.540754e-02 1.295283e-02 2.054198e-02 1.506677e-02 7.627920e-03 6.441822e-07 2.228738e-03 1.598791e-05 3.600408e-16 4.466949e-05 9.964966e-04 9.314014e-06 1.825212e-03 2.633690e-08
   63    1      1      0    0      1      -1      -1   100 1.733189e-02 0.06496704 0.13618689 0.31865935 0.16992802 0.11203016 0.004363026 0.058761908 0.009466261 0.013672037 3.793857e-02 7.464598e-03 1.028245e-02 7.489423e-03 3.715050e-03 9.063390e-03 9.205605e-03 2.090197e-03 6.836343e-03 2.575740e-04 4.841871e-10 6.677126e-08 1.209862e-12 1.554569e-10 2.901483e-04
   64    1      1      0    0      1      -1      -1   100 2.174368e-02 0.29156769 0.08538109 0.11452109 0.16137741 0.10273212 0.050262769 0.027891654 0.073843499 0.004324005 2.217380e-02 7.141235e-03 6.946991e-03 4.459410e-03 1.346081e-02 2.755064e-04 1.964858e-03 7.712730e-03 1.952122e-05 9.633929e-09 1.530051e-03 2.052329e-18 4.221806e-06 6.685417e-09 6.658399e-04
   65    1      1      0    0      1      -1      -1   100 1.038125e-02 0.14807288 0.39386760 0.03188899 0.05476430 0.10030754 0.081021143 0.046709980 0.017499931 0.015841464 2.152926e-02 1.717855e-02 7.376048e-03 1.841793e-03 4.979822e-03 2.505914e-02 4.402100e-03 8.404016e-03 3.774264e-03 6.596855e-05 1.182795e-06 4.431211e-05 1.091996e-04 2.541231e-03 2.338035e-03
   66    1      1      0    0      1      -1      -1   100 2.491688e-03 0.21083587 0.13454273 0.31663591 0.03167015 0.04815814 0.066228534 0.035689114 0.039997204 0.002596608 2.695832e-02 1.731361e-02 1.566545e-02 2.436996e-02 5.563773e-03 1.718828e-03 1.732796e-03 4.782921e-03 6.988565e-04 5.924845e-03 5.033349e-05 4.110701e-12 1.148374e-03 5.016388e-03 2.095885e-04
   67    1      1      0    0      1      -1      -1   100 3.311374e-02 0.16877382 0.17214719 0.15521382 0.16067945 0.05464153 0.042043284 0.039852157 0.077220550 0.013799523 2.675791e-02 1.900572e-03 4.953858e-03 1.434661e-02 1.195487e-02 5.384710e-03 2.258307e-04 2.185711e-03 6.171195e-05 5.466196e-04 1.351522e-04 1.641337e-03 9.474655e-34 6.495500e-03 5.924548e-03
   68    1      1      0    0      1      -1      -1   100 5.745563e-02 0.20435619 0.15778344 0.12246958 0.09725194 0.21850866 0.048094068 0.011698520 0.030078855 0.021977079 4.371941e-03 1.029097e-08 9.489704e-03 1.040804e-03 7.535528e-03 2.713554e-04 2.569556e-03 1.376970e-03 4.671844e-04 2.311866e-03 1.647957e-04 6.960177e-04 4.311174e-15 6.977750e-08 3.023110e-05
   69    1      1      0    0      1      -1      -1   100 6.056898e-02 0.23441546 0.17388783 0.15181832 0.08920786 0.04921887 0.106376893 0.021462053 0.001569440 0.019920627 4.157057e-02 5.285932e-03 1.114520e-02 1.888134e-02 1.976034e-03 1.409450e-04 1.037025e-07 7.001299e-04 2.829973e-05 2.843667e-04 9.520624e-03 7.971117e-05 1.935187e-03 5.227774e-06 2.129374e-16
   70    1      1      0    0      1      -1      -1   100 1.292523e-02 0.14155793 0.31656281 0.11177934 0.09931389 0.04477189 0.018923605 0.132416614 0.018726801 0.010600703 4.990670e-02 7.563100e-03 8.490887e-03 7.976130e-04 5.373605e-03 1.894406e-04 2.501177e-04 1.800129e-02 6.410439e-06 1.387892e-11 3.805007e-04 2.845041e-06 1.457630e-03 1.046206e-06 5.835160e-13
   71    1      1      0    0      1      -1      -1   100 2.117283e-02 0.09137461 0.19748087 0.21859361 0.10970479 0.06397222 0.080169233 0.091134735 0.072860588 0.004395901 5.873546e-03 1.471743e-02 1.161661e-02 1.812150e-03 1.213841e-02 4.320695e-04 1.604120e-04 9.490947e-04 5.714193e-05 5.605965e-04 7.106628e-04 2.042206e-06 5.857944e-06 2.420571e-07 1.043363e-04
   72    1      1      0    0      1      -1      -1   100 2.638861e-02 0.08794816 0.15563974 0.17465815 0.24445857 0.09373222 0.082063606 0.023131922 0.009055671 0.052947889 6.801144e-03 6.724268e-04 1.156742e-02 5.227709e-04 3.534721e-03 3.499563e-04 1.804848e-05 1.865805e-04 9.133837e-03 1.595495e-02 7.345839e-04 1.428783e-06 3.651084e-04 1.452700e-09 1.324794e-04
   73    1      1      0    0      1      -1      -1   100 6.671604e-03 0.11834444 0.20786600 0.13309616 0.14184932 0.11632226 0.066106173 0.024860990 0.061468619 0.011649097 5.452701e-02 1.174349e-03 9.347198e-05 2.152720e-02 7.267139e-03 1.022700e-03 1.341568e-02 1.640398e-04 5.584385e-03 1.263353e-03 3.321628e-05 1.533454e-08 3.402612e-07 1.742620e-05 5.675007e-03
   74    1      1      0    0      1      -1      -1   100 1.819797e-02 0.23498644 0.09289228 0.14720474 0.08482328 0.08891857 0.097300151 0.064826630 0.056694361 0.036836548 2.045377e-03 2.875223e-02 1.590957e-02 5.535449e-04 1.098495e-02 1.116089e-02 1.158977e-03 3.653987e-05 2.175713e-04 8.994049e-05 3.492976e-03 2.828626e-03 8.038656e-05 7.457000e-06 2.006989e-09
   75    1      1      0    0      1      -1      -1   100 3.064111e-03 0.26720648 0.22105710 0.04228278 0.07251680 0.08335027 0.033703125 0.131514233 0.029588755 0.042188862 1.607725e-02 1.601545e-03 3.044764e-02 1.148892e-03 6.265998e-03 1.303651e-02 7.324692e-04 9.254760e-04 6.148482e-04 5.607497e-05 1.680580e-19 2.618689e-03 6.134409e-11 2.100443e-06 4.227532e-18
   76    1      1      0    0      1      -1      -1   100 1.694862e-02 0.15305220 0.43207905 0.07061384 0.05407062 0.07109764 0.031164431 0.018342078 0.035801195 0.037845327 2.704840e-02 1.014989e-02 4.184322e-03 1.057406e-02 1.486026e-02 1.758198e-04 5.379538e-04 9.872338e-03 1.438382e-08 1.384266e-09 8.331450e-04 6.204096e-15 4.078352e-06 7.423840e-04 2.313479e-06
   77    1      1      0    0      1      -1      -1   100 4.233806e-02 0.11588141 0.20953518 0.24601137 0.17168016 0.04590997 0.024132276 0.020797207 0.037301829 0.050920627 1.137504e-02 8.141665e-03 7.653900e-03 3.727617e-05 4.352489e-03 4.627160e-05 1.964946e-05 4.164473e-06 3.610839e-03 2.343521e-11 5.595375e-05 3.303019e-06 1.502524e-06 1.686065e-06 1.881669e-04
   78    1      1      0    0      1      -1      -1   100 1.363011e-02 0.12396758 0.12635447 0.08009829 0.27017100 0.17432302 0.037761180 0.041908948 0.025680749 0.029492011 1.463131e-02 1.131426e-02 1.204425e-02 2.035498e-03 1.364383e-02 1.960211e-02 9.455160e-04 5.290207e-04 5.472210e-04 2.688042e-08 1.295697e-05 2.802953e-18 1.638496e-15 1.306632e-03 1.743458e-08
   79    1      1      0    0      1      -1      -1   100 1.346031e-02 0.17860408 0.20560077 0.09381911 0.10535921 0.19476452 0.077341506 0.018529139 0.045024095 0.001697841 6.561506e-03 2.649963e-02 7.012546e-04 4.971138e-04 8.213357e-03 1.077543e-03 8.376867e-03 1.893550e-14 9.694553e-07 1.232210e-03 9.258703e-05 4.284205e-03 5.039110e-12 1.279510e-03 6.982662e-03
   80    1      1      0    0      1      -1      -1   100 9.190599e-03 0.11910272 0.21499528 0.21213586 0.06685549 0.05335537 0.135326607 0.057488460 0.011537231 0.035637284 5.619600e-02 1.297717e-02 1.048727e-02 2.559511e-03 8.411432e-04 1.648874e-05 8.147150e-04 2.852147e-04 4.525495e-08 1.396771e-13 6.970517e-05 6.336110e-09 1.714554e-11 5.835638e-24 1.278373e-04
   81    1      1      0    0      1      -1      -1   100 6.588792e-03 0.09944017 0.18346346 0.18587411 0.10636352 0.05725462 0.037282494 0.172222202 0.039043914 0.015008961 1.295102e-02 1.166860e-02 3.427305e-02 7.084684e-03 6.654969e-03 1.200021e-04 1.171118e-03 3.831792e-13 7.860236e-04 1.437947e-13 5.051755e-06 2.253124e-02 2.886526e-06 5.545712e-05 1.536650e-04
   82    1      1      0    0      1      -1      -1   100 7.046094e-02 0.14529684 0.11375916 0.18727172 0.08481032 0.09586300 0.048980533 0.066208660 0.070817856 0.021003098 1.838500e-02 2.221237e-02 1.750841e-02 9.734131e-03 7.878015e-03 2.679127e-03 5.534448e-04 1.239676e-02 5.768231e-10 1.362467e-03 7.566359e-04 9.757409e-16 3.127212e-06 1.730872e-04 1.885303e-03
   83    1      1      0    0      1      -1      -1   100 1.532005e-02 0.40197952 0.07705673 0.14874244 0.06823669 0.10279380 0.051597245 0.035596844 0.017594013 0.030528407 1.899877e-02 8.566466e-04 1.430430e-03 1.614280e-03 2.009846e-03 1.274795e-02 8.730957e-04 4.449117e-04 6.655760e-06 1.542742e-06 4.177515e-03 5.085595e-12 3.216900e-03 1.490686e-04 4.026639e-03
   84    1      1      0    0      1      -1      -1   100 2.442586e-02 0.23961995 0.26947836 0.03365994 0.10894021 0.06081127 0.081962992 0.023915162 0.009541596 0.006370849 2.454847e-02 4.260518e-02 2.500226e-02 1.025997e-02 9.790112e-03 1.301189e-03 2.779359e-03 4.664041e-03 1.143857e-03 1.864162e-02 1.116303e-04 4.242555e-04 8.943475e-14 2.277015e-14 1.869366e-06
   85    1      1      0    0      1      -1      -1   100 1.079603e-02 0.10673590 0.31658017 0.14686980 0.08593825 0.04755070 0.058023546 0.025777685 0.057581316 0.013125156 6.931371e-02 3.008017e-02 1.797506e-02 3.494307e-03 2.688174e-04 1.220815e-03 3.369232e-03 4.048592e-03 1.802829e-04 1.681045e-10 3.012636e-04 2.828640e-13 6.336312e-05 2.214795e-15 7.058379e-04
   86    1      1      0    0      1      -1      -1   100 8.015446e-03 0.14198061 0.15969607 0.19002347 0.18450109 0.05495674 0.050752067 0.031880437 0.054610762 0.028044823 1.396120e-02 1.140557e-02 4.412025e-02 8.859152e-03 2.711614e-03 1.055194e-02 1.626077e-03 6.986680e-06 1.899934e-03 1.557909e-08 1.098353e-05 6.974852e-06 2.707545e-06 1.498554e-11 3.750684e-04
   87    1      1      0    0      1      -1      -1   100 1.575116e-02 0.03252583 0.17980805 0.10463899 0.16298936 0.21305036 0.045862181 0.100503022 0.043295769 0.012760153 1.131336e-02 4.270461e-02 4.266827e-03 1.292046e-02 1.371426e-02 4.464352e-05 2.019690e-04 2.281566e-03 1.350507e-03 1.511232e-05 9.477516e-10 1.075899e-06 7.252795e-10 1.003785e-17 7.368815e-07
   88    1      1      0    0      1      -1      -1   100 4.767684e-03 0.20438735 0.09491561 0.14458067 0.11921972 0.14568741 0.084555774 0.037076004 0.031480495 0.029420352 2.482228e-03 2.144279e-02 2.902713e-02 3.960079e-02 1.755170e-03 5.518201e-04 6.881110e-04 7.726372e-03 2.601167e-04 2.659753e-04 1.711731e-06 1.063033e-04 4.098308e-08 1.003564e-20 3.664535e-07
   89    1      1      0    0      1      -1      -1   100 4.463459e-03 0.08168997 0.35313255 0.16191908 0.09420673 0.01336823 0.113652963 0.090273821 0.009509198 0.016810528 1.138457e-02 1.714611e-02 1.329087e-02 9.707063e-03 1.057503e-04 7.498866e-03 6.507977e-04 3.534127e-05 6.022211e-07 8.635978e-05 2.207153e-05 1.074124e-07 8.589093e-04 6.112438e-09 1.860328e-04
   90    1      1      0    0      1      -1      -1   100 1.227344e-02 0.11552596 0.13685386 0.18842734 0.05724210 0.05589876 0.093946065 0.088757857 0.100352738 0.006602250 2.614447e-02 1.770075e-02 7.128368e-03 4.122170e-02 2.832860e-03 5.350861e-03 3.051768e-02 6.186783e-05 1.919540e-05 1.928568e-03 8.731544e-03 3.226405e-09 1.900366e-03 1.495990e-10 5.813981e-04
   91    1      1      0    0      1      -1      -1   100 2.866664e-02 0.25386768 0.13208245 0.10902226 0.16435301 0.05910720 0.044930744 0.052436766 0.042417805 0.050793431 2.162554e-02 1.097055e-03 1.758388e-03 2.506008e-03 8.439522e-04 8.757147e-04 1.380014e-02 1.106639e-02 1.340037e-04 7.498484e-03 3.751582e-04 1.361182e-07 2.877474e-08 7.981117e-06 7.330385e-04
   92    1      1      0    0      1      -1      -1   100 2.896787e-02 0.18456350 0.17246107 0.08939837 0.17004049 0.07039679 0.038845456 0.065859539 0.027713384 0.049891818 6.496589e-02 1.685116e-04 6.975995e-03 1.308527e-02 6.322957e-03 6.740172e-03 8.555550e-05 1.129433e-05 1.335782e-03 7.601517e-04 5.198612e-05 9.597711e-06 1.373607e-06 3.152038e-11 1.347181e-03
   93    1      1      0    0      1      -1      -1   100 2.181485e-02 0.13790419 0.22947892 0.15400785 0.11653855 0.06882173 0.066485215 0.029040290 0.019416607 0.035453186 5.831872e-02 2.743644e-02 8.390559e-03 1.018173e-02 2.874885e-03 6.914352e-04 5.082516e-04 9.793292e-03 3.888012e-04 1.751819e-04 9.150408e-07 1.422855e-05 6.699884e-08 1.650409e-12 2.264110e-03
   94    1      1      0    0      1      -1      -1   100 3.269747e-02 0.09754369 0.15317855 0.15036849 0.17705625 0.06386913 0.047276128 0.090972949 0.028258746 0.013522769 1.498418e-02 5.059493e-02 3.038778e-02 1.573496e-02 1.794014e-02 6.551208e-04 9.275883e-03 6.490421e-07 4.380625e-05 3.868514e-03 7.075863e-04 3.040237e-06 2.057387e-04 1.271920e-24 8.534919e-04
   95    1      1      0    0      1      -1      -1   100 2.725845e-02 0.30530082 0.13331929 0.12983359 0.07837643 0.10884918 0.039199316 0.011210581 0.058651343 0.018669262 2.595803e-02 1.496525e-02 4.975535e-03 1.793561e-02 5.455925e-03 7.346062e-03 1.691995e-03 5.720809e-05 5.678000e-03 1.455168e-04 2.431262e-04 3.659234e-03 1.486930e-04 7.269149e-04 3.446557e-04
   96    1      1      0    0      1      -1      -1   100 2.693111e-02 0.24986959 0.28764740 0.11545000 0.13821798 0.06276132 0.013289771 0.029863989 0.007084123 0.009717475 6.800427e-03 8.081332e-03 8.966454e-03 1.554136e-03 1.621043e-02 2.978121e-04 5.722167e-04 4.227118e-05 2.807975e-06 1.310194e-02 4.997580e-04 2.834901e-04 1.540016e-03 1.952438e-04 1.018907e-03
   97    1      1      0    0      1      -1      -1   100 1.052527e-02 0.13829294 0.19649077 0.27759684 0.06800542 0.11845957 0.057625085 0.056801066 0.009770534 0.007639322 1.287233e-02 7.206531e-03 5.784148e-03 1.694775e-03 2.065010e-02 9.764251e-03 6.915626e-12 2.183208e-04 3.280838e-04 2.349903e-07 1.469816e-04 1.267379e-04 1.048967e-07 1.255444e-08 5.577011e-07
   98    1      1      0    0      1      -1      -1   100 1.022038e-02 0.11162380 0.26262427 0.17353641 0.14481148 0.05462937 0.071294016 0.054258652 0.018241743 0.023837445 2.963845e-05 1.156010e-02 3.181689e-03 1.945554e-02 5.053789e-03 2.517918e-02 8.157883e-03 1.342294e-07 2.248368e-03 7.322168e-11 1.630551e-26 3.715417e-29 1.701348e-14 1.874436e-18 5.611919e-05
   99    1      1      0    0      1      -1      -1   100 1.805527e-02 0.18973554 0.16053675 0.25412294 0.13340228 0.11480494 0.039045758 0.030846539 0.018845576 0.009191284 3.827690e-03 8.072847e-04 5.750426e-03 6.537580e-03 4.238192e-05 8.695205e-03 3.165301e-03 2.108769e-03 1.494476e-09 2.469236e-16 4.765278e-04 1.756981e-06 6.156987e-13 1.267997e-10 2.039874e-07
  100    1      1      0    0      1      -1      -1   100 6.178125e-03 0.15835399 0.22959636 0.10527061 0.20247996 0.10428056 0.069777063 0.030881673 0.025449092 0.021255010 1.010762e-02 8.264942e-03 3.761476e-05 1.637063e-02 3.507841e-04 1.308049e-04 1.028202e-02 3.847921e-08 1.802942e-05 1.486983e-04 1.185773e-04 1.341233e-07 2.011849e-04 2.002454e-04 2.462411e-04
    2    1      2      0    0      1      -1      -1   100 6.000000e-02 0.21000000 0.03000000 0.15000000 0.11000000 0.08000000 0.100000000 0.050000000 0.040000000 0.030000000 1.000000e-02 3.000000e-02 0.000000e+00 3.000000e-02 1.000000e-02 0.000000e+00 1.000000e-02 1.000000e-02 0.000000e+00 1.000000e-02 0.000000e+00 2.000000e-02 0.000000e+00 0.000000e+00 1.000000e-02
    3    1      2      0    0      1      -1      -1   100 5.000000e-02 0.28000000 0.14000000 0.08000000 0.08000000 0.04000000 0.060000000 0.020000000 0.020000000 0.030000000 5.000000e-02 5.000000e-02 1.000000e-02 0.000000e+00 0.000000e+00 1.000000e-02 4.000000e-02 3.000000e-02 0.000000e+00 0.000000e+00 1.000000e-02 0.000000e+00 0.000000e+00 0.000000e+00 0.000000e+00
    4    1      2      0    0      1      -1      -1   100 0.000000e+00 0.25000000 0.22000000 0.10000000 0.11000000 0.07000000 0.040000000 0.040000000 0.020000000 0.030000000 2.000000e-02 1.000000e-02 1.000000e-02 1.000000e-02 1.000000e-02 1.000000e-02 0.000000e+00 1.000000e-02 0.000000e+00 0.000000e+00 0.000000e+00 0.000000e+00 0.000000e+00 0.000000e+00 4.000000e-02
    5    1      2      0    0      1      -1      -1   100 2.000000e-02 0.10000000 0.17000000 0.24000000 0.04000000 0.09000000 0.040000000 0.040000000 0.050000000 0.020000000 2.000000e-02 3.000000e-02 5.000000e-02 3.000000e-02 2.000000e-02 0.000000e+00 0.000000e+00 0.000000e+00 1.000000e-02 0.000000e+00 1.000000e-02 0.000000e+00 0.000000e+00 0.000000e+00 2.000000e-02
    6    1      2      0    0      1      -1      -1   100 6.000000e-02 0.11000000 0.07000000 0.18000000 0.20000000 0.01000000 0.040000000 0.030000000 0.050000000 0.040000000 5.000000e-02 4.000000e-02 3.000000e-02 0.000000e+00 3.000000e-02 0.000000e+00 0.000000e+00 2.000000e-02 1.000000e-02 0.000000e+00 1.000000e-02 0.000000e+00 0.000000e+00 1.000000e-02 1.000000e-02
    7    1      2      0    0      1      -1      -1   100 2.000000e-02 0.14000000 0.13000000 0.14000000 0.19000000 0.09000000 0.070000000 0.040000000 0.020000000 0.030000000 1.000000e-02 1.000000e-02 0.000000e+00 0.000000e+00 1.000000e-02 3.000000e-02 0.000000e+00 0.000000e+00 2.000000e-02 4.000000e-02 0.000000e+00 0.000000e+00 0.000000e+00 0.000000e+00 1.000000e-02
    8    1      2      0    0      1      -1      -1   100 5.000000e-02 0.06000000 0.09000000 0.12000000 0.04000000 0.18000000 0.140000000 0.050000000 0.040000000 0.050000000 6.000000e-02 3.000000e-02 1.000000e-02 2.000000e-02 2.000000e-02 1.000000e-02 0.000000e+00 0.000000e+00 0.000000e+00 0.000000e+00 1.000000e-02 1.000000e-02 0.000000e+00 0.000000e+00 1.000000e-02
    9    1      2      0    0      1      -1      -1   100 1.000000e-02 0.23000000 0.04000000 0.09000000 0.11000000 0.04000000 0.090000000 0.100000000 0.060000000 0.040000000 3.000000e-02 1.000000e-02 5.000000e-02 4.000000e-02 1.000000e-02 1.000000e-02 1.000000e-02 1.000000e-02 1.000000e-02 0.000000e+00 1.000000e-02 0.000000e+00 0.000000e+00 0.000000e+00 0.000000e+00
   10    1      2      0    0      1      -1      -1   100 5.000000e-02 0.13000000 0.18000000 0.06000000 0.04000000 0.07000000 0.060000000 0.140000000 0.050000000 0.030000000 2.000000e-02 2.000000e-02 2.000000e-02 2.000000e-02 1.000000e-02 2.000000e-02 0.000000e+00 3.000000e-02 0.000000e+00 1.000000e-02 1.000000e-02 1.000000e-02 0.000000e+00 0.000000e+00 2.000000e-02
   11    1      2      0    0      1      -1      -1   100 1.000000e-02 0.07000000 0.12000000 0.17000000 0.05000000 0.11000000 0.060000000 0.050000000 0.080000000 0.100000000 2.000000e-02 3.000000e-02 2.000000e-02 3.000000e-02 1.000000e-02 0.000000e+00 1.000000e-02 0.000000e+00 1.000000e-02 2.000000e-02 1.000000e-02 1.000000e-02 0.000000e+00 0.000000e+00 1.000000e-02
   12    1      2      0    0      1      -1      -1   100 2.000000e-02 0.08000000 0.19000000 0.06000000 0.28000000 0.02000000 0.070000000 0.040000000 0.020000000 0.050000000 6.000000e-02 3.000000e-02 3.000000e-02 2.000000e-02 0.000000e+00 1.000000e-02 0.000000e+00 1.000000e-02 1.000000e-02 0.000000e+00 0.000000e+00 0.000000e+00 0.000000e+00 0.000000e+00 0.000000e+00
   13    1      2      0    0      1      -1      -1   100 8.000000e-02 0.17000000 0.06000000 0.08000000 0.09000000 0.12000000 0.050000000 0.070000000 0.060000000 0.020000000 7.000000e-02 6.000000e-02 2.000000e-02 1.000000e-02 1.000000e-02 1.000000e-02 0.000000e+00 1.000000e-02 0.000000e+00 0.000000e+00 0.000000e+00 1.000000e-02 0.000000e+00 0.000000e+00 0.000000e+00
   14    1      2      0    0      1      -1      -1   100 1.000000e-02 0.11000000 0.14000000 0.07000000 0.06000000 0.05000000 0.150000000 0.050000000 0.020000000 0.030000000 5.000000e-02 7.000000e-02 5.000000e-02 2.000000e-02 1.000000e-02 1.000000e-02 1.000000e-02 1.000000e-02 0.000000e+00 1.000000e-02 1.000000e-02 1.000000e-02 0.000000e+00 2.000000e-02 3.000000e-02
   15    1      2      0    0      1      -1      -1   100 8.000000e-02 0.20000000 0.08000000 0.08000000 0.05000000 0.04000000 0.070000000 0.070000000 0.020000000 0.040000000 3.000000e-02 2.000000e-02 4.000000e-02 5.000000e-02 4.000000e-02 4.000000e-02 0.000000e+00 1.000000e-02 1.000000e-02 1.000000e-02 0.000000e+00 0.000000e+00 1.000000e-02 0.000000e+00 1.000000e-02
   16    1      2      0    0      1      -1      -1   100 4.000000e-02 0.23000000 0.08000000 0.08000000 0.12000000 0.05000000 0.070000000 0.020000000 0.060000000 0.070000000 2.000000e-02 3.000000e-02 1.000000e-02 6.000000e-02 1.000000e-02 0.000000e+00 1.000000e-02 2.000000e-02 0.000000e+00 0.000000e+00 0.000000e+00 1.000000e-02 0.000000e+00 0.000000e+00 1.000000e-02
   17    1      2      0    0      1      -1      -1   100 1.000000e-02 0.17000000 0.20000000 0.10000000 0.10000000 0.08000000 0.010000000 0.030000000 0.010000000 0.110000000 4.000000e-02 2.000000e-02 2.000000e-02 1.000000e-02 4.000000e-02 4.000000e-02 0.000000e+00 0.000000e+00 0.000000e+00 0.000000e+00 0.000000e+00 0.000000e+00 0.000000e+00 0.000000e+00 1.000000e-02
   18    1      2      0    0      1      -1      -1   100 5.000000e-02 0.09000000 0.14000000 0.24000000 0.12000000 0.04000000 0.080000000 0.020000000 0.030000000 0.000000000 5.000000e-02 1.000000e-02 3.000000e-02 1.000000e-02 1.000000e-02 2.000000e-02 1.000000e-02 0.000000e+00 2.000000e-02 0.000000e+00 0.000000e+00 2.000000e-02 0.000000e+00 0.000000e+00 1.000000e-02
   19    1      2      0    0      1      -1      -1   100 4.000000e-02 0.15000000 0.11000000 0.15000000 0.24000000 0.03000000 0.070000000 0.010000000 0.030000000 0.020000000 1.000000e-02 4.000000e-02 1.000000e-02 2.000000e-02 1.000000e-02 1.000000e-02 0.000000e+00 0.000000e+00 0.000000e+00 0.000000e+00 2.000000e-02 1.000000e-02 0.000000e+00 0.000000e+00 2.000000e-02
   20    1      2      0    0      1      -1      -1   100 6.000000e-02 0.16000000 0.22000000 0.12000000 0.07000000 0.10000000 0.080000000 0.030000000 0.000000000 0.030000000 1.000000e-02 0.000000e+00 3.000000e-02 0.000000e+00 1.000000e-02 0.000000e+00 0.000000e+00 5.000000e-02 1.000000e-02 0.000000e+00 1.000000e-02 0.000000e+00 0.000000e+00 0.000000e+00 1.000000e-02
   21    1      2      0    0      1      -1      -1   100 3.000000e-02 0.19000000 0.17000000 0.12000000 0.07000000 0.09000000 0.090000000 0.050000000 0.020000000 0.030000000 1.000000e-02 1.000000e-02 1.000000e-02 0.000000e+00 2.000000e-02 0.000000e+00 1.000000e-02 3.000000e-02 0.000000e+00 2.000000e-02 1.000000e-02 1.000000e-02 0.000000e+00 0.000000e+00 1.000000e-02
   22    1      2      0    0      1      -1      -1   100 1.000000e-02 0.15000000 0.14000000 0.15000000 0.15000000 0.06000000 0.080000000 0.110000000 0.020000000 0.030000000 1.000000e-02 0.000000e+00 2.000000e-02 1.000000e-02 1.000000e-02 0.000000e+00 0.000000e+00 1.000000e-02 2.000000e-02 1.000000e-02 0.000000e+00 0.000000e+00 0.000000e+00 0.000000e+00 1.000000e-02
   23    1      2      0    0      1      -1      -1   100 1.000000e-01 0.26000000 0.08000000 0.09000000 0.14000000 0.05000000 0.040000000 0.040000000 0.060000000 0.030000000 1.000000e-02 0.000000e+00 2.000000e-02 2.000000e-02 1.000000e-02 0.000000e+00 0.000000e+00 0.000000e+00 0.000000e+00 0.000000e+00 2.000000e-02 1.000000e-02 1.000000e-02 0.000000e+00 1.000000e-02
   24    1      2      0    0      1      -1      -1   100 2.000000e-02 0.27000000 0.15000000 0.05000000 0.10000000 0.07000000 0.110000000 0.040000000 0.040000000 0.040000000 6.000000e-02 1.000000e-02 1.000000e-02 0.000000e+00 0.000000e+00 0.000000e+00 0.000000e+00 0.000000e+00 1.000000e-02 0.000000e+00 0.000000e+00 0.000000e+00 0.000000e+00 0.000000e+00 2.000000e-02
   25    1      2      0    0      1      -1      -1   100 6.000000e-02 0.08000000 0.37000000 0.10000000 0.05000000 0.05000000 0.050000000 0.070000000 0.010000000 0.030000000 4.000000e-02 1.000000e-02 0.000000e+00 0.000000e+00 1.000000e-02 0.000000e+00 0.000000e+00 1.000000e-02 0.000000e+00 2.000000e-02 1.000000e-02 0.000000e+00 1.000000e-02 0.000000e+00 2.000000e-02
   26    1      2      0    0      1      -1      -1   100 5.000000e-02 0.14000000 0.08000000 0.26000000 0.09000000 0.10000000 0.030000000 0.020000000 0.050000000 0.020000000 4.000000e-02 4.000000e-02 1.000000e-02 1.000000e-02 3.000000e-02 0.000000e+00 0.000000e+00 0.000000e+00 0.000000e+00 0.000000e+00 0.000000e+00 0.000000e+00 0.000000e+00 1.000000e-02 2.000000e-02
   27    1      2      0    0      1      -1      -1   100 4.000000e-02 0.17000000 0.11000000 0.04000000 0.18000000 0.10000000 0.060000000 0.050000000 0.060000000 0.030000000 1.000000e-02 3.000000e-02 3.000000e-02 1.000000e-02 2.000000e-02 1.000000e-02 0.000000e+00 0.000000e+00 1.000000e-02 0.000000e+00 0.000000e+00 2.000000e-02 0.000000e+00 0.000000e+00 2.000000e-02
   28    1      2      0    0      1      -1      -1   100 3.000000e-02 0.14000000 0.17000000 0.03000000 0.07000000 0.17000000 0.070000000 0.060000000 0.020000000 0.080000000 5.000000e-02 1.000000e-02 1.000000e-02 3.000000e-02 2.000000e-02 0.000000e+00 0.000000e+00 1.000000e-02 0.000000e+00 0.000000e+00 1.000000e-02 0.000000e+00 1.000000e-02 1.000000e-02 0.000000e+00
   29    1      2      0    0      1      -1      -1   100 2.000000e-02 0.27000000 0.11000000 0.14000000 0.09000000 0.11000000 0.080000000 0.020000000 0.030000000 0.010000000 2.000000e-02 1.000000e-02 2.000000e-02 1.000000e-02 2.000000e-02 1.000000e-02 0.000000e+00 0.000000e+00 0.000000e+00 0.000000e+00 0.000000e+00 0.000000e+00 0.000000e+00 0.000000e+00 3.000000e-02
   30    1      2      0    0      1      -1      -1   100 7.000000e-02 0.14000000 0.19000000 0.09000000 0.07000000 0.06000000 0.070000000 0.110000000 0.030000000 0.000000000 1.000000e-02 3.000000e-02 3.000000e-02 2.000000e-02 4.000000e-02 2.000000e-02 0.000000e+00 1.000000e-02 0.000000e+00 0.000000e+00 0.000000e+00 0.000000e+00 0.000000e+00 0.000000e+00 1.000000e-02
   31    1      2      0    0      1      -1      -1   100 2.000000e-02 0.31000000 0.09000000 0.16000000 0.07000000 0.06000000 0.060000000 0.010000000 0.080000000 0.040000000 2.000000e-02 0.000000e+00 5.000000e-02 0.000000e+00 0.000000e+00 0.000000e+00 0.000000e+00 1.000000e-02 2.000000e-02 0.000000e+00 0.000000e+00 0.000000e+00 0.000000e+00 0.000000e+00 0.000000e+00
   32    1      2      0    0      1      -1      -1   100 2.000000e-02 0.14000000 0.35000000 0.07000000 0.11000000 0.04000000 0.010000000 0.060000000 0.010000000 0.080000000 2.000000e-02 2.000000e-02 3.000000e-02 2.000000e-02 0.000000e+00 0.000000e+00 0.000000e+00 1.000000e-02 0.000000e+00 0.000000e+00 1.000000e-02 0.000000e+00 0.000000e+00 0.000000e+00 0.000000e+00
   33    1      2      0    0      1      -1      -1   100 2.000000e-02 0.19000000 0.13000000 0.25000000 0.06000000 0.14000000 0.030000000 0.010000000 0.010000000 0.020000000 4.000000e-02 4.000000e-02 2.000000e-02 1.000000e-02 1.000000e-02 0.000000e+00 0.000000e+00 0.000000e+00 0.000000e+00 0.000000e+00 0.000000e+00 0.000000e+00 0.000000e+00 0.000000e+00 2.000000e-02
   34    1      2      0    0      1      -1      -1   100 1.100000e-01 0.11000000 0.18000000 0.11000000 0.20000000 0.06000000 0.040000000 0.040000000 0.040000000 0.010000000 1.000000e-02 4.000000e-02 2.000000e-02 1.000000e-02 2.000000e-02 0.000000e+00 0.000000e+00 0.000000e+00 0.000000e+00 0.000000e+00 0.000000e+00 0.000000e+00 0.000000e+00 0.000000e+00 0.000000e+00
   35    1      2      0    0      1      -1      -1   100 6.000000e-02 0.35000000 0.10000000 0.07000000 0.05000000 0.09000000 0.050000000 0.060000000 0.020000000 0.020000000 1.000000e-02 1.000000e-02 4.000000e-02 1.000000e-02 1.000000e-02 0.000000e+00 2.000000e-02 1.000000e-02 1.000000e-02 1.000000e-02 0.000000e+00 0.000000e+00 0.000000e+00 0.000000e+00 0.000000e+00
   36    1      2      0    0      1      -1      -1   100 8.000000e-02 0.16000000 0.24000000 0.03000000 0.12000000 0.07000000 0.090000000 0.020000000 0.050000000 0.020000000 0.000000e+00 0.000000e+00 1.000000e-02 2.000000e-02 3.000000e-02 1.000000e-02 1.000000e-02 1.000000e-02 0.000000e+00 1.000000e-02 0.000000e+00 0.000000e+00 0.000000e+00 0.000000e+00 2.000000e-02
   37    1      2      0    0      1      -1      -1   100 4.000000e-02 0.22000000 0.16000000 0.21000000 0.06000000 0.06000000 0.080000000 0.020000000 0.040000000 0.030000000 2.000000e-02 1.000000e-02 1.000000e-02 0.000000e+00 1.000000e-02 0.000000e+00 0.000000e+00 0.000000e+00 1.000000e-02 0.000000e+00 1.000000e-02 1.000000e-02 0.000000e+00 0.000000e+00 0.000000e+00
   38    1      2      0    0      1      -1      -1   100 4.000000e-02 0.14000000 0.18000000 0.15000000 0.17000000 0.06000000 0.050000000 0.030000000 0.050000000 0.010000000 3.000000e-02 0.000000e+00 2.000000e-02 1.000000e-02 0.000000e+00 2.000000e-02 0.000000e+00 0.000000e+00 0.000000e+00 0.000000e+00 0.000000e+00 1.000000e-02 1.000000e-02 1.000000e-02 1.000000e-02
   39    1      2      0    0      1      -1      -1   100 5.000000e-02 0.15000000 0.20000000 0.10000000 0.10000000 0.17000000 0.000000000 0.050000000 0.030000000 0.050000000 2.000000e-02 1.000000e-02 1.000000e-02 1.000000e-02 2.000000e-02 0.000000e+00 1.000000e-02 0.000000e+00 0.000000e+00 0.000000e+00 0.000000e+00 0.000000e+00 0.000000e+00 0.000000e+00 2.000000e-02
   40    1      2      0    0      1      -1      -1   100 2.000000e-02 0.18000000 0.12000000 0.10000000 0.16000000 0.12000000 0.050000000 0.040000000 0.030000000 0.070000000 5.000000e-02 0.000000e+00 3.000000e-02 1.000000e-02 0.000000e+00 0.000000e+00 0.000000e+00 0.000000e+00 1.000000e-02 0.000000e+00 0.000000e+00 1.000000e-02 0.000000e+00 0.000000e+00 0.000000e+00
   41    1      2      0    0      1      -1      -1   100 2.000000e-02 0.19000000 0.22000000 0.04000000 0.11000000 0.12000000 0.070000000 0.060000000 0.040000000 0.020000000 2.000000e-02 5.000000e-02 1.000000e-02 2.000000e-02 0.000000e+00 0.000000e+00 0.000000e+00 0.000000e+00 0.000000e+00 1.000000e-02 0.000000e+00 0.000000e+00 0.000000e+00 0.000000e+00 0.000000e+00
   42    1      2      0    0      1      -1      -1   100 2.000000e-02 0.18000000 0.11000000 0.22000000 0.06000000 0.10000000 0.110000000 0.060000000 0.080000000 0.000000000 0.000000e+00 0.000000e+00 1.000000e-02 0.000000e+00 1.000000e-02 1.000000e-02 0.000000e+00 0.000000e+00 0.000000e+00 2.000000e-02 0.000000e+00 0.000000e+00 0.000000e+00 1.000000e-02 0.000000e+00
   43    1      2      0    0      1      -1      -1   100 1.000000e-02 0.16000000 0.14000000 0.09000000 0.17000000 0.04000000 0.120000000 0.100000000 0.040000000 0.050000000 0.000000e+00 0.000000e+00 1.000000e-02 4.000000e-02 0.000000e+00 0.000000e+00 2.000000e-02 1.000000e-02 0.000000e+00 0.000000e+00 0.000000e+00 0.000000e+00 0.000000e+00 0.000000e+00 0.000000e+00
   44    1      2      0    0      1      -1      -1   100 6.000000e-02 0.15000000 0.14000000 0.08000000 0.09000000 0.15000000 0.050000000 0.080000000 0.050000000 0.030000000 2.000000e-02 2.000000e-02 1.000000e-02 1.000000e-02 1.000000e-02 0.000000e+00 1.000000e-02 1.000000e-02 1.000000e-02 1.000000e-02 0.000000e+00 0.000000e+00 0.000000e+00 1.000000e-02 0.000000e+00
   45    1      2      0    0      1      -1      -1   100 4.000000e-02 0.19000000 0.13000000 0.11000000 0.11000000 0.06000000 0.100000000 0.030000000 0.060000000 0.040000000 4.000000e-02 4.000000e-02 0.000000e+00 1.000000e-02 2.000000e-02 1.000000e-02 0.000000e+00 0.000000e+00 0.000000e+00 1.000000e-02 0.000000e+00 0.000000e+00 0.000000e+00 0.000000e+00 0.000000e+00
   46    1      2      0    0      1      -1      -1   100 1.000000e-01 0.15000000 0.25000000 0.08000000 0.08000000 0.07000000 0.070000000 0.050000000 0.030000000 0.030000000 3.000000e-02 3.000000e-02 0.000000e+00 1.000000e-02 0.000000e+00 0.000000e+00 0.000000e+00 0.000000e+00 1.000000e-02 0.000000e+00 1.000000e-02 0.000000e+00 0.000000e+00 0.000000e+00 0.000000e+00
   47    1      2      0    0      1      -1      -1   100 7.000000e-02 0.23000000 0.19000000 0.15000000 0.07000000 0.08000000 0.040000000 0.020000000 0.020000000 0.030000000 2.000000e-02 2.000000e-02 1.000000e-02 3.000000e-02 1.000000e-02 0.000000e+00 0.000000e+00 0.000000e+00 0.000000e+00 0.000000e+00 0.000000e+00 1.000000e-02 0.000000e+00 0.000000e+00 0.000000e+00
   48    1      2      0    0      1      -1      -1   100 5.000000e-02 0.30000000 0.18000000 0.06000000 0.09000000 0.06000000 0.040000000 0.030000000 0.020000000 0.040000000 1.000000e-02 5.000000e-02 1.000000e-02 0.000000e+00 4.000000e-02 0.000000e+00 0.000000e+00 0.000000e+00 1.000000e-02 0.000000e+00 0.000000e+00 0.000000e+00 0.000000e+00 1.000000e-02 0.000000e+00
   49    1      2      0    0      1      -1      -1   100 3.000000e-02 0.21000000 0.20000000 0.13000000 0.08000000 0.18000000 0.010000000 0.030000000 0.010000000 0.010000000 2.000000e-02 0.000000e+00 3.000000e-02 2.000000e-02 3.000000e-02 0.000000e+00 0.000000e+00 0.000000e+00 0.000000e+00 0.000000e+00 0.000000e+00 0.000000e+00 0.000000e+00 0.000000e+00 1.000000e-02
   50    1      2      0    0      1      -1      -1   100 5.000000e-02 0.21000000 0.19000000 0.19000000 0.13000000 0.05000000 0.010000000 0.020000000 0.020000000 0.010000000 2.000000e-02 2.000000e-02 0.000000e+00 1.000000e-02 1.000000e-02 1.000000e-02 1.000000e-02 1.000000e-02 0.000000e+00 1.000000e-02 1.000000e-02 1.000000e-02 0.000000e+00 0.000000e+00 0.000000e+00
   51    1      2      0    0      1      -1      -1   100 3.000000e-02 0.24000000 0.17000000 0.15000000 0.16000000 0.01000000 0.060000000 0.040000000 0.040000000 0.050000000 1.000000e-02 2.000000e-02 1.000000e-02 1.000000e-02 0.000000e+00 0.000000e+00 0.000000e+00 0.000000e+00 0.000000e+00 0.000000e+00 0.000000e+00 0.000000e+00 0.000000e+00 0.000000e+00 0.000000e+00
   52    1      2      0    0      1      -1      -1   100 5.000000e-02 0.13000000 0.27000000 0.18000000 0.07000000 0.12000000 0.030000000 0.020000000 0.070000000 0.000000000 1.000000e-02 0.000000e+00 1.000000e-02 2.000000e-02 0.000000e+00 0.000000e+00 0.000000e+00 0.000000e+00 1.000000e-02 0.000000e+00 0.000000e+00 1.000000e-02 0.000000e+00 0.000000e+00 0.000000e+00
   53    1      2      0    0      1      -1      -1   100 8.000000e-02 0.17000000 0.13000000 0.21000000 0.11000000 0.07000000 0.110000000 0.010000000 0.020000000 0.030000000 0.000000e+00 0.000000e+00 3.000000e-02 0.000000e+00 0.000000e+00 1.000000e-02 0.000000e+00 0.000000e+00 1.000000e-02 1.000000e-02 0.000000e+00 0.000000e+00 0.000000e+00 0.000000e+00 0.000000e+00
   54    1      2      0    0      1      -1      -1   100 5.000000e-02 0.20000000 0.15000000 0.11000000 0.14000000 0.13000000 0.080000000 0.060000000 0.020000000 0.020000000 1.000000e-02 0.000000e+00 0.000000e+00 0.000000e+00 0.000000e+00 0.000000e+00 1.000000e-02 0.000000e+00 0.000000e+00 0.000000e+00 1.000000e-02 0.000000e+00 0.000000e+00 0.000000e+00 1.000000e-02
   55    1      2      0    0      1      -1      -1   100 2.000000e-02 0.28000000 0.19000000 0.09000000 0.09000000 0.09000000 0.050000000 0.040000000 0.090000000 0.010000000 1.000000e-02 1.000000e-02 0.000000e+00 0.000000e+00 0.000000e+00 0.000000e+00 1.000000e-02 0.000000e+00 0.000000e+00 1.000000e-02 1.000000e-02 0.000000e+00 0.000000e+00 0.000000e+00 0.000000e+00
   56    1      2      0    0      1      -1      -1   100 4.000000e-02 0.14000000 0.24000000 0.13000000 0.10000000 0.03000000 0.120000000 0.040000000 0.040000000 0.080000000 2.000000e-02 0.000000e+00 1.000000e-02 1.000000e-02 0.000000e+00 0.000000e+00 0.000000e+00 0.000000e+00 0.000000e+00 0.000000e+00 0.000000e+00 0.000000e+00 0.000000e+00 0.000000e+00 0.000000e+00
   57    1      2      0    0      1      -1      -1   100 1.000000e-02 0.26000000 0.12000000 0.22000000 0.17000000 0.05000000 0.010000000 0.050000000 0.020000000 0.030000000 1.000000e-02 2.000000e-02 0.000000e+00 2.000000e-02 0.000000e+00 0.000000e+00 1.000000e-02 0.000000e+00 0.000000e+00 0.000000e+00 0.000000e+00 0.000000e+00 0.000000e+00 0.000000e+00 0.000000e+00
   58    1      2      0    0      1      -1      -1   100 2.000000e-02 0.09000000 0.23000000 0.11000000 0.15000000 0.13000000 0.020000000 0.030000000 0.090000000 0.050000000 1.000000e-02 4.000000e-02 1.000000e-02 2.000000e-02 0.000000e+00 0.000000e+00 0.000000e+00 0.000000e+00 0.000000e+00 0.000000e+00 0.000000e+00 0.000000e+00 0.000000e+00 0.000000e+00 0.000000e+00
   59    1      2      0    0      1      -1      -1   100 7.000000e-02 0.10000000 0.04000000 0.24000000 0.10000000 0.19000000 0.060000000 0.040000000 0.010000000 0.090000000 3.000000e-02 1.000000e-02 1.000000e-02 0.000000e+00 0.000000e+00 0.000000e+00 1.000000e-02 0.000000e+00 0.000000e+00 0.000000e+00 0.000000e+00 0.000000e+00 0.000000e+00 0.000000e+00 0.000000e+00
   60    1      2      0    0      1      -1      -1   100 1.000000e-02 0.24000000 0.12000000 0.08000000 0.13000000 0.05000000 0.110000000 0.020000000 0.020000000 0.050000000 5.000000e-02 1.000000e-02 3.000000e-02 4.000000e-02 2.000000e-02 0.000000e+00 1.000000e-02 0.000000e+00 0.000000e+00 0.000000e+00 0.000000e+00 0.000000e+00 0.000000e+00 1.000000e-02 0.000000e+00
   61    1      2      0    0      1      -1      -1   100 5.000000e-02 0.27000000 0.17000000 0.14000000 0.02000000 0.14000000 0.030000000 0.050000000 0.050000000 0.020000000 1.000000e-02 1.000000e-02 0.000000e+00 1.000000e-02 2.000000e-02 0.000000e+00 1.000000e-02 0.000000e+00 0.000000e+00 0.000000e+00 0.000000e+00 0.000000e+00 0.000000e+00 0.000000e+00 0.000000e+00
   62    1      2      0    0      1      -1      -1   100 3.000000e-02 0.18000000 0.23000000 0.15000000 0.08000000 0.06000000 0.080000000 0.020000000 0.030000000 0.050000000 2.000000e-02 3.000000e-02 0.000000e+00 2.000000e-02 0.000000e+00 1.000000e-02 0.000000e+00 0.000000e+00 1.000000e-02 0.000000e+00 0.000000e+00 0.000000e+00 0.000000e+00 0.000000e+00 0.000000e+00
   63    1      2      0    0      1      -1      -1   100 6.000000e-02 0.11000000 0.14000000 0.22000000 0.06000000 0.07000000 0.010000000 0.060000000 0.020000000 0.070000000 3.000000e-02 4.000000e-02 1.000000e-02 5.000000e-02 2.000000e-02 2.000000e-02 1.000000e-02 0.000000e+00 0.000000e+00 0.000000e+00 0.000000e+00 0.000000e+00 0.000000e+00 0.000000e+00 0.000000e+00
   64    1      2      0    0      1      -1      -1   100 6.000000e-02 0.28000000 0.10000000 0.10000000 0.13000000 0.08000000 0.030000000 0.010000000 0.060000000 0.040000000 4.000000e-02 2.000000e-02 1.000000e-02 1.000000e-02 2.000000e-02 0.000000e+00 0.000000e+00 0.000000e+00 1.000000e-02 0.000000e+00 0.000000e+00 0.000000e+00 0.000000e+00 0.000000e+00 0.000000e+00
   65    1      2      0    0      1      -1      -1   100 1.000000e-02 0.20000000 0.31000000 0.06000000 0.11000000 0.10000000 0.040000000 0.020000000 0.010000000 0.050000000 1.000000e-02 3.000000e-02 0.000000e+00 1.000000e-02 2.000000e-02 0.000000e+00 1.000000e-02 0.000000e+00 0.000000e+00 0.000000e+00 0.000000e+00 0.000000e+00 1.000000e-02 0.000000e+00 0.000000e+00
   66    1      2      0    0      1      -1      -1   100 5.000000e-02 0.10000000 0.19000000 0.24000000 0.06000000 0.06000000 0.090000000 0.090000000 0.010000000 0.010000000 3.000000e-02 1.000000e-02 1.000000e-02 2.000000e-02 0.000000e+00 2.000000e-02 0.000000e+00 1.000000e-02 0.000000e+00 0.000000e+00 0.000000e+00 0.000000e+00 0.000000e+00 0.000000e+00 0.000000e+00
   67    1      2      0    0      1      -1      -1   100 6.000000e-02 0.16000000 0.16000000 0.10000000 0.21000000 0.04000000 0.010000000 0.070000000 0.070000000 0.010000000 0.000000e+00 0.000000e+00 1.000000e-02 3.000000e-02 2.000000e-02 0.000000e+00 0.000000e+00 0.000000e+00 0.000000e+00 2.000000e-02 2.000000e-02 1.000000e-02 0.000000e+00 0.000000e+00 0.000000e+00
   68    1      2      0    0      1      -1      -1   100 7.000000e-02 0.19000000 0.11000000 0.14000000 0.09000000 0.16000000 0.060000000 0.050000000 0.000000000 0.040000000 2.000000e-02 1.000000e-02 0.000000e+00 2.000000e-02 2.000000e-02 1.000000e-02 0.000000e+00 0.000000e+00 1.000000e-02 0.000000e+00 0.000000e+00 0.000000e+00 0.000000e+00 0.000000e+00 0.000000e+00
   69    1      2      0    0      1      -1      -1   100 3.000000e-02 0.26000000 0.18000000 0.10000000 0.17000000 0.04000000 0.090000000 0.010000000 0.000000000 0.020000000 2.000000e-02 1.000000e-02 0.000000e+00 3.000000e-02 1.000000e-02 0.000000e+00 0.000000e+00 1.000000e-02 0.000000e+00 1.000000e-02 1.000000e-02 0.000000e+00 0.000000e+00 0.000000e+00 0.000000e+00
   70    1      2      0    0      1      -1      -1   100 0.000000e+00 0.17000000 0.18000000 0.20000000 0.08000000 0.08000000 0.060000000 0.120000000 0.010000000 0.010000000 3.000000e-02 1.000000e-02 1.000000e-02 1.000000e-02 0.000000e+00 2.000000e-02 0.000000e+00 0.000000e+00 0.000000e+00 0.000000e+00 0.000000e+00 0.000000e+00 0.000000e+00 0.000000e+00 1.000000e-02
   71    1      2      0    0      1      -1      -1   100 2.000000e-02 0.15000000 0.19000000 0.28000000 0.09000000 0.05000000 0.060000000 0.030000000 0.050000000 0.040000000 0.000000e+00 2.000000e-02 0.000000e+00 1.000000e-02 0.000000e+00 1.000000e-02 0.000000e+00 0.000000e+00 0.000000e+00 0.000000e+00 0.000000e+00 0.000000e+00 0.000000e+00 0.000000e+00 0.000000e+00
   72    1      2      0    0      1      -1      -1   100 1.100000e-01 0.15000000 0.07000000 0.09000000 0.19000000 0.12000000 0.070000000 0.030000000 0.030000000 0.050000000 0.000000e+00 2.000000e-02 2.000000e-02 1.000000e-02 1.000000e-02 0.000000e+00 0.000000e+00 0.000000e+00 1.000000e-02 1.000000e-02 0.000000e+00 0.000000e+00 0.000000e+00 1.000000e-02 0.000000e+00
   73    1      2      0    0      1      -1      -1   100 3.000000e-02 0.13000000 0.11000000 0.20000000 0.10000000 0.10000000 0.090000000 0.040000000 0.060000000 0.020000000 7.000000e-02 1.000000e-02 0.000000e+00 3.000000e-02 0.000000e+00 0.000000e+00 0.000000e+00 1.000000e-02 0.000000e+00 0.000000e+00 0.000000e+00 0.000000e+00 0.000000e+00 0.000000e+00 0.000000e+00
   74    1      2      0    0      1      -1      -1   100 1.000000e-01 0.30000000 0.03000000 0.13000000 0.09000000 0.07000000 0.130000000 0.020000000 0.010000000 0.020000000 2.000000e-02 3.000000e-02 0.000000e+00 0.000000e+00 1.000000e-02 3.000000e-02 1.000000e-02 0.000000e+00 0.000000e+00 0.000000e+00 0.000000e+00 0.000000e+00 0.000000e+00 0.000000e+00 0.000000e+00
   75    1      2      0    0      1      -1      -1   100 4.000000e-02 0.33000000 0.16000000 0.08000000 0.09000000 0.04000000 0.060000000 0.120000000 0.040000000 0.020000000 1.000000e-02 1.000000e-02 0.000000e+00 0.000000e+00 0.000000e+00 0.000000e+00 0.000000e+00 0.000000e+00 0.000000e+00 0.000000e+00 0.000000e+00 0.000000e+00 0.000000e+00 0.000000e+00 0.000000e+00
   76    1      2      0    0      1      -1      -1   100 4.000000e-02 0.18000000 0.29000000 0.14000000 0.03000000 0.06000000 0.050000000 0.020000000 0.060000000 0.040000000 3.000000e-02 0.000000e+00 2.000000e-02 2.000000e-02 0.000000e+00 0.000000e+00 1.000000e-02 0.000000e+00 0.000000e+00 0.000000e+00 0.000000e+00 0.000000e+00 1.000000e-02 0.000000e+00 0.000000e+00
   77    1      2      0    0      1      -1      -1   100 5.000000e-02 0.14000000 0.14000000 0.22000000 0.14000000 0.05000000 0.040000000 0.030000000 0.040000000 0.030000000 3.000000e-02 2.000000e-02 3.000000e-02 1.000000e-02 0.000000e+00 0.000000e+00 0.000000e+00 0.000000e+00 1.000000e-02 0.000000e+00 0.000000e+00 0.000000e+00 0.000000e+00 1.000000e-02 1.000000e-02
   78    1      2      0    0      1      -1      -1   100 3.000000e-02 0.22000000 0.18000000 0.10000000 0.19000000 0.10000000 0.010000000 0.040000000 0.000000000 0.020000000 2.000000e-02 1.000000e-02 2.000000e-02 1.000000e-02 1.000000e-02 2.000000e-02 0.000000e+00 1.000000e-02 0.000000e+00 0.000000e+00 0.000000e+00 0.000000e+00 1.000000e-02 0.000000e+00 0.000000e+00
   79    1      2      0    0      1      -1      -1   100 3.000000e-02 0.17000000 0.20000000 0.13000000 0.08000000 0.19000000 0.040000000 0.030000000 0.020000000 0.020000000 0.000000e+00 2.000000e-02 2.000000e-02 1.000000e-02 0.000000e+00 1.000000e-02 2.000000e-02 0.000000e+00 0.000000e+00 0.000000e+00 0.000000e+00 0.000000e+00 0.000000e+00 1.000000e-02 0.000000e+00
   80    1      2      0    0      1      -1      -1   100 2.000000e-02 0.17000000 0.20000000 0.22000000 0.11000000 0.07000000 0.070000000 0.020000000 0.030000000 0.000000000 2.000000e-02 2.000000e-02 2.000000e-02 1.000000e-02 1.000000e-02 0.000000e+00 0.000000e+00 0.000000e+00 0.000000e+00 0.000000e+00 1.000000e-02 0.000000e+00 0.000000e+00 0.000000e+00 0.000000e+00
   81    1      2      0    0      1      -1      -1   100 0.000000e+00 0.15000000 0.13000000 0.12000000 0.20000000 0.06000000 0.050000000 0.150000000 0.050000000 0.020000000 0.000000e+00 1.000000e-02 2.000000e-02 2.000000e-02 1.000000e-02 0.000000e+00 0.000000e+00 0.000000e+00 0.000000e+00 0.000000e+00 0.000000e+00 0.000000e+00 1.000000e-02 0.000000e+00 0.000000e+00
   82    1      2      0    0      1      -1      -1   100 8.000000e-02 0.15000000 0.17000000 0.20000000 0.10000000 0.04000000 0.050000000 0.030000000 0.110000000 0.020000000 0.000000e+00 1.000000e-02 2.000000e-02 1.000000e-02 0.000000e+00 1.000000e-02 0.000000e+00 0.000000e+00 0.000000e+00 0.000000e+00 0.000000e+00 0.000000e+00 0.000000e+00 0.000000e+00 0.000000e+00
   83    1      2      0    0      1      -1      -1   100 5.000000e-02 0.37000000 0.05000000 0.10000000 0.05000000 0.10000000 0.070000000 0.040000000 0.020000000 0.060000000 6.000000e-02 0.000000e+00 0.000000e+00 0.000000e+00 0.000000e+00 0.000000e+00 1.000000e-02 0.000000e+00 0.000000e+00 0.000000e+00 0.000000e+00 1.000000e-02 0.000000e+00 0.000000e+00 1.000000e-02
   84    1      2      0    0      1      -1      -1   100 2.000000e-02 0.30000000 0.30000000 0.03000000 0.08000000 0.08000000 0.050000000 0.040000000 0.020000000 0.010000000 3.000000e-02 2.000000e-02 1.000000e-02 0.000000e+00 0.000000e+00 0.000000e+00 0.000000e+00 0.000000e+00 0.000000e+00 0.000000e+00 0.000000e+00 1.000000e-02 0.000000e+00 0.000000e+00 0.000000e+00
   85    1      2      0    0      1      -1      -1   100 1.000000e-02 0.18000000 0.26000000 0.22000000 0.08000000 0.06000000 0.050000000 0.030000000 0.030000000 0.020000000 1.000000e-02 4.000000e-02 0.000000e+00 0.000000e+00 0.000000e+00 0.000000e+00 0.000000e+00 1.000000e-02 0.000000e+00 0.000000e+00 0.000000e+00 0.000000e+00 0.000000e+00 0.000000e+00 0.000000e+00
   86    1      2      0    0      1      -1      -1   100 2.000000e-02 0.13000000 0.07000000 0.23000000 0.19000000 0.03000000 0.050000000 0.090000000 0.050000000 0.040000000 3.000000e-02 0.000000e+00 2.000000e-02 3.000000e-02 1.000000e-02 0.000000e+00 0.000000e+00 0.000000e+00 0.000000e+00 0.000000e+00 0.000000e+00 1.000000e-02 0.000000e+00 0.000000e+00 0.000000e+00
   87    1      2      0    0      1      -1      -1   100 6.000000e-02 0.14000000 0.24000000 0.07000000 0.17000000 0.17000000 0.020000000 0.010000000 0.020000000 0.020000000 0.000000e+00 1.000000e-02 1.000000e-02 4.000000e-02 1.000000e-02 0.000000e+00 0.000000e+00 0.000000e+00 0.000000e+00 0.000000e+00 1.000000e-02 0.000000e+00 0.000000e+00 0.000000e+00 0.000000e+00
   88    1      2      0    0      1      -1      -1   100 0.000000e+00 0.21000000 0.07000000 0.14000000 0.10000000 0.15000000 0.120000000 0.040000000 0.030000000 0.020000000 6.000000e-02 1.000000e-02 1.000000e-02 1.000000e-02 1.000000e-02 0.000000e+00 0.000000e+00 0.000000e+00 2.000000e-02 0.000000e+00 0.000000e+00 0.000000e+00 0.000000e+00 0.000000e+00 0.000000e+00
   89    1      2      0    0      1      -1      -1   100 6.000000e-02 0.08000000 0.19000000 0.14000000 0.10000000 0.09000000 0.090000000 0.090000000 0.030000000 0.030000000 0.000000e+00 0.000000e+00 2.000000e-02 0.000000e+00 3.000000e-02 3.000000e-02 1.000000e-02 0.000000e+00 0.000000e+00 0.000000e+00 0.000000e+00 0.000000e+00 0.000000e+00 1.000000e-02 0.000000e+00
   90    1      2      0    0      1      -1      -1   100 3.000000e-02 0.15000000 0.12000000 0.23000000 0.04000000 0.07000000 0.060000000 0.130000000 0.070000000 0.020000000 0.000000e+00 1.000000e-02 1.000000e-02 3.000000e-02 0.000000e+00 0.000000e+00 0.000000e+00 0.000000e+00 0.000000e+00 0.000000e+00 2.000000e-02 0.000000e+00 0.000000e+00 0.000000e+00 1.000000e-02
   91    1      2      0    0      1      -1      -1   100 3.000000e-02 0.20000000 0.17000000 0.01000000 0.26000000 0.05000000 0.050000000 0.080000000 0.050000000 0.060000000 1.000000e-02 1.000000e-02 0.000000e+00 1.000000e-02 0.000000e+00 0.000000e+00 0.000000e+00 1.000000e-02 0.000000e+00 0.000000e+00 0.000000e+00 0.000000e+00 0.000000e+00 0.000000e+00 0.000000e+00
   92    1      2      0    0      1      -1      -1   100 3.000000e-02 0.25000000 0.21000000 0.10000000 0.05000000 0.10000000 0.060000000 0.040000000 0.040000000 0.040000000 2.000000e-02 1.000000e-02 1.000000e-02 2.000000e-02 0.000000e+00 0.000000e+00 0.000000e+00 0.000000e+00 2.000000e-02 0.000000e+00 0.000000e+00 0.000000e+00 0.000000e+00 0.000000e+00 0.000000e+00
   93    1      2      0    0      1      -1      -1   100 1.000000e-02 0.18000000 0.24000000 0.15000000 0.12000000 0.01000000 0.110000000 0.040000000 0.030000000 0.000000000 4.000000e-02 2.000000e-02 1.000000e-02 1.000000e-02 0.000000e+00 0.000000e+00 0.000000e+00 1.000000e-02 0.000000e+00 0.000000e+00 1.000000e-02 0.000000e+00 0.000000e+00 0.000000e+00 1.000000e-02
   94    1      2      0    0      1      -1      -1   100 7.000000e-02 0.16000000 0.23000000 0.15000000 0.10000000 0.06000000 0.030000000 0.060000000 0.000000000 0.020000000 2.000000e-02 2.000000e-02 5.000000e-02 0.000000e+00 2.000000e-02 0.000000e+00 1.000000e-02 0.000000e+00 0.000000e+00 0.000000e+00 0.000000e+00 0.000000e+00 0.000000e+00 0.000000e+00 0.000000e+00
   95    1      2      0    0      1      -1      -1   100 7.000000e-02 0.27000000 0.09000000 0.17000000 0.11000000 0.12000000 0.010000000 0.020000000 0.070000000 0.010000000 1.000000e-02 0.000000e+00 1.000000e-02 1.000000e-02 0.000000e+00 0.000000e+00 2.000000e-02 1.000000e-02 0.000000e+00 0.000000e+00 0.000000e+00 0.000000e+00 0.000000e+00 0.000000e+00 0.000000e+00
   96    1      2      0    0      1      -1      -1   100 6.000000e-02 0.25000000 0.20000000 0.08000000 0.06000000 0.13000000 0.030000000 0.070000000 0.030000000 0.050000000 1.000000e-02 1.000000e-02 1.000000e-02 0.000000e+00 0.000000e+00 1.000000e-02 0.000000e+00 0.000000e+00 0.000000e+00 0.000000e+00 0.000000e+00 0.000000e+00 0.000000e+00 0.000000e+00 0.000000e+00
   97    1      2      0    0      1      -1      -1   100 5.000000e-02 0.20000000 0.20000000 0.23000000 0.05000000 0.10000000 0.050000000 0.020000000 0.020000000 0.020000000 3.000000e-02 0.000000e+00 2.000000e-02 0.000000e+00 0.000000e+00 0.000000e+00 0.000000e+00 0.000000e+00 1.000000e-02 0.000000e+00 0.000000e+00 0.000000e+00 0.000000e+00 0.000000e+00 0.000000e+00
   98    1      2      0    0      1      -1      -1   100 4.000000e-02 0.24000000 0.24000000 0.14000000 0.11000000 0.05000000 0.040000000 0.050000000 0.050000000 0.010000000 1.000000e-02 0.000000e+00 0.000000e+00 1.000000e-02 0.000000e+00 0.000000e+00 1.000000e-02 0.000000e+00 0.000000e+00 0.000000e+00 0.000000e+00 0.000000e+00 0.000000e+00 0.000000e+00 0.000000e+00
   99    1      2      0    0      1      -1      -1   100 4.000000e-02 0.25000000 0.19000000 0.24000000 0.09000000 0.08000000 0.030000000 0.010000000 0.010000000 0.030000000 1.000000e-02 0.000000e+00 0.000000e+00 0.000000e+00 1.000000e-02 0.000000e+00 0.000000e+00 1.000000e-02 0.000000e+00 0.000000e+00 0.000000e+00 0.000000e+00 0.000000e+00 0.000000e+00 0.000000e+00
  100    1      2      0    0      1      -1      -1   100 2.000000e-02 0.23000000 0.17000000 0.08000000 0.19000000 0.11000000 0.040000000 0.040000000 0.000000000 0.020000000 2.000000e-02 1.000000e-02 0.000000e+00 3.000000e-02 1.000000e-02 1.000000e-02 0.000000e+00 0.000000e+00 0.000000e+00 0.000000e+00 1.000000e-02 1.000000e-02 0.000000e+00 0.000000e+00 0.000000e+00
0 #_N_MeanSize_at_Age_obs
0 #_N_environ_variables
0 #_N_environ_obs
0 #_N_sizefreq_methods
0 #_do_tags
0 #_morphcomp_data
#
999
