#C data file created using the SS_writedat function in the R package r4ss
#C should work with SS version: 
#C file write time: 2014-11-06 01:10:37
#
1 #_styr
100 #_endyr
1 #_nseas
12 #_months_per_seas
1 #_spawn_seas
1 #_Nfleet
2 #_Nsurveys
1 #_N_areas
Fishery%Survey%CPUE #_fleetnames
0.5 0.5 0.5 #_surveytiming_in_season
1 1 1 #_area_assignments_for_each_fishery_and_survey
1 #_units of catch:  1=bio; 2=num
0.01 #_se of log(catch) only used for init_eq_catch and for Fmethod 2 and 3
1 #_Ngenders
25 #_Nages
0 #_init_equil_catch_for_each_fishery
100 #_N_lines_of_catch_to_read
 #_Fishery year seas
         0    1    1
         0    2    1
         0    3    1
         0    4    1
         0    5    1
         0    6    1
         0    7    1
         0    8    1
         0    9    1
         0   10    1
         0   11    1
         0   12    1
         0   13    1
         0   14    1
         0   15    1
         0   16    1
         0   17    1
         0   18    1
         0   19    1
         0   20    1
         0   21    1
         0   22    1
         0   23    1
         0   24    1
         0   25    1
 217215000   26    1
 204173000   27    1
 195835000   28    1
 189466000   29    1
 183180000   30    1
 179182000   31    1
 177767000   32    1
 174355000   33    1
 168749000   34    1
 165273000   35    1
 164434000   36    1
 160986000   37    1
 153848000   38    1
 146477000   39    1
 144674000   40    1
 149013000   41    1
 151394000   42    1
 152173000   43    1
 151136000   44    1
 150689000   45    1
 149865000   46    1
 152176000   47    1
 151370000   48    1
 148171000   49    1
 144921000   50    1
 143371000   51    1
 145993000   52    1
 150415000   53    1
 155058000   54    1
 162398000   55    1
 170743000   56    1
 175646000   57    1
 177250000   58    1
 174018000   59    1
 170108000   60    1
 166409000   61    1
 161789000   62    1
 159489000   63    1
 158164000   64    1
 156820000   65    1
 153386000   66    1
 151456000   67    1
 153628000   68    1
 156450000   69    1
 157071000   70    1
 160285000   71    1
 162288000   72    1
 165910000   73    1
 170497000   74    1
 171684000   75    1
 170456000   76    1
 167257000   77    1
 164799000   78    1
 161573000   79    1
 157192000   80    1
 154830000   81    1
 153416000   82    1
 154285000   83    1
 158996000   84    1
 159754000   85    1
 158420000   86    1
 155409000   87    1
 154541000   88    1
 155674000   89    1
 156154000   90    1
 159341000   91    1
 164136000   92    1
 166194000   93    1
 165169000   94    1
 166251000   95    1
 168086000   96    1
 167573000   97    1
 168377000   98    1
 165917000   99    1
 164501000  100    1
13 #_N_cpue
 #_Fleet Units Errtype
       1     1       0
       2     1       0
       3     1       0
 #_year seas index        obs se_log
     76    1     2 1932266672    0.2
     78    1     2 2303220475    0.2
     80    1     2 2243881893    0.2
     82    1     2 1806240367    0.2
     84    1     2 2064337044    0.2
     86    1     2 2133232422    0.2
     88    1     2 1570762873    0.2
     90    1     2 2503442686    0.2
     92    1     2 1738976988    0.2
     94    1     2 1876423753    0.2
     96    1     2 2492161011    0.2
     98    1     2 3398867534    0.2
    100    1     2 1776262563    0.2
0 #_N_discard_fleets
#_discard_units (1=same_as_catchunits(bio/num); 2=fraction; 3=numbers)
#_discard_errtype:  >0 for DF of T-dist(read CV below); 0 for normal with CV; -1 for normal with se; -2 for lognormal
0 #_N_discard
0 #_N_meanbodywt
1 #_DF_for_meanbodywt_T-distribution_like
2 # length bin method: 1=use databins; 2=generate from binwidth,min,max below; 3=read vector
1 # binwidth for population size comp
10 # minimum size in the population (lower edge of first bin and size at age 0.00)
200 # maximum size in the population (lower edge of last bin)
-0.001 #_comp_tail_compression
1e-05 #_add_to_comp
0 #_combine males into females at or below this bin number
21 #_N_lbins
#_lbin_vector
10 53 70 83 94 101 107 111 114 117 120 123 125 127 130 132 135 138 142 148 200
0 #_N_Length_comp_observations
25 #_N_agebins
#_agebin_vector
1 2 3 4 5 6 7 8 9 10 11 12 13 14 15 16 17 18 19 20 21 22 23 24 25
1 #_N_ageerror_definitions
 #_age0   age1   age2   age3   age4   age5   age6   age7   age8   age9  age10  age11  age12  age13  age14  age15  age16  age17  age18  age19  age20  age21  age22  age23  age24  age25
 -1.000 -1.000 -1.000 -1.000 -1.000 -1.000 -1.000 -1.000 -1.000 -1.000 -1.000 -1.000 -1.000 -1.000 -1.000 -1.000 -1.000 -1.000 -1.000 -1.000 -1.000 -1.000 -1.000 -1.000 -1.000 -1.000
  0.001  0.001  0.001  0.001  0.001  0.001  0.001  0.001  0.001  0.001  0.001  0.001  0.001  0.001  0.001  0.001  0.001  0.001  0.001  0.001  0.001  0.001  0.001  0.001  0.001  0.001
22 #_N_agecomp
1 #_Lbin_method: 1=poplenbins; 2=datalenbins; 3=lengths
-1 #_combine males into females at or below this bin number
 #_Yr Seas FltSvy Gender Part Ageerr Lbin_lo Lbin_hi Nsamp          a1        a2         a3         a4         a5         a6         a7         a8         a9        a10         a11         a12         a13         a14         a15          a16          a17          a18          a19          a20          a21          a22          a23          a24          a25
   50    1      1      0    0      1      -1      -1   200 0.017130809 0.1033835 0.19732311 0.09541925 0.12169306 0.18789364 0.04547632 0.07639210 0.01836378 0.03477837 0.011269855 0.040952147 0.012652802 0.006299383 0.002094113 0.0062134630 0.0034006337 8.922787e-04 1.912092e-06 3.153295e-03 1.201712e-04 7.836000e-04 6.279469e-04 2.154730e-06 1.368232e-02
   55    1      1      0    0      1      -1      -1   200 0.012004320 0.1703426 0.23024749 0.11598651 0.12075686 0.09325331 0.02938539 0.06484153 0.03722308 0.03478503 0.035728500 0.014050782 0.015665015 0.001890065 0.005245748 0.0034274272 0.0013368924 1.651860e-03 8.626739e-07 3.011413e-03 4.682672e-03 4.623987e-10 4.270100e-03 2.117476e-04 7.624925e-07
   60    1      1      0    0      1      -1      -1   200 0.010156622 0.1513632 0.16061283 0.08203088 0.13406948 0.08282699 0.16734365 0.06558284 0.04224319 0.03441908 0.025680478 0.014485806 0.010930746 0.006803370 0.002733073 0.0022388035 0.0001155448 3.221175e-04 1.108691e-03 2.082173e-03 3.108108e-04 7.448575e-04 4.337244e-04 8.893698e-07 1.360141e-03
   65    1      1      0    0      1      -1      -1   200 0.011739984 0.1040388 0.18939172 0.18413706 0.14476062 0.05922382 0.10074427 0.04529806 0.02639814 0.04949396 0.018660322 0.024178164 0.018867168 0.011213427 0.004568930 0.0004714973 0.0026047549 8.310929e-05 2.320434e-03 1.172552e-03 4.780405e-04 8.319002e-14 4.401825e-07 1.209062e-05 1.426843e-04
   70    1      1      0    0      1      -1      -1   200 0.013793092 0.1771125 0.08502549 0.19543018 0.18776022 0.06958295 0.06605384 0.07051210 0.02588677 0.02469028 0.005888353 0.029557237 0.001241409 0.004497673 0.003615903 0.0023833445 0.0068297266 7.754314e-03 4.966832e-03 4.899403e-03 1.022525e-02 1.099617e-09 2.474666e-10 9.570776e-08 2.293010e-03
   75    1      1      0    0      1      -1      -1   200 0.006325618 0.1245902 0.15591082 0.24226855 0.11691271 0.09825721 0.07996555 0.02224500 0.05817578 0.02658153 0.023181353 0.007210512 0.007575259 0.008055227 0.009402534 0.0027161915 0.0020004891 2.387178e-03 1.745767e-07 2.059861e-05 2.863685e-03 2.134526e-03 6.372471e-04 5.820044e-04 8.869045e-09
   80    1      1      0    0      1      -1      -1   200 0.010280295 0.1319784 0.16507026 0.15026282 0.14234402 0.05699476 0.05225070 0.03283625 0.07591481 0.02552614 0.039403294 0.050076657 0.008701541 0.012358080 0.013379000 0.0155162557 0.0001471760 9.897105e-04 7.171645e-04 3.701684e-06 4.515640e-03 1.107112e-03 2.836248e-05 5.160555e-04 9.081771e-03
   85    1      1      0    0      1      -1      -1   200 0.003313381 0.1041702 0.12569752 0.24825938 0.07827816 0.12661177 0.06594190 0.02311654 0.05323370 0.05422864 0.038081161 0.022411218 0.009814052 0.011032061 0.000341038 0.0086800327 0.0137872472 9.764732e-05 4.330305e-03 3.970663e-03 1.493126e-04 1.354446e-13 3.418309e-04 4.198864e-07 4.111786e-03
   90    1      1      0    0      1      -1      -1   200 0.039602066 0.1769619 0.11009816 0.23312459 0.08226658 0.06357465 0.05996281 0.02759743 0.06763626 0.01609783 0.055014285 0.017073037 0.020726406 0.006987672 0.003775547 0.0126730878 0.0032924055 7.978308e-04 1.587608e-04 6.402521e-04 9.272701e-07 1.832150e-04 1.354953e-21 6.943014e-04 1.059955e-03
   95    1      1      0    0      1      -1      -1   200 0.004497066 0.2268292 0.13458369 0.07468206 0.14311102 0.14241663 0.06088951 0.03767918 0.05748173 0.02827427 0.033476547 0.015988970 0.006859108 0.012319714 0.004795530 0.0039523621 0.0045425080 5.791284e-03 1.371174e-03 1.994992e-04 2.093946e-04 2.135785e-05 9.845750e-07 6.698833e-12 2.716016e-05
  100    1      1      0    0      1      -1      -1   200 0.018701062 0.1493453 0.14730353 0.13877303 0.14689822 0.04204321 0.09618141 0.05039582 0.03441498 0.05067038 0.042889243 0.017788585 0.016361818 0.010827313 0.010464290 0.0058133150 0.0061324928 5.217318e-03 3.211467e-03 2.876133e-03 3.111082e-05 2.524734e-04 2.741311e-03 6.655347e-04 6.660158e-07
   50    1      2      0    0      1      -1      -1   200 0.095000000 0.1500000 0.13500000 0.07000000 0.16000000 0.12000000 0.02500000 0.10000000 0.02500000 0.03000000 0.015000000 0.050000000 0.000000000 0.000000000 0.010000000 0.0000000000 0.0050000000 5.000000e-03 0.000000e+00 5.000000e-03 0.000000e+00 0.000000e+00 0.000000e+00 0.000000e+00 0.000000e+00
   55    1      2      0    0      1      -1      -1   200 0.045000000 0.2800000 0.21500000 0.07000000 0.12000000 0.10000000 0.03000000 0.03000000 0.01000000 0.02000000 0.020000000 0.000000000 0.015000000 0.010000000 0.005000000 0.0100000000 0.0050000000 5.000000e-03 5.000000e-03 0.000000e+00 0.000000e+00 5.000000e-03 0.000000e+00 0.000000e+00 0.000000e+00
   60    1      2      0    0      1      -1      -1   200 0.045000000 0.2250000 0.13000000 0.09500000 0.10500000 0.06500000 0.08500000 0.06500000 0.06000000 0.04000000 0.030000000 0.010000000 0.005000000 0.005000000 0.015000000 0.0150000000 0.0000000000 0.000000e+00 0.000000e+00 5.000000e-03 0.000000e+00 0.000000e+00 0.000000e+00 0.000000e+00 0.000000e+00
   65    1      2      0    0      1      -1      -1   200 0.045000000 0.1400000 0.22000000 0.11000000 0.13500000 0.06000000 0.08500000 0.02500000 0.03000000 0.04500000 0.040000000 0.020000000 0.010000000 0.005000000 0.015000000 0.0050000000 0.0050000000 0.000000e+00 0.000000e+00 5.000000e-03 0.000000e+00 0.000000e+00 0.000000e+00 0.000000e+00 0.000000e+00
   70    1      2      0    0      1      -1      -1   200 0.050000000 0.2850000 0.08000000 0.20500000 0.10500000 0.06500000 0.03000000 0.06500000 0.00500000 0.03500000 0.020000000 0.010000000 0.005000000 0.000000000 0.015000000 0.0000000000 0.0000000000 0.000000e+00 5.000000e-03 1.500000e-02 5.000000e-03 0.000000e+00 0.000000e+00 0.000000e+00 0.000000e+00
   75    1      2      0    0      1      -1      -1   200 0.035000000 0.1500000 0.16000000 0.19000000 0.11000000 0.11000000 0.08000000 0.02500000 0.06500000 0.01500000 0.015000000 0.010000000 0.015000000 0.000000000 0.005000000 0.0000000000 0.0000000000 1.000000e-02 0.000000e+00 0.000000e+00 5.000000e-03 0.000000e+00 0.000000e+00 0.000000e+00 0.000000e+00
   80    1      2      0    0      1      -1      -1   200 0.050000000 0.1950000 0.14000000 0.17000000 0.09000000 0.04500000 0.07500000 0.06000000 0.09000000 0.01500000 0.020000000 0.015000000 0.010000000 0.010000000 0.000000000 0.0050000000 0.0000000000 0.000000e+00 5.000000e-03 0.000000e+00 0.000000e+00 0.000000e+00 5.000000e-03 0.000000e+00 0.000000e+00
   85    1      2      0    0      1      -1      -1   200 0.025000000 0.1850000 0.13500000 0.22500000 0.07500000 0.12000000 0.02000000 0.03000000 0.04000000 0.03000000 0.025000000 0.015000000 0.015000000 0.020000000 0.015000000 0.0050000000 0.0000000000 0.000000e+00 1.500000e-02 0.000000e+00 0.000000e+00 5.000000e-03 0.000000e+00 0.000000e+00 0.000000e+00
   90    1      2      0    0      1      -1      -1   200 0.035000000 0.2200000 0.18000000 0.21500000 0.08500000 0.07500000 0.04500000 0.02000000 0.03500000 0.01000000 0.030000000 0.005000000 0.015000000 0.000000000 0.005000000 0.0050000000 0.0100000000 0.000000e+00 0.000000e+00 0.000000e+00 5.000000e-03 0.000000e+00 0.000000e+00 0.000000e+00 5.000000e-03
   95    1      2      0    0      1      -1      -1   200 0.010000000 0.2850000 0.15000000 0.07500000 0.10000000 0.11000000 0.07500000 0.06000000 0.03500000 0.02000000 0.015000000 0.005000000 0.005000000 0.025000000 0.005000000 0.0050000000 0.0050000000 0.000000e+00 5.000000e-03 0.000000e+00 0.000000e+00 5.000000e-03 0.000000e+00 5.000000e-03 0.000000e+00
  100    1      2      0    0      1      -1      -1   200 0.050000000 0.2200000 0.14000000 0.12000000 0.18000000 0.03500000 0.09500000 0.03500000 0.03000000 0.01500000 0.030000000 0.000000000 0.020000000 0.015000000 0.005000000 0.0100000000 0.0000000000 0.000000e+00 0.000000e+00 0.000000e+00 0.000000e+00 0.000000e+00 0.000000e+00 0.000000e+00 0.000000e+00
0 #_N_MeanSize_at_Age_obs
0 #_N_environ_variables
0 #_N_environ_obs
0 #_N_sizefreq_methods
0 #_do_tags
0 #_morphcomp_data
#
999
