#C data file created using the SS_writedat function in the R package r4ss
#C should work with SS version: 
#C file write time: 2014-11-06 00:16:50
#
1 #_styr
100 #_endyr
1 #_nseas
12 #_months_per_seas
1 #_spawn_seas
1 #_Nfleet
2 #_Nsurveys
1 #_N_areas
Fishery%Survey%CPUE #_fleetnames
0.5 0.5 0.5 #_surveytiming_in_season
1 1 1 #_area_assignments_for_each_fishery_and_survey
1 #_units of catch:  1=bio; 2=num
0.01 #_se of log(catch) only used for init_eq_catch and for Fmethod 2 and 3
1 #_Ngenders
25 #_Nages
0 #_init_equil_catch_for_each_fishery
100 #_N_lines_of_catch_to_read
 #_Fishery year seas
         0    1    1
         0    2    1
         0    3    1
         0    4    1
         0    5    1
         0    6    1
         0    7    1
         0    8    1
         0    9    1
         0   10    1
         0   11    1
         0   12    1
         0   13    1
         0   14    1
         0   15    1
         0   16    1
         0   17    1
         0   18    1
         0   19    1
         0   20    1
         0   21    1
         0   22    1
         0   23    1
         0   24    1
         0   25    1
 264739000   26    1
 250119000   27    1
 234767000   28    1
 217566000   29    1
 199013000   30    1
 185518000   31    1
 180072000   32    1
 180289000   33    1
 182455000   34    1
 183575000   35    1
 185913000   36    1
 190225000   37    1
 190183000   38    1
 186367000   39    1
 178945000   40    1
 172080000   41    1
 168001000   42    1
 166381000   43    1
 164294000   44    1
 160985000   45    1
 154732000   46    1
 146991000   47    1
 139632000   48    1
 132686000   49    1
 124697000   50    1
 119589000   51    1
 117474000   52    1
 115779000   53    1
 114893000   54    1
 117620000   55    1
 121411000   56    1
 123632000   57    1
 123149000   58    1
 119919000   59    1
 118132000   60    1
 118702000   61    1
 120271000   62    1
 122176000   63    1
 120608000   64    1
 118820000   65    1
 116977000   66    1
 116569000   67    1
 119326000   68    1
 123223000   69    1
 128871000   70    1
 135258000   71    1
 138388000   72    1
 137874000   73    1
 136504000   74    1
 133757000   75    1
 129841000   76    1
 127898000   77    1
 130704000   78    1
 138617000   79    1
 146952000   80    1
 152666000   81    1
 158892000   82    1
 162492000   83    1
 164097000   84    1
 167774000   85    1
 167015000   86    1
 163136000   87    1
 161397000   88    1
 167364000   89    1
 170690000   90    1
 171430000   91    1
 174578000   92    1
 178344000   93    1
 179144000   94    1
 185830000   95    1
 192593000   96    1
 192509000   97    1
 187683000   98    1
 183039000   99    1
 180168000  100    1
13 #_N_cpue
 #_Fleet Units Errtype
       1     1       0
       2     1       0
       3     1       0
 #_year seas index        obs se_log
     76    1     2 1171027960    0.2
     78    1     2 2556132992    0.2
     80    1     2 2225150763    0.2
     82    1     2 1653630157    0.2
     84    1     2 2191605512    0.2
     86    1     2 2269570635    0.2
     88    1     2 1672701269    0.2
     90    1     2 1938024497    0.2
     92    1     2 1775640482    0.2
     94    1     2 2236239719    0.2
     96    1     2 2031857005    0.2
     98    1     2 4039057976    0.2
    100    1     2 2206999752    0.2
0 #_N_discard_fleets
#_discard_units (1=same_as_catchunits(bio/num); 2=fraction; 3=numbers)
#_discard_errtype:  >0 for DF of T-dist(read CV below); 0 for normal with CV; -1 for normal with se; -2 for lognormal
0 #_N_discard
0 #_N_meanbodywt
1 #_DF_for_meanbodywt_T-distribution_like
2 # length bin method: 1=use databins; 2=generate from binwidth,min,max below; 3=read vector
1 # binwidth for population size comp
10 # minimum size in the population (lower edge of first bin and size at age 0.00)
200 # maximum size in the population (lower edge of last bin)
-0.001 #_comp_tail_compression
1e-05 #_add_to_comp
0 #_combine males into females at or below this bin number
21 #_N_lbins
#_lbin_vector
10 53 70 83 94 101 107 111 114 117 120 123 125 127 130 132 135 138 142 148 200
0 #_N_Length_comp_observations
25 #_N_agebins
#_agebin_vector
1 2 3 4 5 6 7 8 9 10 11 12 13 14 15 16 17 18 19 20 21 22 23 24 25
1 #_N_ageerror_definitions
 #_age0   age1   age2   age3   age4   age5   age6   age7   age8   age9  age10  age11  age12  age13  age14  age15  age16  age17  age18  age19  age20  age21  age22  age23  age24  age25
 -1.000 -1.000 -1.000 -1.000 -1.000 -1.000 -1.000 -1.000 -1.000 -1.000 -1.000 -1.000 -1.000 -1.000 -1.000 -1.000 -1.000 -1.000 -1.000 -1.000 -1.000 -1.000 -1.000 -1.000 -1.000 -1.000
  0.001  0.001  0.001  0.001  0.001  0.001  0.001  0.001  0.001  0.001  0.001  0.001  0.001  0.001  0.001  0.001  0.001  0.001  0.001  0.001  0.001  0.001  0.001  0.001  0.001  0.001
34 #_N_agecomp
1 #_Lbin_method: 1=poplenbins; 2=datalenbins; 3=lengths
-1 #_combine males into females at or below this bin number
 #_Yr Seas FltSvy Gender Part Ageerr Lbin_lo Lbin_hi Nsamp          a1         a2         a3         a4         a5         a6         a7         a8         a9         a10         a11         a12         a13         a14          a15         a16          a17          a18          a19          a20          a21          a22          a23          a24          a25
   50    1      1      0    0      1      -1      -1   500 0.027451757 0.14145448 0.08323585 0.21294288 0.07171015 0.06114317 0.05380987 0.06529481 0.05507316 0.057790158 0.042944035 0.020684399 0.013157483 0.026029419 0.0094441854 0.015606723 0.0122166149 2.285343e-03 6.459602e-03 5.072212e-03 4.182000e-03 2.908257e-03 5.339098e-04 6.706299e-03 1.863244e-03
   60    1      1      0    0      1      -1      -1   500 0.022799937 0.21916149 0.13680260 0.06088555 0.11435140 0.09741343 0.11694999 0.06585549 0.02979969 0.038780278 0.036083380 0.010129884 0.004359930 0.015229644 0.0098792324 0.006196661 0.0003012779 3.803567e-03 1.948760e-03 1.894322e-03 7.799717e-04 8.219801e-04 2.560583e-03 4.161100e-05 3.169338e-03
   70    1      1      0    0      1      -1      -1   500 0.018393861 0.18811578 0.20653573 0.17682316 0.13236349 0.06083314 0.04998453 0.03524971 0.01482102 0.037750758 0.019109134 0.017071181 0.011123955 0.005920267 0.0075514332 0.007081665 0.0015945830 2.516830e-03 1.136690e-03 4.543395e-03 4.218770e-04 2.148035e-06 2.675442e-04 7.067051e-04 8.141557e-05
   75    1      1      0    0      1      -1      -1   500 0.023567845 0.08390880 0.19925682 0.14231464 0.07211199 0.13636256 0.10374798 0.05983754 0.05294752 0.043205304 0.020106596 0.018144432 0.008476091 0.007777071 0.0110004341 0.004245467 0.0047894806 1.497687e-03 2.841457e-03 8.561753e-04 2.618453e-04 1.821316e-03 2.082695e-05 3.356211e-05 8.665681e-04
   76    1      1      0    0      1      -1      -1   500 0.026287367 0.15714693 0.12207471 0.17853379 0.11263419 0.05260511 0.08320013 0.09714786 0.04391193 0.046284437 0.026944710 0.011057985 0.015753041 0.007598702 0.0006692064 0.007344846 0.0006081441 5.204358e-03 2.038206e-03 1.802396e-05 2.809242e-04 2.139405e-06 4.335724e-05 6.275073e-04 1.982402e-03
   79    1      1      0    0      1      -1      -1   500 0.015019031 0.22903566 0.28275793 0.14993310 0.06150811 0.05251087 0.05281761 0.03574268 0.01475433 0.018804415 0.045319273 0.014268382 0.007268830 0.006616360 0.0036274968 0.002345284 0.0007237944 1.141281e-03 1.583590e-03 2.566781e-04 2.160425e-03 1.371579e-03 5.199090e-08 3.724280e-04 6.080921e-05
   82    1      1      0    0      1      -1      -1   500 0.003875052 0.19496290 0.22105519 0.09407411 0.15426688 0.10903705 0.07261806 0.02618082 0.02988335 0.032267648 0.015716846 0.010727782 0.003047727 0.010820758 0.0059639274 0.003055253 0.0030208425 9.594953e-05 4.983979e-03 3.184953e-04 9.249626e-06 2.892887e-06 9.491675e-08 1.109785e-04 3.904184e-03
   85    1      1      0    0      1      -1      -1   500 0.019124571 0.11288246 0.31541519 0.07921519 0.14250847 0.07110056 0.05131655 0.06530594 0.05305428 0.019032622 0.020950806 0.013741832 0.010718589 0.005134808 0.0060778068 0.006961343 0.0043671066 9.606999e-04 4.886859e-04 1.284116e-03 7.192954e-05 1.730840e-07 5.434798e-08 6.163304e-05 2.245947e-04
   88    1      1      0    0      1      -1      -1   500 0.018131038 0.32251988 0.05275941 0.12007828 0.08957037 0.14818645 0.03010328 0.05915465 0.04882680 0.027935954 0.027370727 0.024047258 0.008963594 0.005997863 0.0022226432 0.002753570 0.0012202003 4.222294e-04 5.207564e-03 1.964187e-03 2.608702e-05 2.087099e-03 4.203518e-05 3.918657e-04 1.696889e-05
   89    1      1      0    0      1      -1      -1   500 0.023618709 0.15585361 0.34876622 0.03931484 0.06122315 0.05189987 0.10691472 0.02950624 0.04858068 0.056694225 0.007534251 0.023399987 0.014017687 0.012949828 0.0033421104 0.004020961 0.0025479407 3.697166e-04 4.810441e-05 1.837915e-03 3.894827e-03 9.005319e-05 4.544148e-04 1.899098e-06 3.118037e-03
   91    1      1      0    0      1      -1      -1   500 0.025509379 0.14769189 0.11241831 0.19952955 0.22082644 0.02004686 0.06219463 0.03029107 0.05180333 0.033953359 0.021535395 0.014996267 0.013394735 0.017038859 0.0106269596 0.007623965 0.0025746879 1.142764e-03 8.344523e-04 1.993618e-03 3.656930e-06 1.108167e-08 4.389816e-04 1.442759e-03 2.088076e-03
   93    1      1      0    0      1      -1      -1   500 0.019102446 0.06415139 0.30405073 0.13046641 0.07028318 0.08321863 0.12712082 0.02092263 0.03677302 0.024689273 0.044974227 0.013599780 0.023165796 0.009056960 0.0011048080 0.005692277 0.0087815041 6.336330e-03 3.567607e-04 2.481205e-04 1.171244e-03 7.072821e-04 1.998495e-04 3.598762e-04 3.466670e-03
   95    1      1      0    0      1      -1      -1   500 0.005759515 0.24994853 0.25630542 0.06662728 0.15130477 0.07816231 0.03487648 0.04677880 0.04886224 0.006706636 0.021193375 0.005868889 0.006126824 0.001226867 0.0072822826 0.004918570 0.0006569716 1.402625e-03 1.444504e-03 2.253960e-03 1.194785e-03 8.241091e-04 6.887216e-06 5.174163e-06 2.621906e-04
   97    1      1      0    0      1      -1      -1   500 0.007620351 0.08186956 0.16099797 0.22785788 0.14240383 0.03226771 0.11018980 0.03472815 0.03809095 0.045923079 0.046268056 0.007846635 0.006557427 0.017412118 0.0116540542 0.002400094 0.0047498684 3.822708e-03 5.375893e-03 2.223738e-03 8.268920e-04 4.692884e-03 1.593966e-03 1.447528e-06 2.624925e-03
   98    1      1      0    0      1      -1      -1   500 0.026509125 0.07714331 0.11057840 0.12457756 0.21081969 0.13729204 0.03133508 0.09341234 0.04878317 0.024163393 0.032499677 0.025612106 0.008079078 0.008163225 0.0042536763 0.021036983 0.0009530354 2.848972e-03 2.080962e-03 4.898559e-05 2.308547e-03 6.886466e-03 5.896927e-06 1.133673e-04 4.949054e-04
   99    1      1      0    0      1      -1      -1   500 0.014686329 0.22054632 0.08669871 0.06683959 0.09707400 0.18292406 0.09905553 0.01323109 0.05904377 0.038095306 0.018215552 0.021080391 0.032717707 0.003670192 0.0152403915 0.010269244 0.0075955558 3.988078e-04 1.545719e-03 1.549519e-03 3.917444e-03 3.380911e-03 1.553890e-03 4.744823e-05 6.225155e-04
  100    1      1      0    0      1      -1      -1   500 0.012830379 0.12230268 0.26183842 0.05715768 0.07295201 0.07621584 0.10976019 0.10377476 0.01604125 0.050937702 0.030724593 0.023227471 0.018680524 0.015795939 0.0060969494 0.004612566 0.0004365389 5.470782e-03 2.327607e-05 8.152133e-04 2.017958e-03 7.352752e-05 1.815854e-03 3.923808e-03 2.474091e-03
   50    1      2      0    0      1      -1      -1   500 0.068000000 0.19600000 0.08400000 0.17000000 0.08600000 0.05600000 0.05200000 0.05200000 0.04400000 0.044000000 0.036000000 0.024000000 0.012000000 0.012000000 0.0040000000 0.012000000 0.0100000000 1.000000e-02 0.000000e+00 1.000000e-02 6.000000e-03 2.000000e-03 2.000000e-03 2.000000e-03 6.000000e-03
   60    1      2      0    0      1      -1      -1   500 0.036000000 0.30400000 0.12000000 0.06600000 0.08600000 0.08600000 0.09200000 0.05800000 0.03200000 0.034000000 0.028000000 0.032000000 0.004000000 0.006000000 0.0000000000 0.002000000 0.0020000000 0.000000e+00 0.000000e+00 4.000000e-03 2.000000e-03 2.000000e-03 0.000000e+00 0.000000e+00 4.000000e-03
   70    1      2      0    0      1      -1      -1   500 0.032000000 0.24600000 0.19400000 0.15000000 0.11800000 0.07400000 0.05400000 0.02200000 0.01600000 0.036000000 0.014000000 0.014000000 0.006000000 0.000000000 0.0100000000 0.010000000 0.0000000000 2.000000e-03 0.000000e+00 0.000000e+00 2.000000e-03 0.000000e+00 0.000000e+00 0.000000e+00 0.000000e+00
   75    1      2      0    0      1      -1      -1   500 0.036000000 0.12800000 0.19000000 0.12600000 0.06000000 0.09200000 0.11400000 0.06800000 0.04000000 0.058000000 0.012000000 0.014000000 0.010000000 0.006000000 0.0140000000 0.016000000 0.0100000000 0.000000e+00 0.000000e+00 2.000000e-03 0.000000e+00 4.000000e-03 0.000000e+00 0.000000e+00 0.000000e+00
   76    1      2      0    0      1      -1      -1   500 0.056000000 0.17600000 0.12600000 0.14600000 0.08600000 0.04800000 0.07200000 0.09600000 0.05400000 0.028000000 0.036000000 0.020000000 0.010000000 0.006000000 0.0020000000 0.014000000 0.0060000000 6.000000e-03 2.000000e-03 0.000000e+00 0.000000e+00 4.000000e-03 2.000000e-03 2.000000e-03 2.000000e-03
   79    1      2      0    0      1      -1      -1   500 0.038000000 0.24600000 0.28000000 0.13800000 0.05800000 0.04400000 0.04200000 0.03400000 0.03200000 0.020000000 0.018000000 0.012000000 0.008000000 0.014000000 0.0020000000 0.004000000 0.0000000000 2.000000e-03 0.000000e+00 0.000000e+00 2.000000e-03 2.000000e-03 0.000000e+00 0.000000e+00 4.000000e-03
   82    1      2      0    0      1      -1      -1   500 0.026000000 0.21200000 0.19600000 0.08600000 0.18800000 0.09800000 0.06800000 0.03000000 0.01400000 0.026000000 0.020000000 0.002000000 0.012000000 0.010000000 0.0020000000 0.004000000 0.0020000000 4.000000e-03 0.000000e+00 0.000000e+00 0.000000e+00 0.000000e+00 0.000000e+00 0.000000e+00 0.000000e+00
   85    1      2      0    0      1      -1      -1   500 0.026000000 0.15000000 0.27800000 0.05800000 0.13800000 0.08600000 0.05200000 0.07400000 0.05000000 0.020000000 0.022000000 0.010000000 0.006000000 0.008000000 0.0020000000 0.002000000 0.0040000000 4.000000e-03 4.000000e-03 4.000000e-03 2.000000e-03 0.000000e+00 0.000000e+00 0.000000e+00 0.000000e+00
   88    1      2      0    0      1      -1      -1   500 0.060000000 0.37600000 0.04400000 0.09200000 0.07800000 0.12000000 0.03000000 0.05000000 0.03000000 0.012000000 0.052000000 0.020000000 0.004000000 0.008000000 0.0020000000 0.006000000 0.0040000000 0.000000e+00 2.000000e-03 6.000000e-03 2.000000e-03 0.000000e+00 2.000000e-03 0.000000e+00 0.000000e+00
   89    1      2      0    0      1      -1      -1   500 0.038000000 0.18600000 0.32400000 0.04200000 0.08200000 0.07400000 0.09400000 0.01800000 0.03600000 0.028000000 0.008000000 0.020000000 0.018000000 0.010000000 0.0060000000 0.002000000 0.0020000000 2.000000e-03 4.000000e-03 2.000000e-03 2.000000e-03 0.000000e+00 0.000000e+00 0.000000e+00 2.000000e-03
   91    1      2      0    0      1      -1      -1   500 0.082000000 0.21200000 0.10600000 0.15800000 0.19800000 0.03000000 0.02800000 0.02600000 0.04600000 0.006000000 0.026000000 0.024000000 0.014000000 0.008000000 0.0060000000 0.010000000 0.0100000000 0.000000e+00 4.000000e-03 0.000000e+00 2.000000e-03 0.000000e+00 0.000000e+00 0.000000e+00 4.000000e-03
   93    1      2      0    0      1      -1      -1   500 0.064000000 0.09200000 0.28400000 0.12400000 0.06800000 0.10000000 0.11600000 0.01200000 0.02600000 0.022000000 0.020000000 0.008000000 0.028000000 0.008000000 0.0020000000 0.010000000 0.0040000000 2.000000e-03 4.000000e-03 0.000000e+00 2.000000e-03 0.000000e+00 0.000000e+00 0.000000e+00 4.000000e-03
   95    1      2      0    0      1      -1      -1   500 0.026000000 0.29800000 0.24800000 0.04400000 0.13400000 0.05000000 0.04000000 0.05400000 0.03600000 0.010000000 0.016000000 0.006000000 0.012000000 0.002000000 0.0040000000 0.002000000 0.0040000000 6.000000e-03 2.000000e-03 2.000000e-03 2.000000e-03 0.000000e+00 0.000000e+00 2.000000e-03 0.000000e+00
   97    1      2      0    0      1      -1      -1   500 0.020000000 0.10000000 0.15000000 0.24800000 0.16400000 0.04400000 0.09800000 0.03200000 0.02600000 0.024000000 0.050000000 0.004000000 0.004000000 0.012000000 0.0100000000 0.002000000 0.0040000000 4.000000e-03 0.000000e+00 2.000000e-03 2.000000e-03 0.000000e+00 0.000000e+00 0.000000e+00 0.000000e+00
   98    1      2      0    0      1      -1      -1   500 0.076000000 0.11400000 0.08800000 0.12800000 0.19800000 0.10600000 0.02400000 0.08400000 0.03000000 0.032000000 0.032000000 0.034000000 0.006000000 0.010000000 0.0020000000 0.004000000 0.0020000000 4.000000e-03 8.000000e-03 2.000000e-03 4.000000e-03 4.000000e-03 4.000000e-03 0.000000e+00 4.000000e-03
   99    1      2      0    0      1      -1      -1   500 0.024000000 0.26400000 0.12000000 0.07000000 0.08000000 0.16800000 0.08000000 0.02000000 0.05000000 0.022000000 0.016000000 0.014000000 0.040000000 0.002000000 0.0040000000 0.004000000 0.0020000000 2.000000e-03 4.000000e-03 0.000000e+00 0.000000e+00 2.000000e-03 8.000000e-03 0.000000e+00 4.000000e-03
  100    1      2      0    0      1      -1      -1   500 0.032000000 0.15000000 0.24000000 0.09000000 0.07000000 0.07800000 0.12800000 0.07400000 0.01800000 0.030000000 0.024000000 0.012000000 0.012000000 0.018000000 0.0040000000 0.008000000 0.0000000000 4.000000e-03 2.000000e-03 2.000000e-03 0.000000e+00 2.000000e-03 0.000000e+00 0.000000e+00 2.000000e-03
0 #_N_MeanSize_at_Age_obs
0 #_N_environ_variables
0 #_N_environ_obs
0 #_N_sizefreq_methods
0 #_do_tags
0 #_morphcomp_data
#
999
