#C data file created using the SS_writedat function in the R package r4ss
#C should work with SS version: 
#C file write time: 2014-11-05 23:27:03
#
1 #_styr
100 #_endyr
1 #_nseas
12 #_months_per_seas
1 #_spawn_seas
1 #_Nfleet
2 #_Nsurveys
1 #_N_areas
Fishery%Survey%CPUE #_fleetnames
0.5 0.5 0.5 #_surveytiming_in_season
1 1 1 #_area_assignments_for_each_fishery_and_survey
1 #_units of catch:  1=bio; 2=num
0.01 #_se of log(catch) only used for init_eq_catch and for Fmethod 2 and 3
1 #_Ngenders
25 #_Nages
0 #_init_equil_catch_for_each_fishery
100 #_N_lines_of_catch_to_read
 #_Fishery year seas
         0    1    1
         0    2    1
         0    3    1
         0    4    1
         0    5    1
         0    6    1
         0    7    1
         0    8    1
         0    9    1
         0   10    1
         0   11    1
         0   12    1
         0   13    1
         0   14    1
         0   15    1
         0   16    1
         0   17    1
         0   18    1
         0   19    1
         0   20    1
         0   21    1
         0   22    1
         0   23    1
         0   24    1
         0   25    1
 280874000   26    1
 265890000   27    1
 248999000   28    1
 232719000   29    1
 217514000   30    1
 204154000   31    1
 193594000   32    1
 183828000   33    1
 172456000   34    1
 160973000   35    1
 149979000   36    1
 142416000   37    1
 138065000   38    1
 137532000   39    1
 139610000   40    1
 144486000   41    1
 145698000   42    1
 149776000   43    1
 157754000   44    1
 163060000   45    1
 166396000   46    1
 169956000   47    1
 170650000   48    1
 169376000   49    1
 167415000   50    1
 163873000   51    1
 162071000   52    1
 163662000   53    1
 164571000   54    1
 163712000   55    1
 169393000   56    1
 177947000   57    1
 182508000   58    1
 181609000   59    1
 175876000   60    1
 170732000   61    1
 169528000   62    1
 165925000   63    1
 161565000   64    1
 156189000   65    1
 151991000   66    1
 149484000   67    1
 143903000   68    1
 137497000   69    1
 132485000   70    1
 129384000   71    1
 128978000   72    1
 130386000   73    1
 128630000   74    1
 125872000   75    1
 123810000   76    1
 123991000   77    1
 125301000   78    1
 127911000   79    1
 131948000   80    1
 136273000   81    1
 140709000   82    1
 141270000   83    1
 140979000   84    1
 141568000   85    1
 141129000   86    1
 141974000   87    1
 142218000   88    1
 140224000   89    1
 139364000   90    1
 138310000   91    1
 137572000   92    1
 136153000   93    1
 135523000   94    1
 137572000   95    1
 140163000   96    1
 146566000   97    1
 153261000   98    1
 154392000   99    1
 154270000  100    1
13 #_N_cpue
 #_Fleet Units Errtype
       1     1       0
       2     1       0
       3     1       0
 #_year seas index        obs se_log
     76    1     2 1514623142    0.2
     78    1     2 1596245153    0.2
     80    1     2 1716038415    0.2
     82    1     2 2307399732    0.2
     84    1     2 2225354368    0.2
     86    1     2 1887030960    0.2
     88    1     2 1979121222    0.2
     90    1     2 2483221935    0.2
     92    1     2 2189655718    0.2
     94    1     2 1813068115    0.2
     96    1     2 2046982139    0.2
     98    1     2 2145882901    0.2
    100    1     2 2688350158    0.2
0 #_N_discard_fleets
#_discard_units (1=same_as_catchunits(bio/num); 2=fraction; 3=numbers)
#_discard_errtype:  >0 for DF of T-dist(read CV below); 0 for normal with CV; -1 for normal with se; -2 for lognormal
0 #_N_discard
0 #_N_meanbodywt
1 #_DF_for_meanbodywt_T-distribution_like
2 # length bin method: 1=use databins; 2=generate from binwidth,min,max below; 3=read vector
1 # binwidth for population size comp
10 # minimum size in the population (lower edge of first bin and size at age 0.00)
200 # maximum size in the population (lower edge of last bin)
-0.001 #_comp_tail_compression
1e-05 #_add_to_comp
0 #_combine males into females at or below this bin number
21 #_N_lbins
#_lbin_vector
10 53 70 83 94 101 107 111 114 117 120 123 125 127 130 132 135 138 142 148 200
0 #_N_Length_comp_observations
25 #_N_agebins
#_agebin_vector
1 2 3 4 5 6 7 8 9 10 11 12 13 14 15 16 17 18 19 20 21 22 23 24 25
1 #_N_ageerror_definitions
 #_age0   age1   age2   age3   age4   age5   age6   age7   age8   age9  age10  age11  age12  age13  age14  age15  age16  age17  age18  age19  age20  age21  age22  age23  age24  age25
 -1.000 -1.000 -1.000 -1.000 -1.000 -1.000 -1.000 -1.000 -1.000 -1.000 -1.000 -1.000 -1.000 -1.000 -1.000 -1.000 -1.000 -1.000 -1.000 -1.000 -1.000 -1.000 -1.000 -1.000 -1.000 -1.000
  0.001  0.001  0.001  0.001  0.001  0.001  0.001  0.001  0.001  0.001  0.001  0.001  0.001  0.001  0.001  0.001  0.001  0.001  0.001  0.001  0.001  0.001  0.001  0.001  0.001  0.001
34 #_N_agecomp
1 #_Lbin_method: 1=poplenbins; 2=datalenbins; 3=lengths
-1 #_combine males into females at or below this bin number
 #_Yr Seas FltSvy Gender Part Ageerr Lbin_lo Lbin_hi Nsamp           a1         a2         a3         a4         a5         a6         a7          a8           a9         a10         a11          a12          a13          a14          a15          a16          a17          a18          a19          a20          a21          a22          a23          a24          a25
   50    1      1      0    0      1      -1      -1    50 0.0135521958 0.17819139 0.28344182 0.05436619 0.08328960 0.07049707 0.02239704 0.103759482 0.0489690940 0.033563256 0.019362218 0.0653119022 0.0030395726 1.403416e-02 3.033295e-03 9.547350e-08 7.685327e-13 2.834718e-03 5.589720e-05 1.313455e-06 8.286069e-19 6.365100e-26 6.291379e-13 2.992786e-04 4.184778e-07
   60    1      1      0    0      1      -1      -1    50 0.0608954099 0.04069790 0.10569856 0.08857489 0.09315789 0.22211538 0.10915278 0.004559424 0.0554012746 0.037021042 0.004430349 0.0390018685 0.0104071123 1.234129e-04 2.183657e-02 4.583099e-03 9.466630e-02 8.608254e-04 6.087430e-03 2.494199e-05 1.253429e-14 6.591387e-04 9.974709e-16 4.426821e-05 1.354178e-07
   70    1      1      0    0      1      -1      -1    50 0.0310961662 0.14801781 0.10567527 0.21676669 0.04088316 0.10976465 0.06662346 0.072766756 0.0380175156 0.073656631 0.014165732 0.0024207807 0.0066825337 1.442822e-03 6.639855e-02 2.043832e-03 1.920823e-04 1.308882e-12 1.816075e-06 3.160823e-03 5.969018e-16 2.655255e-05 3.598521e-08 1.144052e-54 1.963382e-04
   75    1      1      0    0      1      -1      -1    50 0.0263269016 0.09450156 0.13435769 0.09902638 0.20584872 0.16683419 0.09537758 0.052483545 0.0004587555 0.006745244 0.019881027 0.0279392382 0.0545786710 1.341123e-03 5.565651e-03 6.789945e-03 5.304047e-04 2.020581e-04 9.059998e-21 7.815670e-05 1.844531e-06 1.059846e-03 4.734116e-58 1.624865e-08 7.144739e-05
   76    1      1      0    0      1      -1      -1    50 0.0028232165 0.19849179 0.22717500 0.18649080 0.06555728 0.10789862 0.03166538 0.082087794 0.0338537642 0.002695396 0.012315643 0.0147819636 0.0018340636 1.679741e-03 8.432261e-09 1.370639e-02 1.063916e-02 1.754020e-05 2.081870e-10 8.333623e-21 1.332196e-03 2.296000e-04 4.582397e-03 6.350862e-15 1.422568e-04
   79    1      1      0    0      1      -1      -1    50 0.0199155873 0.20536200 0.19934399 0.17675771 0.09799058 0.07295770 0.01679730 0.027832556 0.0427939598 0.078349300 0.003468584 0.0035271299 0.0344870574 4.303691e-03 6.362417e-03 1.275015e-03 2.313335e-03 1.682463e-05 6.250123e-04 1.127356e-05 2.354684e-07 8.320027e-20 3.912993e-05 2.417398e-24 5.469615e-03
   82    1      1      0    0      1      -1      -1    50 0.0180868008 0.07868485 0.29996852 0.09695151 0.13287301 0.11577523 0.10405439 0.062157305 0.0126109700 0.005933838 0.035076657 0.0246035628 0.0001183210 6.160099e-03 3.765300e-03 2.366986e-09 2.805663e-03 8.967844e-09 4.982613e-06 5.178775e-05 1.312844e-06 1.488342e-22 5.462815e-08 2.178354e-04 9.797458e-05
   85    1      1      0    0      1      -1      -1    50 0.0318681271 0.12597519 0.22476212 0.07173409 0.19249448 0.08119481 0.02781214 0.088423163 0.0456100692 0.022901473 0.063670428 0.0100084173 0.0080166741 8.853466e-05 1.195421e-03 1.840952e-04 4.004677e-03 2.840128e-05 8.919357e-33 1.420190e-10 5.142566e-11 4.967230e-29 5.140169e-07 3.664445e-26 2.717566e-05
   88    1      1      0    0      1      -1      -1    50 0.0007731793 0.07918993 0.28545808 0.22656556 0.05807060 0.06299139 0.06456867 0.044032867 0.0187432566 0.023274114 0.040079354 0.0648339618 0.0160072749 5.341178e-03 8.066874e-05 1.465392e-07 9.692619e-03 3.131286e-05 2.554043e-06 2.596757e-04 9.667594e-07 5.811551e-17 1.137803e-08 3.421630e-07 2.281721e-06
   89    1      1      0    0      1      -1      -1    50 0.0225942375 0.15835733 0.06792264 0.28612742 0.19993617 0.05386731 0.09180077 0.013000037 0.0110522734 0.021814622 0.029127852 0.0166269956 0.0053754522 9.293866e-04 5.092518e-03 1.327649e-02 3.803037e-04 7.400597e-06 2.693994e-03 4.984216e-06 2.099734e-15 1.073850e-15 1.206029e-36 1.159069e-05 2.097837e-07
   91    1      1      0    0      1      -1      -1    50 0.0330704975 0.23308097 0.12338991 0.19979484 0.07458981 0.09305112 0.05086177 0.065407377 0.0308743030 0.005800271 0.014170862 0.0527963539 0.0182586403 2.107136e-03 8.140772e-05 1.702637e-03 5.329535e-06 5.229304e-05 9.125312e-12 6.379619e-15 3.739837e-04 2.735732e-10 1.554050e-04 3.527166e-04 2.237136e-05
   93    1      1      0    0      1      -1      -1    50 0.0037673673 0.18963575 0.23095161 0.17035226 0.06538023 0.14306299 0.01741209 0.042009767 0.0229132975 0.021619534 0.026449405 0.0001488128 0.0353725275 1.090220e-02 8.164863e-04 1.266923e-03 1.621819e-04 2.329745e-03 1.544394e-02 5.458556e-13 1.209071e-10 2.619735e-06 2.645850e-07 4.310383e-43 8.559140e-09
   95    1      1      0    0      1      -1      -1    50 0.0078674499 0.12970645 0.34442512 0.05116036 0.05649766 0.08617517 0.01577825 0.083005278 0.0113588037 0.005571568 0.038897935 0.0092401962 0.1290816371 1.092368e-03 2.389041e-02 6.054294e-03 2.917898e-07 2.343501e-08 3.576420e-08 6.271920e-16 3.359601e-07 3.641484e-34 5.643411e-33 6.735305e-33 1.963491e-04
   97    1      1      0    0      1      -1      -1    50 0.0065925109 0.23620324 0.22021364 0.15831535 0.13429080 0.04237275 0.03647510 0.047231217 0.0284249442 0.006405933 0.006372416 0.0100737707 0.0006259407 5.625267e-03 1.475622e-02 5.936380e-05 2.482405e-04 1.064276e-08 2.000774e-04 4.423948e-09 8.185322e-06 5.769967e-04 1.208228e-10 4.344246e-02 1.485555e-03
   98    1      1      0    0      1      -1      -1    50 0.0039722653 0.06238723 0.33362684 0.21195713 0.07438845 0.11581134 0.04357872 0.030555971 0.0137976295 0.002962304 0.041415518 0.0006787938 0.0001170313 3.704821e-02 3.176552e-03 2.434455e-04 5.238614e-07 2.543992e-06 2.427314e-02 6.041993e-06 7.892411e-20 2.881750e-08 1.124601e-07 1.278438e-23 1.861402e-07
   99    1      1      0    0      1      -1      -1    50 0.0166588596 0.12795341 0.14769825 0.22111020 0.09620719 0.06220550 0.12523377 0.025225392 0.0275409668 0.020779658 0.091988460 0.0153537790 0.0120146984 8.361569e-03 2.821238e-07 1.848704e-07 9.651742e-04 1.474669e-07 2.937556e-08 9.749376e-08 2.142438e-04 5.988029e-17 8.072844e-05 3.691393e-34 4.074106e-04
  100    1      1      0    0      1      -1      -1    50 0.0473859111 0.15172801 0.12575170 0.06613425 0.20811621 0.17760222 0.05669155 0.092811332 0.0266424385 0.011317040 0.003190252 0.0099817287 0.0082360041 1.150861e-02 6.273766e-04 3.009548e-04 4.940378e-05 7.465059e-04 1.677775e-04 9.111360e-06 1.001524e-03 2.945508e-08 6.153532e-08 3.557423e-27 6.307962e-18
   50    1      2      0    0      1      -1      -1    50 0.0200000000 0.12000000 0.22000000 0.08000000 0.18000000 0.12000000 0.00000000 0.140000000 0.0400000000 0.000000000 0.000000000 0.0200000000 0.0200000000 2.000000e-02 0.000000e+00 2.000000e-02 0.000000e+00 0.000000e+00 0.000000e+00 0.000000e+00 0.000000e+00 0.000000e+00 0.000000e+00 0.000000e+00 0.000000e+00
   60    1      2      0    0      1      -1      -1    50 0.0800000000 0.10000000 0.22000000 0.18000000 0.08000000 0.14000000 0.04000000 0.040000000 0.0400000000 0.000000000 0.040000000 0.0200000000 0.0200000000 0.000000e+00 0.000000e+00 0.000000e+00 0.000000e+00 0.000000e+00 0.000000e+00 0.000000e+00 0.000000e+00 0.000000e+00 0.000000e+00 0.000000e+00 0.000000e+00
   70    1      2      0    0      1      -1      -1    50 0.0200000000 0.20000000 0.18000000 0.10000000 0.04000000 0.16000000 0.02000000 0.060000000 0.0600000000 0.020000000 0.060000000 0.0000000000 0.0200000000 0.000000e+00 2.000000e-02 2.000000e-02 0.000000e+00 0.000000e+00 0.000000e+00 0.000000e+00 0.000000e+00 0.000000e+00 2.000000e-02 0.000000e+00 0.000000e+00
   75    1      2      0    0      1      -1      -1    50 0.1400000000 0.14000000 0.16000000 0.06000000 0.16000000 0.10000000 0.02000000 0.060000000 0.0200000000 0.040000000 0.040000000 0.0000000000 0.0200000000 0.000000e+00 0.000000e+00 2.000000e-02 2.000000e-02 0.000000e+00 0.000000e+00 0.000000e+00 0.000000e+00 0.000000e+00 0.000000e+00 0.000000e+00 0.000000e+00
   76    1      2      0    0      1      -1      -1    50 0.0800000000 0.26000000 0.04000000 0.14000000 0.06000000 0.14000000 0.06000000 0.060000000 0.0000000000 0.020000000 0.020000000 0.0400000000 0.0000000000 0.000000e+00 2.000000e-02 2.000000e-02 0.000000e+00 4.000000e-02 0.000000e+00 0.000000e+00 0.000000e+00 0.000000e+00 0.000000e+00 0.000000e+00 0.000000e+00
   79    1      2      0    0      1      -1      -1    50 0.0000000000 0.34000000 0.18000000 0.14000000 0.10000000 0.08000000 0.02000000 0.040000000 0.0400000000 0.040000000 0.000000000 0.0000000000 0.0000000000 2.000000e-02 0.000000e+00 0.000000e+00 0.000000e+00 0.000000e+00 0.000000e+00 0.000000e+00 0.000000e+00 0.000000e+00 0.000000e+00 0.000000e+00 0.000000e+00
   82    1      2      0    0      1      -1      -1    50 0.0000000000 0.14000000 0.30000000 0.22000000 0.16000000 0.02000000 0.04000000 0.020000000 0.0200000000 0.000000000 0.020000000 0.0000000000 0.0000000000 2.000000e-02 2.000000e-02 0.000000e+00 0.000000e+00 2.000000e-02 0.000000e+00 0.000000e+00 0.000000e+00 0.000000e+00 0.000000e+00 0.000000e+00 0.000000e+00
   85    1      2      0    0      1      -1      -1    50 0.0600000000 0.12000000 0.24000000 0.10000000 0.08000000 0.16000000 0.02000000 0.060000000 0.0600000000 0.040000000 0.000000000 0.0000000000 0.0000000000 0.000000e+00 4.000000e-02 0.000000e+00 0.000000e+00 0.000000e+00 0.000000e+00 0.000000e+00 0.000000e+00 0.000000e+00 0.000000e+00 0.000000e+00 2.000000e-02
   88    1      2      0    0      1      -1      -1    50 0.0600000000 0.08000000 0.28000000 0.18000000 0.06000000 0.10000000 0.04000000 0.040000000 0.0400000000 0.060000000 0.040000000 0.0200000000 0.0000000000 0.000000e+00 0.000000e+00 0.000000e+00 0.000000e+00 0.000000e+00 0.000000e+00 0.000000e+00 0.000000e+00 0.000000e+00 0.000000e+00 0.000000e+00 0.000000e+00
   89    1      2      0    0      1      -1      -1    50 0.0600000000 0.24000000 0.08000000 0.18000000 0.12000000 0.06000000 0.12000000 0.000000000 0.0600000000 0.020000000 0.000000000 0.0000000000 0.0600000000 0.000000e+00 0.000000e+00 0.000000e+00 0.000000e+00 0.000000e+00 0.000000e+00 0.000000e+00 0.000000e+00 0.000000e+00 0.000000e+00 0.000000e+00 0.000000e+00
   91    1      2      0    0      1      -1      -1    50 0.0400000000 0.24000000 0.16000000 0.20000000 0.00000000 0.16000000 0.06000000 0.020000000 0.0600000000 0.000000000 0.040000000 0.0000000000 0.0000000000 0.000000e+00 0.000000e+00 0.000000e+00 0.000000e+00 0.000000e+00 0.000000e+00 0.000000e+00 2.000000e-02 0.000000e+00 0.000000e+00 0.000000e+00 0.000000e+00
   93    1      2      0    0      1      -1      -1    50 0.0200000000 0.16000000 0.16000000 0.18000000 0.10000000 0.10000000 0.02000000 0.060000000 0.0600000000 0.060000000 0.020000000 0.0200000000 0.0000000000 2.000000e-02 0.000000e+00 0.000000e+00 0.000000e+00 0.000000e+00 0.000000e+00 0.000000e+00 0.000000e+00 0.000000e+00 0.000000e+00 2.000000e-02 0.000000e+00
   95    1      2      0    0      1      -1      -1    50 0.0600000000 0.14000000 0.22000000 0.16000000 0.10000000 0.00000000 0.04000000 0.080000000 0.0600000000 0.000000000 0.020000000 0.0000000000 0.0600000000 0.000000e+00 0.000000e+00 0.000000e+00 2.000000e-02 2.000000e-02 0.000000e+00 0.000000e+00 2.000000e-02 0.000000e+00 0.000000e+00 0.000000e+00 0.000000e+00
   97    1      2      0    0      1      -1      -1    50 0.0000000000 0.38000000 0.12000000 0.08000000 0.18000000 0.02000000 0.06000000 0.040000000 0.0200000000 0.060000000 0.000000000 0.0200000000 0.0000000000 0.000000e+00 0.000000e+00 0.000000e+00 0.000000e+00 0.000000e+00 0.000000e+00 0.000000e+00 0.000000e+00 2.000000e-02 0.000000e+00 0.000000e+00 0.000000e+00
   98    1      2      0    0      1      -1      -1    50 0.0000000000 0.10000000 0.32000000 0.12000000 0.06000000 0.12000000 0.04000000 0.080000000 0.0400000000 0.020000000 0.020000000 0.0000000000 0.0000000000 2.000000e-02 0.000000e+00 2.000000e-02 0.000000e+00 2.000000e-02 0.000000e+00 0.000000e+00 0.000000e+00 0.000000e+00 0.000000e+00 2.000000e-02 0.000000e+00
   99    1      2      0    0      1      -1      -1    50 0.0600000000 0.14000000 0.08000000 0.20000000 0.12000000 0.04000000 0.12000000 0.060000000 0.0800000000 0.020000000 0.020000000 0.0200000000 0.0200000000 2.000000e-02 0.000000e+00 0.000000e+00 0.000000e+00 0.000000e+00 0.000000e+00 0.000000e+00 0.000000e+00 0.000000e+00 0.000000e+00 0.000000e+00 0.000000e+00
  100    1      2      0    0      1      -1      -1    50 0.0000000000 0.14000000 0.18000000 0.10000000 0.12000000 0.14000000 0.04000000 0.120000000 0.0400000000 0.020000000 0.000000000 0.0200000000 0.0400000000 0.000000e+00 2.000000e-02 0.000000e+00 0.000000e+00 0.000000e+00 0.000000e+00 0.000000e+00 0.000000e+00 0.000000e+00 2.000000e-02 0.000000e+00 0.000000e+00
0 #_N_MeanSize_at_Age_obs
0 #_N_environ_variables
0 #_N_environ_obs
0 #_N_sizefreq_methods
0 #_do_tags
0 #_morphcomp_data
#
999
