#C data file created using the SS_writedat function in the R package r4ss
#C should work with SS version: 
#C file write time: 2014-11-06 01:16:53
#
1 #_styr
100 #_endyr
1 #_nseas
12 #_months_per_seas
1 #_spawn_seas
1 #_Nfleet
2 #_Nsurveys
1 #_N_areas
Fishery%Survey%CPUE #_fleetnames
0.5 0.5 0.5 #_surveytiming_in_season
1 1 1 #_area_assignments_for_each_fishery_and_survey
1 #_units of catch:  1=bio; 2=num
0.01 #_se of log(catch) only used for init_eq_catch and for Fmethod 2 and 3
1 #_Ngenders
25 #_Nages
0 #_init_equil_catch_for_each_fishery
100 #_N_lines_of_catch_to_read
 #_Fishery year seas
         0    1    1
         0    2    1
         0    3    1
         0    4    1
         0    5    1
         0    6    1
         0    7    1
         0    8    1
         0    9    1
         0   10    1
         0   11    1
         0   12    1
         0   13    1
         0   14    1
         0   15    1
         0   16    1
         0   17    1
         0   18    1
         0   19    1
         0   20    1
         0   21    1
         0   22    1
         0   23    1
         0   24    1
         0   25    1
 272154000   26    1
 259167000   27    1
 249534000   28    1
 243067000   29    1
 241716000   30    1
 247756000   31    1
 248173000   32    1
 240596000   33    1
 231067000   34    1
 221904000   35    1
 212538000   36    1
 203479000   37    1
 196758000   38    1
 188065000   39    1
 179044000   40    1
 170134000   41    1
 160764000   42    1
 153895000   43    1
 148700000   44    1
 144042000   45    1
 142180000   46    1
 141282000   47    1
 143239000   48    1
 152517000   49    1
 160547000   50    1
 163582000   51    1
 162619000   52    1
 161316000   53    1
 161689000   54    1
 161395000   55    1
 161112000   56    1
 162713000   57    1
 164068000   58    1
 162391000   59    1
 159199000   60    1
 158273000   61    1
 156992000   62    1
 154574000   63    1
 151596000   64    1
 150330000   65    1
 151363000   66    1
 153830000   67    1
 156751000   68    1
 155079000   69    1
 151431000   70    1
 151396000   71    1
 152895000   72    1
 155211000   73    1
 158797000   74    1
 160681000   75    1
 162188000   76    1
 161492000   77    1
 159779000   78    1
 157684000   79    1
 155749000   80    1
 155029000   81    1
 155711000   82    1
 153862000   83    1
 152256000   84    1
 153316000   85    1
 154293000   86    1
 153696000   87    1
 156810000   88    1
 162256000   89    1
 165380000   90    1
 167302000   91    1
 165090000   92    1
 160826000   93    1
 160674000   94    1
 165892000   95    1
 165523000   96    1
 161324000   97    1
 155258000   98    1
 151646000   99    1
 150397000  100    1
13 #_N_cpue
 #_Fleet Units Errtype
       1     1       0
       2     1       0
       3     1       0
 #_year seas index        obs se_log
     76    1     2 2225000241    0.2
     78    1     2 2715407343    0.2
     80    1     2 1729943648    0.2
     82    1     2 2565689416    0.2
     84    1     2 1995211802    0.2
     86    1     2 2291772242    0.2
     88    1     2 2153816467    0.2
     90    1     2 1818461285    0.2
     92    1     2 2352853477    0.2
     94    1     2 2544172849    0.2
     96    1     2 2014742328    0.2
     98    1     2 2105430778    0.2
    100    1     2 1850516367    0.2
0 #_N_discard_fleets
#_discard_units (1=same_as_catchunits(bio/num); 2=fraction; 3=numbers)
#_discard_errtype:  >0 for DF of T-dist(read CV below); 0 for normal with CV; -1 for normal with se; -2 for lognormal
0 #_N_discard
0 #_N_meanbodywt
1 #_DF_for_meanbodywt_T-distribution_like
2 # length bin method: 1=use databins; 2=generate from binwidth,min,max below; 3=read vector
1 # binwidth for population size comp
10 # minimum size in the population (lower edge of first bin and size at age 0.00)
200 # maximum size in the population (lower edge of last bin)
-0.001 #_comp_tail_compression
1e-05 #_add_to_comp
0 #_combine males into females at or below this bin number
21 #_N_lbins
#_lbin_vector
10 53 70 83 94 101 107 111 114 117 120 123 125 127 130 132 135 138 142 148 200
0 #_N_Length_comp_observations
25 #_N_agebins
#_agebin_vector
1 2 3 4 5 6 7 8 9 10 11 12 13 14 15 16 17 18 19 20 21 22 23 24 25
1 #_N_ageerror_definitions
 #_age0   age1   age2   age3   age4   age5   age6   age7   age8   age9  age10  age11  age12  age13  age14  age15  age16  age17  age18  age19  age20  age21  age22  age23  age24  age25
 -1.000 -1.000 -1.000 -1.000 -1.000 -1.000 -1.000 -1.000 -1.000 -1.000 -1.000 -1.000 -1.000 -1.000 -1.000 -1.000 -1.000 -1.000 -1.000 -1.000 -1.000 -1.000 -1.000 -1.000 -1.000 -1.000
  0.001  0.001  0.001  0.001  0.001  0.001  0.001  0.001  0.001  0.001  0.001  0.001  0.001  0.001  0.001  0.001  0.001  0.001  0.001  0.001  0.001  0.001  0.001  0.001  0.001  0.001
22 #_N_agecomp
1 #_Lbin_method: 1=poplenbins; 2=datalenbins; 3=lengths
-1 #_combine males into females at or below this bin number
 #_Yr Seas FltSvy Gender Part Ageerr Lbin_lo Lbin_hi Nsamp           a1        a2         a3         a4         a5         a6         a7          a8         a9         a10        a11         a12         a13         a14          a15         a16          a17          a18          a19          a20          a21          a22          a23          a24          a25
   50    1      1      0    0      1      -1      -1   200 0.0008519176 0.1184943 0.23019093 0.25483957 0.03423158 0.12702885 0.06045672 0.058690850 0.02543866 0.031808381 0.02250448 0.006374699 0.004903867 0.009124179 0.0011563059 0.001842613 0.0016662919 7.790872e-04 4.257520e-03 3.836014e-07 2.430858e-04 3.717506e-03 4.160095e-04 8.745909e-05 0.0008947864
   55    1      1      0    0      1      -1      -1   200 0.0352109519 0.1384049 0.23514591 0.17173796 0.08257111 0.05962219 0.04305297 0.054067749 0.04868450 0.005387974 0.02200262 0.055178436 0.027733234 0.004312836 0.0018042984 0.001405753 0.0094511474 6.653661e-05 9.135726e-06 2.740869e-03 5.340719e-05 9.224752e-04 1.796330e-06 6.546973e-05 0.0003657620
   60    1      1      0    0      1      -1      -1   200 0.0156193598 0.2285278 0.07966272 0.16828915 0.10783862 0.08754966 0.04931567 0.076614822 0.03408973 0.017944255 0.02331649 0.018005501 0.035967353 0.014956972 0.0087162400 0.002640283 0.0014819953 5.540619e-03 3.901238e-05 2.008917e-05 6.363736e-03 5.853788e-04 1.564989e-13 1.445784e-02 0.0024567475
   65    1      1      0    0      1      -1      -1   200 0.0434544191 0.1665299 0.18485713 0.08139365 0.06965723 0.14062979 0.08988657 0.018933971 0.02966391 0.057376905 0.03094789 0.008202608 0.012575515 0.034204322 0.0053315056 0.002321686 0.0038971844 4.858518e-03 9.288221e-03 1.257457e-03 1.890288e-03 1.928974e-03 1.488511e-08 7.787619e-08 0.0009122940
   70    1      1      0    0      1      -1      -1   200 0.0402320000 0.1800406 0.07209413 0.12292677 0.18974779 0.09452415 0.07917732 0.051405764 0.03127223 0.024531533 0.03689079 0.015893007 0.012623628 0.001959935 0.0111257431 0.008888401 0.0045643661 3.919825e-03 1.263410e-03 6.442433e-04 7.442668e-03 7.140013e-03 5.944396e-04 4.151977e-05 0.0010557655
   75    1      1      0    0      1      -1      -1   200 0.0045725999 0.1567562 0.21172179 0.20120149 0.07871183 0.09534655 0.08085401 0.008129905 0.05943458 0.036148085 0.02540255 0.013649898 0.010550562 0.002825285 0.0023416727 0.001632091 0.0008871670 7.999603e-05 4.871035e-04 7.520541e-03 6.731919e-04 2.707778e-04 1.888797e-04 1.687569e-05 0.0005963504
   80    1      1      0    0      1      -1      -1   200 0.0401652571 0.1372062 0.19339853 0.15110208 0.12374179 0.07701610 0.05406506 0.053838028 0.07017406 0.022554383 0.03630912 0.011240825 0.003577167 0.013883014 0.0016448375 0.003664108 0.0018383373 3.426988e-03 5.385748e-06 1.493494e-04 6.557885e-04 6.217966e-05 7.976676e-19 5.124666e-13 0.0002814489
   85    1      1      0    0      1      -1      -1   200 0.0072629418 0.2538330 0.17186749 0.10177022 0.08152076 0.14662645 0.05549928 0.038611139 0.03061680 0.023145124 0.01451487 0.018296681 0.009413912 0.011205847 0.0151322497 0.003986823 0.0067908449 6.322437e-03 6.014379e-05 3.588615e-06 2.762190e-08 1.010637e-04 4.003699e-06 1.189630e-05 0.0034024382
   90    1      1      0    0      1      -1      -1   200 0.0212923539 0.1754493 0.14884728 0.26033450 0.09687895 0.04031450 0.07212519 0.055067560 0.02976115 0.011650540 0.01087109 0.006420015 0.010251122 0.015180967 0.0004321274 0.010711546 0.0029570987 5.898851e-04 6.310549e-03 4.747688e-04 1.841122e-02 1.668417e-03 1.677180e-08 1.627189e-04 0.0038371747
   95    1      1      0    0      1      -1      -1   200 0.0110960553 0.1045038 0.34311729 0.12126267 0.09729723 0.05223119 0.07465673 0.047879971 0.03423355 0.017668998 0.03174293 0.025265900 0.005610994 0.007220912 0.0041920726 0.002257236 0.0002587447 9.474821e-04 1.528035e-02 2.045397e-03 6.670434e-07 2.799126e-05 9.454079e-05 8.709314e-04 0.0002363665
  100    1      1      0    0      1      -1      -1   200 0.0106270824 0.1731383 0.20658894 0.13987373 0.07397193 0.03705146 0.05136100 0.123118780 0.03093472 0.031946456 0.01759976 0.021106954 0.023976206 0.019822044 0.0216145451 0.003207428 0.0016118507 2.099836e-04 1.488457e-03 2.657654e-03 2.666551e-04 4.960786e-04 7.716116e-11 2.869722e-03 0.0044602934
   50    1      2      0    0      1      -1      -1   200 0.0250000000 0.1850000 0.29000000 0.18500000 0.02500000 0.09500000 0.04000000 0.030000000 0.02000000 0.020000000 0.02000000 0.025000000 0.000000000 0.020000000 0.0050000000 0.000000000 0.0000000000 5.000000e-03 0.000000e+00 0.000000e+00 0.000000e+00 5.000000e-03 0.000000e+00 0.000000e+00 0.0050000000
   55    1      2      0    0      1      -1      -1   200 0.0750000000 0.1750000 0.17500000 0.19500000 0.08500000 0.04000000 0.02000000 0.075000000 0.07500000 0.015000000 0.02000000 0.025000000 0.005000000 0.005000000 0.0000000000 0.000000000 0.0050000000 0.000000e+00 0.000000e+00 0.000000e+00 0.000000e+00 0.000000e+00 0.000000e+00 0.000000e+00 0.0100000000
   60    1      2      0    0      1      -1      -1   200 0.0450000000 0.2100000 0.11000000 0.12000000 0.10500000 0.09000000 0.03000000 0.095000000 0.04500000 0.030000000 0.01000000 0.015000000 0.015000000 0.030000000 0.0050000000 0.010000000 0.0050000000 1.000000e-02 0.000000e+00 0.000000e+00 1.500000e-02 0.000000e+00 0.000000e+00 0.000000e+00 0.0050000000
   65    1      2      0    0      1      -1      -1   200 0.0350000000 0.2750000 0.15500000 0.12000000 0.07500000 0.08000000 0.08000000 0.025000000 0.03500000 0.020000000 0.03000000 0.020000000 0.010000000 0.000000000 0.0100000000 0.015000000 0.0050000000 0.000000e+00 5.000000e-03 0.000000e+00 0.000000e+00 0.000000e+00 0.000000e+00 0.000000e+00 0.0050000000
   70    1      2      0    0      1      -1      -1   200 0.0350000000 0.2350000 0.05000000 0.13500000 0.15500000 0.07000000 0.11000000 0.025000000 0.05000000 0.040000000 0.01500000 0.030000000 0.000000000 0.015000000 0.0100000000 0.005000000 0.0100000000 0.000000e+00 0.000000e+00 0.000000e+00 0.000000e+00 0.000000e+00 5.000000e-03 5.000000e-03 0.0000000000
   75    1      2      0    0      1      -1      -1   200 0.0250000000 0.1900000 0.19000000 0.14500000 0.09500000 0.09500000 0.06500000 0.010000000 0.04000000 0.050000000 0.02000000 0.030000000 0.020000000 0.000000000 0.0050000000 0.000000000 0.0050000000 0.000000e+00 0.000000e+00 5.000000e-03 5.000000e-03 0.000000e+00 0.000000e+00 5.000000e-03 0.0000000000
   80    1      2      0    0      1      -1      -1   200 0.0500000000 0.1700000 0.19500000 0.13500000 0.10500000 0.06500000 0.08000000 0.055000000 0.06000000 0.025000000 0.02500000 0.005000000 0.000000000 0.015000000 0.0000000000 0.000000000 0.0100000000 0.000000e+00 0.000000e+00 0.000000e+00 0.000000e+00 0.000000e+00 0.000000e+00 5.000000e-03 0.0000000000
   85    1      2      0    0      1      -1      -1   200 0.0450000000 0.2400000 0.17500000 0.10000000 0.05500000 0.12500000 0.05000000 0.050000000 0.02500000 0.040000000 0.01000000 0.020000000 0.015000000 0.015000000 0.0150000000 0.005000000 0.0050000000 0.000000e+00 0.000000e+00 0.000000e+00 0.000000e+00 0.000000e+00 5.000000e-03 0.000000e+00 0.0050000000
   90    1      2      0    0      1      -1      -1   200 0.0150000000 0.2500000 0.12000000 0.19500000 0.09000000 0.06000000 0.07000000 0.070000000 0.03500000 0.020000000 0.02500000 0.005000000 0.010000000 0.010000000 0.0050000000 0.000000000 0.0100000000 0.000000e+00 5.000000e-03 0.000000e+00 0.000000e+00 0.000000e+00 0.000000e+00 5.000000e-03 0.0000000000
   95    1      2      0    0      1      -1      -1   200 0.0300000000 0.1150000 0.29000000 0.11000000 0.06000000 0.08500000 0.05500000 0.060000000 0.10000000 0.020000000 0.01000000 0.005000000 0.020000000 0.005000000 0.0050000000 0.015000000 0.0050000000 5.000000e-03 5.000000e-03 0.000000e+00 0.000000e+00 0.000000e+00 0.000000e+00 0.000000e+00 0.0000000000
  100    1      2      0    0      1      -1      -1   200 0.0250000000 0.2550000 0.18000000 0.14500000 0.04000000 0.06000000 0.06000000 0.110000000 0.01000000 0.025000000 0.00500000 0.035000000 0.005000000 0.005000000 0.0100000000 0.010000000 0.0000000000 5.000000e-03 0.000000e+00 0.000000e+00 1.000000e-02 0.000000e+00 0.000000e+00 0.000000e+00 0.0050000000
0 #_N_MeanSize_at_Age_obs
0 #_N_environ_variables
0 #_N_environ_obs
0 #_N_sizefreq_methods
0 #_do_tags
0 #_morphcomp_data
#
999
