#C data file created using the SS_writedat function in the R package r4ss
#C should work with SS version: 
#C file write time: 2014-11-06 00:18:03
#
1 #_styr
100 #_endyr
1 #_nseas
12 #_months_per_seas
1 #_spawn_seas
1 #_Nfleet
2 #_Nsurveys
1 #_N_areas
Fishery%Survey%CPUE #_fleetnames
0.5 0.5 0.5 #_surveytiming_in_season
1 1 1 #_area_assignments_for_each_fishery_and_survey
1 #_units of catch:  1=bio; 2=num
0.01 #_se of log(catch) only used for init_eq_catch and for Fmethod 2 and 3
1 #_Ngenders
25 #_Nages
0 #_init_equil_catch_for_each_fishery
100 #_N_lines_of_catch_to_read
 #_Fishery year seas
         0    1    1
         0    2    1
         0    3    1
         0    4    1
         0    5    1
         0    6    1
         0    7    1
         0    8    1
         0    9    1
         0   10    1
         0   11    1
         0   12    1
         0   13    1
         0   14    1
         0   15    1
         0   16    1
         0   17    1
         0   18    1
         0   19    1
         0   20    1
         0   21    1
         0   22    1
         0   23    1
         0   24    1
         0   25    1
 217215000   26    1
 204173000   27    1
 195835000   28    1
 189466000   29    1
 183180000   30    1
 179182000   31    1
 177767000   32    1
 174355000   33    1
 168749000   34    1
 165273000   35    1
 164434000   36    1
 160986000   37    1
 153848000   38    1
 146477000   39    1
 144674000   40    1
 149013000   41    1
 151394000   42    1
 152173000   43    1
 151136000   44    1
 150689000   45    1
 149865000   46    1
 152176000   47    1
 151370000   48    1
 148171000   49    1
 144921000   50    1
 143371000   51    1
 145993000   52    1
 150415000   53    1
 155058000   54    1
 162398000   55    1
 170743000   56    1
 175646000   57    1
 177250000   58    1
 174018000   59    1
 170108000   60    1
 166409000   61    1
 161789000   62    1
 159489000   63    1
 158164000   64    1
 156820000   65    1
 153386000   66    1
 151456000   67    1
 153628000   68    1
 156450000   69    1
 157071000   70    1
 160285000   71    1
 162288000   72    1
 165910000   73    1
 170497000   74    1
 171684000   75    1
 170456000   76    1
 167257000   77    1
 164799000   78    1
 161573000   79    1
 157192000   80    1
 154830000   81    1
 153416000   82    1
 154285000   83    1
 158996000   84    1
 159754000   85    1
 158420000   86    1
 155409000   87    1
 154541000   88    1
 155674000   89    1
 156154000   90    1
 159341000   91    1
 164136000   92    1
 166194000   93    1
 165169000   94    1
 166251000   95    1
 168086000   96    1
 167573000   97    1
 168377000   98    1
 165917000   99    1
 164501000  100    1
13 #_N_cpue
 #_Fleet Units Errtype
       1     1       0
       2     1       0
       3     1       0
 #_year seas index        obs se_log
     76    1     2 1932266672    0.2
     78    1     2 2303220475    0.2
     80    1     2 2243881893    0.2
     82    1     2 1806240367    0.2
     84    1     2 2064337044    0.2
     86    1     2 2133232422    0.2
     88    1     2 1570762873    0.2
     90    1     2 2503442686    0.2
     92    1     2 1738976988    0.2
     94    1     2 1876423753    0.2
     96    1     2 2492161011    0.2
     98    1     2 3398867534    0.2
    100    1     2 1776262563    0.2
0 #_N_discard_fleets
#_discard_units (1=same_as_catchunits(bio/num); 2=fraction; 3=numbers)
#_discard_errtype:  >0 for DF of T-dist(read CV below); 0 for normal with CV; -1 for normal with se; -2 for lognormal
0 #_N_discard
0 #_N_meanbodywt
1 #_DF_for_meanbodywt_T-distribution_like
2 # length bin method: 1=use databins; 2=generate from binwidth,min,max below; 3=read vector
1 # binwidth for population size comp
10 # minimum size in the population (lower edge of first bin and size at age 0.00)
200 # maximum size in the population (lower edge of last bin)
-0.001 #_comp_tail_compression
1e-05 #_add_to_comp
0 #_combine males into females at or below this bin number
21 #_N_lbins
#_lbin_vector
10 53 70 83 94 101 107 111 114 117 120 123 125 127 130 132 135 138 142 148 200
0 #_N_Length_comp_observations
25 #_N_agebins
#_agebin_vector
1 2 3 4 5 6 7 8 9 10 11 12 13 14 15 16 17 18 19 20 21 22 23 24 25
1 #_N_ageerror_definitions
 #_age0   age1   age2   age3   age4   age5   age6   age7   age8   age9  age10  age11  age12  age13  age14  age15  age16  age17  age18  age19  age20  age21  age22  age23  age24  age25
 -1.000 -1.000 -1.000 -1.000 -1.000 -1.000 -1.000 -1.000 -1.000 -1.000 -1.000 -1.000 -1.000 -1.000 -1.000 -1.000 -1.000 -1.000 -1.000 -1.000 -1.000 -1.000 -1.000 -1.000 -1.000 -1.000
  0.001  0.001  0.001  0.001  0.001  0.001  0.001  0.001  0.001  0.001  0.001  0.001  0.001  0.001  0.001  0.001  0.001  0.001  0.001  0.001  0.001  0.001  0.001  0.001  0.001  0.001
34 #_N_agecomp
1 #_Lbin_method: 1=poplenbins; 2=datalenbins; 3=lengths
-1 #_combine males into females at or below this bin number
 #_Yr Seas FltSvy Gender Part Ageerr Lbin_lo Lbin_hi Nsamp          a1         a2         a3         a4         a5         a6         a7         a8         a9        a10        a11         a12         a13         a14         a15         a16         a17          a18          a19          a20          a21          a22          a23          a24          a25
   50    1      1      0    0      1      -1      -1   500 0.020705468 0.11583947 0.18957153 0.09487856 0.12169082 0.17433480 0.04450874 0.07564920 0.01975170 0.03592510 0.01556136 0.041139133 0.012630033 0.006961114 0.002127584 0.009358113 0.006774006 2.790690e-03 5.907295e-04 6.663860e-04 0.0057265139 4.707008e-04 5.820260e-05 6.954183e-04 1.594645e-03
   60    1      1      0    0      1      -1      -1   500 0.019517627 0.19979569 0.12163169 0.07222355 0.13847923 0.07857885 0.10700789 0.06255235 0.03265322 0.06051610 0.04305930 0.018976219 0.012854743 0.008867717 0.007904653 0.006822390 0.001467395 3.340030e-03 4.262313e-06 1.874483e-03 0.0005444214 7.003610e-04 1.625099e-06 1.178580e-05 6.144190e-04
   70    1      1      0    0      1      -1      -1   500 0.025927564 0.24083790 0.09391715 0.19256124 0.12328979 0.06252926 0.04016390 0.05073696 0.05260737 0.03231377 0.01293051 0.016524756 0.007199757 0.006612703 0.008839605 0.007317704 0.004790686 1.232346e-03 1.021547e-02 3.164686e-03 0.0041438771 2.481290e-04 4.153317e-04 1.571333e-04 1.322411e-03
   75    1      1      0    0      1      -1      -1   500 0.023102981 0.14148545 0.15685435 0.22643160 0.11505388 0.07888917 0.09668584 0.01976168 0.04933725 0.03266568 0.01716533 0.005920648 0.005934460 0.009633683 0.006728437 0.002293079 0.005105313 2.093157e-03 1.185447e-04 2.088616e-03 0.0004793250 2.239988e-04 1.066227e-03 1.517719e-05 8.661317e-04
   76    1      1      0    0      1      -1      -1   500 0.012440252 0.09614216 0.15991606 0.16732950 0.17608679 0.11163712 0.07575817 0.06000904 0.01509162 0.03692828 0.03408668 0.007086621 0.007360247 0.008131173 0.005182911 0.006594496 0.004243726 5.611749e-03 2.705783e-03 4.945927e-03 0.0001044086 5.671340e-05 9.131137e-04 9.226587e-04 7.148204e-04
   79    1      1      0    0      1      -1      -1   500 0.014623865 0.10456668 0.22368424 0.15978108 0.09093978 0.08300216 0.06261559 0.08613773 0.03959134 0.03816381 0.03178951 0.005838344 0.022728304 0.014246342 0.008123402 0.002669482 0.006288928 4.236607e-04 1.195098e-03 7.399429e-07 0.0001725012 3.608662e-05 1.317537e-05 7.635820e-06 3.360523e-03
   82    1      1      0    0      1      -1      -1   500 0.036457406 0.11447489 0.25368371 0.17506379 0.07047763 0.05754627 0.06230412 0.04107149 0.04703425 0.02562940 0.03040314 0.021084847 0.012135877 0.016237109 0.004339382 0.006768112 0.009042863 7.373877e-03 1.969235e-03 8.846798e-04 0.0022141574 2.011768e-03 2.565002e-09 6.362698e-06 1.785634e-03
   85    1      1      0    0      1      -1      -1   500 0.020882766 0.12154494 0.17751507 0.26694511 0.07956928 0.10609041 0.04220186 0.03476479 0.03716551 0.03262779 0.01284213 0.024907089 0.006546757 0.010939157 0.004050048 0.003141372 0.005924872 3.241645e-03 4.759493e-03 4.580843e-04 0.0026406102 5.034213e-07 1.029821e-04 4.241807e-04 7.135439e-04
   88    1      1      0    0      1      -1      -1   500 0.007026598 0.22989114 0.19351203 0.08450980 0.10937004 0.08164209 0.11445243 0.03175790 0.04147798 0.02097857 0.01092366 0.008237609 0.017793989 0.010884297 0.010559464 0.009918488 0.005392521 5.104148e-03 3.554547e-03 1.006469e-03 0.0008490156 2.961254e-04 2.809931e-08 8.503343e-05 7.760222e-04
   89    1      1      0    0      1      -1      -1   500 0.024108907 0.16698167 0.27287989 0.12599968 0.07607626 0.06666612 0.03815858 0.09164460 0.01846920 0.03326970 0.02909238 0.009725264 0.005594173 0.010586884 0.008155963 0.006266081 0.003565888 1.332760e-03 2.352165e-03 2.118245e-03 0.0010645398 4.479501e-04 4.587706e-03 1.516976e-04 7.036843e-04
   91    1      1      0    0      1      -1      -1   500 0.012317974 0.17753996 0.19591385 0.11585954 0.15599844 0.07596212 0.06087937 0.04330338 0.02650394 0.04614846 0.01626733 0.017641550 0.013046876 0.009571494 0.005712866 0.005543399 0.001915042 4.995492e-03 7.000039e-03 4.605720e-03 0.0003362409 2.180935e-05 2.836644e-03 1.258890e-06 7.720343e-05
   93    1      1      0    0      1      -1      -1   500 0.019680151 0.10659877 0.22307350 0.19695289 0.12012215 0.04812111 0.09146178 0.04186012 0.02164835 0.02181508 0.02320792 0.033279508 0.008605546 0.009948412 0.005536754 0.003738978 0.003134076 3.643758e-04 5.454090e-04 5.213717e-03 0.0050282306 1.977647e-04 1.166867e-03 1.291376e-03 7.407170e-03
   95    1      1      0    0      1      -1      -1   500 0.006956575 0.20915386 0.15633204 0.09815282 0.11024493 0.14481730 0.07777285 0.04337974 0.04286385 0.03091001 0.01378188 0.010311553 0.014767035 0.008250540 0.005606327 0.005381120 0.006660389 1.115543e-03 2.091010e-03 7.370456e-03 0.0004170036 2.579059e-03 3.889587e-05 9.484800e-04 9.674245e-05
   97    1      1      0    0      1      -1      -1   500 0.011409626 0.22699398 0.09957666 0.20631031 0.10771747 0.03818317 0.08832236 0.07266238 0.02826065 0.02065786 0.03094598 0.010545500 0.008182204 0.012621673 0.005766819 0.012461509 0.002169482 1.041503e-03 2.470467e-03 8.184425e-04 0.0016195886 1.822812e-04 6.046654e-03 8.342067e-04 4.199218e-03
   98    1      1      0    0      1      -1      -1   500 0.008337677 0.09778268 0.29269193 0.09763338 0.16650124 0.05199137 0.04898789 0.04996784 0.06259301 0.03273700 0.02199940 0.016373428 0.010741846 0.010535352 0.011134652 0.001020312 0.010381828 3.538542e-05 9.871952e-04 8.899718e-04 0.0031899172 1.815735e-06 1.963593e-03 4.084705e-04 1.112817e-03
   99    1      1      0    0      1      -1      -1   500 0.018388837 0.14111867 0.12431507 0.19339095 0.06314347 0.14365543 0.06035048 0.03177880 0.02974473 0.06668343 0.03775191 0.017002756 0.025956643 0.011230486 0.008747044 0.004050844 0.005390865 9.538820e-03 9.715721e-04 4.323497e-03 0.0000192733 5.934121e-05 5.075075e-07 9.082944e-04 1.478269e-03
  100    1      1      0    0      1      -1      -1   500 0.015087304 0.15944445 0.18910146 0.07992095 0.16863532 0.06288023 0.13286817 0.05256323 0.01868307 0.03176638 0.02422814 0.022058694 0.016791287 0.009764595 0.002694979 0.002525394 0.001196435 1.024550e-03 8.916974e-04 2.912606e-04 0.0007931436 4.867153e-03 1.994589e-04 1.945472e-04 1.528086e-03
   50    1      2      0    0      1      -1      -1   500 0.070000000 0.17400000 0.18200000 0.06800000 0.10800000 0.13800000 0.03000000 0.08000000 0.01200000 0.02400000 0.01800000 0.052000000 0.002000000 0.006000000 0.002000000 0.002000000 0.010000000 2.000000e-03 0.000000e+00 1.000000e-02 0.0020000000 2.000000e-03 2.000000e-03 0.000000e+00 4.000000e-03
   60    1      2      0    0      1      -1      -1   500 0.038000000 0.23800000 0.11800000 0.10000000 0.08800000 0.07800000 0.11800000 0.06000000 0.03800000 0.05000000 0.03400000 0.016000000 0.004000000 0.000000000 0.002000000 0.006000000 0.000000000 2.000000e-03 0.000000e+00 0.000000e+00 0.0000000000 4.000000e-03 4.000000e-03 0.000000e+00 2.000000e-03
   70    1      2      0    0      1      -1      -1   500 0.048000000 0.26400000 0.09200000 0.20400000 0.12200000 0.06800000 0.04800000 0.01800000 0.03600000 0.02000000 0.02200000 0.022000000 0.008000000 0.002000000 0.010000000 0.000000000 0.006000000 2.000000e-03 2.000000e-03 2.000000e-03 0.0020000000 0.000000e+00 0.000000e+00 0.000000e+00 2.000000e-03
   75    1      2      0    0      1      -1      -1   500 0.022000000 0.18800000 0.14800000 0.21400000 0.11200000 0.06600000 0.08000000 0.02200000 0.04600000 0.03800000 0.01400000 0.016000000 0.008000000 0.008000000 0.004000000 0.006000000 0.000000000 2.000000e-03 2.000000e-03 0.000000e+00 0.0000000000 2.000000e-03 2.000000e-03 0.000000e+00 0.000000e+00
   76    1      2      0    0      1      -1      -1   500 0.056000000 0.13800000 0.15200000 0.13000000 0.16600000 0.08600000 0.06600000 0.05600000 0.01600000 0.04000000 0.02000000 0.018000000 0.008000000 0.010000000 0.002000000 0.006000000 0.006000000 8.000000e-03 0.000000e+00 2.000000e-03 0.0040000000 4.000000e-03 2.000000e-03 2.000000e-03 2.000000e-03
   79    1      2      0    0      1      -1      -1   500 0.028000000 0.10600000 0.21600000 0.14200000 0.08400000 0.08000000 0.08200000 0.09400000 0.02600000 0.01800000 0.02800000 0.016000000 0.024000000 0.016000000 0.006000000 0.006000000 0.006000000 4.000000e-03 8.000000e-03 4.000000e-03 0.0000000000 0.000000e+00 2.000000e-03 2.000000e-03 2.000000e-03
   82    1      2      0    0      1      -1      -1   500 0.076000000 0.14600000 0.21600000 0.15400000 0.08400000 0.08200000 0.05800000 0.03000000 0.02400000 0.03000000 0.03400000 0.014000000 0.014000000 0.014000000 0.004000000 0.004000000 0.004000000 4.000000e-03 2.000000e-03 2.000000e-03 0.0020000000 0.000000e+00 0.000000e+00 2.000000e-03 0.000000e+00
   85    1      2      0    0      1      -1      -1   500 0.014000000 0.19200000 0.15800000 0.21600000 0.08000000 0.09600000 0.06400000 0.02000000 0.04000000 0.01800000 0.01000000 0.012000000 0.006000000 0.022000000 0.006000000 0.006000000 0.004000000 2.000000e-03 1.000000e-02 8.000000e-03 0.0040000000 4.000000e-03 2.000000e-03 2.000000e-03 4.000000e-03
   88    1      2      0    0      1      -1      -1   500 0.036000000 0.28200000 0.17200000 0.08200000 0.08200000 0.05600000 0.12800000 0.03400000 0.03800000 0.03000000 0.00600000 0.014000000 0.008000000 0.006000000 0.006000000 0.004000000 0.006000000 4.000000e-03 0.000000e+00 4.000000e-03 0.0000000000 2.000000e-03 0.000000e+00 0.000000e+00 0.000000e+00
   89    1      2      0    0      1      -1      -1   500 0.048000000 0.17600000 0.25600000 0.11400000 0.06400000 0.06600000 0.06600000 0.08800000 0.02600000 0.03400000 0.01400000 0.002000000 0.014000000 0.004000000 0.002000000 0.014000000 0.000000000 4.000000e-03 2.000000e-03 0.000000e+00 0.0000000000 0.000000e+00 2.000000e-03 0.000000e+00 4.000000e-03
   91    1      2      0    0      1      -1      -1   500 0.028000000 0.27000000 0.17800000 0.11200000 0.11600000 0.06000000 0.02600000 0.04400000 0.02200000 0.06200000 0.01200000 0.020000000 0.018000000 0.004000000 0.006000000 0.002000000 0.004000000 4.000000e-03 4.000000e-03 4.000000e-03 0.0000000000 0.000000e+00 0.000000e+00 0.000000e+00 4.000000e-03
   93    1      2      0    0      1      -1      -1   500 0.044000000 0.10200000 0.21400000 0.18400000 0.09800000 0.06800000 0.09200000 0.03600000 0.03400000 0.03200000 0.01800000 0.038000000 0.010000000 0.014000000 0.006000000 0.004000000 0.000000000 2.000000e-03 4.000000e-03 0.000000e+00 0.0000000000 0.000000e+00 0.000000e+00 0.000000e+00 0.000000e+00
   95    1      2      0    0      1      -1      -1   500 0.016000000 0.32800000 0.14600000 0.06800000 0.11200000 0.11000000 0.07200000 0.03000000 0.04200000 0.01400000 0.01200000 0.008000000 0.012000000 0.006000000 0.002000000 0.006000000 0.006000000 2.000000e-03 0.000000e+00 2.000000e-03 0.0040000000 0.000000e+00 0.000000e+00 2.000000e-03 0.000000e+00
   97    1      2      0    0      1      -1      -1   500 0.036000000 0.26800000 0.07400000 0.20000000 0.09600000 0.05200000 0.06600000 0.07800000 0.02800000 0.02600000 0.02200000 0.018000000 0.006000000 0.010000000 0.002000000 0.008000000 0.000000000 0.000000e+00 2.000000e-03 2.000000e-03 0.0040000000 0.000000e+00 0.000000e+00 0.000000e+00 2.000000e-03
   98    1      2      0    0      1      -1      -1   500 0.032000000 0.14400000 0.24200000 0.06800000 0.19600000 0.06800000 0.03200000 0.05400000 0.05400000 0.03200000 0.01600000 0.022000000 0.006000000 0.006000000 0.006000000 0.004000000 0.002000000 2.000000e-03 2.000000e-03 4.000000e-03 0.0000000000 0.000000e+00 4.000000e-03 0.000000e+00 4.000000e-03
   99    1      2      0    0      1      -1      -1   500 0.064000000 0.14400000 0.09400000 0.22200000 0.05600000 0.14400000 0.05000000 0.03400000 0.03800000 0.03800000 0.03000000 0.018000000 0.022000000 0.004000000 0.004000000 0.006000000 0.008000000 1.200000e-02 2.000000e-03 2.000000e-03 0.0040000000 2.000000e-03 2.000000e-03 0.000000e+00 0.000000e+00
  100    1      2      0    0      1      -1      -1   500 0.060000000 0.23400000 0.13600000 0.09400000 0.15800000 0.03800000 0.08400000 0.05800000 0.01800000 0.02200000 0.02200000 0.024000000 0.014000000 0.012000000 0.006000000 0.004000000 0.002000000 4.000000e-03 4.000000e-03 2.000000e-03 0.0000000000 4.000000e-03 0.000000e+00 0.000000e+00 0.000000e+00
0 #_N_MeanSize_at_Age_obs
0 #_N_environ_variables
0 #_N_environ_obs
0 #_N_sizefreq_methods
0 #_do_tags
0 #_morphcomp_data
#
999
