#C data file created using the SS_writedat function in the R package r4ss
#C should work with SS version: 
#C file write time: 2014-11-06 11:16:43
#
1 #_styr
100 #_endyr
1 #_nseas
12 #_months_per_seas
1 #_spawn_seas
1 #_Nfleet
2 #_Nsurveys
1 #_N_areas
Fishery%Survey%CPUE #_fleetnames
0.5 0.5 0.5 #_surveytiming_in_season
1 1 1 #_area_assignments_for_each_fishery_and_survey
1 #_units of catch:  1=bio; 2=num
0.01 #_se of log(catch) only used for init_eq_catch and for Fmethod 2 and 3
1 #_Ngenders
25 #_Nages
0 #_init_equil_catch_for_each_fishery
100 #_N_lines_of_catch_to_read
 #_Fishery year seas
         0    1    1
         0    2    1
         0    3    1
         0    4    1
         0    5    1
         0    6    1
         0    7    1
         0    8    1
         0    9    1
         0   10    1
         0   11    1
         0   12    1
         0   13    1
         0   14    1
         0   15    1
         0   16    1
         0   17    1
         0   18    1
         0   19    1
         0   20    1
         0   21    1
         0   22    1
         0   23    1
         0   24    1
         0   25    1
 279601000   26    1
 257972000   27    1
 237745000   28    1
 220303000   29    1
 201883000   30    1
 185786000   31    1
 174873000   32    1
 168615000   33    1
 168553000   34    1
 167019000   35    1
 164875000   36    1
 164398000   37    1
 161675000   38    1
 156382000   39    1
 149698000   40    1
 147660000   41    1
 149852000   42    1
 149547000   43    1
 148687000   44    1
 145727000   45    1
 141169000   46    1
 139573000   47    1
 139813000   48    1
 139900000   49    1
 143867000   50    1
 147403000   51    1
 146729000   52    1
 144712000   53    1
 145295000   54    1
 149152000   55    1
 153254000   56    1
 153182000   57    1
 154039000   58    1
 153973000   59    1
 153504000   60    1
 158362000   61    1
 165382000   62    1
 176534000   63    1
 187815000   64    1
 200537000   65    1
 205978000   66    1
 209236000   67    1
 209402000   68    1
 207608000   69    1
 202929000   70    1
 204315000   71    1
 208131000   72    1
 206231000   73    1
 201873000   74    1
 194599000   75    1
 190117000   76    1
 185742000   77    1
 177928000   78    1
 168833000   79    1
 159406000   80    1
 151063000   81    1
 144509000   82    1
 140754000   83    1
 137930000   84    1
 136495000   85    1
 135940000   86    1
 138057000   87    1
 140727000   88    1
 145134000   89    1
 145272000   90    1
 141969000   91    1
 136107000   92    1
 129479000   93    1
 126203000   94    1
 125789000   95    1
 125607000   96    1
 125261000   97    1
 126317000   98    1
 126854000   99    1
 126845000  100    1
13 #_N_cpue
 #_Fleet Units Errtype
       1     1       0
       2     1       0
       3     1       0
 #_year seas index        obs se_log
     76    1     2 2266383686    0.2
     78    1     2 2250472594    0.2
     80    1     2 2079076385    0.2
     82    1     2 2589380485    0.2
     84    1     2 1403508002    0.2
     86    1     2 1809258867    0.2
     88    1     2 1692190434    0.2
     90    1     2 2442855919    0.2
     92    1     2 1613191714    0.2
     94    1     2 1444995475    0.2
     96    1     2 1556685683    0.2
     98    1     2 1767425043    0.2
    100    1     2 1725942143    0.2
0 #_N_discard_fleets
#_discard_units (1=same_as_catchunits(bio/num); 2=fraction; 3=numbers)
#_discard_errtype:  >0 for DF of T-dist(read CV below); 0 for normal with CV; -1 for normal with se; -2 for lognormal
0 #_N_discard
0 #_N_meanbodywt
1 #_DF_for_meanbodywt_T-distribution_like
2 # length bin method: 1=use databins; 2=generate from binwidth,min,max below; 3=read vector
1 # binwidth for population size comp
10 # minimum size in the population (lower edge of first bin and size at age 0.00)
200 # maximum size in the population (lower edge of last bin)
-0.001 #_comp_tail_compression
1e-05 #_add_to_comp
0 #_combine males into females at or below this bin number
21 #_N_lbins
#_lbin_vector
10 53 70 83 94 101 107 111 114 117 120 123 125 127 130 132 135 138 142 148 200
0 #_N_Length_comp_observations
25 #_N_agebins
#_agebin_vector
1 2 3 4 5 6 7 8 9 10 11 12 13 14 15 16 17 18 19 20 21 22 23 24 25
1 #_N_ageerror_definitions
 #_age0   age1   age2   age3   age4   age5   age6   age7   age8   age9  age10  age11  age12  age13  age14  age15  age16  age17  age18  age19  age20  age21  age22  age23  age24  age25
 -1.000 -1.000 -1.000 -1.000 -1.000 -1.000 -1.000 -1.000 -1.000 -1.000 -1.000 -1.000 -1.000 -1.000 -1.000 -1.000 -1.000 -1.000 -1.000 -1.000 -1.000 -1.000 -1.000 -1.000 -1.000 -1.000
  0.001  0.001  0.001  0.001  0.001  0.001  0.001  0.001  0.001  0.001  0.001  0.001  0.001  0.001  0.001  0.001  0.001  0.001  0.001  0.001  0.001  0.001  0.001  0.001  0.001  0.001
198 #_N_agecomp
1 #_Lbin_method: 1=poplenbins; 2=datalenbins; 3=lengths
-1 #_combine males into females at or below this bin number
 #_Yr Seas FltSvy Gender Part Ageerr Lbin_lo Lbin_hi Nsamp          a1         a2         a3         a4         a5         a6         a7         a8         a9         a10         a11         a12         a13         a14         a15          a16          a17          a18          a19          a20          a21          a22          a23          a24          a25
    2    1      1      0    0      1      -1      -1  1000 0.022544674 0.11236268 0.14412309 0.12584503 0.11005959 0.08586836 0.06888015 0.06521109 0.04218135 0.028909056 0.032926155 0.023991512 0.025790464 0.027020120 0.017472095 0.0125979888 0.0080650240 0.0106662370 0.0042773645 5.378397e-03 4.309525e-03 4.991910e-03 3.613631e-03 1.781355e-03 1.113316e-02
    3    1      1      0    0      1      -1      -1  1000 0.008160691 0.24453572 0.13341198 0.09687132 0.11252066 0.07806384 0.07363267 0.04314462 0.04203399 0.027031314 0.023105059 0.020036553 0.015610618 0.012625167 0.012633029 0.0139909454 0.0041325440 0.0094910931 0.0029536715 1.816960e-03 2.484142e-03 4.677216e-03 1.032096e-03 1.186817e-03 1.481729e-02
    4    1      1      0    0      1      -1      -1  1000 0.010393772 0.07175890 0.30775302 0.09859314 0.08912210 0.06953070 0.05301442 0.03973470 0.04101896 0.035217579 0.028354069 0.028180307 0.017247842 0.024833054 0.010314024 0.0114677261 0.0102204378 0.0079226258 0.0111842360 6.850078e-03 5.519990e-03 1.168082e-03 2.009598e-03 4.326679e-03 1.426396e-02
    5    1      1      0    0      1      -1      -1  1000 0.015524589 0.07420279 0.11728701 0.26811225 0.09878974 0.08000756 0.06423025 0.04805050 0.03471028 0.025699453 0.037316252 0.038410875 0.017020653 0.013011117 0.008927405 0.0105300687 0.0113322657 0.0070787903 0.0054329247 7.871862e-03 3.776742e-03 2.599614e-03 5.515854e-04 1.217541e-03 8.307892e-03
    6    1      1      0    0      1      -1      -1  1000 0.002062721 0.13080651 0.11423779 0.08198513 0.21874095 0.07803815 0.06772031 0.06209888 0.04714115 0.037434898 0.026326146 0.032257180 0.017539388 0.017557765 0.011515637 0.0049152789 0.0114131962 0.0084500906 0.0032090711 2.935522e-03 3.981899e-03 4.136196e-03 3.775673e-03 1.250662e-03 1.046980e-02
    7    1      1      0    0      1      -1      -1  1000 0.010222440 0.03930203 0.19167365 0.09200274 0.07769000 0.19948538 0.08076841 0.05626142 0.04075184 0.034365203 0.029448677 0.020179420 0.023436331 0.021336051 0.018108167 0.0143418258 0.0099147114 0.0094435929 0.0056550388 3.176106e-03 2.261654e-03 4.760792e-03 1.665408e-03 2.532052e-03 1.121705e-02
    8    1      1      0    0      1      -1      -1  1000 0.021911599 0.10384807 0.05383501 0.16331048 0.07916503 0.06493538 0.17811096 0.06555377 0.04750289 0.042633948 0.035169131 0.023264563 0.026194865 0.018265537 0.020399943 0.0154576531 0.0069371204 0.0048246632 0.0062949160 5.922813e-03 2.172437e-03 1.368132e-03 2.465928e-03 2.414467e-04 1.021373e-02
    9    1      1      0    0      1      -1      -1  1000 0.011056673 0.16188461 0.12681612 0.05343693 0.12277760 0.05936113 0.05683036 0.13581363 0.04564600 0.034384844 0.032630010 0.021227268 0.019561154 0.020580539 0.018360664 0.0164511145 0.0124810485 0.0084060028 0.0046306933 7.155051e-03 3.866362e-03 6.534704e-03 3.384540e-03 1.946265e-03 1.477668e-02
   10    1      1      0    0      1      -1      -1  1000 0.011776158 0.08806576 0.25385434 0.10611011 0.04179152 0.10432133 0.04609887 0.04383673 0.10080310 0.042340273 0.025764467 0.025785228 0.021996230 0.022272979 0.014003478 0.0091493247 0.0055963790 0.0085098005 0.0037054462 5.524770e-03 2.198616e-03 5.260890e-03 8.323220e-04 4.291827e-03 6.110052e-03
   11    1      1      0    0      1      -1      -1  1000 0.016672629 0.10092300 0.11994184 0.20723436 0.09443346 0.02754498 0.08012959 0.04750943 0.03460734 0.090450342 0.036958763 0.021227938 0.016694011 0.019388769 0.013546437 0.0133415394 0.0060372206 0.0127922004 0.0069698269 1.217859e-02 4.751899e-03 2.063593e-03 3.766587e-03 2.018334e-03 8.817328e-03
   12    1      1      0    0      1      -1      -1  1000 0.004643781 0.14358530 0.10929507 0.09844881 0.17163336 0.09805276 0.02402828 0.06965530 0.02574314 0.025196353 0.074389805 0.027530873 0.019504241 0.010858011 0.026206315 0.0108978715 0.0153707029 0.0085330409 0.0087322537 4.874121e-03 4.814861e-03 3.057722e-03 2.133259e-03 3.666036e-03 9.148742e-03
   13    1      1      0    0      1      -1      -1  1000 0.012571470 0.04410838 0.22200114 0.12151489 0.07850326 0.13512689 0.06162437 0.01850645 0.05496899 0.034530117 0.023317254 0.063081526 0.028266340 0.016436798 0.011789344 0.0169461803 0.0116479702 0.0072826589 0.0070578707 4.586158e-03 5.328338e-03 4.753024e-03 5.422645e-03 3.699332e-03 6.928616e-03
   14    1      1      0    0      1      -1      -1  1000 0.015829397 0.13778240 0.06439181 0.17606176 0.08047501 0.05849780 0.12335969 0.05461501 0.01705450 0.059907716 0.019145317 0.014244461 0.055267984 0.016868993 0.020077979 0.0107676465 0.0173589786 0.0066778497 0.0080023465 8.174378e-03 6.749144e-03 4.086615e-03 3.039659e-03 8.403214e-03 1.316035e-02
   15    1      1      0    0      1      -1      -1  1000 0.010664979 0.15754472 0.21022964 0.04602744 0.13920872 0.07198892 0.04979444 0.06599233 0.03323638 0.012592360 0.036375699 0.025316590 0.023095811 0.039618317 0.014742328 0.0059451763 0.0093406765 0.0065879570 0.0133478532 3.812877e-03 4.404403e-03 3.377938e-03 2.189269e-03 2.680139e-03 1.188504e-02
   16    1      1      0    0      1      -1      -1  1000 0.021906327 0.07875787 0.20383699 0.15928538 0.03599340 0.11395610 0.06702293 0.04446899 0.06964879 0.034722905 0.015787501 0.031506724 0.013129359 0.014587431 0.029569814 0.0069406688 0.0117380248 0.0082934615 0.0066764444 7.402967e-03 7.993465e-03 1.365176e-03 2.210551e-03 3.639932e-03 9.558794e-03
   17    1      1      0    0      1      -1      -1  1000 0.010564454 0.18905990 0.09823304 0.16361001 0.13054036 0.03345072 0.07985666 0.04309084 0.03362144 0.052059084 0.031567888 0.012006658 0.025608343 0.014017611 0.006390062 0.0227511481 0.0101583868 0.0096604610 0.0052635404 5.635844e-03 3.789939e-03 3.997317e-03 2.311760e-03 3.143708e-03 9.610830e-03
   18    1      1      0    0      1      -1      -1  1000 0.015432588 0.08990439 0.25064754 0.08842329 0.11135785 0.09542959 0.01785468 0.07743528 0.03862664 0.030720682 0.044564669 0.021712054 0.007795029 0.032030766 0.013220169 0.0069408876 0.0177207950 0.0094317491 0.0049237924 9.460473e-03 3.875605e-03 2.020438e-03 2.022146e-03 2.455596e-03 5.993302e-03
   19    1      1      0    0      1      -1      -1  1000 0.012807304 0.12753592 0.11615197 0.18481338 0.07100283 0.10177413 0.10051971 0.01723836 0.06175159 0.022740556 0.023966310 0.043695739 0.013066459 0.008722406 0.021853186 0.0083537276 0.0087749778 0.0188088838 0.0083636876 3.574048e-03 1.574058e-03 8.608117e-03 1.488400e-03 1.737817e-03 1.107645e-02
   20    1      1      0    0      1      -1      -1  1000 0.015112317 0.07365567 0.17975505 0.08652418 0.17414533 0.06036880 0.08911959 0.06205624 0.01277973 0.053448826 0.029858881 0.016423244 0.042596830 0.016658120 0.002634593 0.0171340807 0.0135551327 0.0101763166 0.0115043359 2.266498e-03 6.801219e-03 9.271795e-03 3.695134e-03 1.733470e-03 8.724616e-03
   21    1      1      0    0      1      -1      -1  1000 0.028027789 0.13394862 0.11149129 0.11937721 0.09332103 0.12225901 0.04676997 0.06951123 0.05522048 0.016984788 0.038484861 0.032085919 0.018935587 0.024110298 0.015692094 0.0062267354 0.0146877547 0.0030680667 0.0072359299 1.417795e-02 3.189925e-03 2.486512e-03 4.423178e-03 3.870579e-03 1.441320e-02
   22    1      1      0    0      1      -1      -1  1000 0.010373643 0.17792066 0.17880613 0.09329899 0.09560163 0.05709978 0.11568040 0.03246944 0.05374045 0.038581766 0.006648700 0.026064964 0.017376226 0.008173211 0.023834776 0.0096022804 0.0021653440 0.0161356363 0.0053817611 1.425658e-03 8.124807e-03 2.025471e-03 3.456839e-03 3.747153e-03 1.226428e-02
   23    1      1      0    0      1      -1      -1  1000 0.003260635 0.12096378 0.26892888 0.10304077 0.06674351 0.08781333 0.05637021 0.07702903 0.01641965 0.051623106 0.031990559 0.012081909 0.025461959 0.017730037 0.005545187 0.0136235242 0.0092187309 0.0009713722 0.0067648377 2.932112e-03 2.770897e-03 7.668695e-03 6.749435e-04 1.882183e-03 8.490148e-03
   24    1      1      0    0      1      -1      -1  1000 0.018766332 0.06061449 0.16390818 0.21493722 0.09552056 0.05612455 0.08696434 0.03828859 0.07016041 0.030084402 0.042107131 0.020871444 0.005491311 0.023838546 0.008599938 0.0049624642 0.0136052051 0.0084201657 0.0021020882 9.141159e-03 4.267773e-03 1.729532e-03 5.966634e-03 1.820687e-03 1.170685e-02
   25    1      1      0    0      1      -1      -1  1000 0.014147462 0.09055258 0.11450393 0.13267453 0.18486509 0.09881070 0.04205790 0.06180519 0.03458282 0.063671798 0.021412963 0.030000102 0.017807076 0.011579165 0.017508445 0.0168391904 0.0068305446 0.0092786915 0.0072388770 1.840541e-03 2.507596e-03 2.458944e-03 1.377506e-03 3.771823e-03 1.187653e-02
   26    1      1      0    0      1      -1      -1  1000 0.005304098 0.13229690 0.12125777 0.08692517 0.10304153 0.15785508 0.07772371 0.05525975 0.05374429 0.029960638 0.051039425 0.019169857 0.018394517 0.016276610 0.005904503 0.0211862160 0.0097101222 0.0018356461 0.0127013202 1.557364e-03 9.858130e-04 3.486123e-03 5.627782e-04 2.148454e-03 1.167231e-02
   27    1      1      0    0      1      -1      -1  1000 0.008624026 0.08158878 0.18041038 0.10958928 0.06101283 0.12120596 0.12141798 0.06598679 0.03467827 0.032844054 0.029252826 0.043366337 0.012040282 0.019874015 0.023010592 0.0013109371 0.0192285926 0.0067926146 0.0043838418 8.562281e-03 3.104029e-03 1.460982e-04 2.391878e-03 1.087119e-03 8.090209e-03
   28    1      1      0    0      1      -1      -1  1000 0.015323225 0.16152309 0.11866876 0.12413410 0.06924360 0.06064739 0.06892111 0.10458344 0.05655762 0.023231819 0.033766709 0.017741853 0.040821254 0.016500159 0.025265521 0.0085118141 0.0026280797 0.0169716710 0.0048693197 3.853012e-03 6.517520e-03 2.305361e-03 1.627741e-03 4.392726e-03 1.139310e-02
   29    1      1      0    0      1      -1      -1  1000 0.005526549 0.09238792 0.20029056 0.09055508 0.09404607 0.07794900 0.05260019 0.06847798 0.09029141 0.050042723 0.024160444 0.031416658 0.015819334 0.025125029 0.009012821 0.0201603476 0.0120375648 0.0051567280 0.0116715451 3.906457e-03 3.864208e-03 7.042067e-03 4.274995e-04 2.444534e-03 5.587278e-03
   30    1      1      0    0      1      -1      -1  1000 0.018641684 0.05769447 0.11278311 0.19201375 0.08318226 0.08649524 0.06792174 0.04576569 0.06244076 0.081114531 0.029317478 0.026269336 0.027987440 0.017953761 0.024468700 0.0027159511 0.0196560312 0.0119694244 0.0034120142 3.687197e-03 4.869659e-03 1.429159e-03 5.816551e-03 1.168016e-03 1.122605e-02
   31    1      1      0    0      1      -1      -1  1000 0.023446393 0.20441553 0.08903278 0.11196886 0.14096104 0.06363104 0.07198993 0.04949932 0.02721223 0.032393545 0.050417931 0.028815401 0.013176554 0.018473410 0.006471052 0.0127702583 0.0074030090 0.0102253866 0.0053502883 1.187353e-03 4.464285e-03 4.429618e-03 3.785653e-03 3.521988e-03 1.495714e-02
   32    1      1      0    0      1      -1      -1  1000 0.027103170 0.11898217 0.26775077 0.05440199 0.08279707 0.09626526 0.04780400 0.06062874 0.03702780 0.021434529 0.026945112 0.044217579 0.031000943 0.013376190 0.009293793 0.0076193456 0.0142872306 0.0039362007 0.0083150536 9.275191e-03 6.945734e-05 4.214878e-03 1.599305e-03 1.931636e-03 9.722580e-03
   33    1      1      0    0      1      -1      -1  1000 0.023976007 0.26442036 0.14363557 0.17552421 0.05775097 0.05549773 0.05901266 0.02874832 0.03978565 0.018815351 0.011412409 0.022418260 0.026522298 0.014347308 0.005427755 0.0120742987 0.0104586385 0.0118802532 0.0010924780 3.515049e-03 3.616125e-03 9.660184e-04 2.685600e-03 4.904379e-04 5.926247e-03
   34    1      1      0    0      1      -1      -1  1000 0.011096298 0.14939112 0.29410011 0.11847766 0.11433908 0.02570482 0.04469664 0.05900882 0.02314224 0.026407819 0.012591876 0.013304621 0.021330371 0.027105077 0.016055032 0.0056113741 0.0064412862 0.0079852400 0.0036541369 2.501472e-03 4.127039e-03 4.723559e-03 1.399113e-04 6.072479e-04 7.457152e-03
   35    1      1      0    0      1      -1      -1  1000 0.027641602 0.07864458 0.22730151 0.23246011 0.08545557 0.10660724 0.02420297 0.03084611 0.04568840 0.015456474 0.025798801 0.021679146 0.009806895 0.013714882 0.015054823 0.0052837130 0.0060566697 0.0056921201 0.0009550589 4.058276e-03 5.058342e-03 2.184859e-03 2.727558e-03 6.203254e-04 7.003960e-03
   36    1      1      0    0      1      -1      -1  1000 0.013798403 0.20225490 0.10640156 0.15473643 0.18180057 0.06460508 0.09115208 0.02381342 0.02465668 0.031598423 0.018773073 0.013840351 0.014818327 0.005180332 0.010970383 0.0113155985 0.0052345380 0.0033973941 0.0045143933 1.326951e-03 2.617648e-03 1.815952e-03 8.118198e-04 1.074799e-03 9.490910e-03
   37    1      1      0    0      1      -1      -1  1000 0.007697743 0.14163599 0.26201609 0.09548640 0.13789577 0.12866268 0.04741908 0.05330814 0.01000582 0.017447453 0.021284201 0.008515806 0.013091177 0.006249470 0.005185595 0.0090910563 0.0105500215 0.0025881936 0.0030320907 2.501348e-03 2.007981e-03 1.967134e-03 4.524003e-05 4.733002e-03 7.582513e-03
   38    1      1      0    0      1      -1      -1  1000 0.006179211 0.12671894 0.17777833 0.20751524 0.06099969 0.10169696 0.12951641 0.04129592 0.05033538 0.009456744 0.012390116 0.016478841 0.002833370 0.010781074 0.004088775 0.0021368907 0.0086901727 0.0093298968 0.0012377404 2.502271e-03 9.044775e-04 1.258018e-03 5.636105e-03 7.364703e-04 9.502956e-03
   39    1      1      0    0      1      -1      -1  1000 0.019887299 0.07831286 0.17397533 0.15329932 0.17263857 0.04738331 0.08274963 0.09990582 0.03124675 0.037971206 0.005953924 0.015616780 0.016512760 0.005416459 0.012198885 0.0103037234 0.0018667726 0.0105907963 0.0064879726 1.686504e-03 1.585126e-03 4.941353e-03 3.981392e-03 1.315526e-03 4.171933e-03
   40    1      1      0    0      1      -1      -1  1000 0.035190723 0.14405667 0.11474526 0.14556214 0.11337861 0.11910550 0.04566861 0.08309899 0.07938632 0.030265698 0.031565991 0.008382384 0.007735404 0.011152529 0.002703394 0.0056091527 0.0041126414 0.0035132474 0.0011877211 4.936330e-03 1.621820e-03 1.060817e-03 1.776901e-03 4.237054e-04 3.759446e-03
   41    1      1      0    0      1      -1      -1  1000 0.024612533 0.29628608 0.14311700 0.07406849 0.07165072 0.07786051 0.07120885 0.03598004 0.05309459 0.059112496 0.014659704 0.026080208 0.003518793 0.003970300 0.016058763 0.0036898288 0.0019888298 0.0033671634 0.0030964862 1.586732e-03 3.716090e-03 2.036217e-03 1.412511e-03 1.684478e-03 6.142581e-03
   42    1      1      0    0      1      -1      -1  1000 0.017002862 0.11939946 0.33197692 0.10458673 0.05299197 0.08366893 0.05944602 0.06034010 0.03051573 0.033684818 0.037859205 0.009969363 0.019584077 0.002110570 0.010889330 0.0047018371 0.0037476908 0.0024377649 0.0039004404 1.184717e-03 1.640645e-03 4.587203e-03 6.761362e-04 5.878941e-05 3.038690e-03
   43    1      1      0    0      1      -1      -1  1000 0.015939337 0.14360144 0.17175479 0.27123424 0.08498895 0.03111239 0.03803819 0.04619493 0.07090075 0.015994649 0.027247267 0.021391856 0.013529453 0.009418006 0.002874418 0.0055752225 0.0088388053 0.0043462354 0.0009101588 4.885570e-03 1.308063e-03 9.921461e-04 9.081678e-04 1.685238e-03 6.329728e-03
   44    1      1      0    0      1      -1      -1  1000 0.009221518 0.12350410 0.18488378 0.12960609 0.22091767 0.07747324 0.02787092 0.04821068 0.03695977 0.048886027 0.017738384 0.016535928 0.018831901 0.003102260 0.010068682 0.0036695367 0.0015433643 0.0049770737 0.0034775859 1.954171e-03 1.842881e-03 2.136645e-03 9.030967e-04 2.330457e-03 3.354239e-03
   45    1      1      0    0      1      -1      -1  1000 0.016152231 0.08932077 0.17881531 0.15524619 0.10537817 0.15559413 0.04892667 0.03530635 0.03244167 0.042107892 0.030864096 0.016825090 0.024352147 0.017026755 0.010801208 0.0106608294 0.0038615428 0.0012733646 0.0054333452 2.617005e-03 7.688736e-03 2.350511e-04 3.014371e-05 1.632561e-03 7.408728e-03
   46    1      1      0    0      1      -1      -1  1000 0.029224599 0.18543722 0.11896312 0.13681707 0.11392147 0.08557661 0.14387166 0.04022514 0.01826835 0.035256828 0.016092072 0.023611234 0.006995499 0.007572620 0.018648301 0.0048807596 0.0065799076 0.0011128032 0.0003990157 1.821903e-03 1.425778e-03 7.577547e-04 5.113288e-04 5.603544e-05 1.972931e-03
   47    1      1      0    0      1      -1      -1  1000 0.008116476 0.23460929 0.18541423 0.07755988 0.08347261 0.09251589 0.06379098 0.10084962 0.03455512 0.012141216 0.015320372 0.018063953 0.021516676 0.006889433 0.014354239 0.0152533927 0.0051721142 0.0028216325 0.0005105702 7.247863e-04 3.416626e-03 7.591088e-04 9.704340e-05 7.002095e-04 1.374530e-03
   48    1      1      0    0      1      -1      -1  1000 0.031589911 0.10881562 0.29495747 0.14508080 0.07242377 0.07252995 0.05945816 0.04847839 0.07007343 0.027336968 0.012477301 0.009236461 0.011502367 0.010525612 0.004606557 0.0057439183 0.0025079284 0.0013247951 0.0056695020 8.087502e-05 4.932891e-04 9.764311e-04 1.125685e-04 4.034627e-04 3.594467e-03
   49    1      1      0    0      1      -1      -1  1000 0.024132234 0.22551613 0.13211992 0.19822927 0.10537647 0.03470839 0.05736772 0.04717799 0.04082051 0.061516843 0.019503121 0.006264625 0.005194404 0.011781173 0.005774326 0.0036910448 0.0027623633 0.0062210510 0.0059322245 9.685201e-04 1.019753e-03 7.208574e-04 1.183340e-03 5.885152e-04 1.429211e-03
   50    1      1      0    0      1      -1      -1  1000 0.014823531 0.22047506 0.26556406 0.08658380 0.14210266 0.06637668 0.02454604 0.03447455 0.03133349 0.017846555 0.044443657 0.009633734 0.007084857 0.004942618 0.008370460 0.0099798511 0.0010992305 0.0015941283 0.0038685751 2.358381e-03 5.267524e-04 1.352477e-03 1.193407e-04 2.970669e-04 2.024350e-04
   51    1      1      0    0      1      -1      -1  1000 0.011041639 0.10470239 0.26296546 0.20197735 0.06119416 0.12044592 0.04865271 0.02377843 0.03420000 0.027213693 0.022159109 0.030352552 0.008476870 0.004297090 0.006182599 0.0086927380 0.0050725420 0.0020929690 0.0033237589 5.183245e-03 3.395605e-03 2.899135e-04 6.663797e-05 8.229905e-05 4.160321e-03
   52    1      1      0    0      1      -1      -1  1000 0.024244478 0.07899808 0.15751038 0.23936937 0.15205754 0.05214793 0.09560256 0.03818752 0.02112825 0.026065821 0.015381472 0.022968718 0.034705492 0.003466530 0.008115623 0.0059727846 0.0048775046 0.0068352863 0.0019170777 2.478380e-03 2.155928e-03 5.792485e-04 8.978627e-04 7.220550e-05 4.263942e-03
   53    1      1      0    0      1      -1      -1  1000 0.021290975 0.18331354 0.10145856 0.11500504 0.19756674 0.13040113 0.04361528 0.07326168 0.03724438 0.017861837 0.013000485 0.011008073 0.006602428 0.011020649 0.018012519 0.0018260631 0.0012722941 0.0031842014 0.0029483039 7.416893e-04 7.939289e-04 3.781952e-03 4.138726e-04 2.088994e-03 2.285374e-03
   54    1      1      0    0      1      -1      -1  1000 0.030811888 0.20882015 0.20937139 0.09447289 0.07548195 0.11761551 0.07371776 0.03392791 0.05281582 0.019188310 0.006891685 0.011269294 0.012393313 0.009006758 0.009241369 0.0100155102 0.0016193028 0.0012055138 0.0049480059 7.551644e-03 2.751073e-04 1.212970e-03 3.596867e-03 2.283864e-04 4.320694e-03
   55    1      1      0    0      1      -1      -1  1000 0.009544096 0.20672775 0.23659682 0.15034057 0.04961836 0.06166994 0.09372597 0.05745398 0.02223306 0.041338318 0.018722507 0.008641998 0.011989982 0.008576013 0.002268810 0.0077512932 0.0031024215 0.0007210008 0.0004422999 1.443254e-03 4.949258e-03 1.142837e-03 1.082970e-04 7.798628e-04 1.113123e-04
   56    1      1      0    0      1      -1      -1  1000 0.017923468 0.08262705 0.32104445 0.16281144 0.11335596 0.04876003 0.04149041 0.06573863 0.04544700 0.017318845 0.029210705 0.016928071 0.003040364 0.008387174 0.002357984 0.0037527884 0.0093454202 0.0020915184 0.0012657705 2.417258e-03 1.219372e-03 1.057956e-03 1.753977e-04 1.359287e-04 2.097000e-03
   57    1      1      0    0      1      -1      -1  1000 0.026184133 0.13374802 0.11154011 0.24720050 0.14930971 0.09782457 0.03333825 0.02791338 0.05111915 0.035820946 0.022789939 0.024529985 0.010980670 0.002098057 0.006835194 0.0026558912 0.0008320903 0.0073847078 0.0012902002 6.778157e-04 1.769499e-03 8.081943e-04 3.698514e-05 1.939406e-03 1.372601e-03
   58    1      1      0    0      1      -1      -1  1000 0.006491370 0.21689607 0.15594806 0.09496904 0.17849843 0.10099526 0.08040863 0.01894296 0.02915213 0.039274881 0.030477089 0.008387116 0.011829499 0.008338389 0.002743403 0.0041850662 0.0022495522 0.0018462658 0.0025882548 6.241954e-04 1.396737e-03 8.395917e-04 1.200374e-05 4.484792e-04 2.457522e-03
   59    1      1      0    0      1      -1      -1  1000 0.037793564 0.04495869 0.28087549 0.13745094 0.07573113 0.13326480 0.09428249 0.05884523 0.01364169 0.020538026 0.030443574 0.020731021 0.009378744 0.014601469 0.007933932 0.0041189023 0.0043905668 0.0031551193 0.0026134924 2.252703e-03 1.929310e-03 1.008676e-04 7.324090e-05 1.903194e-05 8.759675e-04
   60    1      1      0    0      1      -1      -1  1000 0.015004484 0.28971204 0.04576479 0.20081154 0.09654445 0.03773708 0.10307873 0.05285444 0.03512302 0.015664298 0.019262113 0.029108316 0.016433657 0.007518375 0.007402152 0.0063353891 0.0006220558 0.0081893136 0.0028101502 3.096182e-03 4.797606e-03 6.994353e-04 5.137411e-04 6.525106e-05 8.514010e-04
   61    1      1      0    0      1      -1      -1  1000 0.054317515 0.13504554 0.33972619 0.06101639 0.12221538 0.06763650 0.03231255 0.05999583 0.03965412 0.019637529 0.009976231 0.013121158 0.012159429 0.006127664 0.005563796 0.0109319106 0.0020706829 0.0006536417 0.0050169678 7.777660e-04 4.549975e-05 7.743270e-04 8.559268e-07 4.315090e-06 1.218199e-03
   62    1      1      0    0      1      -1      -1  1000 0.012962192 0.28239680 0.16123295 0.23332088 0.02955853 0.09219449 0.03676436 0.02159085 0.04311009 0.027312777 0.019911210 0.007699989 0.005839598 0.010092454 0.004516954 0.0005305788 0.0035348653 0.0022214636 0.0005451526 2.906868e-04 1.655026e-03 4.918123e-04 4.680868e-04 2.900467e-04 1.468154e-03
   63    1      1      0    0      1      -1      -1  1000 0.034434541 0.10873076 0.29439037 0.12575652 0.17123076 0.02859759 0.07300157 0.03355726 0.01525597 0.044290569 0.019732863 0.008289915 0.009294710 0.005162231 0.005351841 0.0133377914 0.0003938948 0.0022387617 0.0019080929 1.905406e-03 5.998734e-05 4.981454e-04 1.088930e-03 7.378016e-04 7.537193e-04
   64    1      1      0    0      1      -1      -1  1000 0.005363717 0.27212776 0.12393571 0.24641320 0.08599454 0.10863272 0.01676690 0.04553372 0.01868175 0.009666329 0.019594096 0.015280371 0.010226353 0.001196933 0.003859318 0.0071893136 0.0040414378 0.0018342876 0.0006159759 1.792215e-03 4.488814e-04 2.366099e-04 8.422719e-05 3.894607e-04 9.417282e-05
   65    1      1      0    0      1      -1      -1  1000 0.013291885 0.07541955 0.32701222 0.12279668 0.20465122 0.05349591 0.08189543 0.01297003 0.02620327 0.017421322 0.008619295 0.016448171 0.006925025 0.005008889 0.001389363 0.0047577144 0.0079706912 0.0075066264 0.0012354207 2.359162e-03 4.096504e-04 5.799213e-04 5.241191e-04 5.278443e-04 5.805855e-04
   66    1      1      0    0      1      -1      -1  1000 0.013918773 0.17330195 0.10269273 0.27305393 0.07781390 0.15417132 0.03734386 0.06099373 0.01476478 0.035138657 0.014332411 0.008148547 0.011718006 0.006076344 0.004066415 0.0036127184 0.0014138616 0.0032745851 0.0016234795 1.193172e-03 7.867235e-04 1.089391e-04 1.002328e-04 1.027749e-04 2.481493e-04
   67    1      1      0    0      1      -1      -1  1000 0.014551503 0.11390258 0.19338270 0.09864818 0.20263959 0.08072645 0.11632844 0.04298123 0.04874819 0.006956112 0.027407731 0.012400078 0.006726528 0.008052327 0.006011630 0.0046287422 0.0013176708 0.0060783392 0.0024490215 5.797378e-04 4.027876e-04 1.295821e-03 2.893170e-03 3.541171e-09 8.914467e-04
   68    1      1      0    0      1      -1      -1  1000 0.006302347 0.16751022 0.14241795 0.17138707 0.07376617 0.17207504 0.04855903 0.07910542 0.02460929 0.041352637 0.003167727 0.011058596 0.010250959 0.004983587 0.013940143 0.0101053818 0.0034767670 0.0015922554 0.0005846429 3.458440e-03 3.327118e-03 1.424142e-04 3.426900e-03 2.043577e-03 1.356315e-03
   69    1      1      0    0      1      -1      -1  1000 0.012878426 0.08330776 0.23633320 0.10626608 0.13512210 0.06669671 0.14045074 0.05144789 0.05588448 0.020260959 0.030714720 0.002929816 0.011188392 0.006214906 0.004651681 0.0068650541 0.0140927634 0.0055864097 0.0006505373 2.120545e-03 2.018631e-03 2.151081e-03 1.228749e-03 4.964591e-04 4.418925e-04
   70    1      1      0    0      1      -1      -1  1000 0.040332004 0.17513109 0.10852889 0.16509781 0.09252483 0.10107665 0.04660747 0.10697274 0.03628061 0.053753446 0.014789464 0.022650268 0.003251519 0.012181472 0.002303514 0.0008066684 0.0030481828 0.0046580940 0.0063389866 4.550346e-04 1.032542e-03 4.297708e-04 2.330017e-04 6.395131e-05 1.451995e-03
   71    1      1      0    0      1      -1      -1  1000 0.013753736 0.23125023 0.20839485 0.07302361 0.12796151 0.06236365 0.08520055 0.02052434 0.07273648 0.020337102 0.035660427 0.011280877 0.012150171 0.002400890 0.005969762 0.0050977659 0.0004276553 0.0042158135 0.0009125795 2.130982e-03 5.956034e-04 1.473447e-03 3.419771e-04 3.229995e-04 1.472999e-03
   72    1      1      0    0      1      -1      -1  1000 0.011241588 0.08536637 0.32685103 0.15690919 0.05694112 0.08603987 0.04148710 0.06320745 0.02939356 0.047666390 0.009629151 0.031136207 0.004563291 0.023326390 0.003634891 0.0054145029 0.0054742400 0.0003476729 0.0026653113 5.178868e-04 1.050968e-03 1.622399e-03 1.679617e-03 7.702158e-04 3.063580e-03
   73    1      1      0    0      1      -1      -1  1000 0.011657639 0.13202923 0.10106858 0.30220645 0.11340846 0.04856918 0.07559524 0.03484185 0.05046381 0.021796124 0.026362044 0.014922147 0.027779796 0.008955319 0.013606926 0.0013621106 0.0046176375 0.0022816006 0.0017906875 2.727583e-03 1.042105e-03 6.667123e-04 1.918682e-04 1.725251e-03 3.316637e-04
   74    1      1      0    0      1      -1      -1  1000 0.017027919 0.07011318 0.18614760 0.11076996 0.22511834 0.12626797 0.03878508 0.05542208 0.02888103 0.037392442 0.013214202 0.032422670 0.012311271 0.014474577 0.010835440 0.0097998684 0.0014111808 0.0019953571 0.0023963665 6.012050e-04 7.147582e-04 3.063151e-04 1.050771e-03 5.692149e-06 2.534740e-03
   75    1      1      0    0      1      -1      -1  1000 0.023103822 0.15934770 0.07690718 0.13997686 0.09600679 0.18694946 0.08047971 0.03538638 0.05514387 0.026415576 0.028263186 0.009887301 0.030667772 0.009197991 0.018280611 0.0020218280 0.0106547778 0.0017052323 0.0017995080 1.472953e-03 1.897998e-03 6.073920e-04 1.487833e-03 3.423195e-04 1.995941e-03
   76    1      1      0    0      1      -1      -1  1000 0.008894198 0.21196159 0.17991648 0.07992737 0.11093627 0.04194462 0.13279332 0.06181253 0.02134580 0.045514630 0.026785300 0.023437722 0.004976158 0.017400740 0.003830372 0.0145550037 0.0023874865 0.0039242396 0.0010848375 1.010956e-03 1.086375e-03 2.637363e-03 6.508482e-04 1.421163e-04 1.043678e-03
   77    1      1      0    0      1      -1      -1  1000 0.006583816 0.08038919 0.25474520 0.15626344 0.05406746 0.09524811 0.04869853 0.12767182 0.03663591 0.016686701 0.036157428 0.012907151 0.019996943 0.009532914 0.012188392 0.0066468888 0.0105390465 0.0050854883 0.0026371537 2.146140e-04 2.571342e-03 8.707393e-04 7.387648e-04 1.166289e-03 1.756676e-03
   78    1      1      0    0      1      -1      -1  1000 0.007423393 0.09863520 0.12382964 0.20183718 0.12554459 0.05263824 0.07879155 0.04873539 0.09872087 0.046441056 0.007636492 0.040003242 0.014687662 0.010410702 0.003065103 0.0199404227 0.0025073772 0.0066253395 0.0016308279 3.681126e-03 4.405458e-04 4.437274e-04 3.891095e-04 1.923858e-04 5.748833e-03
   79    1      1      0    0      1      -1      -1  1000 0.009034384 0.09803931 0.15877297 0.10267261 0.17460283 0.10410981 0.04089080 0.07203207 0.03828347 0.075688772 0.029199738 0.014937320 0.023384127 0.007556452 0.019752921 0.0052137346 0.0080146648 0.0039362866 0.0034277836 1.938608e-03 2.115208e-03 9.819909e-07 8.092045e-04 4.415677e-04 5.144374e-03
   80    1      1      0    0      1      -1      -1  1000 0.014741563 0.15482430 0.12049834 0.12703878 0.07560536 0.13975117 0.09464746 0.01957459 0.04707389 0.030887329 0.063586877 0.031679228 0.012675802 0.011034100 0.009875370 0.0120360623 0.0053959033 0.0081721282 0.0047807668 7.292413e-03 1.719705e-04 2.772840e-03 2.905233e-04 1.639457e-03 3.953780e-03
   81    1      1      0    0      1      -1      -1  1000 0.022932149 0.11988624 0.20401316 0.10429310 0.10407535 0.06538964 0.10061495 0.07406761 0.02611507 0.032234167 0.022691490 0.047519832 0.023029609 0.008682739 0.010336770 0.0033058204 0.0106418216 0.0009168228 0.0059300403 5.781806e-03 3.230952e-03 1.069938e-03 1.533050e-03 7.320585e-07 1.707128e-03
   82    1      1      0    0      1      -1      -1  1000 0.012214993 0.21041879 0.14038951 0.14607371 0.07723514 0.07038124 0.03659835 0.07826308 0.05420719 0.026807783 0.028089999 0.013623843 0.036479634 0.022911540 0.003781995 0.0102698113 0.0036127479 0.0101166798 0.0035174871 5.271706e-03 2.600078e-03 2.742973e-03 1.358911e-04 2.230216e-03 2.025602e-03
   83    1      1      0    0      1      -1      -1  1000 0.024535107 0.12442128 0.25274357 0.11725343 0.09455328 0.05304805 0.05586910 0.03129960 0.07113818 0.043215347 0.024201284 0.026836215 0.008138931 0.030463618 0.008758971 0.0024178263 0.0051516759 0.0097923467 0.0034217564 1.735766e-03 5.158688e-03 1.322470e-03 2.584860e-03 1.536296e-03 4.023457e-04
   84    1      1      0    0      1      -1      -1  1000 0.009195452 0.19534513 0.17095695 0.18951872 0.08255478 0.07905238 0.03960398 0.03755007 0.02706655 0.041571216 0.032333593 0.007690059 0.019482150 0.007963199 0.016632422 0.0109556230 0.0049600316 0.0059028641 0.0045322244 6.201360e-03 1.564128e-03 2.905256e-03 2.851227e-03 1.932081e-03 1.678560e-03
   85    1      1      0    0      1      -1      -1  1000 0.029787811 0.11350941 0.26406854 0.12498841 0.13579649 0.05564324 0.07083837 0.02648282 0.02365581 0.015688744 0.040729598 0.023654461 0.008353894 0.011788281 0.006524020 0.0140165288 0.0090488158 0.0024560922 0.0082211672 5.003051e-03 1.231679e-03 6.607538e-04 2.055657e-03 2.786235e-03 3.010126e-03
   86    1      1      0    0      1      -1      -1  1000 0.016322075 0.22297239 0.16665117 0.19016006 0.07199784 0.10880460 0.04871446 0.04315888 0.01390239 0.017891822 0.013733636 0.022028038 0.020500896 0.004641494 0.003923875 0.0064340291 0.0094386915 0.0023579792 0.0012958804 4.871436e-03 1.323237e-04 1.746009e-03 4.519643e-05 5.627287e-03 2.647532e-03
   87    1      1      0    0      1      -1      -1  1000 0.025623739 0.11934824 0.32129391 0.08288747 0.12172533 0.07534679 0.07944563 0.03151590 0.02922683 0.016501145 0.012823665 0.013929785 0.015314008 0.012719778 0.006997341 0.0034431131 0.0038922333 0.0115621166 0.0048832796 1.412485e-04 3.447090e-03 1.279608e-03 7.628545e-04 2.910898e-04 5.597810e-03
   88    1      1      0    0      1      -1      -1  1000 0.011301406 0.24485207 0.15203744 0.23719822 0.06189577 0.09292665 0.03947506 0.04860226 0.01651236 0.020212395 0.008007306 0.013744890 0.006396637 0.018159807 0.004911517 0.0007989694 0.0064506573 0.0017818204 0.0067712897 2.434276e-03 6.961432e-04 3.764543e-03 4.296802e-05 1.516323e-04 8.739040e-04
   89    1      1      0    0      1      -1      -1  1000 0.010115143 0.13600250 0.28053618 0.11485092 0.15403464 0.04045592 0.07216690 0.04659926 0.04679723 0.026711513 0.020476023 0.006796640 0.004853014 0.007515564 0.010039698 0.0059787988 0.0021164712 0.0017053444 0.0006292702 4.383831e-03 1.726363e-03 8.653406e-04 5.550840e-04 6.057144e-04 3.482634e-03
   90    1      1      0    0      1      -1      -1  1000 0.015468277 0.08559986 0.18830059 0.25347779 0.09133175 0.14140016 0.03013187 0.06206801 0.02263936 0.028689304 0.020396162 0.013120345 0.007376873 0.007687585 0.002946745 0.0071263097 0.0031426109 0.0032095714 0.0033916838 1.389323e-03 5.276974e-03 5.974681e-05 1.222895e-03 1.430356e-03 3.115853e-03
   91    1      1      0    0      1      -1      -1  1000 0.011932218 0.10914778 0.11908760 0.14155417 0.20479068 0.07988459 0.11869138 0.03616656 0.05570348 0.025630310 0.028474331 0.013834081 0.015424533 0.004761633 0.005860832 0.0019361747 0.0059410420 0.0041929378 0.0013590641 2.555121e-03 1.371292e-03 4.716182e-03 1.854279e-03 6.733665e-04 4.456356e-03
   92    1      1      0    0      1      -1      -1  1000 0.014359791 0.08162185 0.14735466 0.09565035 0.11248821 0.18670456 0.05666471 0.09042811 0.03927973 0.050961659 0.020193617 0.034194589 0.009429653 0.013155581 0.004127677 0.0089059532 0.0067819914 0.0092178165 0.0043362812 4.305167e-04 4.410387e-03 7.502571e-04 2.747243e-03 1.790094e-03 4.014718e-03
   93    1      1      0    0      1      -1      -1  1000 0.029830964 0.19972485 0.08670891 0.12592073 0.06520839 0.09881198 0.13998436 0.04405504 0.06503289 0.025060865 0.033652584 0.009624373 0.031922958 0.005065869 0.010428844 0.0052721875 0.0051493627 0.0030038276 0.0033421461 2.662116e-03 6.378583e-04 5.511170e-04 1.403496e-03 2.173243e-03 4.771038e-03
   94    1      1      0    0      1      -1      -1  1000 0.033406558 0.21512192 0.21994475 0.06163985 0.09034444 0.05936661 0.06598612 0.09291313 0.03043494 0.037690787 0.017877514 0.015662943 0.014688386 0.018791282 0.006351383 0.0037064847 0.0025243103 0.0022168998 0.0009971554 2.682677e-03 1.275579e-03 8.183068e-05 1.437619e-03 8.639088e-04 3.992934e-03
   95    1      1      0    0      1      -1      -1  1000 0.012585911 0.19599469 0.25616350 0.13612483 0.03758459 0.06813347 0.02776125 0.04296574 0.08213944 0.021485183 0.030409330 0.016654383 0.020839101 0.010250842 0.015703418 0.0012902140 0.0040898984 0.0017994875 0.0044208019 1.399430e-03 1.835075e-03 2.238777e-03 5.305320e-04 7.482493e-04 6.851868e-03
   96    1      1      0    0      1      -1      -1  1000 0.024913303 0.13459106 0.23369954 0.18644780 0.10044704 0.03615327 0.05265867 0.02785022 0.04272619 0.039035678 0.013945601 0.032351850 0.010136197 0.016531891 0.008045253 0.0085997841 0.0036026338 0.0047082265 0.0023723675 4.690748e-03 1.731203e-03 7.656414e-03 8.254209e-04 2.323370e-03 3.956257e-03
   97    1      1      0    0      1      -1      -1  1000 0.010712304 0.17028938 0.16427395 0.14152039 0.15999611 0.09941949 0.03594158 0.04089726 0.01949645 0.027816741 0.039926025 0.022348672 0.015579652 0.012024127 0.012858465 0.0034532687 0.0071679800 0.0058180974 0.0007055200 1.326347e-05 1.217090e-04 2.020462e-03 1.154658e-03 3.473390e-04 6.097102e-03
   98    1      1      0    0      1      -1      -1  1000 0.012716223 0.16128214 0.25229454 0.10437108 0.12259453 0.12136432 0.06755334 0.01747649 0.02732005 0.018254695 0.014023673 0.025600247 0.006535594 0.018799577 0.007197273 0.0063188659 0.0023799037 0.0055705383 0.0007396925 2.966814e-04 3.906279e-03 4.738486e-04 5.456828e-04 1.710317e-04 2.213703e-03
   99    1      1      0    0      1      -1      -1  1000 0.020755439 0.13202017 0.20587627 0.19935318 0.08155459 0.10277075 0.07402393 0.04390294 0.01243155 0.027181913 0.012926228 0.024326154 0.025097939 0.007403786 0.008319324 0.0052262495 0.0043043602 0.0025704590 0.0030767544 1.910640e-04 9.551462e-04 8.421666e-04 8.529357e-04 3.399042e-04 3.696797e-03
  100    1      1      0    0      1      -1      -1  1000 0.023458399 0.11751966 0.16782478 0.15526769 0.14780098 0.07136635 0.08991089 0.07054781 0.03563713 0.014935511 0.015605307 0.012794525 0.018091861 0.018938495 0.005362042 0.0162931813 0.0022817255 0.0066656996 0.0037755014 1.377832e-03 9.755247e-04 6.019466e-04 1.252435e-04 1.688293e-04 2.673082e-03
    2    1      2      0    0      1      -1      -1  1000 0.052000000 0.14800000 0.15200000 0.13800000 0.08900000 0.07800000 0.06500000 0.04900000 0.03900000 0.037000000 0.028000000 0.021000000 0.018000000 0.012000000 0.013000000 0.0070000000 0.0110000000 0.0110000000 0.0030000000 3.000000e-03 6.000000e-03 2.000000e-03 2.000000e-03 5.000000e-03 1.100000e-02
    3    1      2      0    0      1      -1      -1  1000 0.028000000 0.27100000 0.13600000 0.11100000 0.07600000 0.07900000 0.05400000 0.04600000 0.03400000 0.030000000 0.029000000 0.019000000 0.022000000 0.009000000 0.011000000 0.0070000000 0.0070000000 0.0040000000 0.0040000000 6.000000e-03 2.000000e-03 0.000000e+00 2.000000e-03 3.000000e-03 1.000000e-02
    4    1      2      0    0      1      -1      -1  1000 0.021000000 0.09800000 0.28700000 0.11200000 0.08400000 0.07200000 0.05900000 0.05400000 0.04000000 0.043000000 0.026000000 0.018000000 0.014000000 0.012000000 0.013000000 0.0070000000 0.0130000000 0.0050000000 0.0040000000 2.000000e-03 2.000000e-03 4.000000e-03 1.000000e-03 3.000000e-03 6.000000e-03
    5    1      2      0    0      1      -1      -1  1000 0.035000000 0.09900000 0.10600000 0.24800000 0.08800000 0.07700000 0.07100000 0.05200000 0.03000000 0.043000000 0.034000000 0.021000000 0.017000000 0.014000000 0.009000000 0.0110000000 0.0040000000 0.0090000000 0.0040000000 5.000000e-03 7.000000e-03 3.000000e-03 1.000000e-03 2.000000e-03 1.000000e-02
    6    1      2      0    0      1      -1      -1  1000 0.010000000 0.17200000 0.11100000 0.08600000 0.21400000 0.06300000 0.06300000 0.05800000 0.04400000 0.033000000 0.032000000 0.015000000 0.009000000 0.017000000 0.011000000 0.0130000000 0.0150000000 0.0010000000 0.0070000000 5.000000e-03 2.000000e-03 1.000000e-03 4.000000e-03 3.000000e-03 1.100000e-02
    7    1      2      0    0      1      -1      -1  1000 0.027000000 0.04500000 0.18500000 0.09500000 0.07700000 0.16400000 0.08700000 0.04900000 0.05000000 0.042000000 0.033000000 0.024000000 0.024000000 0.012000000 0.019000000 0.0120000000 0.0110000000 0.0140000000 0.0040000000 2.000000e-03 5.000000e-03 1.000000e-03 3.000000e-03 4.000000e-03 1.100000e-02
    8    1      2      0    0      1      -1      -1  1000 0.057000000 0.14400000 0.05000000 0.15100000 0.07400000 0.05000000 0.15400000 0.06000000 0.04600000 0.037000000 0.036000000 0.029000000 0.028000000 0.013000000 0.011000000 0.0110000000 0.0070000000 0.0130000000 0.0050000000 0.000000e+00 3.000000e-03 7.000000e-03 4.000000e-03 2.000000e-03 8.000000e-03
    9    1      2      0    0      1      -1      -1  1000 0.023000000 0.24900000 0.09900000 0.03900000 0.10800000 0.06400000 0.04700000 0.13300000 0.03300000 0.037000000 0.030000000 0.035000000 0.017000000 0.014000000 0.021000000 0.0100000000 0.0070000000 0.0100000000 0.0040000000 3.000000e-03 2.000000e-03 5.000000e-03 0.000000e+00 3.000000e-03 7.000000e-03
   10    1      2      0    0      1      -1      -1  1000 0.024000000 0.13800000 0.22300000 0.10400000 0.03500000 0.10600000 0.04900000 0.04100000 0.09200000 0.036000000 0.029000000 0.018000000 0.017000000 0.015000000 0.009000000 0.0120000000 0.0100000000 0.0100000000 0.0040000000 3.000000e-03 4.000000e-03 3.000000e-03 3.000000e-03 3.000000e-03 1.200000e-02
   11    1      2      0    0      1      -1      -1  1000 0.050000000 0.12600000 0.10400000 0.18600000 0.08200000 0.03800000 0.09100000 0.03700000 0.03300000 0.080000000 0.030000000 0.026000000 0.015000000 0.013000000 0.018000000 0.0180000000 0.0130000000 0.0110000000 0.0080000000 2.000000e-03 5.000000e-03 4.000000e-03 3.000000e-03 2.000000e-03 5.000000e-03
   12    1      2      0    0      1      -1      -1  1000 0.011000000 0.22000000 0.11300000 0.06800000 0.15100000 0.07300000 0.03000000 0.05700000 0.03300000 0.032000000 0.078000000 0.025000000 0.019000000 0.011000000 0.016000000 0.0110000000 0.0140000000 0.0080000000 0.0040000000 6.000000e-03 3.000000e-03 3.000000e-03 2.000000e-03 4.000000e-03 8.000000e-03
   13    1      2      0    0      1      -1      -1  1000 0.037000000 0.05000000 0.20000000 0.11400000 0.08000000 0.12900000 0.07200000 0.02600000 0.06500000 0.033000000 0.021000000 0.059000000 0.025000000 0.013000000 0.017000000 0.0080000000 0.0080000000 0.0060000000 0.0100000000 6.000000e-03 3.000000e-03 2.000000e-03 6.000000e-03 0.000000e+00 1.000000e-02
   14    1      2      0    0      1      -1      -1  1000 0.048000000 0.19800000 0.04700000 0.16800000 0.09500000 0.06100000 0.09700000 0.04900000 0.00800000 0.033000000 0.025000000 0.022000000 0.058000000 0.018000000 0.018000000 0.0180000000 0.0090000000 0.0020000000 0.0060000000 4.000000e-03 3.000000e-03 2.000000e-03 1.000000e-03 3.000000e-03 7.000000e-03
   15    1      2      0    0      1      -1      -1  1000 0.019000000 0.20200000 0.17300000 0.04600000 0.12100000 0.08300000 0.04200000 0.07400000 0.04400000 0.016000000 0.044000000 0.015000000 0.012000000 0.042000000 0.011000000 0.0090000000 0.0080000000 0.0030000000 0.0060000000 5.000000e-03 3.000000e-03 3.000000e-03 4.000000e-03 2.000000e-03 1.300000e-02
   16    1      2      0    0      1      -1      -1  1000 0.055000000 0.10300000 0.20300000 0.15500000 0.02100000 0.09800000 0.05500000 0.04900000 0.07300000 0.023000000 0.007000000 0.027000000 0.014000000 0.010000000 0.045000000 0.0150000000 0.0090000000 0.0090000000 0.0070000000 6.000000e-03 4.000000e-03 3.000000e-03 1.000000e-03 3.000000e-03 5.000000e-03
   17    1      2      0    0      1      -1      -1  1000 0.028000000 0.26300000 0.09000000 0.14400000 0.11500000 0.02200000 0.07300000 0.03800000 0.03800000 0.046000000 0.019000000 0.007000000 0.023000000 0.014000000 0.009000000 0.0230000000 0.0090000000 0.0090000000 0.0040000000 3.000000e-03 3.000000e-03 5.000000e-03 1.000000e-03 3.000000e-03 1.100000e-02
   18    1      2      0    0      1      -1      -1  1000 0.026000000 0.10000000 0.24500000 0.08200000 0.12300000 0.09200000 0.02300000 0.07300000 0.03600000 0.036000000 0.034000000 0.016000000 0.007000000 0.019000000 0.011000000 0.0050000000 0.0230000000 0.0040000000 0.0070000000 7.000000e-03 6.000000e-03 5.000000e-03 8.000000e-03 1.000000e-03 1.100000e-02
   19    1      2      0    0      1      -1      -1  1000 0.022000000 0.16500000 0.10800000 0.16700000 0.08200000 0.11400000 0.06200000 0.02000000 0.05000000 0.026000000 0.022000000 0.042000000 0.029000000 0.006000000 0.016000000 0.0080000000 0.0060000000 0.0140000000 0.0100000000 5.000000e-03 2.000000e-03 5.000000e-03 4.000000e-03 6.000000e-03 9.000000e-03
   20    1      2      0    0      1      -1      -1  1000 0.033000000 0.11800000 0.15600000 0.09100000 0.15200000 0.05900000 0.08300000 0.07400000 0.02300000 0.047000000 0.026000000 0.017000000 0.028000000 0.015000000 0.006000000 0.0130000000 0.0080000000 0.0110000000 0.0140000000 1.000000e-03 3.000000e-03 4.000000e-03 4.000000e-03 1.000000e-03 1.300000e-02
   21    1      2      0    0      1      -1      -1  1000 0.054000000 0.15500000 0.10100000 0.14000000 0.07700000 0.12400000 0.05100000 0.06100000 0.06000000 0.012000000 0.037000000 0.019000000 0.011000000 0.027000000 0.015000000 0.0040000000 0.0170000000 0.0040000000 0.0030000000 1.000000e-02 3.000000e-03 3.000000e-03 0.000000e+00 4.000000e-03 8.000000e-03
   22    1      2      0    0      1      -1      -1  1000 0.033000000 0.24900000 0.15800000 0.07900000 0.10300000 0.03500000 0.09600000 0.03700000 0.04300000 0.038000000 0.009000000 0.026000000 0.011000000 0.007000000 0.021000000 0.0110000000 0.0030000000 0.0120000000 0.0050000000 0.000000e+00 7.000000e-03 5.000000e-03 5.000000e-03 1.000000e-03 6.000000e-03
   23    1      2      0    0      1      -1      -1  1000 0.013000000 0.14200000 0.24600000 0.11700000 0.06400000 0.08000000 0.04500000 0.06400000 0.03300000 0.057000000 0.036000000 0.008000000 0.023000000 0.011000000 0.002000000 0.0160000000 0.0070000000 0.0010000000 0.0070000000 3.000000e-03 4.000000e-03 8.000000e-03 5.000000e-03 2.000000e-03 6.000000e-03
   24    1      2      0    0      1      -1      -1  1000 0.024000000 0.09900000 0.13700000 0.20500000 0.11300000 0.05100000 0.06800000 0.04600000 0.07100000 0.023000000 0.035000000 0.032000000 0.007000000 0.018000000 0.009000000 0.0060000000 0.0130000000 0.0100000000 0.0040000000 6.000000e-03 1.000000e-03 6.000000e-03 5.000000e-03 1.000000e-03 1.000000e-02
   25    1      2      0    0      1      -1      -1  1000 0.042000000 0.12200000 0.09700000 0.11000000 0.18900000 0.07600000 0.04500000 0.07100000 0.03600000 0.057000000 0.017000000 0.037000000 0.026000000 0.005000000 0.022000000 0.0130000000 0.0060000000 0.0060000000 0.0030000000 2.000000e-03 1.000000e-03 2.000000e-03 2.000000e-03 4.000000e-03 9.000000e-03
   26    1      2      0    0      1      -1      -1  1000 0.018000000 0.14600000 0.11400000 0.09000000 0.10900000 0.14500000 0.08100000 0.04200000 0.05100000 0.034000000 0.043000000 0.020000000 0.029000000 0.018000000 0.007000000 0.0090000000 0.0080000000 0.0030000000 0.0090000000 2.000000e-03 5.000000e-03 3.000000e-03 0.000000e+00 3.000000e-03 1.100000e-02
   27    1      2      0    0      1      -1      -1  1000 0.039000000 0.11600000 0.16400000 0.09400000 0.07000000 0.08300000 0.11400000 0.06200000 0.03100000 0.050000000 0.027000000 0.044000000 0.017000000 0.020000000 0.019000000 0.0020000000 0.0090000000 0.0090000000 0.0070000000 1.100000e-02 2.000000e-03 1.000000e-03 1.000000e-03 0.000000e+00 8.000000e-03
   28    1      2      0    0      1      -1      -1  1000 0.014000000 0.18700000 0.10700000 0.12300000 0.09400000 0.05900000 0.07000000 0.09500000 0.06100000 0.024000000 0.025000000 0.013000000 0.032000000 0.015000000 0.024000000 0.0120000000 0.0000000000 0.0100000000 0.0030000000 3.000000e-03 1.100000e-02 3.000000e-03 1.000000e-03 2.000000e-03 1.200000e-02
   29    1      2      0    0      1      -1      -1  1000 0.016000000 0.13500000 0.19500000 0.09200000 0.09700000 0.05400000 0.04600000 0.05500000 0.08600000 0.049000000 0.027000000 0.023000000 0.016000000 0.033000000 0.011000000 0.0170000000 0.0130000000 0.0020000000 0.0080000000 4.000000e-03 2.000000e-03 4.000000e-03 3.000000e-03 0.000000e+00 1.200000e-02
   30    1      2      0    0      1      -1      -1  1000 0.059000000 0.09600000 0.11000000 0.16900000 0.06800000 0.09800000 0.06100000 0.04400000 0.04700000 0.072000000 0.034000000 0.011000000 0.022000000 0.009000000 0.030000000 0.0060000000 0.0150000000 0.0120000000 0.0010000000 1.300000e-02 3.000000e-03 2.000000e-03 3.000000e-03 3.000000e-03 1.200000e-02
   31    1      2      0    0      1      -1      -1  1000 0.039000000 0.25900000 0.07700000 0.08800000 0.13700000 0.05300000 0.05200000 0.04000000 0.03300000 0.040000000 0.050000000 0.030000000 0.018000000 0.017000000 0.006000000 0.0250000000 0.0060000000 0.0060000000 0.0060000000 0.000000e+00 5.000000e-03 6.000000e-03 0.000000e+00 3.000000e-03 4.000000e-03
   32    1      2      0    0      1      -1      -1  1000 0.083000000 0.14900000 0.21300000 0.05000000 0.07200000 0.09900000 0.05100000 0.05400000 0.02700000 0.022000000 0.027000000 0.036000000 0.027000000 0.014000000 0.022000000 0.0040000000 0.0100000000 0.0050000000 0.0050000000 6.000000e-03 1.000000e-03 7.000000e-03 2.000000e-03 1.000000e-03 1.300000e-02
   33    1      2      0    0      1      -1      -1  1000 0.053000000 0.28800000 0.14000000 0.14900000 0.02700000 0.04500000 0.07600000 0.03000000 0.02600000 0.028000000 0.013000000 0.021000000 0.036000000 0.011000000 0.003000000 0.0140000000 0.0050000000 0.0050000000 0.0050000000 4.000000e-03 5.000000e-03 3.000000e-03 3.000000e-03 4.000000e-03 6.000000e-03
   34    1      2      0    0      1      -1      -1  1000 0.017000000 0.21400000 0.27900000 0.10600000 0.11400000 0.02300000 0.03900000 0.05000000 0.01300000 0.017000000 0.021000000 0.007000000 0.015000000 0.029000000 0.017000000 0.0050000000 0.0090000000 0.0030000000 0.0050000000 0.000000e+00 3.000000e-03 4.000000e-03 0.000000e+00 1.000000e-03 9.000000e-03
   35    1      2      0    0      1      -1      -1  1000 0.046000000 0.10200000 0.19300000 0.21900000 0.08800000 0.11000000 0.02100000 0.03700000 0.03700000 0.019000000 0.023000000 0.014000000 0.012000000 0.011000000 0.021000000 0.0050000000 0.0040000000 0.0090000000 0.0020000000 4.000000e-03 2.000000e-03 2.000000e-03 4.000000e-03 1.000000e-03 1.400000e-02
   36    1      2      0    0      1      -1      -1  1000 0.033000000 0.24300000 0.09500000 0.15900000 0.18900000 0.04300000 0.07300000 0.02100000 0.01900000 0.031000000 0.011000000 0.013000000 0.014000000 0.002000000 0.010000000 0.0090000000 0.0090000000 0.0060000000 0.0030000000 3.000000e-03 1.000000e-03 2.000000e-03 2.000000e-03 2.000000e-03 7.000000e-03
   37    1      2      0    0      1      -1      -1  1000 0.026000000 0.15100000 0.23200000 0.07100000 0.14700000 0.12200000 0.04600000 0.06300000 0.01100000 0.014000000 0.028000000 0.015000000 0.015000000 0.007000000 0.008000000 0.0090000000 0.0110000000 0.0070000000 0.0040000000 2.000000e-03 2.000000e-03 3.000000e-03 0.000000e+00 2.000000e-03 4.000000e-03
   38    1      2      0    0      1      -1      -1  1000 0.020000000 0.17300000 0.15500000 0.18400000 0.06900000 0.08800000 0.11600000 0.03000000 0.05000000 0.017000000 0.005000000 0.028000000 0.012000000 0.015000000 0.006000000 0.0020000000 0.0030000000 0.0080000000 0.0020000000 1.000000e-03 4.000000e-03 4.000000e-03 3.000000e-03 0.000000e+00 5.000000e-03
   39    1      2      0    0      1      -1      -1  1000 0.037000000 0.10200000 0.16600000 0.14500000 0.13400000 0.06700000 0.08400000 0.09600000 0.03500000 0.041000000 0.015000000 0.012000000 0.014000000 0.005000000 0.011000000 0.0030000000 0.0050000000 0.0070000000 0.0070000000 4.000000e-03 2.000000e-03 1.000000e-03 0.000000e+00 1.000000e-03 6.000000e-03
   40    1      2      0    0      1      -1      -1  1000 0.092000000 0.17200000 0.10300000 0.10300000 0.10400000 0.10800000 0.04300000 0.06400000 0.07800000 0.030000000 0.028000000 0.008000000 0.011000000 0.011000000 0.005000000 0.0080000000 0.0010000000 0.0040000000 0.0020000000 5.000000e-03 3.000000e-03 5.000000e-03 3.000000e-03 0.000000e+00 9.000000e-03
   41    1      2      0    0      1      -1      -1  1000 0.030000000 0.37000000 0.14800000 0.06400000 0.06300000 0.06100000 0.07100000 0.01900000 0.04100000 0.037000000 0.025000000 0.019000000 0.006000000 0.010000000 0.010000000 0.0030000000 0.0060000000 0.0020000000 0.0020000000 1.000000e-03 4.000000e-03 4.000000e-03 1.000000e-03 1.000000e-03 2.000000e-03
   42    1      2      0    0      1      -1      -1  1000 0.032000000 0.15200000 0.31700000 0.11200000 0.05900000 0.06200000 0.04700000 0.05700000 0.01800000 0.044000000 0.038000000 0.009000000 0.019000000 0.002000000 0.004000000 0.0040000000 0.0030000000 0.0060000000 0.0020000000 2.000000e-03 1.000000e-03 2.000000e-03 3.000000e-03 0.000000e+00 5.000000e-03
   43    1      2      0    0      1      -1      -1  1000 0.034000000 0.17400000 0.16000000 0.24500000 0.09600000 0.02800000 0.05700000 0.05100000 0.04200000 0.011000000 0.025000000 0.022000000 0.010000000 0.014000000 0.003000000 0.0040000000 0.0030000000 0.0040000000 0.0010000000 5.000000e-03 1.000000e-03 2.000000e-03 3.000000e-03 1.000000e-03 4.000000e-03
   44    1      2      0    0      1      -1      -1  1000 0.026000000 0.16500000 0.15400000 0.11300000 0.21400000 0.07600000 0.03500000 0.03300000 0.03700000 0.042000000 0.013000000 0.022000000 0.028000000 0.011000000 0.012000000 0.0020000000 0.0010000000 0.0050000000 0.0030000000 3.000000e-03 1.000000e-03 0.000000e+00 0.000000e+00 1.000000e-03 3.000000e-03
   45    1      2      0    0      1      -1      -1  1000 0.051000000 0.09300000 0.16400000 0.17400000 0.09600000 0.17700000 0.06000000 0.02100000 0.02600000 0.040000000 0.028000000 0.017000000 0.009000000 0.015000000 0.008000000 0.0050000000 0.0010000000 0.0010000000 0.0070000000 1.000000e-03 2.000000e-03 0.000000e+00 1.000000e-03 2.000000e-03 1.000000e-03
   46    1      2      0    0      1      -1      -1  1000 0.056000000 0.18600000 0.11100000 0.13000000 0.11900000 0.08000000 0.11800000 0.04900000 0.02200000 0.024000000 0.022000000 0.022000000 0.006000000 0.013000000 0.017000000 0.0060000000 0.0080000000 0.0000000000 0.0040000000 4.000000e-03 0.000000e+00 1.000000e-03 0.000000e+00 0.000000e+00 2.000000e-03
   47    1      2      0    0      1      -1      -1  1000 0.039000000 0.27300000 0.17400000 0.06200000 0.10300000 0.08000000 0.05200000 0.08900000 0.02900000 0.009000000 0.016000000 0.016000000 0.016000000 0.003000000 0.009000000 0.0090000000 0.0030000000 0.0050000000 0.0010000000 0.000000e+00 2.000000e-03 2.000000e-03 4.000000e-03 1.000000e-03 3.000000e-03
   48    1      2      0    0      1      -1      -1  1000 0.065000000 0.13100000 0.27700000 0.11900000 0.05900000 0.07000000 0.06400000 0.03700000 0.07800000 0.029000000 0.008000000 0.013000000 0.014000000 0.008000000 0.006000000 0.0050000000 0.0040000000 0.0040000000 0.0020000000 2.000000e-03 0.000000e+00 1.000000e-03 1.000000e-03 0.000000e+00 3.000000e-03
   49    1      2      0    0      1      -1      -1  1000 0.058000000 0.24800000 0.10100000 0.20500000 0.09600000 0.03400000 0.04900000 0.04700000 0.03000000 0.059000000 0.014000000 0.011000000 0.007000000 0.008000000 0.008000000 0.0040000000 0.0050000000 0.0060000000 0.0010000000 2.000000e-03 3.000000e-03 1.000000e-03 1.000000e-03 0.000000e+00 2.000000e-03
   50    1      2      0    0      1      -1      -1  1000 0.031000000 0.24600000 0.23400000 0.06900000 0.14400000 0.06600000 0.03400000 0.03100000 0.03600000 0.021000000 0.034000000 0.012000000 0.007000000 0.011000000 0.004000000 0.0050000000 0.0030000000 0.0010000000 0.0040000000 1.000000e-03 0.000000e+00 0.000000e+00 1.000000e-03 0.000000e+00 5.000000e-03
   51    1      2      0    0      1      -1      -1  1000 0.025000000 0.13600000 0.24600000 0.18800000 0.07000000 0.11700000 0.05500000 0.01700000 0.02700000 0.032000000 0.010000000 0.033000000 0.010000000 0.006000000 0.004000000 0.0030000000 0.0060000000 0.0030000000 0.0050000000 3.000000e-03 1.000000e-03 0.000000e+00 0.000000e+00 0.000000e+00 3.000000e-03
   52    1      2      0    0      1      -1      -1  1000 0.064000000 0.11100000 0.14100000 0.21000000 0.14200000 0.05900000 0.08700000 0.04500000 0.02300000 0.027000000 0.018000000 0.015000000 0.023000000 0.008000000 0.002000000 0.0060000000 0.0030000000 0.0040000000 0.0010000000 1.000000e-03 2.000000e-03 2.000000e-03 3.000000e-03 1.000000e-03 2.000000e-03
   53    1      2      0    0      1      -1      -1  1000 0.037000000 0.23200000 0.09500000 0.12200000 0.17000000 0.10500000 0.03600000 0.06900000 0.03800000 0.012000000 0.017000000 0.019000000 0.005000000 0.020000000 0.005000000 0.0020000000 0.0030000000 0.0030000000 0.0050000000 1.000000e-03 0.000000e+00 2.000000e-03 0.000000e+00 0.000000e+00 2.000000e-03
   54    1      2      0    0      1      -1      -1  1000 0.061000000 0.25200000 0.19400000 0.06200000 0.06800000 0.10500000 0.08100000 0.02600000 0.04900000 0.024000000 0.008000000 0.011000000 0.010000000 0.009000000 0.013000000 0.0040000000 0.0020000000 0.0020000000 0.0020000000 7.000000e-03 2.000000e-03 3.000000e-03 0.000000e+00 0.000000e+00 5.000000e-03
   55    1      2      0    0      1      -1      -1  1000 0.024000000 0.26500000 0.20900000 0.13200000 0.03900000 0.05100000 0.07900000 0.06900000 0.02200000 0.038000000 0.016000000 0.005000000 0.015000000 0.005000000 0.002000000 0.0110000000 0.0030000000 0.0010000000 0.0020000000 5.000000e-03 3.000000e-03 0.000000e+00 0.000000e+00 0.000000e+00 4.000000e-03
   56    1      2      0    0      1      -1      -1  1000 0.037000000 0.15100000 0.27300000 0.15000000 0.12500000 0.03500000 0.04300000 0.05000000 0.04600000 0.021000000 0.019000000 0.012000000 0.003000000 0.008000000 0.004000000 0.0050000000 0.0050000000 0.0040000000 0.0030000000 4.000000e-03 0.000000e+00 1.000000e-03 0.000000e+00 0.000000e+00 1.000000e-03
   57    1      2      0    0      1      -1      -1  1000 0.069000000 0.14300000 0.10700000 0.22100000 0.15400000 0.09400000 0.02500000 0.03200000 0.04700000 0.047000000 0.010000000 0.019000000 0.010000000 0.001000000 0.004000000 0.0030000000 0.0020000000 0.0080000000 0.0000000000 2.000000e-03 0.000000e+00 0.000000e+00 1.000000e-03 0.000000e+00 1.000000e-03
   58    1      2      0    0      1      -1      -1  1000 0.018000000 0.27100000 0.16000000 0.07300000 0.14700000 0.10300000 0.08100000 0.02100000 0.01900000 0.031000000 0.022000000 0.009000000 0.012000000 0.010000000 0.002000000 0.0040000000 0.0040000000 0.0020000000 0.0050000000 3.000000e-03 1.000000e-03 0.000000e+00 0.000000e+00 1.000000e-03 1.000000e-03
   59    1      2      0    0      1      -1      -1  1000 0.080000000 0.06100000 0.26000000 0.12700000 0.06300000 0.12500000 0.08100000 0.05900000 0.01800000 0.016000000 0.031000000 0.022000000 0.009000000 0.013000000 0.009000000 0.0020000000 0.0050000000 0.0040000000 0.0030000000 5.000000e-03 2.000000e-03 2.000000e-03 1.000000e-03 0.000000e+00 2.000000e-03
   60    1      2      0    0      1      -1      -1  1000 0.048000000 0.33600000 0.05600000 0.15700000 0.07000000 0.04700000 0.09500000 0.05000000 0.03000000 0.017000000 0.020000000 0.023000000 0.015000000 0.003000000 0.010000000 0.0030000000 0.0020000000 0.0030000000 0.0020000000 2.000000e-03 4.000000e-03 1.000000e-03 0.000000e+00 2.000000e-03 4.000000e-03
   61    1      2      0    0      1      -1      -1  1000 0.085000000 0.16400000 0.31100000 0.04500000 0.11500000 0.05700000 0.02700000 0.07200000 0.03500000 0.016000000 0.007000000 0.014000000 0.018000000 0.011000000 0.004000000 0.0070000000 0.0020000000 0.0020000000 0.0020000000 3.000000e-03 0.000000e+00 0.000000e+00 1.000000e-03 1.000000e-03 1.000000e-03
   62    1      2      0    0      1      -1      -1  1000 0.049000000 0.34200000 0.14100000 0.19700000 0.02700000 0.07500000 0.03200000 0.01700000 0.04100000 0.019000000 0.016000000 0.009000000 0.003000000 0.012000000 0.005000000 0.0030000000 0.0030000000 0.0030000000 0.0010000000 1.000000e-03 1.000000e-03 0.000000e+00 1.000000e-03 1.000000e-03 1.000000e-03
   63    1      2      0    0      1      -1      -1  1000 0.074000000 0.17200000 0.30200000 0.09600000 0.14200000 0.01700000 0.06000000 0.02800000 0.01400000 0.028000000 0.019000000 0.011000000 0.003000000 0.008000000 0.003000000 0.0090000000 0.0030000000 0.0050000000 0.0030000000 1.000000e-03 0.000000e+00 0.000000e+00 0.000000e+00 0.000000e+00 2.000000e-03
   64    1      2      0    0      1      -1      -1  1000 0.023000000 0.32900000 0.12500000 0.20200000 0.07100000 0.09300000 0.01900000 0.04500000 0.01800000 0.012000000 0.024000000 0.008000000 0.005000000 0.001000000 0.004000000 0.0070000000 0.0050000000 0.0020000000 0.0030000000 0.000000e+00 0.000000e+00 1.000000e-03 0.000000e+00 0.000000e+00 3.000000e-03
   65    1      2      0    0      1      -1      -1  1000 0.045000000 0.10500000 0.30000000 0.11400000 0.16600000 0.05800000 0.07900000 0.00700000 0.02800000 0.017000000 0.018000000 0.016000000 0.011000000 0.009000000 0.005000000 0.0060000000 0.0060000000 0.0030000000 0.0020000000 3.000000e-03 0.000000e+00 0.000000e+00 0.000000e+00 1.000000e-03 1.000000e-03
   66    1      2      0    0      1      -1      -1  1000 0.026000000 0.20400000 0.11200000 0.24200000 0.08700000 0.14200000 0.04400000 0.05400000 0.00600000 0.017000000 0.015000000 0.006000000 0.015000000 0.007000000 0.008000000 0.0010000000 0.0040000000 0.0030000000 0.0030000000 0.000000e+00 0.000000e+00 1.000000e-03 0.000000e+00 0.000000e+00 3.000000e-03
   67    1      2      0    0      1      -1      -1  1000 0.041000000 0.13800000 0.18200000 0.08700000 0.20300000 0.05500000 0.09700000 0.03900000 0.06600000 0.011000000 0.021000000 0.011000000 0.008000000 0.014000000 0.011000000 0.0030000000 0.0030000000 0.0030000000 0.0010000000 3.000000e-03 0.000000e+00 1.000000e-03 1.000000e-03 0.000000e+00 1.000000e-03
   68    1      2      0    0      1      -1      -1  1000 0.016000000 0.21200000 0.14100000 0.14600000 0.07100000 0.15300000 0.05600000 0.07900000 0.02900000 0.042000000 0.009000000 0.009000000 0.005000000 0.005000000 0.008000000 0.0060000000 0.0010000000 0.0020000000 0.0010000000 1.000000e-03 3.000000e-03 1.000000e-03 1.000000e-03 0.000000e+00 3.000000e-03
   69    1      2      0    0      1      -1      -1  1000 0.049000000 0.09700000 0.21200000 0.12000000 0.13800000 0.04900000 0.12300000 0.04700000 0.06300000 0.019000000 0.032000000 0.006000000 0.013000000 0.006000000 0.005000000 0.0080000000 0.0030000000 0.0030000000 0.0000000000 1.000000e-03 1.000000e-03 2.000000e-03 0.000000e+00 0.000000e+00 3.000000e-03
   70    1      2      0    0      1      -1      -1  1000 0.072000000 0.21800000 0.09600000 0.17000000 0.06000000 0.09200000 0.04600000 0.09200000 0.03200000 0.048000000 0.017000000 0.026000000 0.001000000 0.007000000 0.002000000 0.0050000000 0.0070000000 0.0020000000 0.0000000000 1.000000e-03 0.000000e+00 1.000000e-03 1.000000e-03 1.000000e-03 3.000000e-03
   71    1      2      0    0      1      -1      -1  1000 0.020000000 0.31000000 0.18200000 0.06600000 0.10000000 0.05800000 0.06300000 0.03000000 0.06400000 0.017000000 0.034000000 0.017000000 0.018000000 0.002000000 0.006000000 0.0040000000 0.0010000000 0.0020000000 0.0020000000 1.000000e-03 0.000000e+00 0.000000e+00 2.000000e-03 1.000000e-03 0.000000e+00
   72    1      2      0    0      1      -1      -1  1000 0.035000000 0.09100000 0.31000000 0.14700000 0.06000000 0.08400000 0.05400000 0.05200000 0.02000000 0.052000000 0.016000000 0.034000000 0.003000000 0.013000000 0.002000000 0.0030000000 0.0040000000 0.0030000000 0.0060000000 4.000000e-03 3.000000e-03 0.000000e+00 2.000000e-03 1.000000e-03 1.000000e-03
   73    1      2      0    0      1      -1      -1  1000 0.016000000 0.18200000 0.08500000 0.25000000 0.11100000 0.04300000 0.08900000 0.03600000 0.05000000 0.024000000 0.039000000 0.022000000 0.016000000 0.006000000 0.012000000 0.0010000000 0.0060000000 0.0050000000 0.0000000000 1.000000e-03 2.000000e-03 1.000000e-03 0.000000e+00 1.000000e-03 2.000000e-03
   74    1      2      0    0      1      -1      -1  1000 0.031000000 0.08300000 0.17200000 0.10300000 0.23100000 0.11600000 0.02500000 0.07100000 0.02800000 0.027000000 0.018000000 0.039000000 0.009000000 0.024000000 0.007000000 0.0040000000 0.0010000000 0.0020000000 0.0040000000 1.000000e-03 0.000000e+00 3.000000e-03 0.000000e+00 0.000000e+00 1.000000e-03
   75    1      2      0    0      1      -1      -1  1000 0.062000000 0.16500000 0.08400000 0.14400000 0.07000000 0.18800000 0.09400000 0.02500000 0.04700000 0.026000000 0.020000000 0.012000000 0.017000000 0.007000000 0.017000000 0.0050000000 0.0040000000 0.0010000000 0.0020000000 3.000000e-03 1.000000e-03 2.000000e-03 3.000000e-03 1.000000e-03 0.000000e+00
   76    1      2      0    0      1      -1      -1  1000 0.021000000 0.23100000 0.19100000 0.06300000 0.10900000 0.05300000 0.13100000 0.05600000 0.01900000 0.031000000 0.024000000 0.018000000 0.007000000 0.017000000 0.004000000 0.0070000000 0.0050000000 0.0040000000 0.0000000000 1.000000e-03 3.000000e-03 0.000000e+00 3.000000e-03 1.000000e-03 1.000000e-03
   77    1      2      0    0      1      -1      -1  1000 0.021000000 0.11400000 0.25900000 0.14900000 0.04600000 0.08500000 0.04600000 0.10500000 0.04700000 0.016000000 0.027000000 0.016000000 0.016000000 0.008000000 0.019000000 0.0030000000 0.0070000000 0.0030000000 0.0060000000 2.000000e-03 3.000000e-03 1.000000e-03 1.000000e-03 0.000000e+00 0.000000e+00
   78    1      2      0    0      1      -1      -1  1000 0.025000000 0.14000000 0.11600000 0.22000000 0.10400000 0.03800000 0.08600000 0.02900000 0.08600000 0.044000000 0.012000000 0.024000000 0.013000000 0.014000000 0.006000000 0.0160000000 0.0020000000 0.0130000000 0.0030000000 4.000000e-03 0.000000e+00 0.000000e+00 3.000000e-03 1.000000e-03 1.000000e-03
   79    1      2      0    0      1      -1      -1  1000 0.048000000 0.10300000 0.12300000 0.09500000 0.19400000 0.11100000 0.03200000 0.05100000 0.03600000 0.089000000 0.032000000 0.010000000 0.022000000 0.012000000 0.013000000 0.0030000000 0.0120000000 0.0040000000 0.0030000000 2.000000e-03 2.000000e-03 0.000000e+00 1.000000e-03 1.000000e-03 1.000000e-03
   80    1      2      0    0      1      -1      -1  1000 0.035000000 0.18000000 0.11200000 0.11100000 0.07500000 0.14400000 0.09200000 0.03000000 0.04400000 0.025000000 0.065000000 0.020000000 0.008000000 0.016000000 0.005000000 0.0130000000 0.0040000000 0.0090000000 0.0020000000 6.000000e-03 1.000000e-03 2.000000e-03 0.000000e+00 1.000000e-03 0.000000e+00
   81    1      2      0    0      1      -1      -1  1000 0.051000000 0.14700000 0.20300000 0.08300000 0.10300000 0.05400000 0.09400000 0.07200000 0.02700000 0.030000000 0.021000000 0.046000000 0.019000000 0.006000000 0.014000000 0.0070000000 0.0020000000 0.0010000000 0.0070000000 2.000000e-03 6.000000e-03 2.000000e-03 3.000000e-03 0.000000e+00 0.000000e+00
   82    1      2      0    0      1      -1      -1  1000 0.040000000 0.27500000 0.12600000 0.11200000 0.06800000 0.05700000 0.04300000 0.08700000 0.06200000 0.020000000 0.040000000 0.008000000 0.019000000 0.015000000 0.002000000 0.0110000000 0.0000000000 0.0030000000 0.0000000000 5.000000e-03 2.000000e-03 1.000000e-03 1.000000e-03 2.000000e-03 1.000000e-03
   83    1      2      0    0      1      -1      -1  1000 0.054000000 0.19100000 0.24300000 0.10400000 0.10400000 0.04800000 0.03300000 0.03200000 0.05100000 0.033000000 0.013000000 0.020000000 0.008000000 0.023000000 0.014000000 0.0010000000 0.0070000000 0.0040000000 0.0050000000 4.000000e-03 1.000000e-03 1.000000e-03 2.000000e-03 0.000000e+00 4.000000e-03
   84    1      2      0    0      1      -1      -1  1000 0.041000000 0.24100000 0.13000000 0.17100000 0.07000000 0.07700000 0.04200000 0.04600000 0.02100000 0.042000000 0.036000000 0.009000000 0.015000000 0.006000000 0.023000000 0.0110000000 0.0020000000 0.0080000000 0.0010000000 3.000000e-03 0.000000e+00 2.000000e-03 0.000000e+00 1.000000e-03 2.000000e-03
   85    1      2      0    0      1      -1      -1  1000 0.064000000 0.14700000 0.23500000 0.10300000 0.13600000 0.05300000 0.05400000 0.03600000 0.02700000 0.019000000 0.024000000 0.018000000 0.014000000 0.018000000 0.006000000 0.0140000000 0.0120000000 0.0010000000 0.0050000000 4.000000e-03 3.000000e-03 1.000000e-03 3.000000e-03 0.000000e+00 3.000000e-03
   86    1      2      0    0      1      -1      -1  1000 0.036000000 0.27500000 0.13600000 0.17600000 0.06200000 0.10700000 0.04100000 0.03600000 0.02200000 0.011000000 0.008000000 0.015000000 0.019000000 0.005000000 0.006000000 0.0050000000 0.0100000000 0.0040000000 0.0040000000 6.000000e-03 5.000000e-03 2.000000e-03 3.000000e-03 1.000000e-03 5.000000e-03
   87    1      2      0    0      1      -1      -1  1000 0.068000000 0.15600000 0.23500000 0.09600000 0.12400000 0.06300000 0.07400000 0.02800000 0.03400000 0.025000000 0.016000000 0.013000000 0.021000000 0.013000000 0.004000000 0.0080000000 0.0020000000 0.0090000000 0.0030000000 0.000000e+00 1.000000e-03 2.000000e-03 1.000000e-03 1.000000e-03 3.000000e-03
   88    1      2      0    0      1      -1      -1  1000 0.035000000 0.28200000 0.12300000 0.19200000 0.07300000 0.09400000 0.03900000 0.05200000 0.01700000 0.016000000 0.007000000 0.009000000 0.008000000 0.016000000 0.009000000 0.0020000000 0.0030000000 0.0020000000 0.0090000000 3.000000e-03 1.000000e-03 3.000000e-03 0.000000e+00 0.000000e+00 5.000000e-03
   89    1      2      0    0      1      -1      -1  1000 0.019000000 0.16200000 0.26400000 0.09800000 0.16600000 0.04800000 0.06400000 0.03400000 0.04300000 0.012000000 0.012000000 0.013000000 0.011000000 0.009000000 0.008000000 0.0090000000 0.0030000000 0.0050000000 0.0030000000 7.000000e-03 1.000000e-03 0.000000e+00 3.000000e-03 1.000000e-03 5.000000e-03
   90    1      2      0    0      1      -1      -1  1000 0.032000000 0.11300000 0.15300000 0.25100000 0.10200000 0.12200000 0.03400000 0.05800000 0.03000000 0.035000000 0.010000000 0.012000000 0.007000000 0.004000000 0.005000000 0.0060000000 0.0030000000 0.0030000000 0.0090000000 1.000000e-03 5.000000e-03 0.000000e+00 0.000000e+00 1.000000e-03 4.000000e-03
   91    1      2      0    0      1      -1      -1  1000 0.020000000 0.12700000 0.10100000 0.13200000 0.19700000 0.08500000 0.11400000 0.03600000 0.06600000 0.019000000 0.031000000 0.017000000 0.015000000 0.003000000 0.006000000 0.0060000000 0.0050000000 0.0050000000 0.0010000000 2.000000e-03 3.000000e-03 4.000000e-03 2.000000e-03 0.000000e+00 3.000000e-03
   92    1      2      0    0      1      -1      -1  1000 0.047000000 0.07600000 0.12000000 0.09900000 0.10700000 0.18100000 0.07100000 0.09000000 0.03800000 0.040000000 0.027000000 0.032000000 0.014000000 0.009000000 0.002000000 0.0110000000 0.0050000000 0.0140000000 0.0030000000 1.000000e-03 1.000000e-03 1.000000e-03 5.000000e-03 0.000000e+00 6.000000e-03
   93    1      2      0    0      1      -1      -1  1000 0.066000000 0.22900000 0.07700000 0.12200000 0.08700000 0.08100000 0.11100000 0.04800000 0.05900000 0.019000000 0.025000000 0.018000000 0.021000000 0.005000000 0.004000000 0.0050000000 0.0080000000 0.0030000000 0.0040000000 2.000000e-03 1.000000e-03 0.000000e+00 1.000000e-03 2.000000e-03 2.000000e-03
   94    1      2      0    0      1      -1      -1  1000 0.048000000 0.25600000 0.19700000 0.06300000 0.07700000 0.04900000 0.05100000 0.08800000 0.03300000 0.051000000 0.017000000 0.017000000 0.011000000 0.014000000 0.003000000 0.0070000000 0.0010000000 0.0040000000 0.0010000000 4.000000e-03 2.000000e-03 0.000000e+00 3.000000e-03 0.000000e+00 3.000000e-03
   95    1      2      0    0      1      -1      -1  1000 0.030000000 0.25600000 0.23000000 0.12800000 0.04100000 0.04900000 0.04400000 0.04700000 0.06000000 0.017000000 0.031000000 0.011000000 0.018000000 0.009000000 0.006000000 0.0010000000 0.0050000000 0.0010000000 0.0030000000 3.000000e-03 5.000000e-03 2.000000e-03 0.000000e+00 1.000000e-03 2.000000e-03
   96    1      2      0    0      1      -1      -1  1000 0.053000000 0.16300000 0.21100000 0.17600000 0.12600000 0.03800000 0.03200000 0.03300000 0.02400000 0.049000000 0.020000000 0.028000000 0.006000000 0.015000000 0.008000000 0.0060000000 0.0010000000 0.0030000000 0.0000000000 3.000000e-03 0.000000e+00 1.000000e-03 0.000000e+00 0.000000e+00 4.000000e-03
   97    1      2      0    0      1      -1      -1  1000 0.051000000 0.22500000 0.14300000 0.16800000 0.13100000 0.08500000 0.02500000 0.03100000 0.03100000 0.015000000 0.029000000 0.018000000 0.018000000 0.005000000 0.010000000 0.0030000000 0.0040000000 0.0010000000 0.0040000000 0.000000e+00 1.000000e-03 0.000000e+00 1.000000e-03 0.000000e+00 1.000000e-03
   98    1      2      0    0      1      -1      -1  1000 0.040000000 0.18100000 0.19500000 0.09600000 0.12700000 0.11000000 0.05500000 0.02700000 0.03100000 0.014000000 0.014000000 0.037000000 0.018000000 0.022000000 0.003000000 0.0090000000 0.0070000000 0.0010000000 0.0020000000 3.000000e-03 5.000000e-03 1.000000e-03 1.000000e-03 1.000000e-03 0.000000e+00
   99    1      2      0    0      1      -1      -1  1000 0.042000000 0.18500000 0.17700000 0.15800000 0.08600000 0.10000000 0.07900000 0.04200000 0.01600000 0.017000000 0.012000000 0.015000000 0.021000000 0.009000000 0.012000000 0.0030000000 0.0050000000 0.0030000000 0.0080000000 5.000000e-03 0.000000e+00 0.000000e+00 0.000000e+00 1.000000e-03 4.000000e-03
  100    1      2      0    0      1      -1      -1  1000 0.050000000 0.19800000 0.17600000 0.15100000 0.10000000 0.04600000 0.08200000 0.05400000 0.05100000 0.007000000 0.017000000 0.001000000 0.012000000 0.020000000 0.006000000 0.0100000000 0.0020000000 0.0040000000 0.0030000000 2.000000e-03 2.000000e-03 3.000000e-03 0.000000e+00 1.000000e-03 2.000000e-03
0 #_N_MeanSize_at_Age_obs
0 #_N_environ_variables
0 #_N_environ_obs
0 #_N_sizefreq_methods
0 #_do_tags
0 #_morphcomp_data
#
999
