#C data file created using the SS_writedat function in the R package r4ss
#C should work with SS version: 
#C file write time: 2014-11-06 20:11:06
#
1 #_styr
100 #_endyr
1 #_nseas
12 #_months_per_seas
1 #_spawn_seas
1 #_Nfleet
2 #_Nsurveys
1 #_N_areas
Fishery%Survey%CPUE #_fleetnames
0.5 0.5 0.5 #_surveytiming_in_season
1 1 1 #_area_assignments_for_each_fishery_and_survey
1 #_units of catch:  1=bio; 2=num
0.01 #_se of log(catch) only used for init_eq_catch and for Fmethod 2 and 3
1 #_Ngenders
25 #_Nages
0 #_init_equil_catch_for_each_fishery
100 #_N_lines_of_catch_to_read
 #_Fishery year seas
         0    1    1
         0    2    1
         0    3    1
         0    4    1
         0    5    1
         0    6    1
         0    7    1
         0    8    1
         0    9    1
         0   10    1
         0   11    1
         0   12    1
         0   13    1
         0   14    1
         0   15    1
         0   16    1
         0   17    1
         0   18    1
         0   19    1
         0   20    1
         0   21    1
         0   22    1
         0   23    1
         0   24    1
         0   25    1
 264739000   26    1
 250119000   27    1
 234767000   28    1
 217566000   29    1
 199013000   30    1
 185518000   31    1
 180072000   32    1
 180289000   33    1
 182455000   34    1
 183575000   35    1
 185913000   36    1
 190225000   37    1
 190183000   38    1
 186367000   39    1
 178945000   40    1
 172080000   41    1
 168001000   42    1
 166381000   43    1
 164294000   44    1
 160985000   45    1
 154732000   46    1
 146991000   47    1
 139632000   48    1
 132686000   49    1
 124697000   50    1
 119589000   51    1
 117474000   52    1
 115779000   53    1
 114893000   54    1
 117620000   55    1
 121411000   56    1
 123632000   57    1
 123149000   58    1
 119919000   59    1
 118132000   60    1
 118702000   61    1
 120271000   62    1
 122176000   63    1
 120608000   64    1
 118820000   65    1
 116977000   66    1
 116569000   67    1
 119326000   68    1
 123223000   69    1
 128871000   70    1
 135258000   71    1
 138388000   72    1
 137874000   73    1
 136504000   74    1
 133757000   75    1
 129841000   76    1
 127898000   77    1
 130704000   78    1
 138617000   79    1
 146952000   80    1
 152666000   81    1
 158892000   82    1
 162492000   83    1
 164097000   84    1
 167774000   85    1
 167015000   86    1
 163136000   87    1
 161397000   88    1
 167364000   89    1
 170690000   90    1
 171430000   91    1
 174578000   92    1
 178344000   93    1
 179144000   94    1
 185830000   95    1
 192593000   96    1
 192509000   97    1
 187683000   98    1
 183039000   99    1
 180168000  100    1
76 #_N_cpue
 #_Fleet Units Errtype
       1     1       0
       2     1       0
       3     1       0
 #_year seas index        obs se_log
     25    1     2 2414719523    0.2
     26    1     2 5107767457    0.2
     27    1     2 3769828027    0.2
     28    1     2 2423864341    0.2
     29    1     2 2866117387    0.2
     30    1     2 2700587803    0.2
     31    1     2 1906516892    0.2
     32    1     2 2058441812    0.2
     33    1     2 1827750136    0.2
     34    1     2 2266590604    0.2
     35    1     2 1940115454    0.2
     36    1     2 4037977207    0.2
     37    1     2 2332710064    0.2
     38    1     2 2970654518    0.2
     39    1     2 2528148189    0.2
     40    1     2 2421751027    0.2
     41    1     2 2218146635    0.2
     42    1     2 2986187382    0.2
     43    1     2 1822395247    0.2
     44    1     2 2687696176    0.2
     45    1     2 2467254688    0.2
     46    1     2 2169944769    0.2
     47    1     2 2116196975    0.2
     48    1     2 1725783195    0.2
     49    1     2 1901226039    0.2
     50    1     2 1694985051    0.2
     51    1     2 1650035645    0.2
     52    1     2 1786947669    0.2
     53    1     2 1960278061    0.2
     54    1     2 1319917470    0.2
     55    1     2 2513280692    0.2
     56    1     2 1823644883    0.2
     57    1     2 1755513616    0.2
     58    1     2 2429866813    0.2
     59    1     2 1363671935    0.2
     60    1     2 1556080029    0.2
     61    1     2 1611756029    0.2
     62    1     2 2331863300    0.2
     63    1     2 1592831889    0.2
     64    1     2 1947162722    0.2
     65    1     2 2053982895    0.2
     66    1     2 2137504048    0.2
     67    1     2 1869184930    0.2
     68    1     2 1039643918    0.2
     69    1     2 2023360869    0.2
     70    1     2 1618185142    0.2
     71    1     2 1901063245    0.2
     72    1     2 2071580282    0.2
     73    1     2 1898380936    0.2
     74    1     2 1870017278    0.2
     75    1     2 2338677045    0.2
     76    1     2 2568057981    0.2
     77    1     2 2150266586    0.2
     78    1     2 2073035573    0.2
     79    1     2 2616069286    0.2
     80    1     2 2042347604    0.2
     81    1     2 2370317290    0.2
     82    1     2 2862161010    0.2
     83    1     2 3340337154    0.2
     84    1     2 3088864759    0.2
     85    1     2 2294532916    0.2
     86    1     2 2345077346    0.2
     87    1     2 2451383871    0.2
     88    1     2 1696380535    0.2
     89    1     2 3626380683    0.2
     90    1     2 2418742141    0.2
     91    1     2 2070823918    0.2
     92    1     2 2569558027    0.2
     93    1     2 2435129595    0.2
     94    1     2 2418745521    0.2
     95    1     2 2246305211    0.2
     96    1     2 2623102309    0.2
     97    1     2 2246375701    0.2
     98    1     2 3528982456    0.2
     99    1     2 2004169121    0.2
    100    1     2 2488834535    0.2
0 #_N_discard_fleets
#_discard_units (1=same_as_catchunits(bio/num); 2=fraction; 3=numbers)
#_discard_errtype:  >0 for DF of T-dist(read CV below); 0 for normal with CV; -1 for normal with se; -2 for lognormal
0 #_N_discard
0 #_N_meanbodywt
1 #_DF_for_meanbodywt_T-distribution_like
2 # length bin method: 1=use databins; 2=generate from binwidth,min,max below; 3=read vector
1 # binwidth for population size comp
10 # minimum size in the population (lower edge of first bin and size at age 0.00)
200 # maximum size in the population (lower edge of last bin)
-0.001 #_comp_tail_compression
1e-05 #_add_to_comp
0 #_combine males into females at or below this bin number
21 #_N_lbins
#_lbin_vector
10 53 70 83 94 101 107 111 114 117 120 123 125 127 130 132 135 138 142 148 200
0 #_N_Length_comp_observations
25 #_N_agebins
#_agebin_vector
1 2 3 4 5 6 7 8 9 10 11 12 13 14 15 16 17 18 19 20 21 22 23 24 25
1 #_N_ageerror_definitions
 #_age0   age1   age2   age3   age4   age5   age6   age7   age8   age9  age10  age11  age12  age13  age14  age15  age16  age17  age18  age19  age20  age21  age22  age23  age24  age25
 -1.000 -1.000 -1.000 -1.000 -1.000 -1.000 -1.000 -1.000 -1.000 -1.000 -1.000 -1.000 -1.000 -1.000 -1.000 -1.000 -1.000 -1.000 -1.000 -1.000 -1.000 -1.000 -1.000 -1.000 -1.000 -1.000
  0.001  0.001  0.001  0.001  0.001  0.001  0.001  0.001  0.001  0.001  0.001  0.001  0.001  0.001  0.001  0.001  0.001  0.001  0.001  0.001  0.001  0.001  0.001  0.001  0.001  0.001
198 #_N_agecomp
1 #_Lbin_method: 1=poplenbins; 2=datalenbins; 3=lengths
-1 #_combine males into females at or below this bin number
 #_Yr Seas FltSvy Gender Part Ageerr Lbin_lo Lbin_hi Nsamp          a1         a2         a3         a4         a5          a6         a7         a8          a9         a10         a11         a12          a13         a14          a15          a16          a17          a18          a19          a20          a21          a22          a23          a24          a25
    2    1      1      0    0      1      -1      -1   500 0.013174136 0.12191201 0.15464666 0.16771212 0.09541887 0.079693047 0.05496340 0.05308886 0.048288904 0.037286640 0.034140696 0.023495132 0.0209488602 0.018047318 0.0112253236 0.0155586270 1.293129e-02 9.909944e-03 8.611417e-03 1.491368e-03 2.986562e-03 2.571185e-03 1.449911e-03 2.510414e-03 7.937311e-03
    3    1      1      0    0      1      -1      -1   500 0.004022065 0.10659773 0.15550685 0.13328046 0.06904987 0.124805609 0.07593611 0.05773877 0.040375645 0.039185662 0.028055262 0.030008683 0.0227548346 0.020331117 0.0174171062 0.0106672905 1.410172e-02 7.614550e-03 5.275459e-03 4.012416e-03 3.543599e-03 5.340418e-03 1.871780e-03 8.874895e-03 1.363211e-02
    4    1      1      0    0      1      -1      -1   500 0.016049139 0.10414695 0.15161013 0.15371833 0.09846420 0.089081787 0.07462789 0.04812030 0.051332661 0.045063571 0.041325757 0.025789286 0.0179710285 0.015102103 0.0178420515 0.0066264394 1.221306e-02 4.090394e-03 4.013035e-03 7.037492e-03 3.883800e-03 4.775691e-04 1.473625e-03 2.729542e-03 7.209869e-03
    5    1      1      0    0      1      -1      -1   500 0.009191185 0.16674561 0.12775476 0.12987439 0.10652232 0.071141024 0.08116005 0.06348012 0.049113965 0.034099129 0.023218649 0.045028789 0.0186353100 0.011470732 0.0097206709 0.0107365146 7.473160e-03 4.944612e-03 5.120181e-03 1.346366e-03 9.965321e-03 2.178209e-03 1.059782e-03 1.041827e-03 8.977320e-03
    6    1      1      0    0      1      -1      -1   500 0.014930732 0.08296078 0.22230351 0.11971211 0.09646865 0.071586391 0.05401034 0.06846674 0.040704128 0.044108876 0.041514521 0.017623735 0.0197083289 0.014336295 0.0186492244 0.0082023519 1.844533e-02 1.583292e-02 7.148780e-03 8.101920e-03 1.282752e-04 2.953856e-03 1.908711e-03 7.929204e-04 9.400585e-03
    7    1      1      0    0      1      -1      -1   500 0.008277409 0.07899785 0.13741367 0.19214246 0.10812704 0.085303199 0.05705645 0.04656708 0.050347177 0.040508029 0.043718899 0.028170936 0.0221968159 0.026024303 0.0138900762 0.0047830122 8.969167e-03 4.913389e-03 5.548170e-03 1.266454e-03 7.444580e-03 6.746468e-03 3.259725e-03 1.198528e-03 1.712910e-02
    8    1      1      0    0      1      -1      -1   500 0.026654040 0.13452637 0.11095082 0.07973024 0.16303605 0.061293138 0.08582806 0.09250311 0.048536113 0.030362468 0.025806995 0.032804768 0.0210636430 0.010372857 0.0143622243 0.0135010212 1.027464e-02 7.867095e-03 4.033586e-03 6.900255e-03 5.440695e-03 1.251944e-03 1.986283e-03 4.194133e-04 1.049416e-02
    9    1      1      0    0      1      -1      -1   500 0.006253600 0.18941770 0.16605431 0.08712081 0.06885034 0.142842990 0.06300931 0.05863405 0.034455262 0.024298332 0.038458487 0.039361726 0.0155733155 0.007299665 0.0101998180 0.0058533808 5.245103e-03 4.258419e-03 1.138905e-03 2.764726e-03 4.792896e-03 6.705917e-03 2.640175e-03 1.112409e-02 3.646671e-03
   10    1      1      0    0      1      -1      -1   500 0.006655964 0.06611291 0.26582044 0.13259928 0.08739483 0.057095235 0.08273326 0.03689579 0.040974603 0.041865591 0.041444668 0.018474576 0.0294062191 0.014317137 0.0105157690 0.0189874118 7.073935e-03 1.184656e-02 3.902633e-03 5.655937e-03 9.345939e-03 2.071005e-03 1.545937e-03 6.180701e-04 6.646301e-03
   11    1      1      0    0      1      -1      -1   500 0.039157667 0.06005255 0.09753580 0.23346109 0.12899670 0.068768997 0.05587747 0.09088529 0.037568807 0.035836140 0.039847044 0.012584235 0.0140672981 0.014966684 0.0126998433 0.0131896516 7.204232e-03 3.675444e-03 2.580798e-03 8.540616e-04 2.013588e-03 6.572625e-03 4.006633e-03 2.623943e-03 1.497341e-02
   12    1      1      0    0      1      -1      -1   500 0.015842518 0.15630618 0.08754855 0.06298733 0.16295949 0.106986955 0.06659713 0.03055135 0.094856830 0.026654421 0.033937538 0.024306074 0.0226254252 0.017591836 0.0143840846 0.0154280877 1.394168e-02 6.203185e-03 3.799571e-03 6.360014e-03 5.366275e-03 4.374929e-03 1.520888e-03 1.370173e-03 1.749948e-02
   13    1      1      0    0      1      -1      -1   500 0.015830883 0.06727946 0.19694981 0.08656848 0.08102405 0.147028365 0.07838645 0.04659148 0.043354448 0.071518627 0.033770103 0.027691939 0.0157832655 0.014330179 0.0116121181 0.0144354014 1.178402e-02 2.448012e-03 2.192841e-03 2.313448e-03 3.728684e-03 8.880464e-04 6.201163e-03 5.110664e-03 1.317805e-02
   14    1      1      0    0      1      -1      -1   500 0.010968460 0.15472054 0.14514254 0.14882823 0.06350968 0.054120954 0.11909599 0.07981441 0.039633967 0.009343950 0.042271686 0.021853415 0.0296978453 0.017097610 0.0132771700 0.0052524454 8.643828e-03 8.054493e-03 5.641738e-03 2.260946e-03 1.883868e-03 1.502210e-03 2.446662e-03 3.414634e-03 1.152272e-02
   15    1      1      0    0      1      -1      -1   500 0.025263757 0.06111482 0.21403293 0.09972876 0.12234909 0.046237509 0.04610219 0.11216084 0.054245288 0.033107682 0.013393146 0.049365554 0.0177005713 0.015082113 0.0281763890 0.0092814941 3.472430e-03 8.920786e-03 8.161310e-03 1.020865e-02 4.947385e-03 2.252763e-03 1.853455e-03 1.726338e-03 1.111475e-02
   16    1      1      0    0      1      -1      -1   500 0.012401884 0.15425242 0.10214986 0.18169893 0.08382807 0.106135113 0.04208266 0.04607003 0.075069186 0.027419954 0.018449852 0.025681729 0.0339108298 0.013821561 0.0178851032 0.0064438732 1.082260e-02 5.050953e-03 9.458705e-03 4.748131e-03 2.804190e-03 8.646848e-03 2.817593e-03 5.017500e-04 7.848179e-03
   17    1      1      0    0      1      -1      -1   500 0.005336021 0.11213336 0.20581326 0.08767631 0.14264367 0.054313865 0.09680614 0.04541144 0.024719220 0.056693053 0.030931776 0.005176698 0.0173469422 0.027838523 0.0068074569 0.0210978649 7.331387e-03 7.071476e-03 1.174479e-02 1.188849e-02 5.202473e-03 1.434395e-03 6.810221e-03 2.159457e-03 5.611693e-03
   18    1      1      0    0      1      -1      -1   500 0.012159290 0.08132650 0.13539208 0.15373388 0.08012652 0.133063268 0.06431622 0.09386787 0.027281538 0.010582755 0.058562240 0.041269227 0.0075101626 0.013567515 0.0255256467 0.0062015112 1.799241e-02 7.772301e-03 3.853292e-03 4.308307e-03 5.415516e-04 3.956294e-03 7.554073e-03 1.550927e-03 7.984618e-03
   19    1      1      0    0      1      -1      -1   500 0.020396548 0.10742794 0.10030115 0.11543506 0.14467519 0.051657336 0.13184441 0.03577590 0.071283778 0.026744053 0.025975852 0.035813315 0.0200133967 0.012539117 0.0171222664 0.0219350133 1.341857e-02 1.039499e-02 6.561224e-03 5.249423e-03 9.718414e-03 8.183760e-04 4.497290e-04 2.189387e-03 1.225957e-02
   20    1      1      0    0      1      -1      -1   500 0.022190862 0.16304847 0.14853055 0.07551938 0.08743420 0.092932949 0.05637732 0.07358812 0.045705718 0.042302733 0.018011981 0.014638935 0.0218211821 0.038123631 0.0133046064 0.0056816910 2.621519e-02 4.803050e-03 1.315462e-02 1.449884e-02 2.623729e-03 4.808180e-03 8.835428e-04 2.780214e-03 1.102031e-02
   21    1      1      0    0      1      -1      -1   500 0.008257685 0.21381663 0.16122558 0.10029394 0.07197607 0.063008215 0.08804959 0.03578315 0.062413110 0.020572266 0.038354410 0.016813940 0.0028672291 0.029261604 0.0205348950 0.0145035111 3.857948e-03 1.877304e-02 3.759408e-03 8.796209e-03 1.929501e-03 2.835850e-03 5.188644e-03 3.221007e-04 6.805468e-03
   22    1      1      0    0      1      -1      -1   500 0.016539432 0.06115933 0.28242410 0.12727196 0.10082734 0.094848710 0.04845924 0.04588986 0.029438573 0.049590583 0.035502391 0.030227126 0.0058288955 0.004986892 0.0165450915 0.0061732998 8.720929e-03 7.374702e-03 1.146958e-02 8.649837e-04 2.388849e-03 7.711621e-04 4.048729e-04 1.460229e-03 1.083188e-02
   23    1      1      0    0      1      -1      -1   500 0.014242935 0.07648229 0.10448218 0.26512820 0.12220839 0.068353676 0.04593116 0.04022351 0.056473066 0.022856971 0.052489669 0.017199510 0.0292144388 0.007234360 0.0182862935 0.0187270672 6.014291e-03 5.688842e-03 4.230432e-03 1.010095e-02 2.852677e-03 5.354110e-03 8.860818e-04 5.643025e-04 4.774594e-03
   24    1      1      0    0      1      -1      -1   500 0.045090518 0.13859890 0.13690398 0.03880002 0.18351690 0.104095635 0.05578764 0.05860334 0.060422163 0.040482824 0.014837557 0.032779342 0.0157258856 0.018617037 0.0053354655 0.0016142555 1.438648e-02 5.387534e-03 1.394777e-03 1.705094e-03 9.443678e-03 8.532645e-03 1.265730e-03 1.068739e-03 5.603864e-03
   25    1      1      0    0      1      -1      -1   500 0.008740752 0.20394350 0.14599877 0.09381567 0.05162260 0.159765131 0.09135896 0.02960435 0.041719577 0.019740767 0.042405941 0.020349336 0.0159265428 0.006533315 0.0105746165 0.0064848120 8.655627e-03 1.370277e-02 1.247066e-02 1.160780e-03 6.076478e-03 1.656192e-03 3.073342e-03 3.432614e-04 4.276244e-03
   26    1      1      0    0      1      -1      -1   500 0.004333260 0.08613100 0.27455152 0.10864282 0.09523138 0.038962372 0.10185746 0.05893294 0.042293732 0.034728353 0.028052194 0.026514956 0.0102737906 0.017081576 0.0094933734 0.0217125691 6.155034e-03 8.842904e-03 7.219886e-03 9.689539e-04 1.010625e-03 4.299388e-03 3.167007e-03 1.805060e-03 7.737836e-03
   27    1      1      0    0      1      -1      -1   500 0.005695234 0.10577741 0.12990676 0.24155520 0.08615784 0.058363880 0.04616026 0.07685105 0.044561115 0.029933007 0.025678599 0.025439235 0.0313420926 0.011847045 0.0259290619 0.0083592372 1.013743e-02 3.959340e-03 2.884403e-03 4.527430e-03 2.720330e-03 7.266861e-03 6.488026e-04 1.464453e-03 1.283392e-02
   28    1      1      0    0      1      -1      -1   500 0.010872324 0.07510916 0.14369269 0.11750896 0.22612120 0.079459119 0.06276947 0.02390253 0.089342099 0.025637356 0.021768734 0.022852916 0.0098034094 0.018240992 0.0110419761 0.0224721546 3.286698e-03 3.961064e-03 1.204421e-03 7.492239e-03 3.077269e-03 2.015622e-03 8.622906e-03 9.755935e-04 8.769083e-03
   29    1      1      0    0      1      -1      -1   500 0.008097006 0.05891812 0.17031763 0.10401678 0.11029478 0.182443142 0.06573017 0.04375676 0.022371411 0.053605620 0.028819983 0.020671516 0.0342786508 0.008675767 0.0090792481 0.0091229390 9.814053e-03 5.364670e-04 2.287492e-02 1.691035e-03 1.045274e-02 1.066602e-02 3.756607e-03 1.557735e-03 8.450892e-03
   30    1      1      0    0      1      -1      -1   500 0.034198961 0.11810547 0.05050319 0.14523594 0.10794954 0.093683256 0.15885979 0.06384221 0.027910111 0.015627307 0.050030694 0.018053410 0.0145275807 0.017409468 0.0093082445 0.0277137038 1.163231e-02 7.015380e-03 1.295421e-03 2.962809e-03 3.934794e-03 2.574926e-03 6.105837e-03 1.241683e-03 1.027797e-02
   31    1      1      0    0      1      -1      -1   500 0.029323235 0.21256020 0.12880910 0.03871759 0.09634212 0.090308699 0.06437564 0.12078354 0.037866401 0.038167783 0.009557773 0.040193575 0.0190349591 0.008891978 0.0049756885 0.0082013320 8.808942e-03 3.785000e-03 6.607418e-03 6.146107e-03 4.747806e-03 4.772421e-03 2.297391e-03 4.226334e-03 1.049898e-02
   32    1      1      0    0      1      -1      -1   500 0.008400543 0.20767361 0.24639101 0.11658193 0.03250370 0.051209751 0.04971346 0.03719226 0.068459179 0.036752935 0.017012928 0.012200888 0.0385862811 0.017797379 0.0091395413 0.0135602562 6.860146e-03 5.662721e-03 3.267751e-03 3.953539e-03 2.849614e-03 5.089494e-03 6.612801e-05 1.841387e-04 8.890816e-03
   33    1      1      0    0      1      -1      -1   500 0.024465309 0.16032761 0.24751962 0.16921959 0.04790061 0.009105328 0.03454258 0.03475959 0.038106716 0.071032794 0.029425308 0.016272373 0.0295625389 0.022516673 0.0136005168 0.0060847672 8.086354e-03 6.256803e-03 6.109890e-03 1.785757e-03 2.250974e-03 2.038685e-03 5.858188e-03 2.274075e-03 1.089736e-02
   34    1      1      0    0      1      -1      -1   500 0.021354242 0.13487184 0.24440202 0.17791983 0.15825077 0.055364506 0.01830034 0.03615223 0.026070013 0.020035565 0.038817335 0.007786730 0.0060168886 0.002154371 0.0194087747 0.0094640285 4.333152e-03 1.574134e-03 2.611810e-03 8.786351e-03 2.862648e-04 3.276208e-03 5.070707e-04 8.076126e-04 1.447912e-03
   35    1      1      0    0      1      -1      -1   500 0.031471792 0.11515341 0.21396559 0.16844335 0.14326053 0.112921821 0.03270958 0.01198466 0.032289094 0.018604544 0.024743074 0.031507781 0.0072832661 0.009693202 0.0082912779 0.0110888799 3.216503e-03 1.551277e-03 3.871554e-03 2.061948e-03 2.109694e-03 2.140548e-03 1.427838e-03 5.737571e-05 1.015141e-02
   36    1      1      0    0      1      -1      -1   500 0.022743779 0.26099873 0.16258810 0.11754264 0.11532339 0.104372859 0.07159712 0.01852178 0.014212685 0.016019166 0.010740492 0.016385009 0.0258019872 0.009008523 0.0024175323 0.0011370098 1.146934e-02 1.888600e-03 3.932356e-03 7.233583e-04 2.461068e-03 1.049776e-03 6.349435e-04 2.781070e-03 5.648680e-03
   37    1      1      0    0      1      -1      -1   500 0.011533568 0.11554809 0.28364109 0.13169475 0.09345997 0.088642883 0.07216570 0.07079942 0.026582348 0.003947640 0.026467266 0.005915495 0.0031128759 0.029634767 0.0056064295 0.0023344323 1.904412e-03 4.933879e-03 4.655007e-03 1.268019e-03 3.476386e-03 1.881513e-03 5.611314e-03 1.260420e-03 3.922322e-03
   38    1      1      0    0      1      -1      -1   500 0.012153906 0.12712280 0.14953128 0.24094273 0.08490751 0.084802795 0.09574991 0.07036585 0.035030633 0.018636272 0.007554825 0.016328592 0.0138876169 0.003868915 0.0202114128 0.0031770324 2.085474e-03 3.184468e-04 3.343623e-03 2.994775e-05 2.317828e-03 2.723752e-03 3.335764e-04 3.964635e-04 4.178812e-03
   39    1      1      0    0      1      -1      -1   500 0.010042017 0.09222882 0.16582524 0.15990935 0.16173514 0.086492787 0.06883806 0.05823339 0.055228413 0.049470068 0.021062540 0.001440086 0.0115416159 0.008588660 0.0063626118 0.0104091055 1.325548e-03 3.553639e-03 2.746083e-04 1.780864e-03 3.038481e-03 1.002213e-02 1.084260e-04 2.613307e-03 9.875103e-03
   40    1      1      0    0      1      -1      -1   500 0.016102677 0.13272116 0.10676664 0.15453596 0.09578834 0.157605648 0.05820580 0.06980120 0.069899833 0.044385060 0.029401388 0.005823843 0.0060981720 0.011878822 0.0028293877 0.0094697402 1.338757e-02 4.056640e-03 2.037490e-03 1.838126e-03 2.995050e-03 1.476753e-04 1.552197e-03 3.241810e-04 2.347390e-03
   41    1      1      0    0      1      -1      -1   500 0.026822693 0.17504215 0.17559545 0.06908230 0.11017846 0.070102158 0.12035143 0.04317074 0.049938968 0.045254230 0.034518223 0.038195373 0.0049545441 0.004338009 0.0009545044 0.0055913412 1.109278e-02 4.624276e-03 2.573880e-04 3.632249e-04 1.274029e-04 3.369892e-03 5.801425e-04 4.100093e-04 5.084309e-03
   42    1      1      0    0      1      -1      -1   500 0.011393415 0.19945357 0.20618615 0.12062603 0.06962757 0.098021035 0.05098956 0.08667327 0.029847916 0.027135711 0.016732444 0.032675844 0.0262177066 0.006424724 0.0001562018 0.0039395161 2.399369e-03 3.375487e-03 2.081556e-03 1.491502e-03 3.983033e-05 1.935775e-04 9.799166e-04 3.383011e-04 2.999793e-03
   43    1      1      0    0      1      -1      -1   500 0.005883000 0.12303654 0.25739037 0.13423218 0.10032044 0.050219670 0.07048953 0.04372795 0.080493110 0.036306381 0.026036784 0.021594657 0.0159845929 0.013110011 0.0007037963 0.0017094737 1.012655e-02 3.902570e-04 1.302619e-03 2.654913e-03 1.544042e-03 7.354867e-04 2.310569e-06 1.993224e-04 1.806007e-03
   44    1      1      0    0      1      -1      -1   500 0.010838279 0.15587191 0.17040850 0.21962418 0.12572182 0.070530617 0.03358065 0.05302608 0.019312609 0.047877931 0.016021113 0.013960639 0.0249701196 0.015945782 0.0094869270 0.0016236357 8.150038e-04 1.837700e-03 1.906810e-04 5.196900e-03 1.104819e-03 2.610493e-05 4.687041e-05 2.980552e-05 1.951329e-03
   45    1      1      0    0      1      -1      -1   500 0.013494677 0.07381946 0.22647505 0.12023423 0.20357742 0.095632600 0.07038194 0.02024212 0.045271039 0.023944619 0.039203013 0.006926948 0.0167139547 0.012786491 0.0162535567 0.0041561899 7.629094e-04 6.038443e-04 2.558495e-03 2.836451e-03 5.827262e-04 4.376781e-04 2.186120e-04 1.983184e-04 2.687649e-03
   46    1      1      0    0      1      -1      -1   500 0.007773513 0.10544014 0.12206179 0.16329399 0.12328690 0.154078305 0.07587365 0.03462378 0.017092843 0.034469943 0.025625808 0.051210916 0.0229994344 0.013356298 0.0192078054 0.0070192146 7.354110e-03 2.456485e-03 4.908715e-04 1.615257e-03 3.371777e-04 3.352494e-03 5.741805e-03 2.126581e-06 1.235341e-03
   47    1      1      0    0      1      -1      -1   500 0.029052972 0.12822228 0.12987760 0.12297230 0.12544209 0.094029009 0.13227294 0.06140178 0.033608065 0.020552867 0.016854467 0.012343011 0.0327979838 0.006382286 0.0088801756 0.0087987483 1.295850e-02 9.517543e-03 3.433785e-04 7.810003e-04 5.637148e-03 4.378382e-04 5.253037e-04 4.257099e-05 6.268162e-03
   48    1      1      0    0      1      -1      -1   500 0.007520183 0.17331652 0.11968171 0.11234302 0.07027698 0.114877725 0.07518168 0.10888917 0.056497332 0.027550553 0.009082647 0.037975607 0.0282305430 0.020020127 0.0101539782 0.0046259294 6.772739e-03 3.151389e-03 2.934332e-03 3.485314e-03 9.071421e-04 3.384011e-04 6.438959e-06 1.023424e-06 6.179512e-03
   49    1      1      0    0      1      -1      -1   500 0.011557913 0.06809809 0.22408693 0.11757756 0.10015291 0.072711786 0.08113487 0.06658971 0.081485660 0.049247768 0.029830163 0.005837950 0.0132480525 0.015935698 0.0355764551 0.0024469099 7.426177e-03 3.202447e-03 6.218782e-03 9.444638e-04 9.620087e-04 6.317349e-04 2.150586e-04 6.308713e-04 4.250033e-03
   50    1      1      0    0      1      -1      -1   500 0.025686049 0.12952294 0.13747949 0.19543995 0.06961145 0.065947027 0.04904829 0.08593009 0.049618748 0.068224136 0.030903893 0.015670056 0.0043864175 0.014131092 0.0154320199 0.0120333959 5.962804e-03 3.871603e-03 9.483709e-03 2.684388e-03 1.116078e-03 8.512033e-04 1.834996e-04 2.072916e-05 6.760947e-03
   51    1      1      0    0      1      -1      -1   500 0.021102095 0.18055569 0.17578152 0.06411509 0.12181031 0.083130659 0.05798547 0.02833130 0.050774184 0.056105268 0.036916284 0.024466616 0.0075342632 0.010018542 0.0117061542 0.0087038511 2.737803e-02 4.331633e-03 6.292130e-03 6.526317e-03 5.001301e-03 3.708728e-03 3.262018e-04 3.914920e-03 3.483435e-03
   52    1      1      0    0      1      -1      -1   500 0.017456329 0.18944961 0.26318374 0.13208870 0.03781301 0.084342339 0.04361374 0.03668390 0.024979225 0.041425027 0.037456905 0.027761383 0.0145158216 0.012269762 0.0033731881 0.0030143785 3.643625e-03 1.042195e-02 2.200571e-03 3.342216e-03 1.210207e-03 3.783585e-03 5.194239e-03 1.249962e-07 7.764253e-04
   53    1      1      0    0      1      -1      -1   500 0.032378726 0.12399850 0.24103669 0.19664172 0.11136318 0.037766165 0.06559573 0.02754256 0.020752022 0.022198018 0.027725332 0.021045282 0.0232970004 0.009590101 0.0112002281 0.0057608638 1.029609e-02 1.408918e-03 2.916041e-03 8.896823e-04 4.671882e-04 5.015634e-04 1.326605e-03 1.060217e-03 3.241581e-03
   54    1      1      0    0      1      -1      -1   500 0.024579546 0.24150522 0.14784712 0.12731935 0.12551422 0.074558961 0.02960319 0.07145190 0.021449679 0.018535477 0.013542946 0.018399039 0.0232146580 0.020258260 0.0094917882 0.0073921474 3.824687e-03 1.613555e-03 2.124997e-03 5.729200e-03 7.078380e-03 1.267913e-03 1.193458e-03 5.761820e-05 2.446688e-03
   55    1      1      0    0      1      -1      -1   500 0.017266058 0.19309989 0.26643393 0.08712443 0.11021471 0.108739824 0.04564071 0.01730368 0.046050413 0.008041259 0.016878114 0.015122934 0.0094833239 0.008022627 0.0155069025 0.0069052847 4.847105e-04 3.051803e-03 4.585404e-03 1.512011e-03 5.615357e-03 4.227531e-03 5.666495e-04 1.519704e-05 8.107255e-03
   56    1      1      0    0      1      -1      -1   500 0.005487932 0.14363637 0.24342440 0.15510791 0.08783961 0.098683915 0.06840231 0.03820698 0.023037247 0.028840984 0.009318993 0.018541598 0.0076957750 0.014230516 0.0122796302 0.0180653276 5.819683e-03 2.356986e-03 2.643154e-03 1.062455e-04 3.098518e-03 9.834251e-04 2.042676e-03 1.679220e-04 9.981886e-03
   57    1      1      0    0      1      -1      -1   500 0.009343234 0.10438625 0.19712355 0.20903331 0.14206104 0.071838146 0.08638982 0.04660908 0.038960434 0.006345296 0.024645254 0.004926642 0.0068025819 0.007671153 0.0090909309 0.0144618336 3.351606e-03 2.888339e-03 1.710234e-03 1.730474e-07 3.306843e-03 7.042640e-06 1.341009e-03 9.799688e-07 7.705231e-03
   58    1      1      0    0      1      -1      -1   500 0.013895543 0.06578468 0.20843618 0.13341395 0.18763896 0.121635405 0.03956928 0.07059536 0.050040965 0.024272542 0.015648388 0.014632651 0.0159841214 0.004530452 0.0083473625 0.0100685872 5.883313e-03 3.857898e-03 2.584053e-03 3.731127e-04 7.275602e-05 3.464537e-04 7.393103e-04 3.142600e-04 1.334413e-03
   59    1      1      0    0      1      -1      -1   500 0.042509324 0.12298890 0.08870703 0.16125306 0.11841962 0.157993460 0.10651641 0.03874959 0.041278639 0.039621988 0.010178078 0.009417003 0.0116274781 0.010047102 0.0049046042 0.0069329325 4.463036e-03 5.133535e-03 1.073099e-02 3.201270e-03 6.670670e-04 2.895626e-04 2.052394e-06 4.262888e-05 4.324645e-03
   60    1      1      0    0      1      -1      -1   500 0.017280712 0.19107337 0.16994658 0.05830475 0.14772630 0.101226834 0.09770112 0.06821115 0.031085400 0.024192532 0.028177425 0.012788216 0.0152951764 0.004491423 0.0027696867 0.0078553209 8.169126e-04 5.846098e-03 1.124130e-03 6.469497e-03 1.022840e-03 3.911039e-03 6.658167e-04 4.191865e-06 2.013478e-03
   61    1      1      0    0      1      -1      -1   500 0.037889138 0.12137940 0.27268306 0.09972661 0.04297495 0.089219179 0.09125770 0.06694964 0.060627087 0.027100286 0.022921345 0.032530092 0.0062345671 0.003672829 0.0127191358 0.0017116180 2.240262e-03 1.484114e-03 5.547045e-04 2.310599e-03 1.819774e-03 1.503707e-04 3.049738e-05 3.164261e-04 1.496618e-03
   62    1      1      0    0      1      -1      -1   500 0.004393696 0.23652027 0.20440155 0.20696176 0.03951955 0.026785735 0.06018407 0.04320147 0.051181117 0.033017436 0.027547089 0.019910197 0.0152616615 0.008363230 0.0032815753 0.0028821580 5.604269e-03 5.187166e-03 1.298084e-03 2.454687e-04 4.302024e-04 2.038962e-03 4.777669e-04 9.546384e-05 1.210057e-03
   63    1      1      0    0      1      -1      -1   500 0.014329086 0.06770052 0.27515365 0.14994653 0.18158502 0.083824773 0.04012829 0.03736987 0.039768269 0.030740604 0.022649656 0.011385998 0.0093251876 0.007516822 0.0048259950 0.0022229279 5.354179e-03 3.399300e-03 1.093063e-04 7.460913e-04 1.429534e-03 1.729713e-05 8.679158e-04 4.825125e-03 4.778054e-03
   64    1      1      0    0      1      -1      -1   500 0.029213020 0.12172833 0.10693561 0.26228493 0.10949451 0.101454083 0.03521806 0.03237858 0.045001620 0.044092325 0.033848136 0.020717626 0.0123183727 0.012308989 0.0097810023 0.0037716620 5.535151e-03 3.410611e-03 2.062508e-03 6.836658e-05 1.251580e-03 2.165392e-03 1.100213e-03 2.452683e-03 1.406648e-03
   65    1      1      0    0      1      -1      -1   500 0.025582935 0.17579257 0.14063245 0.06616506 0.19892234 0.095299396 0.09228704 0.05069828 0.020224504 0.027944897 0.025496448 0.029109663 0.0185684519 0.007894834 0.0024428225 0.0055768791 1.763733e-04 1.898958e-03 4.996773e-04 3.248786e-03 2.346357e-04 1.158061e-04 2.568226e-03 7.400853e-03 1.218114e-03
   66    1      1      0    0      1      -1      -1   500 0.031157727 0.13427558 0.19495124 0.12040997 0.05895874 0.167823357 0.05798773 0.08066151 0.044249071 0.011065893 0.028503122 0.012607535 0.0153891331 0.015478204 0.0027399157 0.0064500141 2.563416e-03 3.428685e-03 2.678986e-05 1.899526e-03 1.152543e-03 2.033626e-04 1.864866e-04 3.975329e-03 3.855115e-03
   67    1      1      0    0      1      -1      -1   500 0.038995176 0.23563667 0.14642957 0.14732710 0.07746206 0.057700908 0.12339522 0.03973266 0.041421801 0.013472932 0.010701832 0.017295902 0.0093784035 0.017867640 0.0057686703 0.0040164282 3.018593e-03 2.868300e-03 4.842875e-04 7.775887e-04 1.084857e-03 3.697868e-03 2.378766e-04 6.527639e-08 1.227600e-03
   68    1      1      0    0      1      -1      -1   500 0.020278294 0.16264874 0.27363742 0.09716210 0.10830145 0.047072437 0.03607539 0.08862982 0.046481398 0.028801404 0.010909499 0.016205601 0.0107376633 0.013263572 0.0126549560 0.0144811005 2.181457e-03 8.595907e-04 4.961796e-03 1.714081e-03 4.516465e-05 7.342039e-04 7.762330e-04 8.958738e-16 1.386625e-03
   69    1      1      0    0      1      -1      -1   500 0.019036616 0.18158581 0.25370748 0.17510188 0.08246075 0.070353981 0.04716417 0.02161612 0.038138586 0.033335667 0.028642151 0.013002301 0.0048142578 0.015693487 0.0023288832 0.0028099707 2.030981e-03 5.796003e-04 1.126486e-03 4.876526e-04 6.814582e-04 5.184002e-05 2.127761e-03 9.794281e-04 2.142673e-03
   70    1      1      0    0      1      -1      -1   500 0.016420650 0.22897376 0.18980669 0.14023628 0.15569350 0.083208630 0.04447122 0.03255259 0.019081472 0.039992071 0.012709695 0.012653557 0.0024230253 0.001586505 0.0061783143 0.0041472577 4.015923e-03 1.670332e-03 3.383959e-04 3.339478e-04 1.940734e-03 1.973543e-06 1.083058e-04 2.378622e-05 1.431390e-03
   71    1      1      0    0      1      -1      -1   500 0.015801457 0.16170078 0.23522623 0.15535399 0.11503118 0.082817729 0.04120999 0.04647467 0.022330161 0.020115888 0.038581933 0.022340484 0.0172951196 0.006048329 0.0073791547 0.0029712347 2.567677e-03 5.293986e-03 6.248316e-04 6.113359e-05 4.424498e-04 6.107019e-05 2.173140e-07 5.297143e-09 2.703023e-04
   72    1      1      0    0      1      -1      -1   500 0.007083442 0.06114356 0.20233027 0.23568197 0.14726333 0.085458547 0.07203612 0.04487515 0.029906883 0.023076931 0.012557109 0.030928983 0.0100844633 0.011850988 0.0047110107 0.0014668665 4.151606e-03 6.047152e-04 8.103503e-03 2.136604e-03 9.969601e-04 8.068446e-05 5.696333e-04 2.886329e-03 1.434717e-05
   73    1      1      0    0      1      -1      -1   500 0.017370739 0.11692901 0.12034745 0.18034407 0.19061595 0.120256302 0.06706219 0.06197708 0.021170812 0.021169542 0.017916122 0.006131792 0.0217397438 0.006979924 0.0056557878 0.0023532502 1.094047e-02 6.815437e-05 6.089650e-04 2.313856e-03 6.858929e-04 5.664201e-10 8.435750e-04 8.767049e-07 6.518451e-03
   74    1      1      0    0      1      -1      -1   500 0.006557800 0.16123217 0.18213721 0.09499353 0.14507019 0.112141208 0.09242130 0.05047891 0.040649736 0.041380854 0.017703929 0.009610798 0.0079663505 0.018697834 0.0028929894 0.0085320333 2.000392e-03 1.055792e-03 2.523254e-04 5.844123e-04 1.661268e-03 1.817206e-03 8.354168e-10 6.418283e-07 1.611134e-04
   75    1      1      0    0      1      -1      -1   500 0.015235654 0.10670360 0.18434270 0.14274191 0.06220771 0.108143739 0.12564035 0.09157161 0.048718842 0.041816741 0.012543788 0.020347085 0.0086654267 0.002330763 0.0203756213 0.0030566807 1.700931e-03 5.849177e-04 1.722269e-08 6.159519e-04 4.447380e-04 7.105890e-04 4.207525e-04 2.161025e-04 8.637839e-04
   76    1      1      0    0      1      -1      -1   500 0.019001436 0.17442756 0.13054380 0.13373233 0.13260825 0.062879147 0.08133475 0.09219362 0.048313880 0.021736659 0.038501887 0.010142019 0.0147127137 0.005906534 0.0061087944 0.0100035845 4.768143e-03 3.888646e-03 1.532945e-03 2.479092e-06 3.978202e-04 1.210025e-05 4.393405e-04 9.502302e-07 6.810596e-03
   77    1      1      0    0      1      -1      -1   500 0.043006817 0.21575652 0.18306458 0.10448059 0.08957566 0.078031198 0.04960192 0.05787707 0.062059294 0.044534455 0.020035368 0.013982379 0.0116088403 0.004308245 0.0048327409 0.0016839008 4.582791e-03 1.001985e-03 2.569314e-03 4.885484e-03 6.520436e-05 5.625265e-04 7.936277e-05 1.034331e-03 7.794168e-04
   78    1      1      0    0      1      -1      -1   500 0.041618466 0.26818814 0.20990437 0.11309499 0.05350176 0.072659270 0.04863576 0.04862758 0.045196407 0.032265535 0.019333250 0.015106685 0.0102720692 0.001172012 0.0015678858 0.0066269977 9.635590e-06 3.157235e-03 4.501635e-03 5.734229e-04 2.635866e-03 6.402246e-06 4.563795e-05 9.744186e-04 3.245624e-04
   79    1      1      0    0      1      -1      -1   500 0.019886934 0.24332669 0.28648421 0.14046737 0.06567500 0.045305450 0.04397758 0.03676270 0.033432195 0.015108062 0.021832556 0.011869068 0.0105579949 0.009112066 0.0023593802 0.0055776712 1.731561e-03 1.037830e-03 2.536886e-03 3.788153e-04 7.090853e-04 1.526287e-04 4.520051e-09 6.529190e-04 1.065344e-03
   80    1      1      0    0      1      -1      -1   500 0.011542761 0.12830273 0.28930671 0.19389497 0.12833026 0.048383819 0.03583484 0.04249693 0.020646124 0.018368916 0.013135138 0.021263292 0.0152942758 0.012032958 0.0055893388 0.0055656483 1.922554e-03 3.072846e-03 2.063187e-04 1.285231e-03 3.086381e-04 7.326781e-04 1.030709e-05 2.562738e-07 2.472471e-03
   81    1      1      0    0      1      -1      -1   500 0.024534718 0.17041560 0.14682198 0.20943223 0.17837565 0.071295088 0.03545713 0.03507530 0.031255615 0.031242795 0.008859625 0.019493466 0.0092189324 0.006268606 0.0049957054 0.0046562156 1.547670e-03 1.436044e-03 2.837537e-04 2.373079e-03 1.162065e-03 4.714584e-03 8.288801e-04 2.592943e-06 2.526780e-04
   82    1      1      0    0      1      -1      -1   500 0.008167862 0.19019268 0.20631880 0.10772147 0.15901617 0.132719858 0.06712318 0.02762098 0.023390556 0.026295655 0.012266730 0.004517982 0.0100634604 0.011303664 0.0046028910 0.0037399430 1.296010e-03 3.279038e-04 2.233870e-03 2.353549e-04 7.001509e-07 4.393185e-05 1.504128e-05 1.138557e-05 7.739140e-04
   83    1      1      0    0      1      -1      -1   500 0.029454790 0.07999366 0.27328449 0.15132638 0.09657551 0.140764869 0.08437749 0.04041320 0.020985422 0.016593300 0.012866695 0.005735086 0.0060302232 0.007584021 0.0158737272 0.0025791922 3.533778e-03 1.128496e-03 4.197982e-03 6.783532e-04 1.537702e-03 1.077881e-08 1.120426e-03 8.912606e-05 3.276077e-03
   84    1      1      0    0      1      -1      -1   500 0.026126834 0.22109366 0.07433722 0.17423010 0.12242202 0.082335935 0.10314231 0.07316481 0.048516174 0.015515305 0.013195469 0.009490847 0.0070278123 0.000950704 0.0037395273 0.0032700577 8.333965e-03 2.840697e-03 4.127144e-03 1.856692e-03 2.018186e-03 2.787196e-04 1.431843e-05 4.359095e-06 1.967140e-03
   85    1      1      0    0      1      -1      -1   500 0.012838361 0.12045974 0.30668914 0.05866204 0.15717416 0.100654807 0.05589438 0.06253150 0.031085092 0.025765679 0.012975041 0.006847390 0.0166718725 0.009527935 0.0012413802 0.0054716131 9.724930e-04 3.929273e-03 8.688262e-04 1.482952e-03 1.337917e-03 5.749710e-04 5.317159e-03 4.021931e-14 1.026282e-03
   86    1      1      0    0      1      -1      -1   500 0.008109527 0.14079456 0.14496992 0.25943956 0.05734150 0.098970477 0.07329728 0.03936911 0.045241915 0.042657318 0.026271580 0.012007430 0.0042323329 0.013923898 0.0025986090 0.0052805022 4.186672e-03 9.592761e-03 2.325876e-03 5.464049e-03 1.002501e-03 2.082610e-06 1.547219e-04 2.715775e-03 5.002248e-05
   87    1      1      0    0      1      -1      -1   500 0.026945791 0.09289706 0.16209893 0.11523861 0.17455748 0.042649494 0.09728231 0.08883475 0.033399247 0.061573280 0.040458967 0.013931118 0.0124449213 0.010960142 0.0078651440 0.0056227650 2.127820e-03 1.955687e-03 1.364663e-03 1.687387e-03 1.409231e-03 9.411468e-04 7.577077e-04 2.561296e-09 2.996350e-03
   88    1      1      0    0      1      -1      -1   500 0.016177759 0.32999042 0.08515163 0.09762258 0.08608660 0.157879971 0.02865218 0.06084373 0.029802764 0.023149362 0.025359823 0.025255331 0.0087327246 0.001415709 0.0048029143 0.0058965926 4.937133e-03 8.360212e-04 3.090023e-04 7.533387e-04 1.564736e-03 9.452483e-04 3.931859e-04 9.467459e-04 2.494495e-03
   89    1      1      0    0      1      -1      -1   500 0.017756860 0.16801497 0.39716730 0.02632425 0.08614373 0.058940578 0.08178674 0.02740364 0.045334816 0.022213385 0.021603924 0.013482885 0.0073737095 0.018344874 0.0014403816 0.0005778596 1.240645e-03 6.744443e-04 3.342649e-05 3.914032e-04 1.649390e-04 6.310107e-04 1.662698e-03 8.493496e-04 4.421929e-04
   90    1      1      0    0      1      -1      -1   500 0.019768281 0.10284004 0.26026017 0.28769551 0.02545421 0.073786663 0.04448579 0.06836088 0.014744621 0.029982056 0.022009278 0.005502789 0.0110845593 0.008024703 0.0153354044 0.0011712374 1.702068e-03 2.820434e-03 2.404696e-04 1.912625e-03 4.299203e-04 5.710866e-04 5.637888e-04 2.431869e-04 1.010220e-03
   91    1      1      0    0      1      -1      -1   500 0.022372017 0.14083629 0.13598582 0.16536797 0.22194590 0.021783672 0.03499771 0.03463536 0.084484260 0.015057644 0.037258653 0.014226256 0.0262721381 0.018309357 0.0115300669 0.0050731819 2.461638e-03 5.264150e-04 1.745279e-04 1.984914e-04 8.322442e-04 2.143202e-03 2.346711e-04 5.803163e-06 3.286713e-03
   92    1      1      0    0      1      -1      -1   500 0.005820782 0.26442669 0.15879903 0.10272263 0.11692268 0.153151248 0.01941709 0.02089028 0.034710409 0.035491931 0.016085985 0.016752706 0.0079462387 0.008422526 0.0159448083 0.0083249585 3.912201e-03 7.709618e-04 5.291774e-04 6.457659e-04 2.018683e-04 4.081426e-07 1.097472e-03 6.593793e-03 4.183655e-04
   93    1      1      0    0      1      -1      -1   500 0.031035332 0.08296496 0.31807238 0.11360613 0.06634097 0.105620068 0.12564796 0.01266127 0.026211620 0.026369975 0.034715428 0.007135106 0.0105945092 0.008018414 0.0025421355 0.0075510852 1.004620e-02 4.602657e-03 9.039004e-04 1.800466e-04 7.984358e-04 3.877519e-04 2.107241e-03 6.686480e-04 1.217783e-03
   94    1      1      0    0      1      -1      -1   500 0.024431616 0.20579832 0.08492651 0.22391478 0.11152761 0.049776915 0.07660151 0.11317654 0.004699491 0.018177935 0.019903508 0.027416813 0.0002833314 0.012504108 0.0081117015 0.0042667384 3.301239e-03 6.059802e-03 1.271085e-03 2.992336e-03 2.037317e-05 3.289384e-05 2.308774e-08 1.243872e-07 8.047051e-04
   95    1      1      0    0      1      -1      -1   500 0.003371525 0.24339156 0.24151990 0.05572339 0.16541751 0.064999705 0.03944128 0.05466351 0.052037472 0.007217878 0.014873725 0.012102139 0.0173673598 0.004033495 0.0053762199 0.0069763153 3.290759e-04 3.092321e-03 1.215837e-03 4.616424e-04 1.259281e-04 1.233458e-03 5.446005e-04 5.173523e-05 4.432427e-03
   96    1      1      0    0      1      -1      -1   500 0.006812701 0.10849256 0.28045713 0.18182297 0.05322602 0.110938207 0.05424931 0.03131986 0.044020793 0.061117921 0.003219245 0.009134435 0.0055181629 0.006755395 0.0095498241 0.0141906193 2.671272e-03 3.534645e-03 7.214822e-03 9.947374e-04 3.270205e-03 3.761379e-05 6.211644e-05 6.560281e-10 1.389436e-03
   97    1      1      0    0      1      -1      -1   500 0.007186002 0.08576046 0.13378278 0.25824368 0.16812150 0.032223982 0.10894789 0.06230072 0.027404451 0.029997684 0.036549698 0.004852617 0.0151804454 0.004941517 0.0066375892 0.0002365588 3.111799e-03 1.118648e-03 2.731510e-03 2.647156e-03 9.373816e-04 2.260118e-03 6.452752e-05 2.237947e-04 4.537499e-03
   98    1      1      0    0      1      -1      -1   500 0.022620474 0.08699155 0.12335291 0.13701491 0.19001036 0.144050072 0.03552024 0.08395327 0.035245309 0.017961429 0.033947011 0.034182838 0.0010600763 0.006127768 0.0065978587 0.0190802219 9.679915e-05 2.437080e-03 2.340318e-03 2.290460e-03 8.326125e-03 5.114467e-03 1.818979e-04 1.497317e-04 1.346814e-03
   99    1      1      0    0      1      -1      -1   500 0.004163436 0.24987515 0.09778734 0.07865228 0.09105315 0.134587521 0.11906522 0.01688099 0.065388866 0.027712136 0.013046089 0.017910511 0.0393788724 0.005059831 0.0042855289 0.0092479690 6.162227e-03 1.920097e-03 6.549560e-03 2.556642e-03 2.838786e-03 1.624866e-04 2.205566e-03 1.221229e-03 2.288520e-03
  100    1      1      0    0      1      -1      -1   500 0.016763167 0.11418881 0.27302339 0.09424279 0.05596136 0.070109113 0.13813293 0.08578645 0.015501362 0.044862896 0.024638029 0.016083266 0.0162439360 0.017559385 0.0009951876 0.0017309868 1.869400e-03 3.219311e-03 2.779943e-04 8.595504e-04 4.175737e-03 3.142529e-05 1.300682e-05 1.345475e-03 2.385028e-03
    2    1      2      0    0      1      -1      -1   500 0.026000000 0.17000000 0.14400000 0.14000000 0.09400000 0.064000000 0.06200000 0.04200000 0.048000000 0.030000000 0.038000000 0.020000000 0.0300000000 0.020000000 0.0120000000 0.0060000000 8.000000e-03 1.000000e-02 6.000000e-03 8.000000e-03 4.000000e-03 1.200000e-02 2.000000e-03 2.000000e-03 2.000000e-03
    3    1      2      0    0      1      -1      -1   500 0.036000000 0.15800000 0.17000000 0.10200000 0.08800000 0.080000000 0.07000000 0.05800000 0.038000000 0.042000000 0.042000000 0.014000000 0.0200000000 0.016000000 0.0220000000 0.0140000000 2.000000e-03 6.000000e-03 4.000000e-03 2.000000e-03 2.000000e-03 4.000000e-03 2.000000e-03 4.000000e-03 4.000000e-03
    4    1      2      0    0      1      -1      -1   500 0.070000000 0.13000000 0.15600000 0.10800000 0.07600000 0.066000000 0.06600000 0.05200000 0.054000000 0.034000000 0.018000000 0.036000000 0.0280000000 0.018000000 0.0080000000 0.0200000000 1.400000e-02 1.200000e-02 6.000000e-03 4.000000e-03 6.000000e-03 2.000000e-03 4.000000e-03 0.000000e+00 1.200000e-02
    5    1      2      0    0      1      -1      -1   500 0.022000000 0.22200000 0.11200000 0.08600000 0.11200000 0.074000000 0.07200000 0.04800000 0.036000000 0.040000000 0.026000000 0.030000000 0.0160000000 0.026000000 0.0080000000 0.0140000000 1.400000e-02 6.000000e-03 2.000000e-03 8.000000e-03 0.000000e+00 4.000000e-03 4.000000e-03 2.000000e-03 1.600000e-02
    6    1      2      0    0      1      -1      -1   500 0.016000000 0.10200000 0.21800000 0.08800000 0.09600000 0.110000000 0.06800000 0.04600000 0.040000000 0.044000000 0.034000000 0.028000000 0.0200000000 0.008000000 0.0080000000 0.0160000000 1.200000e-02 4.000000e-03 4.000000e-03 6.000000e-03 1.000000e-02 2.000000e-03 0.000000e+00 0.000000e+00 2.000000e-02
    7    1      2      0    0      1      -1      -1   500 0.028000000 0.14400000 0.09200000 0.18800000 0.07800000 0.080000000 0.07600000 0.05400000 0.062000000 0.038000000 0.036000000 0.032000000 0.0080000000 0.012000000 0.0080000000 0.0180000000 1.000000e-02 6.000000e-03 4.000000e-03 6.000000e-03 1.000000e-02 4.000000e-03 2.000000e-03 2.000000e-03 2.000000e-03
    8    1      2      0    0      1      -1      -1   500 0.046000000 0.17000000 0.10000000 0.09400000 0.16800000 0.054000000 0.06800000 0.05400000 0.040000000 0.046000000 0.026000000 0.032000000 0.0140000000 0.012000000 0.0100000000 0.0140000000 1.200000e-02 6.000000e-03 6.000000e-03 8.000000e-03 6.000000e-03 0.000000e+00 2.000000e-03 0.000000e+00 1.200000e-02
    9    1      2      0    0      1      -1      -1   500 0.022000000 0.24000000 0.12600000 0.08200000 0.06600000 0.100000000 0.05200000 0.05800000 0.054000000 0.030000000 0.036000000 0.030000000 0.0280000000 0.010000000 0.0060000000 0.0140000000 8.000000e-03 6.000000e-03 4.000000e-03 4.000000e-03 2.000000e-03 6.000000e-03 2.000000e-03 4.000000e-03 1.000000e-02
   10    1      2      0    0      1      -1      -1   500 0.010000000 0.10200000 0.25000000 0.11200000 0.06400000 0.046000000 0.11000000 0.05800000 0.034000000 0.040000000 0.026000000 0.032000000 0.0160000000 0.018000000 0.0160000000 0.0060000000 1.800000e-02 6.000000e-03 6.000000e-03 1.000000e-02 2.000000e-03 4.000000e-03 0.000000e+00 2.000000e-03 1.200000e-02
   11    1      2      0    0      1      -1      -1   500 0.044000000 0.09800000 0.12600000 0.19600000 0.09800000 0.052000000 0.05600000 0.07600000 0.030000000 0.046000000 0.032000000 0.026000000 0.0220000000 0.020000000 0.0160000000 0.0120000000 1.000000e-02 8.000000e-03 4.000000e-03 6.000000e-03 2.000000e-03 2.000000e-03 2.000000e-03 2.000000e-03 1.400000e-02
   12    1      2      0    0      1      -1      -1   500 0.022000000 0.17400000 0.11000000 0.09400000 0.18200000 0.074000000 0.06200000 0.04000000 0.054000000 0.030000000 0.020000000 0.024000000 0.0280000000 0.016000000 0.0060000000 0.0100000000 6.000000e-03 6.000000e-03 6.000000e-03 6.000000e-03 8.000000e-03 4.000000e-03 2.000000e-03 6.000000e-03 1.000000e-02
   13    1      2      0    0      1      -1      -1   500 0.052000000 0.11600000 0.17000000 0.08400000 0.06000000 0.116000000 0.09800000 0.03400000 0.042000000 0.060000000 0.038000000 0.026000000 0.0260000000 0.012000000 0.0020000000 0.0120000000 1.000000e-02 6.000000e-03 4.000000e-03 6.000000e-03 1.000000e-02 6.000000e-03 4.000000e-03 0.000000e+00 6.000000e-03
   14    1      2      0    0      1      -1      -1   500 0.018000000 0.24600000 0.10000000 0.14600000 0.03800000 0.054000000 0.07400000 0.07600000 0.024000000 0.028000000 0.048000000 0.020000000 0.0200000000 0.012000000 0.0120000000 0.0100000000 2.600000e-02 8.000000e-03 1.600000e-02 8.000000e-03 4.000000e-03 4.000000e-03 0.000000e+00 0.000000e+00 8.000000e-03
   15    1      2      0    0      1      -1      -1   500 0.040000000 0.09800000 0.21000000 0.09800000 0.13600000 0.058000000 0.03400000 0.09200000 0.050000000 0.022000000 0.018000000 0.040000000 0.0160000000 0.018000000 0.0100000000 0.0040000000 2.000000e-02 4.000000e-03 0.000000e+00 8.000000e-03 0.000000e+00 1.000000e-02 4.000000e-03 4.000000e-03 6.000000e-03
   16    1      2      0    0      1      -1      -1   500 0.024000000 0.19000000 0.09400000 0.18200000 0.06400000 0.120000000 0.03600000 0.04200000 0.078000000 0.034000000 0.024000000 0.010000000 0.0280000000 0.010000000 0.0100000000 0.0080000000 1.600000e-02 6.000000e-03 6.000000e-03 2.000000e-03 6.000000e-03 0.000000e+00 2.000000e-03 2.000000e-03 6.000000e-03
   17    1      2      0    0      1      -1      -1   500 0.020000000 0.14400000 0.16200000 0.09200000 0.14400000 0.048000000 0.09800000 0.03200000 0.028000000 0.062000000 0.030000000 0.022000000 0.0100000000 0.024000000 0.0080000000 0.0080000000 1.400000e-02 1.000000e-02 4.000000e-03 6.000000e-03 4.000000e-03 6.000000e-03 4.000000e-03 4.000000e-03 1.600000e-02
   18    1      2      0    0      1      -1      -1   500 0.038000000 0.13000000 0.13800000 0.16000000 0.07200000 0.118000000 0.04400000 0.06400000 0.020000000 0.032000000 0.060000000 0.018000000 0.0220000000 0.010000000 0.0140000000 0.0120000000 8.000000e-03 8.000000e-03 1.200000e-02 0.000000e+00 4.000000e-03 2.000000e-03 6.000000e-03 0.000000e+00 8.000000e-03
   19    1      2      0    0      1      -1      -1   500 0.048000000 0.12800000 0.12600000 0.11800000 0.14800000 0.028000000 0.10400000 0.05400000 0.050000000 0.028000000 0.010000000 0.048000000 0.0260000000 0.010000000 0.0080000000 0.0220000000 4.000000e-03 4.000000e-03 6.000000e-03 4.000000e-03 4.000000e-03 8.000000e-03 0.000000e+00 0.000000e+00 1.400000e-02
   20    1      2      0    0      1      -1      -1   500 0.052000000 0.19000000 0.12000000 0.08200000 0.08200000 0.102000000 0.04800000 0.11000000 0.028000000 0.032000000 0.008000000 0.022000000 0.0280000000 0.006000000 0.0280000000 0.0100000000 1.000000e-02 0.000000e+00 1.000000e-02 2.000000e-03 6.000000e-03 8.000000e-03 4.000000e-03 4.000000e-03 8.000000e-03
   21    1      2      0    0      1      -1      -1   500 0.014000000 0.24800000 0.14600000 0.08000000 0.07000000 0.062000000 0.08600000 0.03800000 0.076000000 0.016000000 0.036000000 0.016000000 0.0060000000 0.040000000 0.0120000000 0.0060000000 6.000000e-03 1.400000e-02 6.000000e-03 2.000000e-03 6.000000e-03 2.000000e-03 2.000000e-03 4.000000e-03 6.000000e-03
   22    1      2      0    0      1      -1      -1   500 0.024000000 0.08600000 0.25200000 0.13800000 0.08400000 0.062000000 0.06200000 0.04800000 0.038000000 0.042000000 0.022000000 0.034000000 0.0060000000 0.010000000 0.0240000000 0.0180000000 1.000000e-02 4.000000e-03 8.000000e-03 0.000000e+00 6.000000e-03 2.000000e-03 2.000000e-03 4.000000e-03 1.400000e-02
   23    1      2      0    0      1      -1      -1   500 0.034000000 0.13000000 0.07200000 0.22600000 0.09600000 0.054000000 0.05600000 0.07400000 0.068000000 0.030000000 0.044000000 0.016000000 0.0240000000 0.008000000 0.0100000000 0.0180000000 1.000000e-02 2.000000e-03 8.000000e-03 4.000000e-03 4.000000e-03 4.000000e-03 2.000000e-03 2.000000e-03 4.000000e-03
   24    1      2      0    0      1      -1      -1   500 0.070000000 0.13800000 0.12600000 0.05000000 0.17800000 0.078000000 0.06000000 0.02600000 0.048000000 0.052000000 0.020000000 0.032000000 0.0240000000 0.028000000 0.0060000000 0.0040000000 1.600000e-02 6.000000e-03 2.000000e-03 1.000000e-02 8.000000e-03 0.000000e+00 6.000000e-03 2.000000e-03 1.000000e-02
   25    1      2      0    0      1      -1      -1   500 0.022000000 0.30200000 0.13400000 0.06800000 0.04400000 0.132000000 0.05400000 0.03200000 0.036000000 0.028000000 0.030000000 0.018000000 0.0320000000 0.002000000 0.0100000000 0.0040000000 4.000000e-03 1.000000e-02 4.000000e-03 4.000000e-03 6.000000e-03 1.000000e-02 4.000000e-03 0.000000e+00 1.000000e-02
   26    1      2      0    0      1      -1      -1   500 0.026000000 0.13400000 0.26800000 0.08600000 0.07200000 0.036000000 0.11600000 0.05200000 0.022000000 0.020000000 0.028000000 0.034000000 0.0220000000 0.032000000 0.0080000000 0.0120000000 0.000000e+00 4.000000e-03 6.000000e-03 6.000000e-03 4.000000e-03 0.000000e+00 2.000000e-03 2.000000e-03 8.000000e-03
   27    1      2      0    0      1      -1      -1   500 0.020000000 0.14400000 0.14000000 0.21600000 0.07600000 0.046000000 0.04200000 0.08000000 0.038000000 0.032000000 0.028000000 0.012000000 0.0260000000 0.010000000 0.0200000000 0.0120000000 1.600000e-02 8.000000e-03 2.000000e-03 6.000000e-03 6.000000e-03 2.000000e-03 2.000000e-03 4.000000e-03 1.200000e-02
   28    1      2      0    0      1      -1      -1   500 0.028000000 0.14200000 0.12200000 0.07000000 0.18400000 0.056000000 0.04600000 0.03800000 0.100000000 0.026000000 0.036000000 0.024000000 0.0220000000 0.020000000 0.0140000000 0.0100000000 2.000000e-03 1.000000e-02 8.000000e-03 2.000000e-03 1.000000e-02 8.000000e-03 0.000000e+00 0.000000e+00 2.200000e-02
   29    1      2      0    0      1      -1      -1   500 0.042000000 0.04400000 0.16200000 0.10800000 0.09200000 0.176000000 0.05600000 0.03600000 0.016000000 0.084000000 0.036000000 0.046000000 0.0140000000 0.004000000 0.0140000000 0.0080000000 1.600000e-02 1.200000e-02 4.000000e-03 2.000000e-03 6.000000e-03 4.000000e-03 6.000000e-03 0.000000e+00 1.200000e-02
   30    1      2      0    0      1      -1      -1   500 0.066000000 0.14000000 0.07000000 0.12000000 0.09400000 0.070000000 0.13800000 0.08000000 0.030000000 0.014000000 0.052000000 0.026000000 0.0080000000 0.020000000 0.0060000000 0.0120000000 6.000000e-03 1.400000e-02 4.000000e-03 1.000000e-02 4.000000e-03 0.000000e+00 4.000000e-03 2.000000e-03 1.000000e-02
   31    1      2      0    0      1      -1      -1   500 0.068000000 0.28000000 0.11600000 0.04200000 0.08200000 0.072000000 0.05000000 0.10600000 0.044000000 0.016000000 0.010000000 0.030000000 0.0280000000 0.010000000 0.0060000000 0.0100000000 8.000000e-03 4.000000e-03 4.000000e-03 2.000000e-03 0.000000e+00 4.000000e-03 0.000000e+00 4.000000e-03 4.000000e-03
   32    1      2      0    0      1      -1      -1   500 0.066000000 0.28800000 0.21400000 0.07000000 0.03200000 0.060000000 0.04800000 0.02600000 0.064000000 0.030000000 0.018000000 0.010000000 0.0180000000 0.014000000 0.0080000000 0.0060000000 8.000000e-03 2.000000e-03 2.000000e-03 2.000000e-03 0.000000e+00 2.000000e-03 0.000000e+00 0.000000e+00 1.200000e-02
   33    1      2      0    0      1      -1      -1   500 0.038000000 0.27200000 0.24400000 0.12400000 0.08000000 0.014000000 0.02200000 0.02400000 0.030000000 0.054000000 0.012000000 0.014000000 0.0080000000 0.014000000 0.0040000000 0.0140000000 6.000000e-03 4.000000e-03 6.000000e-03 2.000000e-03 0.000000e+00 2.000000e-03 0.000000e+00 2.000000e-03 1.000000e-02
   34    1      2      0    0      1      -1      -1   500 0.042000000 0.19400000 0.19000000 0.17800000 0.14000000 0.054000000 0.01800000 0.03000000 0.026000000 0.016000000 0.028000000 0.016000000 0.0060000000 0.004000000 0.0160000000 0.0060000000 8.000000e-03 4.000000e-03 6.000000e-03 0.000000e+00 2.000000e-03 0.000000e+00 2.000000e-03 6.000000e-03 8.000000e-03
   35    1      2      0    0      1      -1      -1   500 0.064000000 0.17600000 0.19600000 0.19000000 0.13000000 0.092000000 0.01600000 0.01600000 0.018000000 0.016000000 0.010000000 0.022000000 0.0080000000 0.004000000 0.0000000000 0.0140000000 6.000000e-03 8.000000e-03 0.000000e+00 6.000000e-03 2.000000e-03 0.000000e+00 4.000000e-03 0.000000e+00 2.000000e-03
   36    1      2      0    0      1      -1      -1   500 0.028000000 0.23000000 0.14600000 0.14000000 0.14000000 0.116000000 0.05400000 0.03200000 0.010000000 0.018000000 0.014000000 0.006000000 0.0180000000 0.008000000 0.0060000000 0.0020000000 1.000000e-02 4.000000e-03 2.000000e-03 2.000000e-03 2.000000e-03 2.000000e-03 0.000000e+00 2.000000e-03 8.000000e-03
   37    1      2      0    0      1      -1      -1   500 0.044000000 0.17400000 0.26200000 0.10600000 0.09200000 0.076000000 0.07600000 0.06400000 0.022000000 0.004000000 0.016000000 0.014000000 0.0020000000 0.020000000 0.0040000000 0.0000000000 0.000000e+00 6.000000e-03 4.000000e-03 2.000000e-03 4.000000e-03 0.000000e+00 0.000000e+00 0.000000e+00 8.000000e-03
   38    1      2      0    0      1      -1      -1   500 0.010000000 0.17200000 0.17400000 0.21800000 0.08000000 0.082000000 0.08000000 0.04800000 0.044000000 0.016000000 0.012000000 0.012000000 0.0000000000 0.004000000 0.0180000000 0.0080000000 4.000000e-03 2.000000e-03 2.000000e-03 2.000000e-03 6.000000e-03 4.000000e-03 0.000000e+00 0.000000e+00 2.000000e-03
   39    1      2      0    0      1      -1      -1   500 0.018000000 0.12200000 0.17600000 0.09800000 0.19800000 0.050000000 0.08600000 0.08600000 0.068000000 0.038000000 0.008000000 0.004000000 0.0100000000 0.010000000 0.0060000000 0.0080000000 2.000000e-03 0.000000e+00 0.000000e+00 2.000000e-03 2.000000e-03 0.000000e+00 2.000000e-03 2.000000e-03 4.000000e-03
   40    1      2      0    0      1      -1      -1   500 0.040000000 0.17800000 0.12200000 0.10800000 0.08000000 0.188000000 0.05200000 0.05200000 0.052000000 0.040000000 0.040000000 0.016000000 0.0080000000 0.004000000 0.0040000000 0.0060000000 4.000000e-03 0.000000e+00 0.000000e+00 2.000000e-03 0.000000e+00 0.000000e+00 2.000000e-03 0.000000e+00 2.000000e-03
   41    1      2      0    0      1      -1      -1   500 0.054000000 0.22400000 0.15000000 0.06000000 0.10400000 0.084000000 0.12000000 0.02400000 0.048000000 0.022000000 0.048000000 0.018000000 0.0060000000 0.004000000 0.0020000000 0.0000000000 2.000000e-03 1.000000e-02 2.000000e-03 2.000000e-03 4.000000e-03 2.000000e-03 4.000000e-03 2.000000e-03 4.000000e-03
   42    1      2      0    0      1      -1      -1   500 0.034000000 0.24600000 0.17000000 0.10600000 0.05400000 0.080000000 0.06000000 0.07000000 0.034000000 0.032000000 0.026000000 0.026000000 0.0160000000 0.008000000 0.0020000000 0.0060000000 6.000000e-03 4.000000e-03 1.000000e-02 0.000000e+00 0.000000e+00 0.000000e+00 0.000000e+00 0.000000e+00 1.000000e-02
   43    1      2      0    0      1      -1      -1   500 0.026000000 0.18200000 0.22600000 0.17200000 0.08800000 0.034000000 0.04600000 0.03600000 0.068000000 0.032000000 0.008000000 0.024000000 0.0220000000 0.002000000 0.0060000000 0.0040000000 2.000000e-03 0.000000e+00 4.000000e-03 6.000000e-03 4.000000e-03 0.000000e+00 2.000000e-03 2.000000e-03 4.000000e-03
   44    1      2      0    0      1      -1      -1   500 0.026000000 0.17000000 0.19800000 0.16000000 0.10800000 0.064000000 0.03600000 0.05600000 0.026000000 0.060000000 0.022000000 0.006000000 0.0160000000 0.032000000 0.0080000000 0.0060000000 0.000000e+00 0.000000e+00 2.000000e-03 0.000000e+00 2.000000e-03 0.000000e+00 0.000000e+00 0.000000e+00 2.000000e-03
   45    1      2      0    0      1      -1      -1   500 0.012000000 0.13000000 0.18600000 0.14200000 0.18600000 0.072000000 0.06800000 0.02200000 0.038000000 0.036000000 0.036000000 0.010000000 0.0160000000 0.026000000 0.0100000000 0.0060000000 0.000000e+00 0.000000e+00 0.000000e+00 0.000000e+00 0.000000e+00 0.000000e+00 0.000000e+00 0.000000e+00 4.000000e-03
   46    1      2      0    0      1      -1      -1   500 0.016000000 0.11800000 0.12000000 0.17000000 0.12800000 0.130000000 0.09200000 0.04400000 0.024000000 0.036000000 0.028000000 0.042000000 0.0120000000 0.004000000 0.0080000000 0.0120000000 1.000000e-02 2.000000e-03 0.000000e+00 0.000000e+00 2.000000e-03 0.000000e+00 0.000000e+00 0.000000e+00 2.000000e-03
   47    1      2      0    0      1      -1      -1   500 0.038000000 0.11600000 0.13400000 0.11800000 0.12600000 0.090000000 0.10600000 0.07600000 0.036000000 0.024000000 0.032000000 0.014000000 0.0300000000 0.006000000 0.0180000000 0.0120000000 6.000000e-03 8.000000e-03 4.000000e-03 0.000000e+00 0.000000e+00 0.000000e+00 0.000000e+00 2.000000e-03 4.000000e-03
   48    1      2      0    0      1      -1      -1   500 0.020000000 0.21400000 0.14200000 0.10800000 0.06000000 0.108000000 0.09000000 0.10600000 0.030000000 0.024000000 0.020000000 0.008000000 0.0100000000 0.024000000 0.0060000000 0.0120000000 8.000000e-03 6.000000e-03 4.000000e-03 0.000000e+00 0.000000e+00 0.000000e+00 0.000000e+00 0.000000e+00 0.000000e+00
   49    1      2      0    0      1      -1      -1   500 0.034000000 0.09400000 0.21600000 0.09800000 0.08400000 0.094000000 0.08400000 0.07200000 0.066000000 0.040000000 0.022000000 0.016000000 0.0120000000 0.014000000 0.0140000000 0.0060000000 1.000000e-02 4.000000e-03 4.000000e-03 2.000000e-03 2.000000e-03 0.000000e+00 0.000000e+00 0.000000e+00 1.200000e-02
   50    1      2      0    0      1      -1      -1   500 0.048000000 0.22000000 0.07800000 0.18200000 0.07400000 0.058000000 0.04800000 0.06800000 0.054000000 0.058000000 0.026000000 0.016000000 0.0140000000 0.012000000 0.0060000000 0.0140000000 2.000000e-03 6.000000e-03 1.000000e-02 0.000000e+00 4.000000e-03 0.000000e+00 0.000000e+00 2.000000e-03 0.000000e+00
   51    1      2      0    0      1      -1      -1   500 0.046000000 0.25200000 0.15600000 0.05800000 0.12600000 0.054000000 0.04000000 0.04400000 0.044000000 0.036000000 0.040000000 0.026000000 0.0120000000 0.006000000 0.0120000000 0.0100000000 1.200000e-02 2.000000e-03 6.000000e-03 4.000000e-03 4.000000e-03 4.000000e-03 0.000000e+00 0.000000e+00 6.000000e-03
   52    1      2      0    0      1      -1      -1   500 0.042000000 0.20400000 0.20600000 0.12200000 0.05200000 0.108000000 0.05000000 0.03800000 0.028000000 0.040000000 0.044000000 0.022000000 0.0080000000 0.010000000 0.0020000000 0.0040000000 4.000000e-03 4.000000e-03 4.000000e-03 2.000000e-03 2.000000e-03 0.000000e+00 2.000000e-03 0.000000e+00 2.000000e-03
   53    1      2      0    0      1      -1      -1   500 0.064000000 0.15000000 0.24400000 0.16600000 0.08200000 0.036000000 0.07400000 0.01800000 0.026000000 0.016000000 0.028000000 0.026000000 0.0240000000 0.012000000 0.0100000000 0.0060000000 6.000000e-03 0.000000e+00 4.000000e-03 2.000000e-03 0.000000e+00 2.000000e-03 0.000000e+00 2.000000e-03 2.000000e-03
   54    1      2      0    0      1      -1      -1   500 0.068000000 0.28400000 0.12400000 0.15600000 0.11200000 0.060000000 0.02000000 0.03800000 0.028000000 0.018000000 0.016000000 0.028000000 0.0100000000 0.012000000 0.0060000000 0.0040000000 0.000000e+00 2.000000e-03 2.000000e-03 6.000000e-03 0.000000e+00 4.000000e-03 0.000000e+00 0.000000e+00 2.000000e-03
   55    1      2      0    0      1      -1      -1   500 0.042000000 0.26000000 0.23600000 0.08600000 0.10600000 0.068000000 0.04600000 0.02000000 0.034000000 0.022000000 0.002000000 0.012000000 0.0180000000 0.010000000 0.0120000000 0.0120000000 0.000000e+00 0.000000e+00 4.000000e-03 0.000000e+00 4.000000e-03 0.000000e+00 4.000000e-03 0.000000e+00 2.000000e-03
   56    1      2      0    0      1      -1      -1   500 0.022000000 0.20400000 0.21200000 0.17400000 0.06600000 0.086000000 0.08400000 0.02000000 0.014000000 0.030000000 0.012000000 0.006000000 0.0100000000 0.016000000 0.0100000000 0.0080000000 8.000000e-03 8.000000e-03 4.000000e-03 0.000000e+00 0.000000e+00 2.000000e-03 0.000000e+00 0.000000e+00 4.000000e-03
   57    1      2      0    0      1      -1      -1   500 0.020000000 0.16000000 0.22000000 0.21200000 0.12400000 0.036000000 0.05400000 0.05400000 0.016000000 0.010000000 0.028000000 0.016000000 0.0120000000 0.002000000 0.0060000000 0.0080000000 4.000000e-03 6.000000e-03 4.000000e-03 0.000000e+00 4.000000e-03 0.000000e+00 0.000000e+00 2.000000e-03 2.000000e-03
   58    1      2      0    0      1      -1      -1   500 0.022000000 0.11200000 0.17000000 0.16600000 0.18400000 0.110000000 0.04400000 0.04800000 0.038000000 0.030000000 0.016000000 0.018000000 0.0020000000 0.006000000 0.0020000000 0.0040000000 2.000000e-03 4.000000e-03 6.000000e-03 4.000000e-03 0.000000e+00 2.000000e-03 0.000000e+00 4.000000e-03 6.000000e-03
   59    1      2      0    0      1      -1      -1   500 0.076000000 0.15600000 0.08800000 0.15800000 0.11800000 0.120000000 0.10600000 0.02400000 0.046000000 0.042000000 0.008000000 0.004000000 0.0100000000 0.010000000 0.0100000000 0.0000000000 4.000000e-03 2.000000e-03 1.000000e-02 0.000000e+00 0.000000e+00 2.000000e-03 0.000000e+00 2.000000e-03 4.000000e-03
   60    1      2      0    0      1      -1      -1   500 0.042000000 0.29200000 0.11400000 0.06400000 0.11200000 0.084000000 0.08200000 0.06200000 0.046000000 0.018000000 0.032000000 0.006000000 0.0040000000 0.010000000 0.0060000000 0.0000000000 0.000000e+00 2.000000e-03 1.200000e-02 4.000000e-03 2.000000e-03 0.000000e+00 0.000000e+00 0.000000e+00 6.000000e-03
   61    1      2      0    0      1      -1      -1   500 0.068000000 0.22800000 0.24800000 0.07800000 0.03800000 0.072000000 0.07600000 0.06400000 0.044000000 0.020000000 0.018000000 0.024000000 0.0000000000 0.000000000 0.0060000000 0.0020000000 2.000000e-03 0.000000e+00 2.000000e-03 0.000000e+00 4.000000e-03 4.000000e-03 0.000000e+00 0.000000e+00 2.000000e-03
   62    1      2      0    0      1      -1      -1   500 0.042000000 0.28200000 0.15200000 0.19600000 0.06400000 0.040000000 0.03800000 0.05000000 0.046000000 0.036000000 0.016000000 0.008000000 0.0120000000 0.006000000 0.0000000000 0.0020000000 4.000000e-03 2.000000e-03 4.000000e-03 0.000000e+00 0.000000e+00 0.000000e+00 0.000000e+00 0.000000e+00 0.000000e+00
   63    1      2      0    0      1      -1      -1   500 0.028000000 0.11200000 0.27800000 0.12200000 0.15000000 0.044000000 0.02800000 0.04600000 0.044000000 0.046000000 0.034000000 0.012000000 0.0160000000 0.006000000 0.0100000000 0.0040000000 6.000000e-03 2.000000e-03 4.000000e-03 0.000000e+00 4.000000e-03 2.000000e-03 0.000000e+00 2.000000e-03 0.000000e+00
   64    1      2      0    0      1      -1      -1   500 0.048000000 0.16400000 0.09000000 0.20400000 0.10600000 0.146000000 0.03400000 0.03600000 0.048000000 0.022000000 0.028000000 0.022000000 0.0100000000 0.016000000 0.0120000000 0.0020000000 2.000000e-03 2.000000e-03 4.000000e-03 0.000000e+00 0.000000e+00 4.000000e-03 0.000000e+00 0.000000e+00 0.000000e+00
   65    1      2      0    0      1      -1      -1   500 0.042000000 0.24400000 0.16400000 0.05400000 0.13800000 0.058000000 0.09800000 0.04600000 0.020000000 0.028000000 0.026000000 0.036000000 0.0120000000 0.010000000 0.0100000000 0.0040000000 0.000000e+00 2.000000e-03 0.000000e+00 0.000000e+00 0.000000e+00 0.000000e+00 2.000000e-03 2.000000e-03 4.000000e-03
   66    1      2      0    0      1      -1      -1   500 0.060000000 0.19400000 0.18000000 0.12600000 0.04800000 0.122000000 0.07200000 0.06600000 0.022000000 0.018000000 0.012000000 0.018000000 0.0160000000 0.006000000 0.0080000000 0.0100000000 6.000000e-03 2.000000e-03 2.000000e-03 4.000000e-03 0.000000e+00 0.000000e+00 0.000000e+00 0.000000e+00 8.000000e-03
   67    1      2      0    0      1      -1      -1   500 0.050000000 0.26400000 0.11800000 0.12000000 0.09800000 0.038000000 0.10000000 0.05000000 0.052000000 0.024000000 0.008000000 0.024000000 0.0180000000 0.016000000 0.0080000000 0.0020000000 4.000000e-03 4.000000e-03 0.000000e+00 0.000000e+00 0.000000e+00 0.000000e+00 0.000000e+00 0.000000e+00 2.000000e-03
   68    1      2      0    0      1      -1      -1   500 0.058000000 0.25400000 0.23600000 0.10200000 0.07000000 0.046000000 0.02800000 0.07200000 0.038000000 0.020000000 0.020000000 0.006000000 0.0080000000 0.000000000 0.0100000000 0.0060000000 1.000000e-02 6.000000e-03 2.000000e-03 2.000000e-03 2.000000e-03 0.000000e+00 0.000000e+00 0.000000e+00 4.000000e-03
   69    1      2      0    0      1      -1      -1   500 0.070000000 0.25000000 0.17000000 0.17000000 0.06400000 0.066000000 0.04400000 0.01800000 0.058000000 0.022000000 0.032000000 0.006000000 0.0020000000 0.008000000 0.0100000000 0.0000000000 0.000000e+00 0.000000e+00 2.000000e-03 4.000000e-03 0.000000e+00 2.000000e-03 0.000000e+00 0.000000e+00 2.000000e-03
   70    1      2      0    0      1      -1      -1   500 0.038000000 0.30200000 0.21000000 0.10800000 0.09200000 0.062000000 0.05600000 0.02800000 0.010000000 0.030000000 0.022000000 0.018000000 0.0040000000 0.004000000 0.0040000000 0.0000000000 0.000000e+00 4.000000e-03 0.000000e+00 6.000000e-03 0.000000e+00 0.000000e+00 0.000000e+00 0.000000e+00 2.000000e-03
   71    1      2      0    0      1      -1      -1   500 0.024000000 0.19600000 0.26000000 0.14200000 0.10000000 0.088000000 0.03800000 0.03000000 0.026000000 0.008000000 0.030000000 0.008000000 0.0200000000 0.008000000 0.0040000000 0.0040000000 2.000000e-03 4.000000e-03 4.000000e-03 0.000000e+00 2.000000e-03 0.000000e+00 0.000000e+00 0.000000e+00 2.000000e-03
   72    1      2      0    0      1      -1      -1   500 0.052000000 0.12000000 0.19800000 0.17800000 0.10800000 0.096000000 0.07800000 0.03200000 0.036000000 0.024000000 0.006000000 0.030000000 0.0120000000 0.014000000 0.0040000000 0.0000000000 0.000000e+00 8.000000e-03 0.000000e+00 2.000000e-03 0.000000e+00 0.000000e+00 2.000000e-03 0.000000e+00 0.000000e+00
   73    1      2      0    0      1      -1      -1   500 0.044000000 0.17200000 0.11600000 0.16000000 0.16200000 0.100000000 0.07200000 0.07200000 0.022000000 0.020000000 0.012000000 0.006000000 0.0160000000 0.008000000 0.0100000000 0.0040000000 0.000000e+00 0.000000e+00 0.000000e+00 0.000000e+00 4.000000e-03 0.000000e+00 0.000000e+00 0.000000e+00 0.000000e+00
   74    1      2      0    0      1      -1      -1   500 0.032000000 0.21600000 0.15600000 0.08800000 0.12000000 0.134000000 0.08400000 0.05000000 0.036000000 0.014000000 0.018000000 0.006000000 0.0040000000 0.006000000 0.0080000000 0.0120000000 2.000000e-03 2.000000e-03 4.000000e-03 0.000000e+00 2.000000e-03 2.000000e-03 2.000000e-03 0.000000e+00 2.000000e-03
   75    1      2      0    0      1      -1      -1   500 0.040000000 0.12800000 0.19000000 0.11800000 0.07600000 0.100000000 0.11000000 0.06600000 0.030000000 0.048000000 0.028000000 0.022000000 0.0060000000 0.004000000 0.0100000000 0.0040000000 6.000000e-03 6.000000e-03 4.000000e-03 0.000000e+00 2.000000e-03 0.000000e+00 0.000000e+00 0.000000e+00 2.000000e-03
   76    1      2      0    0      1      -1      -1   500 0.060000000 0.21000000 0.14600000 0.15200000 0.08400000 0.058000000 0.07200000 0.06200000 0.044000000 0.022000000 0.024000000 0.012000000 0.0060000000 0.006000000 0.0020000000 0.0040000000 4.000000e-03 1.000000e-02 1.000000e-02 0.000000e+00 4.000000e-03 0.000000e+00 4.000000e-03 0.000000e+00 4.000000e-03
   77    1      2      0    0      1      -1      -1   500 0.068000000 0.24200000 0.15400000 0.09800000 0.11200000 0.042000000 0.03800000 0.05200000 0.048000000 0.038000000 0.026000000 0.028000000 0.0100000000 0.014000000 0.0040000000 0.0040000000 1.400000e-02 4.000000e-03 0.000000e+00 0.000000e+00 0.000000e+00 0.000000e+00 0.000000e+00 2.000000e-03 2.000000e-03
   78    1      2      0    0      1      -1      -1   500 0.062000000 0.32600000 0.15400000 0.12600000 0.04800000 0.072000000 0.04400000 0.03200000 0.028000000 0.050000000 0.012000000 0.018000000 0.0140000000 0.006000000 0.0000000000 0.0020000000 0.000000e+00 2.000000e-03 0.000000e+00 2.000000e-03 2.000000e-03 0.000000e+00 0.000000e+00 0.000000e+00 0.000000e+00
   79    1      2      0    0      1      -1      -1   500 0.024000000 0.30000000 0.23000000 0.13800000 0.04600000 0.032000000 0.05200000 0.02200000 0.030000000 0.028000000 0.032000000 0.020000000 0.0180000000 0.012000000 0.0020000000 0.0000000000 2.000000e-03 0.000000e+00 2.000000e-03 0.000000e+00 4.000000e-03 0.000000e+00 2.000000e-03 0.000000e+00 4.000000e-03
   80    1      2      0    0      1      -1      -1   500 0.032000000 0.17000000 0.27200000 0.20600000 0.11800000 0.052000000 0.03000000 0.04200000 0.024000000 0.010000000 0.008000000 0.006000000 0.0120000000 0.004000000 0.0040000000 0.0040000000 2.000000e-03 0.000000e+00 0.000000e+00 2.000000e-03 2.000000e-03 0.000000e+00 0.000000e+00 0.000000e+00 0.000000e+00
   81    1      2      0    0      1      -1      -1   500 0.048000000 0.22400000 0.14600000 0.18400000 0.14600000 0.084000000 0.03400000 0.02400000 0.034000000 0.014000000 0.004000000 0.012000000 0.0160000000 0.006000000 0.0060000000 0.0060000000 0.000000e+00 4.000000e-03 2.000000e-03 0.000000e+00 4.000000e-03 0.000000e+00 0.000000e+00 0.000000e+00 2.000000e-03
   82    1      2      0    0      1      -1      -1   500 0.012000000 0.20200000 0.19800000 0.10200000 0.16400000 0.126000000 0.06200000 0.04200000 0.014000000 0.024000000 0.010000000 0.010000000 0.0040000000 0.004000000 0.0040000000 0.0060000000 4.000000e-03 4.000000e-03 2.000000e-03 2.000000e-03 0.000000e+00 0.000000e+00 2.000000e-03 2.000000e-03 0.000000e+00
   83    1      2      0    0      1      -1      -1   500 0.084000000 0.09400000 0.21600000 0.15800000 0.10600000 0.104000000 0.08000000 0.05600000 0.034000000 0.008000000 0.020000000 0.012000000 0.0060000000 0.002000000 0.0040000000 0.0060000000 2.000000e-03 2.000000e-03 4.000000e-03 0.000000e+00 0.000000e+00 0.000000e+00 0.000000e+00 0.000000e+00 2.000000e-03
   84    1      2      0    0      1      -1      -1   500 0.026000000 0.32600000 0.08000000 0.14600000 0.11200000 0.078000000 0.06600000 0.05400000 0.030000000 0.028000000 0.010000000 0.022000000 0.0020000000 0.000000000 0.0040000000 0.0040000000 2.000000e-03 2.000000e-03 4.000000e-03 2.000000e-03 0.000000e+00 0.000000e+00 0.000000e+00 2.000000e-03 0.000000e+00
   85    1      2      0    0      1      -1      -1   500 0.032000000 0.12600000 0.33000000 0.07200000 0.13400000 0.086000000 0.05000000 0.07400000 0.026000000 0.020000000 0.018000000 0.002000000 0.0040000000 0.010000000 0.0040000000 0.0040000000 6.000000e-03 0.000000e+00 2.000000e-03 0.000000e+00 0.000000e+00 0.000000e+00 0.000000e+00 0.000000e+00 0.000000e+00
   86    1      2      0    0      1      -1      -1   500 0.034000000 0.14800000 0.12600000 0.24400000 0.04400000 0.110000000 0.08600000 0.04800000 0.058000000 0.040000000 0.016000000 0.014000000 0.0060000000 0.006000000 0.0020000000 0.0020000000 4.000000e-03 1.000000e-02 0.000000e+00 0.000000e+00 0.000000e+00 0.000000e+00 0.000000e+00 0.000000e+00 2.000000e-03
   87    1      2      0    0      1      -1      -1   500 0.118000000 0.05800000 0.15600000 0.13200000 0.17200000 0.034000000 0.08600000 0.07000000 0.036000000 0.032000000 0.044000000 0.028000000 0.0100000000 0.004000000 0.0020000000 0.0040000000 2.000000e-03 2.000000e-03 4.000000e-03 2.000000e-03 2.000000e-03 0.000000e+00 0.000000e+00 0.000000e+00 2.000000e-03
   88    1      2      0    0      1      -1      -1   500 0.046000000 0.37800000 0.03800000 0.08800000 0.07200000 0.128000000 0.03600000 0.06800000 0.024000000 0.024000000 0.040000000 0.024000000 0.0160000000 0.004000000 0.0020000000 0.0040000000 2.000000e-03 0.000000e+00 0.000000e+00 0.000000e+00 0.000000e+00 2.000000e-03 0.000000e+00 0.000000e+00 4.000000e-03
   89    1      2      0    0      1      -1      -1   500 0.032000000 0.20800000 0.36600000 0.04600000 0.07000000 0.060000000 0.09600000 0.01600000 0.036000000 0.016000000 0.008000000 0.012000000 0.0080000000 0.008000000 0.0060000000 0.0020000000 0.000000e+00 0.000000e+00 0.000000e+00 6.000000e-03 2.000000e-03 2.000000e-03 0.000000e+00 0.000000e+00 0.000000e+00
   90    1      2      0    0      1      -1      -1   500 0.028000000 0.16400000 0.21800000 0.25200000 0.03600000 0.088000000 0.03400000 0.08000000 0.014000000 0.016000000 0.018000000 0.012000000 0.0220000000 0.010000000 0.0040000000 0.0020000000 2.000000e-03 0.000000e+00 0.000000e+00 0.000000e+00 0.000000e+00 0.000000e+00 0.000000e+00 0.000000e+00 0.000000e+00
   91    1      2      0    0      1      -1      -1   500 0.068000000 0.20200000 0.11800000 0.14800000 0.19200000 0.024000000 0.05000000 0.03200000 0.054000000 0.008000000 0.020000000 0.016000000 0.0140000000 0.026000000 0.0140000000 0.0020000000 6.000000e-03 4.000000e-03 0.000000e+00 0.000000e+00 0.000000e+00 0.000000e+00 0.000000e+00 0.000000e+00 2.000000e-03
   92    1      2      0    0      1      -1      -1   500 0.020000000 0.30200000 0.15000000 0.11800000 0.10600000 0.132000000 0.01400000 0.03200000 0.022000000 0.028000000 0.006000000 0.018000000 0.0120000000 0.008000000 0.0120000000 0.0020000000 4.000000e-03 2.000000e-03 2.000000e-03 2.000000e-03 0.000000e+00 0.000000e+00 0.000000e+00 4.000000e-03 4.000000e-03
   93    1      2      0    0      1      -1      -1   500 0.040000000 0.09000000 0.31600000 0.12800000 0.06800000 0.084000000 0.13800000 0.01800000 0.020000000 0.012000000 0.030000000 0.010000000 0.0100000000 0.006000000 0.0060000000 0.0080000000 8.000000e-03 0.000000e+00 2.000000e-03 0.000000e+00 2.000000e-03 2.000000e-03 0.000000e+00 0.000000e+00 2.000000e-03
   94    1      2      0    0      1      -1      -1   500 0.056000000 0.23200000 0.08800000 0.22800000 0.09200000 0.062000000 0.06800000 0.07800000 0.006000000 0.020000000 0.014000000 0.010000000 0.0040000000 0.006000000 0.0020000000 0.0040000000 1.000000e-02 6.000000e-03 6.000000e-03 0.000000e+00 2.000000e-03 0.000000e+00 4.000000e-03 0.000000e+00 2.000000e-03
   95    1      2      0    0      1      -1      -1   500 0.028000000 0.30800000 0.18600000 0.07200000 0.14600000 0.070000000 0.03200000 0.04000000 0.054000000 0.004000000 0.004000000 0.010000000 0.0160000000 0.000000000 0.0120000000 0.0040000000 0.000000e+00 6.000000e-03 0.000000e+00 0.000000e+00 0.000000e+00 0.000000e+00 2.000000e-03 0.000000e+00 6.000000e-03
   96    1      2      0    0      1      -1      -1   500 0.028000000 0.11600000 0.27400000 0.17400000 0.06000000 0.132000000 0.04400000 0.03000000 0.044000000 0.040000000 0.008000000 0.008000000 0.0040000000 0.018000000 0.0060000000 0.0000000000 1.000000e-02 0.000000e+00 0.000000e+00 2.000000e-03 0.000000e+00 0.000000e+00 0.000000e+00 2.000000e-03 0.000000e+00
   97    1      2      0    0      1      -1      -1   500 0.036000000 0.09400000 0.14600000 0.24400000 0.16600000 0.036000000 0.08600000 0.04000000 0.030000000 0.018000000 0.056000000 0.000000000 0.0100000000 0.006000000 0.0140000000 0.0020000000 6.000000e-03 2.000000e-03 2.000000e-03 2.000000e-03 2.000000e-03 0.000000e+00 0.000000e+00 0.000000e+00 2.000000e-03
   98    1      2      0    0      1      -1      -1   500 0.072000000 0.10400000 0.11600000 0.13400000 0.17800000 0.112000000 0.02000000 0.08400000 0.044000000 0.026000000 0.034000000 0.040000000 0.0040000000 0.010000000 0.0100000000 0.0060000000 2.000000e-03 4.000000e-03 0.000000e+00 0.000000e+00 0.000000e+00 0.000000e+00 0.000000e+00 0.000000e+00 0.000000e+00
   99    1      2      0    0      1      -1      -1   500 0.028000000 0.26600000 0.10600000 0.08000000 0.09200000 0.150000000 0.08800000 0.01200000 0.056000000 0.026000000 0.010000000 0.016000000 0.0360000000 0.004000000 0.0020000000 0.0040000000 1.000000e-02 0.000000e+00 2.000000e-03 8.000000e-03 2.000000e-03 2.000000e-03 0.000000e+00 0.000000e+00 0.000000e+00
  100    1      2      0    0      1      -1      -1   500 0.042000000 0.13000000 0.28800000 0.08400000 0.05600000 0.066000000 0.10600000 0.06800000 0.022000000 0.048000000 0.016000000 0.010000000 0.0120000000 0.020000000 0.0060000000 0.0040000000 4.000000e-03 4.000000e-03 4.000000e-03 4.000000e-03 0.000000e+00 2.000000e-03 2.000000e-03 2.000000e-03 0.000000e+00
0 #_N_MeanSize_at_Age_obs
0 #_N_environ_variables
0 #_N_environ_obs
0 #_N_sizefreq_methods
0 #_do_tags
0 #_morphcomp_data
#
999
