#C data file created using the SS_writedat function in the R package r4ss
#C should work with SS version: 
#C file write time: 2014-11-06 19:35:41
#
1 #_styr
100 #_endyr
1 #_nseas
12 #_months_per_seas
1 #_spawn_seas
1 #_Nfleet
2 #_Nsurveys
1 #_N_areas
Fishery%Survey%CPUE #_fleetnames
0.5 0.5 0.5 #_surveytiming_in_season
1 1 1 #_area_assignments_for_each_fishery_and_survey
1 #_units of catch:  1=bio; 2=num
0.01 #_se of log(catch) only used for init_eq_catch and for Fmethod 2 and 3
1 #_Ngenders
25 #_Nages
0 #_init_equil_catch_for_each_fishery
100 #_N_lines_of_catch_to_read
 #_Fishery year seas
         0    1    1
         0    2    1
         0    3    1
         0    4    1
         0    5    1
         0    6    1
         0    7    1
         0    8    1
         0    9    1
         0   10    1
         0   11    1
         0   12    1
         0   13    1
         0   14    1
         0   15    1
         0   16    1
         0   17    1
         0   18    1
         0   19    1
         0   20    1
         0   21    1
         0   22    1
         0   23    1
         0   24    1
         0   25    1
 254866000   26    1
 237242000   27    1
 221307000   28    1
 206058000   29    1
 194945000   30    1
 188266000   31    1
 182626000   32    1
 177453000   33    1
 175615000   34    1
 179256000   35    1
 180376000   36    1
 180022000   37    1
 179675000   38    1
 175370000   39    1
 169243000   40    1
 166177000   41    1
 164024000   42    1
 160042000   43    1
 156171000   44    1
 150663000   45    1
 146524000   46    1
 147840000   47    1
 149379000   48    1
 152363000   49    1
 159678000   50    1
 166464000   51    1
 172686000   52    1
 177990000   53    1
 181947000   54    1
 190501000   55    1
 195124000   56    1
 193171000   57    1
 190987000   58    1
 193263000   59    1
 192101000   60    1
 188713000   61    1
 187844000   62    1
 189729000   63    1
 187447000   64    1
 185251000   65    1
 186636000   66    1
 192095000   67    1
 194664000   68    1
 195157000   69    1
 194466000   70    1
 196189000   71    1
 199705000   72    1
 197325000   73    1
 190795000   74    1
 184894000   75    1
 178302000   76    1
 175060000   77    1
 176527000   78    1
 176317000   79    1
 174033000   80    1
 171146000   81    1
 171337000   82    1
 171094000   83    1
 169467000   84    1
 166388000   85    1
 165856000   86    1
 164771000   87    1
 162883000   88    1
 162652000   89    1
 161234000   90    1
 157941000   91    1
 152726000   92    1
 149503000   93    1
 147354000   94    1
 146681000   95    1
 147655000   96    1
 149304000   97    1
 149896000   98    1
 147407000   99    1
 145464000  100    1
76 #_N_cpue
 #_Fleet Units Errtype
       1     1       0
       2     1       0
       3     1       0
 #_year seas index        obs se_log
     25    1     2 3632883212    0.2
     26    1     2 4768229505    0.2
     27    1     2 3830823439    0.2
     28    1     2 2834154891    0.2
     29    1     2 2926444848    0.2
     30    1     2 2755358716    0.2
     31    1     2 2197350540    0.2
     32    1     2 2690760692    0.2
     33    1     2 3508471727    0.2
     34    1     2 2667826415    0.2
     35    1     2 2471762844    0.2
     36    1     2 2792815465    0.2
     37    1     2 2868834725    0.2
     38    1     2 3290078940    0.2
     39    1     2 2921752455    0.2
     40    1     2 2290243448    0.2
     41    1     2 2680696451    0.2
     42    1     2 2417465837    0.2
     43    1     2 2679329472    0.2
     44    1     2 1896958444    0.2
     45    1     2 4075585340    0.2
     46    1     2 1948520233    0.2
     47    1     2 2251776606    0.2
     48    1     2 2301157904    0.2
     49    1     2 1920874673    0.2
     50    1     2 1431882399    0.2
     51    1     2 3315836471    0.2
     52    1     2 2678351980    0.2
     53    1     2 2044164472    0.2
     54    1     2 3237477128    0.2
     55    1     2 2394523651    0.2
     56    1     2 2091499158    0.2
     57    1     2 2372739486    0.2
     58    1     2 3362249032    0.2
     59    1     2 2093948589    0.2
     60    1     2 3476383705    0.2
     61    1     2 2549667537    0.2
     62    1     2 2921071049    0.2
     63    1     2 2647936378    0.2
     64    1     2 2580918281    0.2
     65    1     2 2725949544    0.2
     66    1     2 2977535812    0.2
     67    1     2 2865709488    0.2
     68    1     2 3569565226    0.2
     69    1     2 2555251399    0.2
     70    1     2 2502737914    0.2
     71    1     2 2420577489    0.2
     72    1     2 3137954940    0.2
     73    1     2 3669834503    0.2
     74    1     2 2535069329    0.2
     75    1     2 3581814199    0.2
     76    1     2 2220303733    0.2
     77    1     2 2178884553    0.2
     78    1     2 3553795153    0.2
     79    1     2 2098746773    0.2
     80    1     2 3113184936    0.2
     81    1     2 2543939127    0.2
     82    1     2 2610778648    0.2
     83    1     2 2872974822    0.2
     84    1     2 2469964914    0.2
     85    1     2 3649272235    0.2
     86    1     2 2176033241    0.2
     87    1     2 3350100631    0.2
     88    1     2 1980516596    0.2
     89    1     2 1556610589    0.2
     90    1     2 2356705417    0.2
     91    1     2 2431678434    0.2
     92    1     2 2247975863    0.2
     93    1     2 3270320079    0.2
     94    1     2 2164723875    0.2
     95    1     2 1671401403    0.2
     96    1     2 2171990612    0.2
     97    1     2 2245388342    0.2
     98    1     2 1935098848    0.2
     99    1     2 1602717817    0.2
    100    1     2 2099441734    0.2
0 #_N_discard_fleets
#_discard_units (1=same_as_catchunits(bio/num); 2=fraction; 3=numbers)
#_discard_errtype:  >0 for DF of T-dist(read CV below); 0 for normal with CV; -1 for normal with se; -2 for lognormal
0 #_N_discard
0 #_N_meanbodywt
1 #_DF_for_meanbodywt_T-distribution_like
2 # length bin method: 1=use databins; 2=generate from binwidth,min,max below; 3=read vector
1 # binwidth for population size comp
10 # minimum size in the population (lower edge of first bin and size at age 0.00)
200 # maximum size in the population (lower edge of last bin)
-0.001 #_comp_tail_compression
1e-05 #_add_to_comp
0 #_combine males into females at or below this bin number
21 #_N_lbins
#_lbin_vector
10 53 70 83 94 101 107 111 114 117 120 123 125 127 130 132 135 138 142 148 200
0 #_N_Length_comp_observations
25 #_N_agebins
#_agebin_vector
1 2 3 4 5 6 7 8 9 10 11 12 13 14 15 16 17 18 19 20 21 22 23 24 25
1 #_N_ageerror_definitions
 #_age0   age1   age2   age3   age4   age5   age6   age7   age8   age9  age10  age11  age12  age13  age14  age15  age16  age17  age18  age19  age20  age21  age22  age23  age24  age25
 -1.000 -1.000 -1.000 -1.000 -1.000 -1.000 -1.000 -1.000 -1.000 -1.000 -1.000 -1.000 -1.000 -1.000 -1.000 -1.000 -1.000 -1.000 -1.000 -1.000 -1.000 -1.000 -1.000 -1.000 -1.000 -1.000
  0.001  0.001  0.001  0.001  0.001  0.001  0.001  0.001  0.001  0.001  0.001  0.001  0.001  0.001  0.001  0.001  0.001  0.001  0.001  0.001  0.001  0.001  0.001  0.001  0.001  0.001
198 #_N_agecomp
1 #_Lbin_method: 1=poplenbins; 2=datalenbins; 3=lengths
-1 #_combine males into females at or below this bin number
 #_Yr Seas FltSvy Gender Part Ageerr Lbin_lo Lbin_hi Nsamp           a1         a2         a3         a4         a5         a6          a7         a8           a9          a10          a11          a12          a13          a14          a15          a16          a17          a18          a19          a20          a21          a22          a23          a24          a25
    2    1      1      0    0      1      -1      -1   100 0.0099487269 0.16367650 0.13105519 0.08996245 0.09502411 0.07882185 0.096938405 0.04381012 0.0148708071 0.0475807911 0.0182719041 0.0423656792 0.0333940200 1.859318e-02 2.416072e-02 8.552369e-03 1.019145e-03 3.847710e-03 1.675238e-04 3.038285e-02 3.769795e-03 1.061804e-04 3.331900e-02 7.367383e-04 9.624223e-03
    3    1      1      0    0      1      -1      -1   100 0.0128828828 0.08386386 0.22395373 0.14822204 0.13734732 0.07517696 0.095841514 0.07334145 0.0196195575 0.0192317726 0.0174029532 0.0173687059 0.0321979922 3.464472e-03 1.605299e-02 4.594651e-03 2.364282e-03 2.363641e-03 2.675776e-06 4.094174e-04 7.450599e-05 1.567229e-03 6.463702e-05 1.126631e-03 1.146413e-02
    4    1      1      0    0      1      -1      -1   100 0.0232455074 0.12820942 0.14304384 0.12802024 0.14863501 0.04108546 0.030276683 0.04639952 0.0644161725 0.0734227255 0.0308428780 0.0161485363 0.0304949154 4.812057e-03 3.855661e-03 2.860377e-03 5.702632e-02 1.258424e-02 8.740003e-05 5.889650e-04 1.142396e-04 1.690849e-04 1.969029e-03 1.935135e-03 9.756586e-03
    5    1      1      0    0      1      -1      -1   100 0.0150901385 0.19760801 0.13049334 0.11742805 0.08467498 0.08294884 0.090796326 0.03771352 0.0879687537 0.0253485567 0.0162850975 0.0210819744 0.0079905125 2.281272e-02 2.571789e-04 3.763149e-03 5.334195e-03 8.888814e-03 2.018526e-03 2.134905e-03 2.662062e-02 8.569678e-03 5.613317e-04 1.243560e-07 3.610655e-03
    6    1      1      0    0      1      -1      -1   100 0.0199693940 0.08496139 0.23606944 0.02765639 0.10937783 0.11948248 0.113931308 0.07580556 0.0214469887 0.0260947702 0.0452688178 0.0394147552 0.0159083191 2.438232e-03 2.373244e-03 2.066498e-02 2.531933e-03 6.622826e-03 2.009036e-03 3.431908e-03 2.910224e-03 2.092936e-02 1.425148e-05 4.285975e-04 2.579573e-04
    7    1      1      0    0      1      -1      -1   100 0.0045846907 0.17894016 0.15103926 0.16560361 0.07579354 0.09980914 0.060453258 0.03956407 0.0329767363 0.0311527813 0.0542917627 0.0131364695 0.0370873087 1.800654e-03 1.560207e-02 2.183433e-02 1.180704e-03 4.787894e-03 3.007928e-04 1.038179e-03 6.274585e-04 2.425945e-03 2.931676e-04 3.913737e-08 5.675979e-03
    8    1      1      0    0      1      -1      -1   100 0.0108024641 0.07487487 0.20966013 0.09325498 0.15177952 0.09318379 0.056643208 0.04849614 0.0536937517 0.0258790248 0.0424764199 0.0424244177 0.0047528151 7.865831e-03 2.613235e-02 1.945503e-03 1.508799e-02 8.400990e-04 1.085788e-02 5.194905e-03 2.068188e-04 2.900702e-03 8.022438e-03 5.694919e-07 1.302339e-02
    9    1      1      0    0      1      -1      -1   100 0.0138981575 0.14083841 0.14337008 0.15124992 0.12638281 0.11440773 0.030951080 0.03249177 0.0204599576 0.0784691791 0.0303894939 0.0086989812 0.0244760319 7.566205e-03 9.811888e-03 1.125182e-02 1.260993e-02 1.902162e-03 1.043020e-03 1.238541e-02 3.787941e-04 4.966988e-03 1.186298e-06 1.185410e-05 2.198713e-02
   10    1      1      0    0      1      -1      -1   100 0.0054243653 0.11369672 0.23256446 0.05839851 0.12739240 0.09456556 0.098442508 0.06417841 0.0136848886 0.0242331902 0.0350524194 0.0069526014 0.0074550515 1.568040e-02 3.271687e-03 4.108179e-03 5.127208e-04 1.594882e-02 3.232421e-02 4.455499e-03 4.507408e-03 1.130340e-02 1.610018e-02 4.838167e-03 4.908235e-03
   11    1      1      0    0      1      -1      -1   100 0.0240736407 0.15480162 0.14860675 0.09755295 0.06291008 0.13332881 0.055042801 0.04079587 0.0141601728 0.0325655787 0.0585764852 0.0197098937 0.0303757170 2.597455e-02 6.303671e-03 7.242014e-03 2.009898e-03 5.083041e-03 2.532457e-04 1.405586e-02 7.226024e-03 2.864330e-05 3.038334e-02 3.597127e-06 2.893576e-02
   12    1      1      0    0      1      -1      -1   100 0.0034922128 0.10052552 0.15160960 0.12426630 0.15069693 0.04265997 0.086538970 0.06358596 0.0666373893 0.0517881106 0.0335885339 0.0383314471 0.0212248692 8.258082e-03 1.460748e-02 1.910799e-03 2.949655e-02 5.136054e-04 3.634287e-03 1.533475e-03 1.039869e-05 1.970297e-03 1.296889e-04 5.248488e-09 2.989522e-03
   13    1      1      0    0      1      -1      -1   100 0.0193040168 0.05378091 0.16347117 0.18490445 0.07605512 0.07613977 0.074557014 0.04832717 0.1004837537 0.0283001070 0.0310417405 0.0167525430 0.0326932902 4.972929e-03 2.008568e-02 2.965683e-02 1.715099e-02 1.502271e-04 2.923280e-05 2.427088e-03 1.933149e-04 5.753796e-06 1.177650e-04 6.134934e-03 1.326419e-02
   14    1      1      0    0      1      -1      -1   100 0.0009003039 0.12774675 0.05133720 0.17598802 0.13768680 0.10358741 0.064589797 0.07002356 0.0387471265 0.0251139082 0.0284046580 0.0201017951 0.0207143577 3.647800e-02 9.975400e-03 3.249791e-02 7.824304e-05 5.543506e-03 3.946981e-03 1.527379e-02 4.759735e-03 6.082371e-03 1.052827e-05 5.563398e-04 1.985551e-02
   15    1      1      0    0      1      -1      -1   100 0.0019290766 0.11657100 0.17374662 0.06793808 0.14971697 0.13414472 0.050329542 0.05137750 0.0331085605 0.0299570333 0.0220338063 0.0428293460 0.0100751125 2.370717e-02 1.450855e-02 2.344424e-03 2.979755e-02 3.632509e-03 1.711495e-03 2.305764e-03 1.230439e-03 3.053835e-04 1.026077e-02 1.219452e-02 1.424406e-02
   16    1      1      0    0      1      -1      -1   100 0.0045859372 0.13748625 0.08417046 0.19540046 0.06301317 0.10727946 0.109545319 0.02263766 0.0595772785 0.0352087499 0.0259244389 0.0216230505 0.0301032580 3.091034e-03 7.070817e-04 7.259489e-03 2.321092e-03 3.243079e-03 7.178799e-03 2.139763e-02 5.870507e-04 2.685419e-02 2.484759e-02 2.159993e-03 3.797478e-03
   17    1      1      0    0      1      -1      -1   100 0.0108839323 0.24969371 0.16935442 0.09545211 0.08345087 0.01717185 0.073349239 0.06481846 0.0333941211 0.0578164320 0.0082411669 0.0613081370 0.0098592557 1.662421e-02 2.431021e-03 2.576864e-03 2.222810e-02 1.638510e-03 9.235819e-06 1.216856e-03 9.119250e-03 1.764824e-08 1.148561e-03 7.488239e-07 8.212907e-03
   18    1      1      0    0      1      -1      -1   100 0.0114375190 0.06623904 0.26889566 0.10517124 0.07153271 0.03511370 0.059071753 0.10679738 0.0314437848 0.0233439722 0.0249884998 0.0471873705 0.0488383431 1.003904e-02 5.799442e-03 5.668178e-03 1.866596e-02 4.980458e-03 7.275843e-03 4.420018e-03 2.336433e-02 6.626757e-03 5.177054e-03 2.505570e-03 5.416377e-03
   19    1      1      0    0      1      -1      -1   100 0.0034979450 0.15867168 0.07259512 0.23946185 0.07824679 0.06360496 0.078068569 0.01407597 0.0782342115 0.0379427968 0.0286111214 0.0532236057 0.0101247497 2.330930e-02 1.702035e-02 2.407732e-03 1.697404e-02 4.686622e-03 7.055429e-03 3.921726e-03 1.532826e-03 2.241655e-04 1.416902e-04 3.018733e-06 6.363736e-03
   20    1      1      0    0      1      -1      -1   100 0.0169392268 0.12406116 0.26677168 0.09870578 0.11944216 0.08478784 0.048545821 0.01519474 0.0190850516 0.0308279493 0.0413319145 0.0239090018 0.0192778204 3.491911e-03 2.934875e-02 1.174622e-03 1.057162e-02 3.112845e-04 1.566500e-02 4.993437e-03 3.572140e-04 3.416545e-07 4.976094e-05 1.270853e-07 2.515578e-02
   21    1      1      0    0      1      -1      -1   100 0.0027556924 0.11919422 0.13837652 0.12795395 0.05063471 0.09028410 0.076220266 0.03896866 0.0532113829 0.0244928369 0.0711612425 0.0448364728 0.0046200742 2.591101e-02 2.008850e-02 1.911339e-03 2.104289e-02 1.534937e-02 2.498921e-02 1.347673e-02 7.649104e-03 5.728516e-05 9.999233e-03 3.785333e-04 1.643668e-02
   22    1      1      0    0      1      -1      -1   100 0.0143265496 0.10646254 0.09769779 0.12194393 0.16124935 0.04123326 0.062156689 0.05481547 0.0195856447 0.0482088376 0.0046714379 0.0130339136 0.0194591319 1.182466e-02 3.451712e-02 3.888946e-02 8.497602e-03 4.205365e-02 3.791143e-02 1.195558e-03 1.061748e-03 3.447751e-04 1.176688e-02 4.833193e-03 4.225938e-02
   23    1      1      0    0      1      -1      -1   100 0.0025510564 0.15118808 0.06965256 0.09897833 0.11464166 0.14693354 0.046761460 0.08531376 0.0478134705 0.0307896208 0.0511333942 0.0059403592 0.0606081126 7.129990e-03 6.049293e-03 4.106529e-02 5.904785e-03 9.294191e-03 8.650588e-04 1.044370e-03 4.678959e-06 1.326845e-02 2.035989e-04 1.887244e-03 9.776454e-04
   24    1      1      0    0      1      -1      -1   100 0.0225818557 0.08695983 0.15540575 0.06565779 0.08936213 0.11188100 0.142592518 0.04626353 0.0839705577 0.0509409433 0.0243819878 0.0347342729 0.0031241381 1.707626e-02 4.900008e-03 4.471196e-03 9.578093e-03 1.371953e-02 2.044544e-03 7.449982e-03 6.856345e-03 2.326978e-03 3.687649e-04 6.640692e-03 6.711310e-03
   25    1      1      0    0      1      -1      -1   100 0.0042467413 0.07268822 0.11132118 0.19070219 0.09472404 0.08581897 0.056869676 0.09338303 0.0510675636 0.0747110148 0.0600518829 0.0012467808 0.0091652486 1.528168e-03 7.173968e-03 2.049789e-02 1.180422e-02 1.022202e-02 1.687761e-03 3.416142e-04 1.599732e-07 6.343112e-05 3.144027e-02 2.567535e-03 6.676427e-03
   26    1      1      0    0      1      -1      -1   100 0.0239330788 0.13958044 0.12555122 0.09362967 0.15332041 0.06159186 0.055002121 0.05779638 0.0792925710 0.0421215218 0.0255723535 0.0170684672 0.0319026165 2.314172e-02 1.855922e-02 1.584673e-02 5.740937e-03 6.923369e-03 1.701768e-02 2.002429e-04 2.276564e-03 4.532802e-06 2.523151e-03 4.401382e-04 9.630050e-04
   27    1      1      0    0      1      -1      -1   100 0.0063078582 0.09854910 0.12064206 0.12368614 0.15227125 0.16726186 0.037588796 0.02057029 0.0449624772 0.0439531134 0.0461026290 0.0084173979 0.0282792482 2.444379e-02 2.326120e-02 5.462054e-03 1.425177e-02 1.206900e-02 1.573482e-03 9.290005e-04 4.302620e-03 5.718536e-03 1.775776e-03 7.235379e-04 6.897004e-03
   28    1      1      0    0      1      -1      -1   100 0.0221217156 0.12680466 0.20039582 0.12366194 0.09880024 0.10113313 0.076059877 0.03324628 0.0183742741 0.0600644316 0.0153908810 0.0123242956 0.0114591248 2.069562e-03 1.241931e-02 3.200530e-02 9.230420e-04 9.020224e-03 1.594655e-02 4.657014e-03 4.348979e-03 3.072081e-03 2.370413e-07 1.641819e-04 1.553685e-02
   29    1      1      0    0      1      -1      -1   100 0.0210371216 0.06533753 0.12116236 0.16584035 0.11283286 0.14310049 0.015625605 0.03552688 0.0148862412 0.0409492686 0.0523775957 0.0530008666 0.0125799547 3.273674e-02 1.703448e-02 8.529347e-03 3.146792e-02 6.081109e-03 1.656462e-02 1.927426e-03 1.714383e-03 4.607291e-10 2.492934e-02 1.507821e-04 4.606749e-03
   30    1      1      0    0      1      -1      -1   100 0.0287852008 0.18119305 0.13185125 0.09876128 0.15239758 0.07139183 0.036372620 0.02092762 0.0373181098 0.0111047517 0.0087473673 0.0138099189 0.0588112427 1.785387e-03 5.229277e-02 1.642828e-02 2.463818e-03 8.619216e-03 1.318063e-03 6.458685e-03 2.262925e-02 1.156383e-02 2.292081e-03 1.406128e-02 8.615532e-03
   31    1      1      0    0      1      -1      -1   100 0.0478949945 0.06326159 0.28163842 0.13082875 0.05170081 0.08115898 0.087539346 0.04846685 0.0310131725 0.0953965664 0.0024682287 0.0147321673 0.0165826942 2.010236e-02 9.133855e-04 7.319363e-03 9.536654e-04 1.775443e-04 9.883980e-05 6.424473e-05 4.899060e-05 5.267482e-04 5.460701e-03 2.876070e-14 1.165158e-02
   32    1      1      0    0      1      -1      -1   100 0.0059433391 0.08611035 0.22410211 0.16221667 0.13428712 0.11680116 0.053605459 0.05106616 0.0323079296 0.0081708046 0.0079159849 0.0127860162 0.0093080051 2.882941e-02 1.786303e-02 4.365743e-03 6.735077e-03 1.539996e-03 5.418407e-05 2.492217e-03 1.120034e-06 9.227953e-03 1.763558e-09 9.311733e-03 1.495842e-02
   33    1      1      0    0      1      -1      -1   100 0.0580615632 0.12438775 0.15651555 0.16308526 0.15229406 0.04087662 0.049027968 0.06481237 0.0367056157 0.0246123183 0.0206969983 0.0268960866 0.0021287673 2.368421e-04 1.758222e-03 2.847919e-02 1.931327e-02 1.019916e-02 1.246203e-02 2.992818e-05 3.496836e-03 6.406485e-10 1.298847e-04 2.367130e-08 3.793679e-03
   34    1      1      0    0      1      -1      -1   100 0.0066863969 0.32520374 0.16858671 0.10846933 0.06604278 0.07859945 0.056303252 0.03641432 0.0529757719 0.0257758969 0.0074152367 0.0031104823 0.0225542736 1.598846e-04 5.318171e-03 1.228954e-02 6.372818e-03 7.327085e-05 8.774788e-04 2.368077e-11 2.669419e-05 1.208457e-02 3.608669e-04 2.061795e-05 4.278452e-03
   35    1      1      0    0      1      -1      -1   100 0.0108805918 0.19338397 0.38612557 0.07916083 0.10796834 0.02684045 0.063606438 0.04047702 0.0081679334 0.0068268696 0.0100679579 0.0182261964 0.0177990080 3.644686e-03 8.490724e-04 3.823144e-03 4.454003e-04 2.819804e-03 1.395125e-04 1.432335e-02 6.718777e-05 1.749126e-05 2.154537e-04 4.718271e-06 4.118998e-03
   36    1      1      0    0      1      -1      -1   100 0.0136950784 0.10870368 0.25797238 0.23347662 0.07064629 0.04912364 0.034406112 0.08081237 0.0150141043 0.0324278547 0.0200316521 0.0228686573 0.0109762435 8.598325e-04 3.366191e-03 2.122777e-03 1.016540e-03 3.934735e-04 4.607043e-04 1.097025e-09 3.518823e-02 1.227906e-03 8.358895e-04 6.553350e-07 4.373118e-03
   37    1      1      0    0      1      -1      -1   100 0.0381831104 0.19022341 0.10154360 0.17799323 0.21358037 0.04828633 0.062253492 0.05160610 0.0522661871 0.0081521695 0.0062127815 0.0061401220 0.0064835942 9.679817e-04 9.677472e-03 3.959231e-03 5.517850e-06 8.068608e-03 1.119579e-03 1.005022e-02 5.670807e-05 5.311310e-04 3.317337e-07 1.187846e-03 1.450874e-03
   38    1      1      0    0      1      -1      -1   100 0.0036845290 0.09519649 0.26993294 0.08519208 0.13027717 0.14954495 0.064387571 0.04413579 0.0199232173 0.0428236517 0.0153902427 0.0084159094 0.0169586396 1.236847e-03 7.426625e-05 2.057727e-03 1.998510e-02 9.730844e-04 3.032076e-03 1.224632e-02 5.174483e-05 7.446308e-07 1.402475e-04 4.219422e-03 1.011924e-02
   39    1      1      0    0      1      -1      -1   100 0.0176423660 0.08833440 0.13017925 0.19497775 0.07308163 0.09747710 0.156448019 0.07057000 0.0396531789 0.0224823692 0.0415481691 0.0240412953 0.0145687744 8.787588e-03 2.511001e-03 1.936449e-03 2.831218e-03 6.514590e-03 1.773471e-04 6.270793e-06 2.830155e-03 8.083247e-08 1.731480e-07 5.543392e-04 2.846483e-03
   40    1      1      0    0      1      -1      -1   100 0.0429151395 0.16510225 0.07841556 0.11088695 0.16471816 0.08825814 0.037807295 0.13229305 0.0306270128 0.0480327239 0.0056973052 0.0103866231 0.0131208066 2.252179e-06 6.055857e-02 6.092434e-03 2.789417e-03 6.271764e-05 2.231612e-05 8.022700e-04 2.863230e-05 6.912410e-04 7.847473e-06 2.733523e-04 4.079262e-04
   41    1      1      0    0      1      -1      -1   100 0.0583365544 0.16741643 0.18027886 0.14618880 0.06890503 0.08780620 0.053679431 0.05291116 0.0966349859 0.0168879095 0.0147593120 0.0172254010 0.0019469119 7.377209e-03 2.013739e-02 7.911652e-04 9.228413e-04 7.292358e-04 1.540090e-08 5.874537e-03 2.134333e-04 6.899714e-12 8.605126e-05 8.904756e-04 6.734570e-07
   42    1      1      0    0      1      -1      -1   100 0.0474880510 0.11347972 0.27682322 0.17252475 0.05406341 0.11496128 0.065858097 0.03273310 0.0254776579 0.0540459691 0.0087943671 0.0080307462 0.0046562696 9.207215e-03 5.616448e-04 4.384373e-05 4.433982e-03 6.134896e-04 3.558272e-05 4.487752e-05 1.215066e-04 8.142943e-05 4.256499e-04 1.105021e-13 5.494152e-03
   43    1      1      0    0      1      -1      -1   100 0.0205293190 0.08770878 0.10829825 0.26175445 0.11039420 0.04795561 0.125092096 0.06360692 0.0529209949 0.0066664903 0.0083010741 0.0470353329 0.0137457084 2.110366e-02 2.186477e-03 4.832940e-04 6.352045e-06 3.740572e-04 3.141477e-08 4.043225e-03 2.303061e-03 2.392131e-05 3.722512e-10 8.394245e-03 7.072453e-03
   44    1      1      0    0      1      -1      -1   100 0.0027024086 0.09887098 0.20662794 0.14318068 0.20047192 0.09466243 0.041990980 0.04618819 0.0594955899 0.0163856283 0.0558035698 0.0114549759 0.0019306092 3.367354e-03 3.834109e-03 5.344712e-03 2.066544e-03 4.273584e-03 3.960890e-05 7.376817e-05 1.351791e-06 1.285809e-05 3.167631e-15 9.404585e-12 1.220223e-03
   45    1      1      0    0      1      -1      -1   100 0.0637356132 0.05143316 0.13928182 0.14545940 0.13183969 0.13472274 0.086040236 0.05187387 0.0341147222 0.0541782069 0.0108097040 0.0187574762 0.0213162739 2.449740e-02 2.497511e-02 2.694596e-03 7.240753e-05 6.125578e-05 3.001762e-08 6.177105e-06 4.343001e-05 1.502740e-03 4.462606e-06 5.153305e-10 2.579464e-03
   46    1      1      0    0      1      -1      -1   100 0.0041343977 0.20418026 0.13655520 0.15991597 0.08969681 0.16809904 0.088001781 0.06499110 0.0260661800 0.0133927264 0.0153647105 0.0047324764 0.0145517820 2.008042e-03 3.779375e-04 2.430470e-03 4.276325e-04 4.576522e-05 4.398139e-03 9.226953e-08 3.003713e-05 5.620997e-16 2.363554e-08 1.275387e-06 5.981441e-04
   47    1      1      0    0      1      -1      -1   100 0.0146192298 0.19124822 0.24807234 0.05661611 0.09519305 0.14370418 0.034567294 0.06775424 0.0140123747 0.0002234203 0.0321874030 0.0193227225 0.0086959514 3.047234e-02 1.255987e-02 2.878227e-03 1.080755e-02 2.515759e-04 1.002969e-03 1.520031e-04 1.247033e-12 1.755561e-05 1.196674e-12 6.011976e-03 9.629396e-03
   48    1      1      0    0      1      -1      -1   100 0.0086870264 0.11343403 0.25657055 0.22366159 0.05265990 0.10482115 0.038215955 0.03294278 0.0565523903 0.0198858203 0.0101574869 0.0491381144 0.0027377859 1.707490e-03 4.965824e-03 1.230300e-02 7.889725e-04 1.641006e-03 6.261643e-04 5.788733e-05 1.720019e-10 8.533139e-12 7.981220e-06 8.312207e-06 8.428784e-03
   49    1      1      0    0      1      -1      -1   100 0.0152624979 0.27479254 0.16554524 0.13668616 0.12010001 0.02684678 0.080217378 0.04254988 0.0103555677 0.0468110287 0.0412838578 0.0002707157 0.0026720314 3.312564e-03 5.228425e-04 2.816176e-03 2.561673e-03 1.471889e-02 6.323906e-03 3.083403e-03 8.571659e-04 5.718908e-05 8.380538e-06 2.829705e-09 2.344113e-03
   50    1      1      0    0      1      -1      -1   100 0.0158344846 0.26388735 0.31589591 0.07997458 0.10002334 0.08941703 0.007415952 0.02188926 0.0460863837 0.0062489680 0.0162958304 0.0084373290 0.0002632694 1.455404e-02 1.000692e-02 1.270665e-06 3.302015e-03 1.247541e-04 1.588744e-05 4.754501e-05 9.097257e-07 1.688422e-04 1.295986e-40 1.277073e-11 1.081354e-04
   51    1      1      0    0      1      -1      -1   100 0.0214171170 0.06199850 0.24643024 0.15330065 0.07399340 0.09295561 0.094573318 0.03674632 0.0397978973 0.0549337707 0.0048170621 0.0361619547 0.0098726508 1.976412e-02 8.994886e-04 1.976516e-02 2.125044e-07 2.678329e-03 2.660215e-02 1.622007e-04 1.078888e-03 3.648043e-16 1.772823e-03 1.339933e-11 2.781363e-04
   52    1      1      0    0      1      -1      -1   100 0.0064472101 0.23540339 0.14899391 0.19786430 0.13184483 0.03758889 0.057331282 0.07457810 0.0133964067 0.0338194644 0.0046261791 0.0026853754 0.0045163310 3.003190e-02 1.327847e-05 6.646468e-03 1.128320e-02 3.799329e-04 5.916695e-05 8.675596e-04 5.345145e-05 7.977378e-06 3.355123e-04 1.386113e-11 1.225894e-03
   53    1      1      0    0      1      -1      -1   100 0.0016185054 0.10515750 0.29610445 0.11472172 0.14546467 0.11825824 0.025208978 0.06091301 0.0519215052 0.0125688527 0.0058730863 0.0113474538 0.0046021820 2.892427e-02 1.302050e-04 1.326698e-05 1.231850e-02 9.976170e-04 1.774591e-03 8.689838e-07 1.942703e-03 1.737028e-06 1.534251e-05 6.861856e-11 1.207311e-04
   54    1      1      0    0      1      -1      -1   100 0.0181854720 0.22711325 0.05602571 0.21344828 0.07741681 0.14814608 0.102176374 0.02840669 0.0302558908 0.0627495213 0.0028505332 0.0174629342 0.0083643911 2.483677e-03 7.919057e-04 1.657663e-04 7.351002e-04 2.372541e-04 2.027939e-03 5.437718e-05 8.381134e-06 3.948711e-04 8.240528e-19 3.669043e-05 4.620953e-04
   55    1      1      0    0      1      -1      -1   100 0.0020572065 0.17734646 0.21181806 0.07189199 0.18359093 0.06666915 0.085329872 0.04175229 0.0123038232 0.0670001806 0.0085934388 0.0002544947 0.0090884128 1.957245e-02 2.392282e-02 6.476809e-03 5.696034e-03 1.470660e-08 2.591276e-03 8.250320e-10 2.959990e-09 3.794850e-03 5.490158e-07 2.130491e-04 3.583942e-05
   56    1      1      0    0      1      -1      -1   100 0.0001420522 0.12372973 0.23960365 0.27650160 0.02877161 0.11918741 0.076700811 0.03372596 0.0370734874 0.0107174966 0.0039915919 0.0156696558 0.0144832547 5.197905e-03 1.459643e-03 1.421541e-07 2.377807e-03 4.988484e-04 1.725746e-06 5.385200e-11 8.477823e-03 3.545637e-16 1.800892e-05 1.669795e-03 3.992451e-17
   57    1      1      0    0      1      -1      -1   100 0.0137696624 0.05071639 0.21282290 0.14071299 0.21786544 0.04210207 0.062951262 0.07093072 0.0334613588 0.0740629141 0.0133178826 0.0022575761 0.0309332096 9.409427e-05 1.146326e-02 1.612253e-02 3.604011e-05 8.221057e-04 5.525115e-03 3.646977e-06 7.144378e-11 2.566493e-12 8.960642e-12 4.105760e-23 2.884086e-05
   58    1      1      0    0      1      -1      -1   100 0.0153718760 0.21646964 0.07671065 0.08342501 0.13865853 0.15178937 0.019293211 0.06892411 0.0972397126 0.0545156148 0.0435181488 0.0058191755 0.0088382970 9.789773e-03 6.438437e-06 4.314726e-05 7.152138e-03 5.053112e-06 3.921386e-05 1.064449e-03 7.276054e-05 2.622065e-11 4.532946e-13 2.534527e-11 1.253690e-03
   59    1      1      0    0      1      -1      -1   100 0.0003624107 0.20036474 0.23802029 0.14495674 0.06802917 0.06771652 0.066747427 0.00529148 0.0929753538 0.0078690920 0.0131881380 0.0166088136 0.0154513128 9.482958e-03 4.638456e-03 9.248345e-09 1.935335e-02 2.871123e-02 1.405962e-04 5.100712e-05 7.006569e-09 3.946135e-34 3.946476e-05 1.338917e-06 8.488442e-08
   60    1      1      0    0      1      -1      -1   100 0.0024045600 0.08098793 0.15308122 0.31366465 0.01780746 0.05265721 0.080737837 0.06420033 0.0580086398 0.0255070025 0.0230157765 0.0390434729 0.0351892012 4.087290e-03 3.458320e-03 6.193160e-05 3.397427e-05 7.941283e-05 1.118125e-03 8.369890e-05 3.243141e-02 1.564705e-03 7.347195e-03 3.426275e-03 2.365918e-06
   61    1      1      0    0      1      -1      -1   100 0.0206275339 0.14369562 0.11684084 0.23070486 0.17033017 0.05035300 0.077851283 0.05242853 0.0782752196 0.0160019500 0.0097548769 0.0072525218 0.0009671483 6.302724e-03 4.239343e-03 1.020350e-02 1.076091e-03 1.231143e-04 4.136840e-04 2.951919e-09 2.494672e-03 7.037598e-08 6.308511e-05 4.149635e-16 1.475383e-07
   62    1      1      0    0      1      -1      -1   100 0.0166236732 0.23286764 0.17808874 0.04238835 0.08965843 0.21452426 0.045735951 0.05398897 0.0103692351 0.0507006746 0.0152071900 0.0198391254 0.0130350545 2.722609e-03 1.617408e-03 1.032708e-02 1.176112e-03 2.018884e-05 1.780649e-08 2.974193e-14 8.572464e-04 4.097570e-05 3.159912e-09 2.475701e-16 2.110642e-04
   63    1      1      0    0      1      -1      -1   100 0.0206324944 0.16730173 0.29745192 0.09950249 0.08274662 0.07869992 0.083761162 0.01624305 0.0187887308 0.0497064938 0.0225167046 0.0236459877 0.0223999841 1.265386e-02 1.487057e-03 1.856074e-03 1.067039e-06 1.590383e-04 9.482941e-07 5.835711e-05 2.359460e-05 7.524116e-15 1.336752e-04 3.603309e-06 2.254451e-04
   64    1      1      0    0      1      -1      -1   100 0.0378376258 0.11657653 0.12635231 0.24021098 0.07367288 0.06071709 0.093810607 0.10114149 0.0033260910 0.0233004469 0.0069462679 0.0402094956 0.0409125586 1.110822e-02 1.585639e-02 8.878384e-04 1.032298e-03 4.323715e-05 9.934852e-04 3.907714e-04 4.550864e-03 1.258773e-12 4.738422e-11 1.150492e-04 7.480538e-06
   65    1      1      0    0      1      -1      -1   100 0.0217442235 0.10792235 0.17715527 0.08474087 0.30041264 0.09142126 0.045366845 0.02337291 0.0344202755 0.0008669547 0.0292916038 0.0203032367 0.0154145309 3.056743e-03 4.342419e-03 9.384841e-04 3.005302e-02 9.538551e-05 4.469902e-03 6.143131e-05 2.094365e-06 1.133672e-09 2.923853e-03 2.175156e-12 1.623691e-03
   66    1      1      0    0      1      -1      -1   100 0.0104042728 0.32250687 0.17274945 0.10536303 0.08220020 0.12812670 0.064001569 0.01508638 0.0090714992 0.0410138455 0.0001237271 0.0102514611 0.0192942708 1.199870e-02 5.494506e-05 5.718197e-03 1.784250e-03 6.101400e-05 3.535485e-05 6.632137e-07 1.152556e-11 3.718397e-14 6.185605e-08 3.067299e-10 1.535280e-04
   67    1      1      0    0      1      -1      -1   100 0.0116551219 0.14336071 0.32965642 0.10669251 0.08563814 0.07130863 0.108164385 0.02680304 0.0284061788 0.0305250350 0.0109010398 0.0011559611 0.0096560051 1.824537e-02 9.176650e-04 3.916320e-04 1.635330e-02 1.528256e-08 4.789336e-05 1.155487e-04 4.928103e-06 2.148651e-13 2.905179e-22 1.928962e-34 4.740178e-07
   68    1      1      0    0      1      -1      -1   100 0.0334453107 0.08311336 0.20522305 0.23158980 0.06709855 0.03221615 0.103003102 0.13424080 0.0294568227 0.0113955878 0.0058628463 0.0188052950 0.0169783455 3.897909e-03 5.173866e-03 1.426929e-03 5.822355e-04 1.239007e-02 6.702090e-08 6.853630e-04 1.797922e-04 1.763694e-03 2.455256e-05 6.649209e-04 7.815888e-04
   69    1      1      0    0      1      -1      -1   100 0.0194543413 0.08061215 0.15428545 0.16544425 0.25367367 0.05084636 0.053948362 0.04137587 0.0685505968 0.0312597553 0.0095905993 0.0055592083 0.0193574624 1.201089e-02 8.702728e-03 5.106646e-03 1.707334e-03 4.406033e-03 5.679130e-04 2.253571e-05 1.821430e-04 2.228098e-05 1.231122e-02 9.349777e-04 6.723189e-05
   70    1      1      0    0      1      -1      -1   100 0.0357246478 0.15215326 0.16269424 0.12183847 0.09299634 0.20403606 0.029619282 0.05514039 0.0308313139 0.0633455600 0.0020399904 0.0051301646 0.0098601049 4.794406e-03 6.079084e-05 5.332468e-03 2.987041e-03 9.723842e-03 2.165591e-06 2.937854e-06 5.683796e-03 4.988026e-10 2.177883e-03 2.166970e-09 3.824846e-03
   71    1      1      0    0      1      -1      -1   100 0.0086830181 0.22524798 0.19282241 0.10053347 0.10772242 0.07419802 0.117721407 0.08499098 0.0132306303 0.0039376445 0.0404299178 0.0046267218 0.0055009993 4.972834e-04 7.349507e-03 6.910036e-05 6.565812e-06 9.849592e-04 1.893015e-03 2.182032e-03 1.364422e-04 2.475972e-04 6.178129e-03 8.091977e-04 5.619766e-07
   72    1      1      0    0      1      -1      -1   100 0.0221720450 0.18484161 0.28489396 0.13192450 0.08267812 0.03351966 0.071981910 0.07534390 0.0080432512 0.0181426974 0.0156666280 0.0251227192 0.0054901786 8.162944e-05 5.860300e-03 3.277070e-03 1.509231e-08 2.605193e-04 2.275265e-02 7.045978e-03 1.080342e-10 8.890647e-04 1.142537e-05 1.014419e-09 1.584097e-07
   73    1      1      0    0      1      -1      -1   100 0.0192543634 0.03392929 0.20819722 0.29262227 0.07483169 0.04391176 0.092946100 0.04080176 0.0343728612 0.0569123398 0.0027527104 0.0506092201 0.0119734179 7.015393e-03 1.274981e-03 2.486633e-02 3.393908e-03 8.121611e-05 2.437171e-06 8.327060e-06 1.844367e-04 1.238312e-06 2.998438e-07 8.376647e-06 4.805148e-05
   74    1      1      0    0      1      -1      -1   100 0.0170934335 0.12127158 0.06416381 0.19732348 0.27899344 0.07116250 0.054078581 0.04322425 0.0388019665 0.0280656500 0.0098148206 0.0287568315 0.0095234670 5.228023e-03 3.246132e-04 6.749944e-04 5.967420e-03 2.259240e-02 1.140923e-07 9.723706e-06 8.219525e-07 8.496675e-06 1.222733e-08 2.919505e-03 7.241005e-08
   75    1      1      0    0      1      -1      -1   100 0.0099252058 0.19793550 0.15126587 0.01811274 0.14550135 0.09004205 0.053593651 0.10405363 0.0607811493 0.0479183831 0.0363247257 0.0168570475 0.0088511173 1.628826e-02 2.222556e-02 2.136663e-04 1.250805e-02 5.299707e-03 6.137730e-04 5.478700e-04 1.007056e-03 1.026444e-06 5.948168e-05 9.687593e-08 7.303996e-05
   76    1      1      0    0      1      -1      -1   100 0.0461088324 0.09607169 0.19739702 0.16553883 0.03047095 0.10807287 0.080046701 0.12215236 0.0328692527 0.0326976828 0.0207319168 0.0289774886 0.0080103233 9.843503e-03 8.670076e-03 4.365784e-03 1.439375e-03 2.988124e-03 3.612714e-04 2.139695e-03 3.556629e-05 8.886682e-04 3.696848e-05 2.206992e-09 8.505939e-05
   77    1      1      0    0      1      -1      -1   100 0.0108231590 0.20212419 0.18130983 0.05534225 0.14807255 0.06790929 0.094805510 0.04755348 0.0609188138 0.0172509115 0.0062513142 0.0029222134 0.0578423068 1.174364e-03 1.299838e-02 2.153300e-02 1.715515e-05 4.576565e-06 1.008835e-11 7.794087e-03 2.402435e-03 2.921268e-24 3.605111e-05 3.510333e-05 8.790319e-04
   78    1      1      0    0      1      -1      -1   100 0.0181199357 0.17897981 0.31218734 0.07560724 0.07584106 0.10626069 0.005941525 0.05769505 0.0619338526 0.0173336997 0.0153161435 0.0151112771 0.0083283807 1.275281e-02 5.237864e-03 2.609520e-07 1.869443e-02 1.186190e-02 8.603865e-04 8.175730e-05 2.899457e-04 1.086260e-03 4.532103e-07 5.439944e-15 4.779396e-04
   79    1      1      0    0      1      -1      -1   100 0.0134638354 0.13382591 0.21407465 0.28906673 0.09556803 0.05195442 0.021154819 0.03165542 0.0317837572 0.0468145328 0.0042442975 0.0139704304 0.0094685645 2.233675e-03 1.404697e-02 1.169231e-02 8.455878e-03 2.621221e-03 1.834813e-05 5.283233e-09 2.475935e-11 3.116064e-03 4.972337e-10 7.701244e-04 6.137943e-09
   80    1      1      0    0      1      -1      -1   100 0.0220002539 0.07569599 0.19002391 0.09224145 0.20589909 0.03716536 0.113749533 0.05368273 0.0355883047 0.0283173918 0.0678208865 0.0277548439 0.0119568884 4.406729e-03 2.614835e-03 2.117949e-02 7.475131e-03 1.192594e-03 3.588212e-06 8.830355e-05 6.971454e-06 2.830908e-04 4.796599e-04 8.596778e-05 2.869989e-04
   81    1      1      0    0      1      -1      -1   100 0.0070462871 0.22226296 0.13616245 0.12838755 0.09297477 0.14833994 0.055568726 0.05461398 0.0362204526 0.0001549174 0.0190953262 0.0407713647 0.0159233636 1.281446e-02 4.914952e-04 4.681215e-03 4.455790e-03 3.951195e-03 1.662964e-04 1.078012e-03 1.311986e-03 1.021284e-03 1.569568e-03 2.691376e-03 8.245242e-03
   82    1      1      0    0      1      -1      -1   100 0.0102427771 0.12252608 0.38458977 0.04027599 0.08715861 0.07473488 0.077128414 0.03570463 0.0487244356 0.0199425053 0.0068607439 0.0358898122 0.0133423148 1.914515e-02 8.443562e-03 7.764001e-04 2.241339e-04 7.798621e-03 2.226932e-03 1.180912e-04 2.963512e-03 5.293270e-09 3.268207e-21 1.057089e-11 1.182621e-03
   83    1      1      0    0      1      -1      -1   100 0.0029124357 0.13850235 0.21874921 0.17569284 0.02370496 0.08914829 0.081968045 0.06391241 0.0323275260 0.0247131036 0.0407625500 0.0214508416 0.0195783940 3.072006e-02 5.274637e-03 2.042378e-03 2.700207e-03 7.517920e-04 2.046955e-03 3.904792e-04 1.648771e-03 1.517524e-02 5.690233e-03 2.519818e-08 1.362617e-04
   84    1      1      0    0      1      -1      -1   100 0.0295110326 0.07372327 0.21973805 0.14646050 0.15976621 0.07156142 0.048355330 0.05888749 0.0879861690 0.0414091771 0.0216476777 0.0013509676 0.0002786996 1.080401e-02 1.432860e-03 7.497088e-03 9.099966e-03 9.627360e-03 1.921143e-04 2.447439e-04 4.258439e-04 2.887186e-08 2.079844e-10 4.098864e-11 1.973553e-09
   85    1      1      0    0      1      -1      -1   100 0.0187858432 0.20137967 0.15298165 0.12770366 0.11892448 0.13626283 0.014875630 0.06291104 0.0326993872 0.0770167710 0.0043400457 0.0108438308 0.0140972292 2.001545e-04 7.746411e-06 9.352275e-03 5.069079e-03 3.021328e-05 2.819465e-03 6.202639e-03 3.532613e-05 1.201662e-04 2.329260e-12 1.390935e-37 3.340863e-03
   86    1      1      0    0      1      -1      -1   100 0.0146205397 0.21168275 0.24373313 0.09138175 0.11849060 0.07020415 0.084581776 0.01838990 0.0470043293 0.0172202732 0.0170435363 0.0182872949 0.0047414019 1.466393e-02 2.348150e-03 8.527300e-03 1.400278e-02 1.388501e-03 6.432859e-05 1.573834e-03 1.175395e-06 2.660632e-05 8.398703e-08 1.485869e-07 2.173147e-05
   87    1      1      0    0      1      -1      -1   100 0.0120517036 0.17968409 0.23797621 0.19577288 0.04695998 0.05621710 0.058536038 0.11600720 0.0003510594 0.0007685926 0.0296974566 0.0099313846 0.0276864193 2.836000e-04 1.935679e-02 2.339436e-03 2.886023e-03 2.048840e-03 8.976790e-06 2.306308e-04 2.636514e-08 1.826838e-04 8.309507e-04 1.919039e-04 1.754343e-08
   88    1      1      0    0      1      -1      -1   100 0.0121622095 0.19179256 0.08473249 0.17276187 0.17124663 0.11193025 0.101740050 0.05482687 0.0370873305 0.0142116851 0.0370850783 0.0037052688 0.0020848133 1.212666e-03 2.083347e-04 1.469962e-03 4.657320e-08 2.803757e-04 2.686874e-04 3.851106e-04 4.080628e-05 8.443566e-09 3.174039e-06 2.638808e-04 4.998421e-04
   89    1      1      0    0      1      -1      -1   100 0.0055307263 0.16691375 0.16029315 0.08929307 0.16610416 0.10415199 0.048138302 0.12897366 0.0230712308 0.0241130956 0.0137886948 0.0067673499 0.0228143084 1.840759e-02 1.593588e-03 3.010779e-03 3.515881e-03 6.915774e-08 2.036864e-07 6.884212e-05 4.452680e-04 2.507024e-03 2.691916e-08 2.003091e-03 8.494164e-03
   90    1      1      0    0      1      -1      -1   100 0.0391347942 0.15989517 0.11377779 0.21221284 0.08038086 0.07155523 0.095810056 0.05246814 0.0543903997 0.0090090111 0.0231256558 0.0015860232 0.0061214461 2.901563e-02 2.639555e-02 5.263517e-03 4.549868e-03 6.011125e-04 1.303492e-06 3.799100e-03 3.161300e-03 2.679752e-03 4.572348e-03 2.503156e-26 4.931091e-04
   91    1      1      0    0      1      -1      -1   100 0.0420150925 0.06478503 0.15814483 0.17318007 0.15711450 0.07635951 0.129571833 0.05211530 0.0006004472 0.0239732491 0.0323875181 0.0339560564 0.0012102096 2.152704e-02 5.670918e-03 1.739152e-03 3.505618e-04 1.492512e-03 1.204248e-02 2.697717e-03 3.471859e-04 2.254367e-03 2.333653e-03 3.840668e-11 4.130776e-03
   92    1      1      0    0      1      -1      -1   100 0.0230205990 0.15367589 0.10216044 0.13995655 0.09551947 0.16771134 0.088666459 0.07041575 0.0438292214 0.0087406142 0.0301780798 0.0240458725 0.0214274305 1.428893e-03 6.682192e-04 1.797105e-02 7.223806e-04 1.916767e-04 1.180881e-03 4.881698e-03 2.643164e-17 2.607865e-03 3.416773e-07 1.446889e-06 9.978332e-04
   93    1      1      0    0      1      -1      -1   100 0.0182797063 0.12720568 0.22959062 0.09755502 0.09587370 0.06964807 0.124741145 0.03105068 0.0445995843 0.0487300093 0.0095776626 0.0310387569 0.0260879022 8.721838e-03 7.686482e-06 1.707256e-02 2.272833e-03 1.739581e-02 3.893420e-06 1.878983e-05 1.572280e-04 4.755618e-06 5.200358e-05 2.176107e-04 9.645609e-05
   94    1      1      0    0      1      -1      -1   100 0.0138457654 0.11778372 0.25041023 0.18676485 0.04913107 0.07335324 0.029122221 0.08143914 0.0171200314 0.0669243164 0.0115753752 0.0090620379 0.0069564171 1.058919e-02 4.485862e-03 1.899770e-02 1.610448e-02 4.743399e-04 2.390350e-02 4.653528e-11 6.076643e-08 2.677280e-07 1.317613e-15 2.141228e-11 1.195618e-02
   95    1      1      0    0      1      -1      -1   100 0.0132874004 0.15033179 0.23427331 0.17553821 0.07251563 0.05324253 0.056890237 0.05676223 0.0430757655 0.0143680767 0.0487206054 0.0208701074 0.0055107042 4.371591e-04 1.178549e-02 2.692798e-02 6.216112e-06 8.958553e-04 1.963620e-03 1.613622e-03 5.462177e-04 5.671471e-03 8.457672e-08 4.555879e-03 2.097998e-04
   96    1      1      0    0      1      -1      -1   100 0.0217836878 0.09858101 0.18163100 0.17015435 0.15508353 0.11083743 0.023297730 0.04410902 0.0687049710 0.0498509508 0.0117127245 0.0123932796 0.0196762947 1.572789e-02 5.416319e-04 2.449365e-03 7.348924e-03 9.298258e-05 4.297437e-03 1.005161e-04 4.364876e-13 3.914954e-04 9.583592e-08 1.283932e-11 1.233697e-03
   97    1      1      0    0      1      -1      -1   100 0.0056993698 0.19370715 0.17120285 0.18422968 0.16552477 0.05469563 0.047394961 0.06703595 0.0192488600 0.0167301693 0.0209542419 0.0057572725 0.0222944608 3.005500e-03 5.906889e-05 3.316295e-03 8.700474e-03 2.328985e-04 7.092624e-03 1.291122e-04 8.332595e-05 1.986117e-08 1.460339e-14 4.438747e-06 2.900876e-03
   98    1      1      0    0      1      -1      -1   100 0.0248191085 0.05818633 0.29827039 0.09732539 0.17743657 0.09842762 0.043141142 0.02773177 0.0250940734 0.0449342301 0.0212511493 0.0179907181 0.0050533887 3.467539e-03 2.999511e-03 7.300748e-10 1.128736e-03 4.220559e-02 4.531654e-05 5.460568e-04 7.557158e-07 2.136002e-03 7.782850e-03 2.044921e-06 2.370870e-05
   99    1      1      0    0      1      -1      -1   100 0.0336298393 0.12203245 0.09176539 0.23941563 0.17646597 0.10349532 0.071601167 0.02745572 0.0221012851 0.0200646806 0.0053372266 0.0040160190 0.0275474916 1.567136e-02 2.563036e-02 6.930747e-04 2.651548e-03 8.952274e-04 6.398750e-08 3.469763e-03 1.611332e-03 1.512531e-04 1.441874e-06 5.462185e-11 4.296383e-03
  100    1      1      0    0      1      -1      -1   100 0.0091690843 0.18875717 0.20361196 0.05532197 0.13405641 0.15284763 0.069765464 0.05740063 0.0508413483 0.0088551812 0.0100068197 0.0013597317 0.0267489771 9.618293e-03 1.583325e-03 8.444359e-03 4.650454e-03 2.879737e-03 1.469833e-04 3.754322e-03 1.510535e-04 8.279854e-08 2.799090e-05 3.279788e-17 1.015292e-06
    2    1      2      0    0      1      -1      -1   100 0.0200000000 0.13000000 0.22000000 0.11000000 0.09000000 0.08000000 0.100000000 0.03000000 0.0500000000 0.0200000000 0.0300000000 0.0300000000 0.0300000000 1.000000e-02 0.000000e+00 2.000000e-02 0.000000e+00 0.000000e+00 1.000000e-02 0.000000e+00 0.000000e+00 0.000000e+00 0.000000e+00 1.000000e-02 1.000000e-02
    3    1      2      0    0      1      -1      -1   100 0.0200000000 0.09000000 0.18000000 0.18000000 0.04000000 0.10000000 0.090000000 0.02000000 0.0100000000 0.0500000000 0.0500000000 0.0300000000 0.0100000000 2.000000e-02 1.000000e-02 4.000000e-02 0.000000e+00 1.000000e-02 1.000000e-02 1.000000e-02 1.000000e-02 1.000000e-02 0.000000e+00 0.000000e+00 1.000000e-02
    4    1      2      0    0      1      -1      -1   100 0.0600000000 0.06000000 0.12000000 0.09000000 0.12000000 0.13000000 0.050000000 0.09000000 0.0500000000 0.0300000000 0.0400000000 0.0200000000 0.0300000000 3.000000e-02 1.000000e-02 1.000000e-02 2.000000e-02 0.000000e+00 2.000000e-02 0.000000e+00 1.000000e-02 0.000000e+00 0.000000e+00 1.000000e-02 0.000000e+00
    5    1      2      0    0      1      -1      -1   100 0.0400000000 0.15000000 0.09000000 0.09000000 0.11000000 0.12000000 0.060000000 0.10000000 0.0400000000 0.0400000000 0.0300000000 0.0300000000 0.0100000000 2.000000e-02 1.000000e-02 0.000000e+00 1.000000e-02 1.000000e-02 1.000000e-02 0.000000e+00 0.000000e+00 0.000000e+00 0.000000e+00 1.000000e-02 2.000000e-02
    6    1      2      0    0      1      -1      -1   100 0.0200000000 0.15000000 0.21000000 0.05000000 0.10000000 0.11000000 0.060000000 0.04000000 0.0500000000 0.0100000000 0.0600000000 0.0500000000 0.0300000000 1.000000e-02 1.000000e-02 1.000000e-02 0.000000e+00 0.000000e+00 0.000000e+00 0.000000e+00 0.000000e+00 1.000000e-02 0.000000e+00 0.000000e+00 2.000000e-02
    7    1      2      0    0      1      -1      -1   100 0.0500000000 0.16000000 0.14000000 0.13000000 0.04000000 0.08000000 0.060000000 0.02000000 0.0800000000 0.0300000000 0.0300000000 0.0200000000 0.0200000000 2.000000e-02 0.000000e+00 3.000000e-02 2.000000e-02 2.000000e-02 1.000000e-02 1.000000e-02 0.000000e+00 0.000000e+00 0.000000e+00 1.000000e-02 2.000000e-02
    8    1      2      0    0      1      -1      -1   100 0.0100000000 0.13000000 0.17000000 0.13000000 0.11000000 0.06000000 0.030000000 0.08000000 0.0500000000 0.0200000000 0.0300000000 0.0300000000 0.0700000000 2.000000e-02 0.000000e+00 1.000000e-02 0.000000e+00 1.000000e-02 1.000000e-02 0.000000e+00 0.000000e+00 2.000000e-02 0.000000e+00 0.000000e+00 1.000000e-02
    9    1      2      0    0      1      -1      -1   100 0.0200000000 0.20000000 0.12000000 0.18000000 0.10000000 0.03000000 0.030000000 0.07000000 0.0300000000 0.0700000000 0.0200000000 0.0200000000 0.0200000000 3.000000e-02 4.000000e-02 0.000000e+00 0.000000e+00 1.000000e-02 0.000000e+00 0.000000e+00 0.000000e+00 0.000000e+00 0.000000e+00 1.000000e-02 0.000000e+00
   10    1      2      0    0      1      -1      -1   100 0.0700000000 0.24000000 0.06000000 0.12000000 0.09000000 0.05000000 0.040000000 0.04000000 0.0200000000 0.0800000000 0.0100000000 0.0300000000 0.0000000000 4.000000e-02 4.000000e-02 0.000000e+00 2.000000e-02 1.000000e-02 1.000000e-02 1.000000e-02 0.000000e+00 1.000000e-02 0.000000e+00 0.000000e+00 1.000000e-02
   11    1      2      0    0      1      -1      -1   100 0.0200000000 0.13000000 0.13000000 0.22000000 0.06000000 0.13000000 0.050000000 0.02000000 0.0300000000 0.0300000000 0.0700000000 0.0200000000 0.0400000000 0.000000e+00 1.000000e-02 0.000000e+00 0.000000e+00 1.000000e-02 2.000000e-02 0.000000e+00 0.000000e+00 0.000000e+00 0.000000e+00 1.000000e-02 0.000000e+00
   12    1      2      0    0      1      -1      -1   100 0.0100000000 0.19000000 0.20000000 0.09000000 0.15000000 0.04000000 0.060000000 0.05000000 0.0500000000 0.0200000000 0.0600000000 0.0300000000 0.0000000000 2.000000e-02 2.000000e-02 1.000000e-02 0.000000e+00 0.000000e+00 0.000000e+00 0.000000e+00 0.000000e+00 0.000000e+00 0.000000e+00 0.000000e+00 0.000000e+00
   13    1      2      0    0      1      -1      -1   100 0.0600000000 0.09000000 0.14000000 0.13000000 0.11000000 0.06000000 0.050000000 0.10000000 0.0600000000 0.0500000000 0.0200000000 0.0200000000 0.0200000000 2.000000e-02 1.000000e-02 1.000000e-02 0.000000e+00 0.000000e+00 0.000000e+00 1.000000e-02 0.000000e+00 0.000000e+00 0.000000e+00 0.000000e+00 4.000000e-02
   14    1      2      0    0      1      -1      -1   100 0.0500000000 0.18000000 0.09000000 0.16000000 0.07000000 0.13000000 0.030000000 0.03000000 0.0200000000 0.0400000000 0.0500000000 0.0200000000 0.0300000000 2.000000e-02 0.000000e+00 0.000000e+00 3.000000e-02 2.000000e-02 1.000000e-02 0.000000e+00 0.000000e+00 0.000000e+00 0.000000e+00 0.000000e+00 2.000000e-02
   15    1      2      0    0      1      -1      -1   100 0.0200000000 0.08000000 0.18000000 0.06000000 0.13000000 0.15000000 0.070000000 0.02000000 0.0100000000 0.0500000000 0.0300000000 0.0400000000 0.0100000000 2.000000e-02 2.000000e-02 2.000000e-02 0.000000e+00 1.000000e-02 1.000000e-02 1.000000e-02 0.000000e+00 0.000000e+00 0.000000e+00 3.000000e-02 3.000000e-02
   16    1      2      0    0      1      -1      -1   100 0.0600000000 0.19000000 0.03000000 0.15000000 0.01000000 0.14000000 0.140000000 0.06000000 0.0300000000 0.0200000000 0.0400000000 0.0400000000 0.0300000000 4.000000e-02 0.000000e+00 0.000000e+00 1.000000e-02 0.000000e+00 0.000000e+00 0.000000e+00 0.000000e+00 0.000000e+00 0.000000e+00 0.000000e+00 1.000000e-02
   17    1      2      0    0      1      -1      -1   100 0.0300000000 0.32000000 0.12000000 0.01000000 0.08000000 0.05000000 0.110000000 0.08000000 0.0400000000 0.0200000000 0.0200000000 0.0300000000 0.0000000000 3.000000e-02 2.000000e-02 0.000000e+00 1.000000e-02 1.000000e-02 1.000000e-02 0.000000e+00 1.000000e-02 0.000000e+00 0.000000e+00 0.000000e+00 0.000000e+00
   18    1      2      0    0      1      -1      -1   100 0.0600000000 0.11000000 0.18000000 0.13000000 0.07000000 0.07000000 0.030000000 0.09000000 0.0400000000 0.0300000000 0.0000000000 0.0300000000 0.0300000000 2.000000e-02 2.000000e-02 1.000000e-02 2.000000e-02 1.000000e-02 2.000000e-02 1.000000e-02 1.000000e-02 0.000000e+00 0.000000e+00 0.000000e+00 1.000000e-02
   19    1      2      0    0      1      -1      -1   100 0.0400000000 0.13000000 0.11000000 0.14000000 0.12000000 0.07000000 0.060000000 0.02000000 0.0500000000 0.0400000000 0.0400000000 0.0100000000 0.0000000000 3.000000e-02 1.000000e-02 6.000000e-02 0.000000e+00 1.000000e-02 1.000000e-02 3.000000e-02 0.000000e+00 0.000000e+00 0.000000e+00 0.000000e+00 2.000000e-02
   20    1      2      0    0      1      -1      -1   100 0.0300000000 0.10000000 0.26000000 0.10000000 0.12000000 0.13000000 0.010000000 0.06000000 0.0100000000 0.0500000000 0.0400000000 0.0100000000 0.0300000000 0.000000e+00 1.000000e-02 1.000000e-02 1.000000e-02 0.000000e+00 0.000000e+00 0.000000e+00 0.000000e+00 0.000000e+00 2.000000e-02 0.000000e+00 0.000000e+00
   21    1      2      0    0      1      -1      -1   100 0.0200000000 0.10000000 0.16000000 0.24000000 0.07000000 0.11000000 0.060000000 0.03000000 0.0400000000 0.0300000000 0.0200000000 0.0500000000 0.0100000000 2.000000e-02 0.000000e+00 1.000000e-02 1.000000e-02 0.000000e+00 1.000000e-02 0.000000e+00 0.000000e+00 0.000000e+00 1.000000e-02 0.000000e+00 0.000000e+00
   22    1      2      0    0      1      -1      -1   100 0.0400000000 0.09000000 0.19000000 0.10000000 0.17000000 0.06000000 0.060000000 0.03000000 0.0500000000 0.0400000000 0.0100000000 0.0100000000 0.0200000000 2.000000e-02 3.000000e-02 1.000000e-02 0.000000e+00 0.000000e+00 2.000000e-02 0.000000e+00 0.000000e+00 1.000000e-02 0.000000e+00 1.000000e-02 3.000000e-02
   23    1      2      0    0      1      -1      -1   100 0.0000000000 0.21000000 0.05000000 0.15000000 0.06000000 0.10000000 0.020000000 0.04000000 0.0400000000 0.0700000000 0.0500000000 0.0200000000 0.0100000000 5.000000e-02 3.000000e-02 1.000000e-02 2.000000e-02 2.000000e-02 3.000000e-02 0.000000e+00 1.000000e-02 0.000000e+00 0.000000e+00 0.000000e+00 1.000000e-02
   24    1      2      0    0      1      -1      -1   100 0.0300000000 0.17000000 0.22000000 0.07000000 0.08000000 0.07000000 0.090000000 0.02000000 0.1000000000 0.0300000000 0.0200000000 0.0100000000 0.0000000000 3.000000e-02 1.000000e-02 1.000000e-02 0.000000e+00 0.000000e+00 1.000000e-02 0.000000e+00 0.000000e+00 1.000000e-02 0.000000e+00 0.000000e+00 2.000000e-02
   25    1      2      0    0      1      -1      -1   100 0.0100000000 0.17000000 0.21000000 0.12000000 0.04000000 0.11000000 0.070000000 0.07000000 0.0200000000 0.0500000000 0.0400000000 0.0000000000 0.0300000000 0.000000e+00 2.000000e-02 2.000000e-02 0.000000e+00 0.000000e+00 0.000000e+00 0.000000e+00 0.000000e+00 0.000000e+00 0.000000e+00 0.000000e+00 2.000000e-02
   26    1      2      0    0      1      -1      -1   100 0.0400000000 0.16000000 0.12000000 0.08000000 0.12000000 0.05000000 0.050000000 0.08000000 0.0300000000 0.0300000000 0.0200000000 0.0300000000 0.0200000000 2.000000e-02 0.000000e+00 3.000000e-02 3.000000e-02 0.000000e+00 1.000000e-02 3.000000e-02 2.000000e-02 1.000000e-02 0.000000e+00 0.000000e+00 2.000000e-02
   27    1      2      0    0      1      -1      -1   100 0.0000000000 0.19000000 0.12000000 0.08000000 0.15000000 0.08000000 0.070000000 0.03000000 0.0800000000 0.0400000000 0.0200000000 0.0300000000 0.0300000000 1.000000e-02 1.000000e-02 2.000000e-02 2.000000e-02 0.000000e+00 0.000000e+00 0.000000e+00 0.000000e+00 1.000000e-02 0.000000e+00 0.000000e+00 1.000000e-02
   28    1      2      0    0      1      -1      -1   100 0.0700000000 0.12000000 0.19000000 0.17000000 0.05000000 0.09000000 0.050000000 0.02000000 0.0600000000 0.0200000000 0.0300000000 0.0300000000 0.0300000000 0.000000e+00 0.000000e+00 0.000000e+00 2.000000e-02 0.000000e+00 1.000000e-02 0.000000e+00 1.000000e-02 1.000000e-02 1.000000e-02 0.000000e+00 1.000000e-02
   29    1      2      0    0      1      -1      -1   100 0.0800000000 0.14000000 0.12000000 0.14000000 0.13000000 0.08000000 0.080000000 0.05000000 0.0100000000 0.0300000000 0.0100000000 0.0500000000 0.0000000000 1.000000e-02 3.000000e-02 2.000000e-02 0.000000e+00 0.000000e+00 0.000000e+00 0.000000e+00 1.000000e-02 0.000000e+00 1.000000e-02 0.000000e+00 0.000000e+00
   30    1      2      0    0      1      -1      -1   100 0.0000000000 0.25000000 0.16000000 0.14000000 0.07000000 0.05000000 0.060000000 0.03000000 0.0700000000 0.0100000000 0.0200000000 0.0300000000 0.0300000000 2.000000e-02 2.000000e-02 0.000000e+00 0.000000e+00 1.000000e-02 0.000000e+00 2.000000e-02 0.000000e+00 0.000000e+00 1.000000e-02 0.000000e+00 0.000000e+00
   31    1      2      0    0      1      -1      -1   100 0.0600000000 0.19000000 0.25000000 0.08000000 0.10000000 0.10000000 0.050000000 0.03000000 0.0200000000 0.0200000000 0.0000000000 0.0300000000 0.0200000000 2.000000e-02 0.000000e+00 0.000000e+00 0.000000e+00 0.000000e+00 1.000000e-02 1.000000e-02 0.000000e+00 0.000000e+00 1.000000e-02 0.000000e+00 0.000000e+00
   32    1      2      0    0      1      -1      -1   100 0.0300000000 0.16000000 0.21000000 0.19000000 0.10000000 0.04000000 0.080000000 0.05000000 0.0200000000 0.0400000000 0.0200000000 0.0000000000 0.0100000000 1.000000e-02 0.000000e+00 2.000000e-02 1.000000e-02 0.000000e+00 0.000000e+00 0.000000e+00 0.000000e+00 0.000000e+00 0.000000e+00 0.000000e+00 1.000000e-02
   33    1      2      0    0      1      -1      -1   100 0.1300000000 0.14000000 0.18000000 0.13000000 0.18000000 0.05000000 0.030000000 0.02000000 0.0300000000 0.0100000000 0.0300000000 0.0100000000 0.0100000000 1.000000e-02 1.000000e-02 0.000000e+00 0.000000e+00 0.000000e+00 1.000000e-02 1.000000e-02 0.000000e+00 0.000000e+00 0.000000e+00 0.000000e+00 1.000000e-02
   34    1      2      0    0      1      -1      -1   100 0.0600000000 0.30000000 0.09000000 0.19000000 0.06000000 0.10000000 0.060000000 0.04000000 0.0400000000 0.0000000000 0.0100000000 0.0000000000 0.0100000000 0.000000e+00 1.000000e-02 0.000000e+00 0.000000e+00 1.000000e-02 0.000000e+00 0.000000e+00 0.000000e+00 0.000000e+00 0.000000e+00 0.000000e+00 2.000000e-02
   35    1      2      0    0      1      -1      -1   100 0.0100000000 0.26000000 0.27000000 0.08000000 0.08000000 0.07000000 0.090000000 0.06000000 0.0200000000 0.0200000000 0.0100000000 0.0100000000 0.0000000000 0.000000e+00 0.000000e+00 1.000000e-02 0.000000e+00 0.000000e+00 0.000000e+00 1.000000e-02 0.000000e+00 0.000000e+00 0.000000e+00 0.000000e+00 0.000000e+00
   36    1      2      0    0      1      -1      -1   100 0.0500000000 0.15000000 0.23000000 0.13000000 0.05000000 0.11000000 0.080000000 0.07000000 0.0100000000 0.0200000000 0.0200000000 0.0300000000 0.0200000000 0.000000e+00 2.000000e-02 0.000000e+00 1.000000e-02 0.000000e+00 0.000000e+00 0.000000e+00 0.000000e+00 0.000000e+00 0.000000e+00 0.000000e+00 0.000000e+00
   37    1      2      0    0      1      -1      -1   100 0.0200000000 0.24000000 0.12000000 0.16000000 0.22000000 0.05000000 0.040000000 0.02000000 0.0500000000 0.0100000000 0.0200000000 0.0000000000 0.0100000000 0.000000e+00 1.000000e-02 1.000000e-02 0.000000e+00 0.000000e+00 0.000000e+00 1.000000e-02 0.000000e+00 1.000000e-02 0.000000e+00 0.000000e+00 0.000000e+00
   38    1      2      0    0      1      -1      -1   100 0.0200000000 0.21000000 0.21000000 0.10000000 0.07000000 0.12000000 0.050000000 0.06000000 0.0800000000 0.0200000000 0.0000000000 0.0300000000 0.0000000000 0.000000e+00 0.000000e+00 0.000000e+00 0.000000e+00 1.000000e-02 0.000000e+00 0.000000e+00 0.000000e+00 0.000000e+00 0.000000e+00 0.000000e+00 2.000000e-02
   39    1      2      0    0      1      -1      -1   100 0.0300000000 0.15000000 0.26000000 0.11000000 0.11000000 0.07000000 0.130000000 0.03000000 0.0300000000 0.0200000000 0.0200000000 0.0000000000 0.0000000000 0.000000e+00 0.000000e+00 1.000000e-02 0.000000e+00 0.000000e+00 0.000000e+00 0.000000e+00 0.000000e+00 1.000000e-02 0.000000e+00 1.000000e-02 1.000000e-02
   40    1      2      0    0      1      -1      -1   100 0.0500000000 0.15000000 0.06000000 0.13000000 0.18000000 0.11000000 0.040000000 0.11000000 0.0400000000 0.0500000000 0.0200000000 0.0300000000 0.0000000000 1.000000e-02 0.000000e+00 1.000000e-02 1.000000e-02 0.000000e+00 0.000000e+00 0.000000e+00 0.000000e+00 0.000000e+00 0.000000e+00 0.000000e+00 0.000000e+00
   41    1      2      0    0      1      -1      -1   100 0.0500000000 0.21000000 0.15000000 0.07000000 0.08000000 0.13000000 0.040000000 0.09000000 0.0600000000 0.0400000000 0.0400000000 0.0000000000 0.0100000000 2.000000e-02 0.000000e+00 0.000000e+00 0.000000e+00 0.000000e+00 0.000000e+00 1.000000e-02 0.000000e+00 0.000000e+00 0.000000e+00 0.000000e+00 0.000000e+00
   42    1      2      0    0      1      -1      -1   100 0.0400000000 0.06000000 0.21000000 0.19000000 0.04000000 0.04000000 0.110000000 0.05000000 0.1100000000 0.0700000000 0.0100000000 0.0200000000 0.0100000000 0.000000e+00 1.000000e-02 0.000000e+00 1.000000e-02 1.000000e-02 1.000000e-02 0.000000e+00 0.000000e+00 0.000000e+00 0.000000e+00 0.000000e+00 0.000000e+00
   43    1      2      0    0      1      -1      -1   100 0.0000000000 0.17000000 0.13000000 0.24000000 0.14000000 0.07000000 0.060000000 0.04000000 0.0100000000 0.0300000000 0.0200000000 0.0400000000 0.0200000000 1.000000e-02 0.000000e+00 2.000000e-02 0.000000e+00 0.000000e+00 0.000000e+00 0.000000e+00 0.000000e+00 0.000000e+00 0.000000e+00 0.000000e+00 0.000000e+00
   44    1      2      0    0      1      -1      -1   100 0.0200000000 0.16000000 0.16000000 0.08000000 0.15000000 0.10000000 0.050000000 0.05000000 0.0600000000 0.0400000000 0.0500000000 0.0300000000 0.0100000000 2.000000e-02 1.000000e-02 0.000000e+00 0.000000e+00 0.000000e+00 0.000000e+00 0.000000e+00 0.000000e+00 0.000000e+00 1.000000e-02 0.000000e+00 0.000000e+00
   45    1      2      0    0      1      -1      -1   100 0.0800000000 0.12000000 0.18000000 0.11000000 0.11000000 0.11000000 0.060000000 0.01000000 0.0400000000 0.0700000000 0.0200000000 0.0000000000 0.0500000000 1.000000e-02 1.000000e-02 0.000000e+00 0.000000e+00 2.000000e-02 0.000000e+00 0.000000e+00 0.000000e+00 0.000000e+00 0.000000e+00 0.000000e+00 0.000000e+00
   46    1      2      0    0      1      -1      -1   100 0.0300000000 0.33000000 0.08000000 0.09000000 0.11000000 0.04000000 0.100000000 0.06000000 0.0200000000 0.0300000000 0.0100000000 0.0200000000 0.0000000000 1.000000e-02 2.000000e-02 1.000000e-02 0.000000e+00 0.000000e+00 1.000000e-02 0.000000e+00 0.000000e+00 1.000000e-02 1.000000e-02 0.000000e+00 1.000000e-02
   47    1      2      0    0      1      -1      -1   100 0.0200000000 0.28000000 0.24000000 0.06000000 0.07000000 0.08000000 0.050000000 0.08000000 0.0200000000 0.0100000000 0.0100000000 0.0400000000 0.0200000000 0.000000e+00 2.000000e-02 0.000000e+00 0.000000e+00 0.000000e+00 0.000000e+00 0.000000e+00 0.000000e+00 0.000000e+00 0.000000e+00 0.000000e+00 0.000000e+00
   48    1      2      0    0      1      -1      -1   100 0.0900000000 0.11000000 0.22000000 0.25000000 0.05000000 0.05000000 0.060000000 0.04000000 0.0600000000 0.0200000000 0.0000000000 0.0100000000 0.0000000000 0.000000e+00 2.000000e-02 1.000000e-02 0.000000e+00 0.000000e+00 0.000000e+00 0.000000e+00 0.000000e+00 0.000000e+00 0.000000e+00 0.000000e+00 1.000000e-02
   49    1      2      0    0      1      -1      -1   100 0.0700000000 0.28000000 0.16000000 0.13000000 0.12000000 0.05000000 0.080000000 0.01000000 0.0200000000 0.0200000000 0.0200000000 0.0000000000 0.0200000000 0.000000e+00 0.000000e+00 0.000000e+00 2.000000e-02 0.000000e+00 0.000000e+00 0.000000e+00 0.000000e+00 0.000000e+00 0.000000e+00 0.000000e+00 0.000000e+00
   50    1      2      0    0      1      -1      -1   100 0.0200000000 0.28000000 0.25000000 0.11000000 0.10000000 0.06000000 0.040000000 0.00000000 0.0200000000 0.0200000000 0.0200000000 0.0200000000 0.0000000000 0.000000e+00 2.000000e-02 0.000000e+00 0.000000e+00 1.000000e-02 2.000000e-02 0.000000e+00 0.000000e+00 1.000000e-02 0.000000e+00 0.000000e+00 0.000000e+00
   51    1      2      0    0      1      -1      -1   100 0.1200000000 0.19000000 0.22000000 0.19000000 0.04000000 0.12000000 0.060000000 0.01000000 0.0200000000 0.0100000000 0.0000000000 0.0200000000 0.0000000000 0.000000e+00 0.000000e+00 0.000000e+00 0.000000e+00 0.000000e+00 0.000000e+00 0.000000e+00 0.000000e+00 0.000000e+00 0.000000e+00 0.000000e+00 0.000000e+00
   52    1      2      0    0      1      -1      -1   100 0.0200000000 0.26000000 0.18000000 0.18000000 0.09000000 0.08000000 0.060000000 0.06000000 0.0000000000 0.0100000000 0.0100000000 0.0000000000 0.0100000000 0.000000e+00 1.000000e-02 0.000000e+00 2.000000e-02 0.000000e+00 0.000000e+00 0.000000e+00 0.000000e+00 0.000000e+00 0.000000e+00 1.000000e-02 0.000000e+00
   53    1      2      0    0      1      -1      -1   100 0.0600000000 0.10000000 0.31000000 0.06000000 0.13000000 0.13000000 0.010000000 0.03000000 0.0500000000 0.0200000000 0.0400000000 0.0300000000 0.0000000000 2.000000e-02 0.000000e+00 0.000000e+00 0.000000e+00 0.000000e+00 0.000000e+00 0.000000e+00 1.000000e-02 0.000000e+00 0.000000e+00 0.000000e+00 0.000000e+00
   54    1      2      0    0      1      -1      -1   100 0.1000000000 0.33000000 0.09000000 0.14000000 0.06000000 0.07000000 0.060000000 0.04000000 0.0400000000 0.0200000000 0.0100000000 0.0100000000 0.0300000000 0.000000e+00 0.000000e+00 0.000000e+00 0.000000e+00 0.000000e+00 0.000000e+00 0.000000e+00 0.000000e+00 0.000000e+00 0.000000e+00 0.000000e+00 0.000000e+00
   55    1      2      0    0      1      -1      -1   100 0.0200000000 0.20000000 0.33000000 0.13000000 0.10000000 0.03000000 0.050000000 0.08000000 0.0200000000 0.0000000000 0.0200000000 0.0000000000 0.0100000000 0.000000e+00 1.000000e-02 0.000000e+00 0.000000e+00 0.000000e+00 0.000000e+00 0.000000e+00 0.000000e+00 0.000000e+00 0.000000e+00 0.000000e+00 0.000000e+00
   56    1      2      0    0      1      -1      -1   100 0.0300000000 0.11000000 0.22000000 0.21000000 0.07000000 0.09000000 0.090000000 0.06000000 0.0600000000 0.0100000000 0.0100000000 0.0100000000 0.0000000000 1.000000e-02 0.000000e+00 0.000000e+00 0.000000e+00 1.000000e-02 0.000000e+00 0.000000e+00 0.000000e+00 0.000000e+00 0.000000e+00 0.000000e+00 1.000000e-02
   57    1      2      0    0      1      -1      -1   100 0.0800000000 0.11000000 0.14000000 0.20000000 0.21000000 0.03000000 0.070000000 0.03000000 0.0300000000 0.0200000000 0.0300000000 0.0200000000 0.0200000000 1.000000e-02 0.000000e+00 0.000000e+00 0.000000e+00 0.000000e+00 0.000000e+00 0.000000e+00 0.000000e+00 0.000000e+00 0.000000e+00 0.000000e+00 0.000000e+00
   58    1      2      0    0      1      -1      -1   100 0.0400000000 0.34000000 0.05000000 0.09000000 0.17000000 0.15000000 0.010000000 0.01000000 0.0200000000 0.0500000000 0.0600000000 0.0000000000 0.0100000000 0.000000e+00 0.000000e+00 0.000000e+00 0.000000e+00 0.000000e+00 0.000000e+00 0.000000e+00 0.000000e+00 0.000000e+00 0.000000e+00 0.000000e+00 0.000000e+00
   59    1      2      0    0      1      -1      -1   100 0.0800000000 0.19000000 0.27000000 0.05000000 0.09000000 0.07000000 0.080000000 0.04000000 0.0200000000 0.0200000000 0.0000000000 0.0300000000 0.0100000000 1.000000e-02 2.000000e-02 0.000000e+00 2.000000e-02 0.000000e+00 0.000000e+00 0.000000e+00 0.000000e+00 0.000000e+00 0.000000e+00 0.000000e+00 0.000000e+00
   60    1      2      0    0      1      -1      -1   100 0.0200000000 0.17000000 0.13000000 0.28000000 0.06000000 0.02000000 0.050000000 0.10000000 0.0200000000 0.0400000000 0.0100000000 0.0300000000 0.0400000000 1.000000e-02 1.000000e-02 0.000000e+00 0.000000e+00 0.000000e+00 0.000000e+00 0.000000e+00 1.000000e-02 0.000000e+00 0.000000e+00 0.000000e+00 0.000000e+00
   61    1      2      0    0      1      -1      -1   100 0.0800000000 0.16000000 0.13000000 0.11000000 0.22000000 0.05000000 0.050000000 0.06000000 0.0300000000 0.0100000000 0.0400000000 0.0200000000 0.0000000000 2.000000e-02 1.000000e-02 0.000000e+00 1.000000e-02 0.000000e+00 0.000000e+00 0.000000e+00 0.000000e+00 0.000000e+00 0.000000e+00 0.000000e+00 0.000000e+00
   62    1      2      0    0      1      -1      -1   100 0.0400000000 0.31000000 0.14000000 0.07000000 0.10000000 0.07000000 0.020000000 0.03000000 0.0400000000 0.0500000000 0.0100000000 0.0300000000 0.0000000000 2.000000e-02 1.000000e-02 1.000000e-02 3.000000e-02 0.000000e+00 0.000000e+00 0.000000e+00 0.000000e+00 1.000000e-02 0.000000e+00 0.000000e+00 1.000000e-02
   63    1      2      0    0      1      -1      -1   100 0.0200000000 0.09000000 0.32000000 0.07000000 0.11000000 0.08000000 0.080000000 0.03000000 0.0400000000 0.0200000000 0.0600000000 0.0000000000 0.0300000000 2.000000e-02 1.000000e-02 1.000000e-02 1.000000e-02 0.000000e+00 0.000000e+00 0.000000e+00 0.000000e+00 0.000000e+00 0.000000e+00 0.000000e+00 0.000000e+00
   64    1      2      0    0      1      -1      -1   100 0.0300000000 0.19000000 0.16000000 0.27000000 0.08000000 0.06000000 0.030000000 0.08000000 0.0100000000 0.0100000000 0.0100000000 0.0200000000 0.0200000000 1.000000e-02 0.000000e+00 2.000000e-02 0.000000e+00 0.000000e+00 0.000000e+00 0.000000e+00 0.000000e+00 0.000000e+00 0.000000e+00 0.000000e+00 0.000000e+00
   65    1      2      0    0      1      -1      -1   100 0.0400000000 0.23000000 0.13000000 0.10000000 0.16000000 0.05000000 0.030000000 0.07000000 0.0700000000 0.0000000000 0.0200000000 0.0400000000 0.0300000000 2.000000e-02 0.000000e+00 0.000000e+00 1.000000e-02 0.000000e+00 0.000000e+00 0.000000e+00 0.000000e+00 0.000000e+00 0.000000e+00 0.000000e+00 0.000000e+00
   66    1      2      0    0      1      -1      -1   100 0.0500000000 0.29000000 0.18000000 0.11000000 0.05000000 0.14000000 0.010000000 0.02000000 0.0500000000 0.0600000000 0.0000000000 0.0100000000 0.0000000000 2.000000e-02 0.000000e+00 0.000000e+00 0.000000e+00 1.000000e-02 0.000000e+00 0.000000e+00 0.000000e+00 0.000000e+00 0.000000e+00 0.000000e+00 0.000000e+00
   67    1      2      0    0      1      -1      -1   100 0.0200000000 0.14000000 0.34000000 0.11000000 0.07000000 0.07000000 0.100000000 0.02000000 0.0300000000 0.0300000000 0.0100000000 0.0000000000 0.0000000000 2.000000e-02 2.000000e-02 0.000000e+00 0.000000e+00 0.000000e+00 1.000000e-02 1.000000e-02 0.000000e+00 0.000000e+00 0.000000e+00 0.000000e+00 0.000000e+00
   68    1      2      0    0      1      -1      -1   100 0.0300000000 0.20000000 0.25000000 0.16000000 0.06000000 0.08000000 0.050000000 0.10000000 0.0100000000 0.0000000000 0.0000000000 0.0100000000 0.0000000000 0.000000e+00 1.000000e-02 1.000000e-02 2.000000e-02 0.000000e+00 1.000000e-02 0.000000e+00 0.000000e+00 0.000000e+00 0.000000e+00 0.000000e+00 0.000000e+00
   69    1      2      0    0      1      -1      -1   100 0.0400000000 0.20000000 0.18000000 0.13000000 0.19000000 0.03000000 0.040000000 0.02000000 0.0700000000 0.0100000000 0.0300000000 0.0100000000 0.0000000000 1.000000e-02 0.000000e+00 2.000000e-02 1.000000e-02 0.000000e+00 0.000000e+00 0.000000e+00 1.000000e-02 0.000000e+00 0.000000e+00 0.000000e+00 0.000000e+00
   70    1      2      0    0      1      -1      -1   100 0.0800000000 0.20000000 0.11000000 0.15000000 0.09000000 0.16000000 0.060000000 0.04000000 0.0500000000 0.0300000000 0.0000000000 0.0000000000 0.0100000000 0.000000e+00 0.000000e+00 0.000000e+00 1.000000e-02 0.000000e+00 0.000000e+00 1.000000e-02 0.000000e+00 0.000000e+00 0.000000e+00 0.000000e+00 0.000000e+00
   71    1      2      0    0      1      -1      -1   100 0.0400000000 0.24000000 0.14000000 0.14000000 0.07000000 0.06000000 0.120000000 0.05000000 0.0200000000 0.0200000000 0.0300000000 0.0200000000 0.0000000000 4.000000e-02 1.000000e-02 0.000000e+00 0.000000e+00 0.000000e+00 0.000000e+00 0.000000e+00 0.000000e+00 0.000000e+00 0.000000e+00 0.000000e+00 0.000000e+00
   72    1      2      0    0      1      -1      -1   100 0.0000000000 0.13000000 0.26000000 0.11000000 0.10000000 0.11000000 0.070000000 0.10000000 0.0300000000 0.0000000000 0.0200000000 0.0300000000 0.0100000000 0.000000e+00 2.000000e-02 0.000000e+00 0.000000e+00 0.000000e+00 0.000000e+00 1.000000e-02 0.000000e+00 0.000000e+00 0.000000e+00 0.000000e+00 0.000000e+00
   73    1      2      0    0      1      -1      -1   100 0.0100000000 0.10000000 0.22000000 0.26000000 0.10000000 0.06000000 0.090000000 0.02000000 0.0500000000 0.0200000000 0.0300000000 0.0000000000 0.0200000000 0.000000e+00 0.000000e+00 0.000000e+00 1.000000e-02 0.000000e+00 0.000000e+00 0.000000e+00 1.000000e-02 0.000000e+00 0.000000e+00 0.000000e+00 0.000000e+00
   74    1      2      0    0      1      -1      -1   100 0.0400000000 0.18000000 0.06000000 0.13000000 0.20000000 0.04000000 0.050000000 0.06000000 0.0500000000 0.0700000000 0.0200000000 0.0200000000 0.0100000000 2.000000e-02 0.000000e+00 2.000000e-02 0.000000e+00 1.000000e-02 0.000000e+00 0.000000e+00 1.000000e-02 1.000000e-02 0.000000e+00 0.000000e+00 0.000000e+00
   75    1      2      0    0      1      -1      -1   100 0.0400000000 0.22000000 0.19000000 0.05000000 0.07000000 0.15000000 0.110000000 0.05000000 0.0100000000 0.0400000000 0.0400000000 0.0000000000 0.0100000000 0.000000e+00 1.000000e-02 0.000000e+00 0.000000e+00 0.000000e+00 0.000000e+00 0.000000e+00 0.000000e+00 1.000000e-02 0.000000e+00 0.000000e+00 0.000000e+00
   76    1      2      0    0      1      -1      -1   100 0.0600000000 0.15000000 0.15000000 0.21000000 0.05000000 0.09000000 0.070000000 0.05000000 0.0700000000 0.0300000000 0.0100000000 0.0200000000 0.0200000000 0.000000e+00 0.000000e+00 2.000000e-02 0.000000e+00 0.000000e+00 0.000000e+00 0.000000e+00 0.000000e+00 0.000000e+00 0.000000e+00 0.000000e+00 0.000000e+00
   77    1      2      0    0      1      -1      -1   100 0.0600000000 0.35000000 0.11000000 0.09000000 0.10000000 0.00000000 0.080000000 0.06000000 0.0300000000 0.0000000000 0.0500000000 0.0200000000 0.0000000000 3.000000e-02 0.000000e+00 0.000000e+00 0.000000e+00 0.000000e+00 0.000000e+00 0.000000e+00 2.000000e-02 0.000000e+00 0.000000e+00 0.000000e+00 0.000000e+00
   78    1      2      0    0      1      -1      -1   100 0.0200000000 0.15000000 0.27000000 0.06000000 0.10000000 0.09000000 0.010000000 0.07000000 0.0500000000 0.0500000000 0.0100000000 0.0300000000 0.0200000000 2.000000e-02 0.000000e+00 1.000000e-02 0.000000e+00 1.000000e-02 1.000000e-02 0.000000e+00 1.000000e-02 0.000000e+00 0.000000e+00 0.000000e+00 1.000000e-02
   79    1      2      0    0      1      -1      -1   100 0.0300000000 0.22000000 0.12000000 0.27000000 0.05000000 0.08000000 0.040000000 0.01000000 0.0200000000 0.0200000000 0.0300000000 0.0200000000 0.0000000000 1.000000e-02 3.000000e-02 1.000000e-02 0.000000e+00 1.000000e-02 0.000000e+00 0.000000e+00 0.000000e+00 1.000000e-02 1.000000e-02 0.000000e+00 1.000000e-02
   80    1      2      0    0      1      -1      -1   100 0.1200000000 0.10000000 0.15000000 0.13000000 0.21000000 0.05000000 0.030000000 0.05000000 0.0000000000 0.0200000000 0.0400000000 0.0200000000 0.0000000000 2.000000e-02 0.000000e+00 5.000000e-02 0.000000e+00 0.000000e+00 0.000000e+00 0.000000e+00 0.000000e+00 0.000000e+00 0.000000e+00 0.000000e+00 1.000000e-02
   81    1      2      0    0      1      -1      -1   100 0.0600000000 0.22000000 0.10000000 0.10000000 0.10000000 0.14000000 0.060000000 0.07000000 0.0400000000 0.0100000000 0.0400000000 0.0200000000 0.0100000000 1.000000e-02 0.000000e+00 0.000000e+00 0.000000e+00 1.000000e-02 0.000000e+00 0.000000e+00 0.000000e+00 0.000000e+00 0.000000e+00 0.000000e+00 1.000000e-02
   82    1      2      0    0      1      -1      -1   100 0.0600000000 0.20000000 0.25000000 0.06000000 0.07000000 0.08000000 0.140000000 0.03000000 0.0200000000 0.0200000000 0.0000000000 0.0100000000 0.0200000000 1.000000e-02 2.000000e-02 1.000000e-02 0.000000e+00 0.000000e+00 0.000000e+00 0.000000e+00 0.000000e+00 0.000000e+00 0.000000e+00 0.000000e+00 0.000000e+00
   83    1      2      0    0      1      -1      -1   100 0.0200000000 0.20000000 0.14000000 0.23000000 0.06000000 0.07000000 0.070000000 0.06000000 0.0200000000 0.0300000000 0.0500000000 0.0000000000 0.0200000000 1.000000e-02 0.000000e+00 0.000000e+00 0.000000e+00 1.000000e-02 1.000000e-02 0.000000e+00 0.000000e+00 0.000000e+00 0.000000e+00 0.000000e+00 0.000000e+00
   84    1      2      0    0      1      -1      -1   100 0.0500000000 0.11000000 0.18000000 0.10000000 0.13000000 0.05000000 0.030000000 0.05000000 0.0800000000 0.0300000000 0.0300000000 0.0200000000 0.0000000000 4.000000e-02 2.000000e-02 3.000000e-02 0.000000e+00 0.000000e+00 0.000000e+00 1.000000e-02 1.000000e-02 0.000000e+00 1.000000e-02 0.000000e+00 2.000000e-02
   85    1      2      0    0      1      -1      -1   100 0.0700000000 0.22000000 0.06000000 0.14000000 0.07000000 0.15000000 0.060000000 0.02000000 0.0200000000 0.0500000000 0.0400000000 0.0200000000 0.0200000000 2.000000e-02 0.000000e+00 1.000000e-02 1.000000e-02 0.000000e+00 1.000000e-02 0.000000e+00 0.000000e+00 1.000000e-02 0.000000e+00 0.000000e+00 0.000000e+00
   86    1      2      0    0      1      -1      -1   100 0.0100000000 0.18000000 0.17000000 0.16000000 0.18000000 0.10000000 0.040000000 0.01000000 0.0300000000 0.0500000000 0.0200000000 0.0200000000 0.0100000000 1.000000e-02 0.000000e+00 0.000000e+00 0.000000e+00 0.000000e+00 1.000000e-02 0.000000e+00 0.000000e+00 0.000000e+00 0.000000e+00 0.000000e+00 0.000000e+00
   87    1      2      0    0      1      -1      -1   100 0.0700000000 0.14000000 0.26000000 0.16000000 0.07000000 0.12000000 0.050000000 0.03000000 0.0100000000 0.0100000000 0.0200000000 0.0200000000 0.0100000000 1.000000e-02 0.000000e+00 1.000000e-02 1.000000e-02 0.000000e+00 0.000000e+00 0.000000e+00 0.000000e+00 0.000000e+00 0.000000e+00 0.000000e+00 0.000000e+00
   88    1      2      0    0      1      -1      -1   100 0.0400000000 0.16000000 0.14000000 0.21000000 0.12000000 0.05000000 0.040000000 0.04000000 0.0500000000 0.0100000000 0.0100000000 0.0100000000 0.0400000000 2.000000e-02 1.000000e-02 1.000000e-02 1.000000e-02 1.000000e-02 0.000000e+00 0.000000e+00 0.000000e+00 1.000000e-02 1.000000e-02 0.000000e+00 0.000000e+00
   89    1      2      0    0      1      -1      -1   100 0.0700000000 0.19000000 0.15000000 0.06000000 0.17000000 0.10000000 0.020000000 0.07000000 0.0600000000 0.0100000000 0.0400000000 0.0200000000 0.0000000000 1.000000e-02 0.000000e+00 1.000000e-02 1.000000e-02 0.000000e+00 1.000000e-02 0.000000e+00 0.000000e+00 0.000000e+00 0.000000e+00 0.000000e+00 0.000000e+00
   90    1      2      0    0      1      -1      -1   100 0.0100000000 0.19000000 0.19000000 0.14000000 0.08000000 0.05000000 0.080000000 0.03000000 0.0700000000 0.0800000000 0.0000000000 0.0200000000 0.0200000000 0.000000e+00 0.000000e+00 2.000000e-02 1.000000e-02 0.000000e+00 0.000000e+00 0.000000e+00 0.000000e+00 1.000000e-02 0.000000e+00 0.000000e+00 0.000000e+00
   91    1      2      0    0      1      -1      -1   100 0.0500000000 0.05000000 0.19000000 0.15000000 0.08000000 0.07000000 0.060000000 0.09000000 0.0300000000 0.0300000000 0.0900000000 0.0200000000 0.0200000000 0.000000e+00 1.000000e-02 2.000000e-02 0.000000e+00 0.000000e+00 0.000000e+00 0.000000e+00 3.000000e-02 0.000000e+00 0.000000e+00 0.000000e+00 1.000000e-02
   92    1      2      0    0      1      -1      -1   100 0.0600000000 0.20000000 0.10000000 0.15000000 0.11000000 0.09000000 0.060000000 0.06000000 0.0600000000 0.0200000000 0.0100000000 0.0000000000 0.0200000000 0.000000e+00 0.000000e+00 0.000000e+00 2.000000e-02 2.000000e-02 0.000000e+00 0.000000e+00 1.000000e-02 0.000000e+00 0.000000e+00 0.000000e+00 1.000000e-02
   93    1      2      0    0      1      -1      -1   100 0.0500000000 0.23000000 0.18000000 0.04000000 0.09000000 0.07000000 0.120000000 0.04000000 0.0500000000 0.0100000000 0.0400000000 0.0100000000 0.0000000000 1.000000e-02 0.000000e+00 2.000000e-02 0.000000e+00 2.000000e-02 0.000000e+00 1.000000e-02 0.000000e+00 0.000000e+00 0.000000e+00 0.000000e+00 1.000000e-02
   94    1      2      0    0      1      -1      -1   100 0.0500000000 0.26000000 0.17000000 0.13000000 0.03000000 0.05000000 0.100000000 0.06000000 0.0100000000 0.0000000000 0.0200000000 0.0200000000 0.0100000000 2.000000e-02 3.000000e-02 0.000000e+00 1.000000e-02 1.000000e-02 1.000000e-02 0.000000e+00 0.000000e+00 0.000000e+00 0.000000e+00 0.000000e+00 1.000000e-02
   95    1      2      0    0      1      -1      -1   100 0.0500000000 0.23000000 0.20000000 0.07000000 0.10000000 0.06000000 0.030000000 0.07000000 0.0600000000 0.0300000000 0.0500000000 0.0000000000 0.0100000000 2.000000e-02 2.000000e-02 0.000000e+00 0.000000e+00 0.000000e+00 0.000000e+00 0.000000e+00 0.000000e+00 0.000000e+00 0.000000e+00 0.000000e+00 0.000000e+00
   96    1      2      0    0      1      -1      -1   100 0.0300000000 0.24000000 0.19000000 0.14000000 0.09000000 0.13000000 0.010000000 0.02000000 0.0400000000 0.0600000000 0.0100000000 0.0000000000 0.0100000000 0.000000e+00 1.000000e-02 1.000000e-02 0.000000e+00 0.000000e+00 0.000000e+00 1.000000e-02 0.000000e+00 0.000000e+00 0.000000e+00 0.000000e+00 0.000000e+00
   97    1      2      0    0      1      -1      -1   100 0.0400000000 0.23000000 0.18000000 0.16000000 0.07000000 0.08000000 0.050000000 0.01000000 0.0200000000 0.0200000000 0.0400000000 0.0400000000 0.0100000000 2.000000e-02 1.000000e-02 0.000000e+00 1.000000e-02 0.000000e+00 0.000000e+00 0.000000e+00 0.000000e+00 0.000000e+00 1.000000e-02 0.000000e+00 0.000000e+00
   98    1      2      0    0      1      -1      -1   100 0.0400000000 0.09000000 0.34000000 0.06000000 0.16000000 0.08000000 0.020000000 0.05000000 0.0200000000 0.0300000000 0.0200000000 0.0200000000 0.0000000000 1.000000e-02 1.000000e-02 0.000000e+00 3.000000e-02 1.000000e-02 0.000000e+00 0.000000e+00 0.000000e+00 1.000000e-02 0.000000e+00 0.000000e+00 0.000000e+00
   99    1      2      0    0      1      -1      -1   100 0.0200000000 0.24000000 0.09000000 0.20000000 0.08000000 0.10000000 0.070000000 0.04000000 0.0200000000 0.0200000000 0.0100000000 0.0200000000 0.0300000000 1.000000e-02 1.000000e-02 0.000000e+00 1.000000e-02 0.000000e+00 0.000000e+00 2.000000e-02 0.000000e+00 1.000000e-02 0.000000e+00 0.000000e+00 0.000000e+00
  100    1      2      0    0      1      -1      -1   100 0.0600000000 0.18000000 0.15000000 0.04000000 0.11000000 0.13000000 0.150000000 0.02000000 0.0500000000 0.0200000000 0.0200000000 0.0100000000 0.0200000000 1.000000e-02 0.000000e+00 1.000000e-02 1.000000e-02 1.000000e-02 0.000000e+00 0.000000e+00 0.000000e+00 0.000000e+00 0.000000e+00 0.000000e+00 0.000000e+00
0 #_N_MeanSize_at_Age_obs
0 #_N_environ_variables
0 #_N_environ_obs
0 #_N_sizefreq_methods
0 #_do_tags
0 #_morphcomp_data
#
999
