#C data file created using the SS_writedat function in the R package r4ss
#C should work with SS version: 
#C file write time: 2014-11-06 19:59:06
#
1 #_styr
100 #_endyr
1 #_nseas
12 #_months_per_seas
1 #_spawn_seas
1 #_Nfleet
2 #_Nsurveys
1 #_N_areas
Fishery%Survey%CPUE #_fleetnames
0.5 0.5 0.5 #_surveytiming_in_season
1 1 1 #_area_assignments_for_each_fishery_and_survey
1 #_units of catch:  1=bio; 2=num
0.01 #_se of log(catch) only used for init_eq_catch and for Fmethod 2 and 3
1 #_Ngenders
25 #_Nages
0 #_init_equil_catch_for_each_fishery
100 #_N_lines_of_catch_to_read
 #_Fishery year seas
         0    1    1
         0    2    1
         0    3    1
         0    4    1
         0    5    1
         0    6    1
         0    7    1
         0    8    1
         0    9    1
         0   10    1
         0   11    1
         0   12    1
         0   13    1
         0   14    1
         0   15    1
         0   16    1
         0   17    1
         0   18    1
         0   19    1
         0   20    1
         0   21    1
         0   22    1
         0   23    1
         0   24    1
         0   25    1
 223363000   26    1
 222585000   27    1
 218393000   28    1
 210966000   29    1
 205686000   30    1
 201398000   31    1
 195627000   32    1
 188283000   33    1
 182386000   34    1
 180559000   35    1
 176839000   36    1
 170103000   37    1
 163481000   38    1
 157394000   39    1
 150637000   40    1
 145792000   41    1
 141298000   42    1
 135827000   43    1
 129363000   44    1
 125050000   45    1
 124257000   46    1
 124930000   47    1
 125356000   48    1
 127327000   49    1
 132721000   50    1
 136423000   51    1
 139239000   52    1
 142973000   53    1
 149324000   54    1
 151144000   55    1
 148471000   56    1
 144581000   57    1
 141879000   58    1
 138342000   59    1
 133512000   60    1
 130967000   61    1
 132056000   62    1
 134289000   63    1
 140805000   64    1
 142659000   65    1
 142768000   66    1
 144613000   67    1
 146504000   68    1
 150766000   69    1
 154297000   70    1
 154003000   71    1
 151588000   72    1
 147517000   73    1
 144270000   74    1
 142190000   75    1
 142895000   76    1
 144922000   77    1
 150014000   78    1
 156667000   79    1
 157222000   80    1
 153583000   81    1
 149264000   82    1
 145430000   83    1
 141949000   84    1
 143031000   85    1
 142897000   86    1
 139878000   87    1
 135368000   88    1
 131393000   89    1
 127186000   90    1
 123871000   91    1
 125542000   92    1
 130555000   93    1
 132832000   94    1
 133462000   95    1
 132532000   96    1
 130038000   97    1
 128517000   98    1
 127808000   99    1
 128595000  100    1
76 #_N_cpue
 #_Fleet Units Errtype
       1     1       0
       2     1       0
       3     1       0
 #_year seas index        obs se_log
     25    1     2 2931974439    0.2
     26    1     2 2885910572    0.2
     27    1     2 3575105649    0.2
     28    1     2 2714311997    0.2
     29    1     2 3509555869    0.2
     30    1     2 2426584657    0.2
     31    1     2 2754217638    0.2
     32    1     2 2302072415    0.2
     33    1     2 2439500650    0.2
     34    1     2 1839195977    0.2
     35    1     2 3278933661    0.2
     36    1     2 2412463864    0.2
     37    1     2 2342344781    0.2
     38    1     2 2546382435    0.2
     39    1     2 2594014233    0.2
     40    1     2 2196562316    0.2
     41    1     2 2115055526    0.2
     42    1     2 2241765193    0.2
     43    1     2 1481958819    0.2
     44    1     2 2139626473    0.2
     45    1     2 2010811333    0.2
     46    1     2 1402278689    0.2
     47    1     2 2247184618    0.2
     48    1     2 2014139108    0.2
     49    1     2 1845289193    0.2
     50    1     2 1994968256    0.2
     51    1     2 2004928756    0.2
     52    1     2 1638803700    0.2
     53    1     2 1981041964    0.2
     54    1     2 1766417591    0.2
     55    1     2 2194417341    0.2
     56    1     2 2571746081    0.2
     57    1     2 1574745245    0.2
     58    1     2 1351785695    0.2
     59    1     2 1609792223    0.2
     60    1     2 2006923737    0.2
     61    1     2 2262516940    0.2
     62    1     2 1768202736    0.2
     63    1     2 1324153298    0.2
     64    1     2 2453192316    0.2
     65    1     2 1579079800    0.2
     66    1     2 1926534255    0.2
     67    1     2 2530129668    0.2
     68    1     2 2568586459    0.2
     69    1     2 1188171690    0.2
     70    1     2 2107821506    0.2
     71    1     2 2515195803    0.2
     72    1     2 2990628767    0.2
     73    1     2 2766787099    0.2
     74    1     2 2679716936    0.2
     75    1     2 1906242045    0.2
     76    1     2 1834553771    0.2
     77    1     2 2431841465    0.2
     78    1     2 1777065300    0.2
     79    1     2 2160596001    0.2
     80    1     2 1962711834    0.2
     81    1     2 1542853066    0.2
     82    1     2 1994957887    0.2
     83    1     2 2956925636    0.2
     84    1     2 2157540406    0.2
     85    1     2 2626330882    0.2
     86    1     2 2473613541    0.2
     87    1     2 2188545063    0.2
     88    1     2 1461471563    0.2
     89    1     2 1810141748    0.2
     90    1     2 2019418919    0.2
     91    1     2 1090760990    0.2
     92    1     2 1747583433    0.2
     93    1     2 1302754158    0.2
     94    1     2 2529126711    0.2
     95    1     2 2657938030    0.2
     96    1     2 2063738489    0.2
     97    1     2 2588348305    0.2
     98    1     2 1677731881    0.2
     99    1     2 1226569201    0.2
    100    1     2 1813257361    0.2
0 #_N_discard_fleets
#_discard_units (1=same_as_catchunits(bio/num); 2=fraction; 3=numbers)
#_discard_errtype:  >0 for DF of T-dist(read CV below); 0 for normal with CV; -1 for normal with se; -2 for lognormal
0 #_N_discard
0 #_N_meanbodywt
1 #_DF_for_meanbodywt_T-distribution_like
2 # length bin method: 1=use databins; 2=generate from binwidth,min,max below; 3=read vector
1 # binwidth for population size comp
10 # minimum size in the population (lower edge of first bin and size at age 0.00)
200 # maximum size in the population (lower edge of last bin)
-0.001 #_comp_tail_compression
1e-05 #_add_to_comp
0 #_combine males into females at or below this bin number
21 #_N_lbins
#_lbin_vector
10 53 70 83 94 101 107 111 114 117 120 123 125 127 130 132 135 138 142 148 200
0 #_N_Length_comp_observations
25 #_N_agebins
#_agebin_vector
1 2 3 4 5 6 7 8 9 10 11 12 13 14 15 16 17 18 19 20 21 22 23 24 25
1 #_N_ageerror_definitions
 #_age0   age1   age2   age3   age4   age5   age6   age7   age8   age9  age10  age11  age12  age13  age14  age15  age16  age17  age18  age19  age20  age21  age22  age23  age24  age25
 -1.000 -1.000 -1.000 -1.000 -1.000 -1.000 -1.000 -1.000 -1.000 -1.000 -1.000 -1.000 -1.000 -1.000 -1.000 -1.000 -1.000 -1.000 -1.000 -1.000 -1.000 -1.000 -1.000 -1.000 -1.000 -1.000
  0.001  0.001  0.001  0.001  0.001  0.001  0.001  0.001  0.001  0.001  0.001  0.001  0.001  0.001  0.001  0.001  0.001  0.001  0.001  0.001  0.001  0.001  0.001  0.001  0.001  0.001
198 #_N_agecomp
1 #_Lbin_method: 1=poplenbins; 2=datalenbins; 3=lengths
-1 #_combine males into females at or below this bin number
 #_Yr Seas FltSvy Gender Part Ageerr Lbin_lo Lbin_hi Nsamp          a1         a2         a3         a4         a5         a6         a7         a8          a9         a10         a11         a12         a13          a14          a15          a16          a17          a18          a19          a20          a21          a22          a23          a24          a25
    2    1      1      0    0      1      -1      -1   500 0.011288866 0.12206070 0.13979953 0.12007132 0.13293411 0.09630034 0.06836376 0.05130534 0.058487051 0.053816527 0.020283941 0.017068201 0.025755352 0.0146613380 0.0079324213 0.0070504760 3.795202e-03 0.0063463077 6.534964e-03 1.183530e-02 6.444488e-03 5.906147e-03 1.935644e-03 3.534879e-03 6.487801e-03
    3    1      1      0    0      1      -1      -1   500 0.008129101 0.12419624 0.17962215 0.12354092 0.09902378 0.06489799 0.06645833 0.04980831 0.067802678 0.039551915 0.051139520 0.029731393 0.014931238 0.0079713249 0.0149910892 0.0081552327 8.537895e-03 0.0140661127 7.620732e-03 2.182302e-03 3.424099e-03 1.331529e-03 1.870203e-03 6.313759e-04 1.038454e-02
    4    1      1      0    0      1      -1      -1   500 0.009599124 0.12930567 0.17370616 0.12024772 0.10112424 0.08269953 0.06088163 0.06878013 0.045879186 0.030976253 0.029629517 0.030961326 0.015578474 0.0108794797 0.0064980082 0.0091225961 1.033843e-02 0.0062946928 1.402974e-02 8.539520e-03 1.249383e-02 1.007498e-02 5.088035e-04 2.559706e-03 9.291251e-03
    5    1      1      0    0      1      -1      -1   500 0.006659002 0.09561222 0.17546033 0.15321374 0.11039365 0.07630302 0.09725124 0.05467047 0.034449280 0.032110153 0.029734845 0.023374531 0.011877743 0.0185896398 0.0167422776 0.0155193656 8.151309e-03 0.0033239320 4.614177e-03 7.434744e-03 1.613728e-03 3.814775e-03 1.523327e-03 1.254650e-04 1.743702e-02
    6    1      1      0    0      1      -1      -1   500 0.013043369 0.03811081 0.12403348 0.21321366 0.16083954 0.09311281 0.06393290 0.06455930 0.029474154 0.034281889 0.025819365 0.020508663 0.019301225 0.0151817632 0.0172405592 0.0085983237 7.405694e-03 0.0172632324 6.817721e-03 6.709865e-03 2.288787e-03 5.662390e-03 2.040410e-03 1.291337e-03 9.268757e-03
    7    1      1      0    0      1      -1      -1   500 0.023036115 0.12384664 0.03895845 0.11413192 0.15389991 0.10065261 0.09427147 0.06547174 0.044817798 0.045242057 0.040099416 0.021473542 0.021111940 0.0142750629 0.0239586107 0.0123517745 1.098538e-02 0.0156431576 2.869058e-03 2.473403e-03 1.575857e-02 3.070880e-03 1.108444e-03 2.827032e-04 1.020936e-02
    8    1      1      0    0      1      -1      -1   500 0.007420923 0.04023171 0.14784801 0.02252450 0.11755905 0.15496184 0.09140369 0.09779546 0.052861356 0.047810499 0.038916283 0.030943546 0.042176284 0.0189250622 0.0220065366 0.0087708732 8.400780e-03 0.0045769044 6.481519e-03 5.109936e-03 4.387548e-03 6.823949e-03 3.398400e-03 3.997412e-03 1.466794e-02
    9    1      1      0    0      1      -1      -1   500 0.010466833 0.07706984 0.06104618 0.19091046 0.03867688 0.08754963 0.11698494 0.07063690 0.050920242 0.057393829 0.044936836 0.034908030 0.036209828 0.0239106180 0.0130337493 0.0244249358 1.668402e-02 0.0052410427 2.500996e-03 6.491431e-03 4.623496e-03 3.466782e-03 2.693377e-03 1.408292e-03 1.781083e-02
   10    1      1      0    0      1      -1      -1   500 0.024122947 0.10647932 0.09870730 0.06685611 0.14698927 0.02577574 0.08856417 0.10239108 0.062110501 0.056477792 0.049849258 0.033097614 0.019203538 0.0277985514 0.0231346128 0.0053832482 7.856477e-03 0.0161058121 4.825348e-03 5.023614e-03 2.486554e-03 1.880384e-03 3.521976e-03 1.295187e-03 2.006361e-02
   11    1      1      0    0      1      -1      -1   500 0.025187899 0.13247420 0.17190983 0.07606696 0.05920244 0.11949682 0.02471598 0.05356255 0.079416496 0.061124057 0.025849728 0.033393371 0.027568675 0.0161350968 0.0158155082 0.0132849345 1.334328e-02 0.0132891652 7.723360e-03 5.563350e-03 5.386271e-03 5.429066e-03 1.620051e-03 2.892291e-03 9.548620e-03
   12    1      1      0    0      1      -1      -1   500 0.013829038 0.16513630 0.19805582 0.11842706 0.04596628 0.04290284 0.08366555 0.01224886 0.045252851 0.069509658 0.024392888 0.044769101 0.024969589 0.0170828642 0.0106699814 0.0156445318 9.917089e-03 0.0106282239 3.589911e-03 6.971262e-03 4.850703e-03 1.110160e-02 9.202475e-04 2.880031e-03 1.661772e-02
   13    1      1      0    0      1      -1      -1   500 0.006461291 0.08683549 0.24330102 0.18398121 0.08899572 0.06132782 0.03069032 0.06673612 0.014878673 0.031204698 0.034296653 0.032770999 0.030047100 0.0215808695 0.0187696508 0.0036576046 1.166424e-02 0.0067650884 8.590512e-03 2.257226e-03 1.550073e-03 5.910788e-03 2.747425e-03 1.427318e-03 3.552086e-03
   14    1      1      0    0      1      -1      -1   500 0.008970868 0.07142985 0.12201806 0.21353172 0.11972594 0.10637698 0.05168735 0.02881909 0.058387975 0.013971829 0.020995113 0.035129966 0.040419671 0.0141392950 0.0213266673 0.0181531817 1.309013e-02 0.0075682042 6.097458e-03 7.257691e-03 5.267359e-03 1.924118e-03 5.094704e-03 1.487866e-03 7.128908e-03
   15    1      1      0    0      1      -1      -1   500 0.011034456 0.11241760 0.08178043 0.11379184 0.18707065 0.09367857 0.08399292 0.04007356 0.026872832 0.043082409 0.007476307 0.018623275 0.047211611 0.0288934375 0.0153322652 0.0150998039 1.080103e-02 0.0020168298 8.059156e-03 5.483947e-03 8.410727e-03 7.923358e-03 5.702761e-03 4.680866e-03 2.048936e-02
   16    1      1      0    0      1      -1      -1   500 0.008806701 0.10341953 0.18101623 0.06672977 0.09546921 0.13362135 0.11052067 0.06506210 0.038633608 0.019225288 0.032800272 0.006906698 0.011253675 0.0373559221 0.0167417495 0.0126781884 1.336340e-02 0.0082668336 8.103125e-03 7.035310e-03 4.835440e-03 4.843924e-03 2.598957e-03 2.110906e-03 8.601151e-03
   17    1      1      0    0      1      -1      -1   500 0.014188302 0.05094384 0.11556947 0.13251341 0.06077447 0.09462909 0.10560397 0.11437023 0.080060032 0.032402405 0.021348125 0.031937645 0.004243077 0.0209993256 0.0317800073 0.0210584250 1.273303e-02 0.0049114776 9.399353e-03 5.141773e-03 3.423445e-03 5.303354e-03 3.354403e-03 3.704152e-03 1.960720e-02
   18    1      1      0    0      1      -1      -1   500 0.016839946 0.08085530 0.07000106 0.14154820 0.11490378 0.05143500 0.07440304 0.10958087 0.058379756 0.058103560 0.028381450 0.016015665 0.040057493 0.0055381943 0.0226577178 0.0176480216 2.052323e-02 0.0140371033 8.376020e-03 1.026532e-02 1.489836e-02 2.027642e-03 7.259309e-03 1.573463e-03 1.469050e-02
   19    1      1      0    0      1      -1      -1   500 0.017128944 0.10214127 0.13526536 0.07116997 0.10507286 0.08605121 0.03797238 0.05159971 0.094392188 0.068536640 0.044904700 0.023477163 0.007076846 0.0261055231 0.0088816438 0.0106247171 2.349758e-02 0.0164812023 2.857459e-02 3.696206e-03 1.016933e-02 6.391443e-03 1.318433e-03 2.393669e-03 1.707640e-02
   20    1      1      0    0      1      -1      -1   500 0.019697404 0.12207479 0.14181133 0.09361112 0.06554159 0.09531536 0.10092934 0.02620125 0.035441889 0.082923423 0.055378907 0.026118571 0.022864828 0.0147149547 0.0260892617 0.0076781050 5.258816e-03 0.0083982050 1.372398e-02 1.127318e-03 7.800677e-03 4.854845e-04 5.532407e-03 3.176873e-03 1.810411e-02
   21    1      1      0    0      1      -1      -1   500 0.018928388 0.11583550 0.16196913 0.09697567 0.09955690 0.03534655 0.09265803 0.08604899 0.028617996 0.037260528 0.056479911 0.030806882 0.033464319 0.0137288289 0.0051030562 0.0066175728 3.858237e-03 0.0149585484 5.509666e-03 1.726785e-02 5.709178e-03 1.638924e-03 5.926067e-03 7.760098e-03 1.797318e-02
   22    1      1      0    0      1      -1      -1   500 0.023085783 0.11325960 0.21112185 0.13954887 0.08795240 0.07231283 0.02089328 0.04982782 0.054183546 0.030396594 0.036912382 0.043779503 0.024496943 0.0200232058 0.0208449069 0.0009819217 1.300305e-02 0.0006578811 7.534244e-03 5.629127e-03 3.743517e-03 5.246831e-03 9.210766e-04 3.119197e-03 1.052365e-02
   23    1      1      0    0      1      -1      -1   500 0.014281478 0.19844713 0.13718127 0.13772822 0.10683744 0.06811055 0.04612029 0.02725362 0.048400128 0.027675852 0.012849348 0.027813031 0.028658530 0.0363976666 0.0158889637 0.0080900031 1.923145e-02 0.0050946389 1.267603e-03 7.206109e-03 7.729807e-03 3.197721e-03 3.721765e-03 7.014719e-04 1.011592e-02
   24    1      1      0    0      1      -1      -1   500 0.024944654 0.11778551 0.28693908 0.13307424 0.08857805 0.07251945 0.04149415 0.03829635 0.006889763 0.021930001 0.034018368 0.014015780 0.015136807 0.0283016959 0.0306554902 0.0089697079 5.923547e-03 0.0036741699 3.659880e-03 9.516322e-04 4.316589e-03 4.721268e-03 3.300354e-03 3.533499e-05 9.868116e-03
   25    1      1      0    0      1      -1      -1   500 0.019491564 0.14474127 0.17514928 0.16157094 0.08355356 0.10824500 0.07690334 0.04194705 0.026016771 0.009640098 0.030033848 0.017936998 0.007695716 0.0044406401 0.0326558777 0.0190630788 7.498712e-03 0.0038477855 5.547459e-03 3.049298e-03 3.896770e-03 1.959255e-03 2.669930e-03 1.210162e-03 1.123559e-02
   26    1      1      0    0      1      -1      -1   500 0.019793371 0.16841388 0.14209602 0.15745979 0.17209033 0.05598331 0.06034145 0.06545353 0.030131942 0.017991863 0.008899064 0.012772720 0.019352546 0.0062196816 0.0091357680 0.0066350472 9.908531e-03 0.0038254096 3.239196e-03 1.912442e-03 1.028636e-03 6.753693e-04 1.706232e-03 4.518680e-03 2.041520e-02
   27    1      1      0    0      1      -1      -1   500 0.005913798 0.16277671 0.23878293 0.11304882 0.14712785 0.10436146 0.03428157 0.04209153 0.021887877 0.024061644 0.014162174 0.003836173 0.017510709 0.0130572486 0.0093033083 0.0066845165 1.077675e-02 0.0059475724 5.543621e-03 4.041409e-03 1.021793e-03 2.098526e-03 9.004064e-05 4.763213e-04 1.111565e-02
   28    1      1      0    0      1      -1      -1   500 0.012491121 0.07693011 0.22110324 0.21020348 0.11154181 0.09285923 0.06515613 0.03686185 0.041157534 0.022030139 0.032732325 0.009317618 0.011151155 0.0133484499 0.0054040792 0.0055930941 5.187248e-03 0.0123733629 6.324672e-03 1.288266e-03 5.604014e-04 1.775056e-03 1.334570e-04 3.320788e-04 4.144104e-03
   29    1      1      0    0      1      -1      -1   500 0.014952235 0.17566358 0.08936061 0.13557373 0.16491939 0.09953640 0.08698944 0.07588310 0.026884756 0.030983478 0.008920035 0.009024141 0.013727098 0.0028191025 0.0153677047 0.0046774591 5.300274e-03 0.0097721824 1.217749e-02 1.548906e-03 1.905673e-03 4.689126e-04 3.071596e-05 8.749772e-05 1.342609e-02
   30    1      1      0    0      1      -1      -1   500 0.014104198 0.14753076 0.19206299 0.07301566 0.12296646 0.12317460 0.07798739 0.04899035 0.057833714 0.027958361 0.018033841 0.024014573 0.016070737 0.0101384030 0.0023256544 0.0027132642 7.515367e-03 0.0041658343 3.662110e-03 3.701134e-03 5.862386e-03 2.001807e-03 4.093899e-05 2.002754e-04 1.392920e-02
   31    1      1      0    0      1      -1      -1   500 0.012043727 0.15580035 0.23721901 0.13741627 0.04488789 0.07730406 0.08386987 0.03935098 0.054791856 0.062214442 0.016899463 0.010630404 0.009098862 0.0171410226 0.0094566834 0.0015553450 4.122069e-03 0.0048843246 2.735423e-03 1.528265e-03 2.499934e-03 3.964339e-03 1.561579e-03 1.339141e-03 7.684679e-03
   32    1      1      0    0      1      -1      -1   500 0.016927494 0.11027760 0.18251421 0.16764718 0.11042649 0.04999670 0.05509477 0.06766264 0.070534452 0.035419781 0.033487780 0.018258197 0.015724247 0.0204038091 0.0061660919 0.0050535851 2.469782e-03 0.0120240982 3.222451e-03 1.694025e-03 2.303258e-03 4.295232e-03 2.314253e-03 5.594698e-04 5.522401e-03
   33    1      1      0    0      1      -1      -1   500 0.017252886 0.09518954 0.17974927 0.13635844 0.16019831 0.08084911 0.04264366 0.05307580 0.046309637 0.060256835 0.031366171 0.036048177 0.011351252 0.0218109333 0.0049297318 0.0035295337 2.795448e-03 0.0003093200 2.012200e-03 8.793613e-04 1.926557e-03 2.480548e-04 1.848111e-03 4.680224e-03 4.381440e-03
   34    1      1      0    0      1      -1      -1   500 0.014371587 0.24302243 0.11628220 0.10960479 0.12420749 0.07963724 0.07743371 0.03374320 0.036384084 0.036258427 0.035447888 0.017511180 0.017355617 0.0100830436 0.0053149656 0.0072102670 2.712113e-03 0.0055837531 5.895971e-04 6.327105e-04 7.616866e-04 1.418405e-02 1.033126e-03 3.527261e-03 7.107578e-03
   35    1      1      0    0      1      -1      -1   500 0.012760506 0.13155929 0.25414711 0.09948698 0.10447161 0.08098703 0.09230194 0.04739484 0.016884544 0.028706813 0.037702970 0.023181808 0.013001601 0.0084403945 0.0072682195 0.0068862457 4.094169e-03 0.0016950833 5.653408e-03 4.709386e-03 7.765736e-03 2.751012e-03 9.560971e-05 2.202816e-03 5.850877e-03
   36    1      1      0    0      1      -1      -1   500 0.012519032 0.14251288 0.18147392 0.20992781 0.07181284 0.07465590 0.05705971 0.05879090 0.044709675 0.010040638 0.024276027 0.026801585 0.024767505 0.0073678478 0.0233208019 0.0059032673 7.172434e-03 0.0012974896 2.838846e-03 1.316749e-03 1.876182e-04 1.949433e-03 1.100191e-03 1.268271e-04 8.070079e-03
   37    1      1      0    0      1      -1      -1   500 0.011158956 0.10142343 0.09936887 0.18435470 0.20801876 0.05258017 0.06822419 0.04477618 0.051938684 0.041574476 0.015950453 0.025585356 0.017743727 0.0208501823 0.0105503697 0.0104988308 5.291597e-03 0.0090719700 2.853404e-03 4.195721e-05 4.813717e-03 1.231431e-03 4.632409e-04 2.170475e-04 1.141830e-02
   38    1      1      0    0      1      -1      -1   500 0.005462682 0.23022042 0.14359385 0.09211910 0.09598939 0.14334009 0.04226632 0.04813356 0.042419622 0.036143252 0.034898627 0.010872958 0.015181451 0.0157609581 0.0087995687 0.0107475904 7.497957e-03 0.0018750616 3.388424e-04 2.621000e-03 6.854736e-04 2.783779e-04 2.315856e-04 1.297394e-03 9.224861e-03
   39    1      1      0    0      1      -1      -1   500 0.029915596 0.05805775 0.21693430 0.12007110 0.10018704 0.09581393 0.10842164 0.04716273 0.037222881 0.043460691 0.025861650 0.021497665 0.008686569 0.0124239459 0.0261509670 0.0047213629 1.718557e-02 0.0109093844 4.126058e-03 1.571015e-03 2.763465e-04 3.811962e-04 1.479278e-04 1.440002e-03 7.372674e-03
   40    1      1      0    0      1      -1      -1   500 0.012318620 0.17565999 0.09360058 0.18790792 0.09045692 0.05542402 0.10019648 0.09731038 0.040761170 0.030049607 0.024047494 0.025980901 0.014252930 0.0065122146 0.0042929237 0.0092506495 5.813285e-03 0.0077453283 3.744304e-03 3.778652e-03 1.837297e-03 2.297379e-03 2.490086e-04 2.009213e-05 6.491856e-03
   41    1      1      0    0      1      -1      -1   500 0.017751897 0.15327305 0.16771898 0.08561581 0.14622745 0.08519328 0.05694352 0.05298798 0.079403600 0.020738519 0.026753992 0.029782959 0.019622538 0.0127231404 0.0008241006 0.0140201917 8.760589e-03 0.0028057944 4.029726e-03 1.314034e-03 1.239134e-03 5.511343e-04 5.713356e-03 1.852650e-05 5.986701e-03
   42    1      1      0    0      1      -1      -1   500 0.009661936 0.11268647 0.16437647 0.17776047 0.08204801 0.12105760 0.05158552 0.05725671 0.063651131 0.060783669 0.008022667 0.016325130 0.017757832 0.0150734500 0.0081495812 0.0021195733 5.302221e-03 0.0034369408 6.261423e-03 8.400883e-03 6.534167e-04 2.902983e-03 3.706642e-04 1.558767e-04 4.199354e-03
   43    1      1      0    0      1      -1      -1   500 0.012200179 0.08677533 0.18050185 0.14933660 0.14667234 0.07042194 0.07444098 0.04733002 0.033775655 0.043691394 0.050527781 0.018235143 0.015942312 0.0192472059 0.0120496974 0.0081634903 4.369411e-03 0.0117502559 7.540775e-03 6.749155e-04 1.797428e-04 2.433997e-03 2.305773e-05 8.999433e-04 2.815989e-03
   44    1      1      0    0      1      -1      -1   500 0.025629451 0.14113527 0.10583851 0.14197102 0.13654819 0.12382632 0.06956324 0.05708573 0.025980791 0.042001146 0.028621427 0.028404080 0.006110391 0.0118102299 0.0039350463 0.0193481801 5.635257e-03 0.0055173021 3.818633e-03 5.810555e-03 1.013016e-03 7.328736e-03 3.256347e-04 3.389201e-05 2.707952e-03
   45    1      1      0    0      1      -1      -1   500 0.017610002 0.21353991 0.15912047 0.09976930 0.10029530 0.07080447 0.09722698 0.03415335 0.050803606 0.023304153 0.012529942 0.025154959 0.024563601 0.0108155967 0.0088089878 0.0075766299 7.925530e-03 0.0021549076 3.722215e-03 4.870157e-03 3.561949e-03 5.635478e-04 7.789009e-03 3.098159e-03 1.023727e-02
   46    1      1      0    0      1      -1      -1   500 0.021802755 0.15989363 0.25828739 0.11108168 0.06800646 0.06349680 0.06866364 0.05290157 0.024728295 0.057496938 0.015338375 0.013360925 0.020503146 0.0208682467 0.0050577180 0.0070302542 2.378797e-03 0.0038797370 9.064668e-03 2.064604e-04 3.572855e-03 4.668808e-03 1.246561e-03 3.909962e-05 6.425199e-03
   47    1      1      0    0      1      -1      -1   500 0.007447177 0.17757620 0.21462583 0.18874308 0.08110866 0.05258374 0.06114411 0.04859755 0.033219011 0.029921376 0.018438689 0.013722198 0.006630257 0.0268593524 0.0137495917 0.0039732602 5.570217e-03 0.0005371698 1.718905e-03 5.192464e-03 3.586037e-03 1.493320e-03 9.825139e-04 2.167608e-04 2.362536e-03
   48    1      1      0    0      1      -1      -1   500 0.030662380 0.08710877 0.22914168 0.16777358 0.16850978 0.07906474 0.02459572 0.04707551 0.037548494 0.032319973 0.009617419 0.022453826 0.014066242 0.0007281175 0.0068841528 0.0139121859 4.056920e-03 0.0095886380 2.264027e-03 1.588198e-03 6.205742e-04 6.584869e-08 2.819804e-03 5.808245e-04 7.018378e-03
   49    1      1      0    0      1      -1      -1   500 0.017056264 0.28341387 0.14418771 0.15920403 0.10078765 0.10357496 0.02612184 0.01473890 0.031838161 0.030653615 0.023733881 0.003240923 0.017937533 0.0035545834 0.0029965369 0.0088110844 4.429443e-03 0.0017849749 4.083846e-03 6.290692e-03 6.719341e-04 4.126375e-03 4.842854e-04 1.190245e-03 5.086670e-03
   50    1      1      0    0      1      -1      -1   500 0.029989325 0.12892254 0.31897541 0.08542454 0.11476415 0.11215911 0.05623448 0.02645416 0.020195287 0.025331742 0.022718440 0.024270858 0.002560188 0.0101847919 0.0027574665 0.0012311229 1.908064e-03 0.0055170909 3.119725e-03 1.251253e-05 1.386056e-03 3.069024e-03 8.711825e-04 6.558743e-05 1.877154e-03
   51    1      1      0    0      1      -1      -1   500 0.010119581 0.16319690 0.17553879 0.27732309 0.06045701 0.08284725 0.04932069 0.05808297 0.027604534 0.008945062 0.025579242 0.022036449 0.006774977 0.0041745575 0.0104374765 0.0042893630 3.054948e-04 0.0033317485 3.532068e-03 1.067520e-04 9.936690e-04 1.608139e-04 2.239975e-03 1.170239e-05 2.589839e-03
   52    1      1      0    0      1      -1      -1   500 0.034889944 0.14566916 0.20570834 0.15094697 0.17485592 0.05002110 0.07196537 0.04718361 0.047135466 0.006709739 0.006411853 0.017560793 0.012539253 0.0089979263 0.0031567763 0.0072343096 1.126930e-03 0.0015635943 1.563069e-03 2.128529e-03 3.849004e-04 6.318666e-04 1.563427e-14 1.292014e-03 3.225718e-04
   53    1      1      0    0      1      -1      -1   500 0.016282855 0.25036874 0.12505984 0.14018118 0.10961304 0.13156474 0.04019512 0.04038223 0.041247387 0.048763166 0.016720845 0.006701802 0.005975191 0.0060420874 0.0049898856 0.0007646616 2.976995e-03 0.0021830427 1.636266e-03 8.429742e-04 1.658039e-03 2.419162e-03 1.120028e-03 3.098700e-04 2.000855e-03
   54    1      1      0    0      1      -1      -1   500 0.009679835 0.14218978 0.30699140 0.11078176 0.09671709 0.06140764 0.09313154 0.04182123 0.042041185 0.026181248 0.026382642 0.009277572 0.009241189 0.0062891865 0.0031042905 0.0013266507 1.619803e-03 0.0043365229 7.020248e-04 3.807126e-03 2.094090e-04 2.935580e-04 9.070231e-06 2.051613e-04 2.253084e-03
   55    1      1      0    0      1      -1      -1   500 0.006527603 0.06862581 0.19513583 0.28488049 0.09402625 0.09272641 0.04734087 0.08246390 0.025592688 0.029439777 0.014544561 0.013556346 0.013691331 0.0023634927 0.0015382010 0.0072420742 5.928436e-03 0.0016100968 1.756287e-03 2.382149e-03 1.971977e-05 4.278528e-03 3.263605e-03 6.873759e-05 9.968007e-04
   56    1      1      0    0      1      -1      -1   500 0.009750494 0.07952012 0.13119243 0.16017398 0.22729129 0.06825083 0.08587149 0.03604269 0.067943660 0.018874147 0.026180184 0.017520233 0.015906067 0.0129489620 0.0050440939 0.0056835879 9.117096e-03 0.0092809835 1.173421e-03 2.763296e-03 6.108019e-04 2.747120e-03 3.196833e-04 2.920843e-03 2.872491e-03
   57    1      1      0    0      1      -1      -1   500 0.008304942 0.17121416 0.12481818 0.06630618 0.11868613 0.16440278 0.07444746 0.06249653 0.041695254 0.059551618 0.029160907 0.024764575 0.016587488 0.0119446214 0.0083279964 0.0038739361 2.562259e-03 0.0018406186 1.420234e-03 4.025423e-03 1.395895e-03 7.466139e-04 1.756445e-04 1.897074e-09 1.250546e-03
   58    1      1      0    0      1      -1      -1   500 0.015888462 0.13273436 0.22780790 0.09898083 0.07173103 0.08107082 0.14655047 0.03746487 0.053577425 0.023510227 0.028662558 0.007559170 0.008389341 0.0104296089 0.0164381935 0.0058853707 6.880708e-03 0.0028514019 8.752631e-03 9.026858e-04 1.096008e-04 3.020407e-04 9.273396e-05 1.582702e-03 1.184484e-02
   59    1      1      0    0      1      -1      -1   500 0.005935376 0.11264031 0.18976604 0.21408950 0.05007974 0.05670026 0.09420893 0.11866159 0.027594712 0.031760405 0.015158588 0.028863434 0.009434843 0.0149538905 0.0047711227 0.0037385294 5.499797e-03 0.0012541854 6.641556e-04 2.238080e-03 2.028234e-03 4.291712e-04 3.008148e-03 3.979245e-04 6.123028e-03
   60    1      1      0    0      1      -1      -1   500 0.025650060 0.08927475 0.16963859 0.14217200 0.18332576 0.06044877 0.03367334 0.05558904 0.076117574 0.021814513 0.021005022 0.037538830 0.036306539 0.0086818237 0.0094422109 0.0079421290 5.793523e-03 0.0025233778 1.604202e-03 9.060870e-04 5.598161e-03 1.770646e-03 3.605488e-05 1.607764e-03 1.539244e-03
   61    1      1      0    0      1      -1      -1   500 0.030900351 0.26975203 0.10629013 0.12879610 0.08902899 0.10435110 0.04385661 0.02968168 0.041083335 0.053080819 0.014136391 0.014609492 0.019088314 0.0212351107 0.0016893742 0.0107922458 1.433002e-02 0.0033966294 6.904339e-04 8.443461e-04 3.638598e-04 4.942894e-05 3.547501e-04 2.595976e-04 1.338857e-03
   62    1      1      0    0      1      -1      -1   500 0.028848052 0.10644103 0.31953765 0.06415732 0.10047350 0.08586659 0.07018311 0.03141697 0.016620426 0.027848322 0.047927984 0.024929791 0.016511597 0.0180954376 0.0208522081 0.0068417260 3.199603e-03 0.0013119749 4.754666e-03 1.024703e-03 4.986687e-04 2.852244e-04 2.235459e-04 7.194239e-04 1.430485e-03
   63    1      1      0    0      1      -1      -1   500 0.015127900 0.26455741 0.11913238 0.24046176 0.05094250 0.05526051 0.06440030 0.05368741 0.010818115 0.019158556 0.015349791 0.024252585 0.014065968 0.0110503409 0.0081112992 0.0082761027 8.923448e-03 0.0044910151 7.749058e-04 2.511849e-03 3.724914e-03 5.174089e-06 3.991791e-03 6.101611e-04 3.138181e-04
   64    1      1      0    0      1      -1      -1   500 0.011412347 0.13660993 0.33585729 0.06438540 0.17809354 0.03788102 0.03998652 0.03880918 0.030134876 0.025977060 0.008718965 0.016673104 0.017465571 0.0113608745 0.0215442031 0.0064388406 5.576626e-03 0.0017476600 3.738501e-03 5.828801e-04 1.720897e-03 2.967635e-05 9.791424e-05 8.097628e-06 5.149012e-03
   65    1      1      0    0      1      -1      -1   500 0.025296286 0.06802436 0.20844344 0.28021362 0.04414885 0.13032102 0.04151317 0.04317954 0.025168850 0.034299221 0.012815035 0.009093102 0.010019876 0.0277622620 0.0084680702 0.0062814558 1.564651e-02 0.0041644062 3.258718e-03 2.939486e-04 6.255764e-05 2.343524e-05 1.139681e-03 1.342032e-11 3.625938e-04
   66    1      1      0    0      1      -1      -1   500 0.012688100 0.19440181 0.06839690 0.15122665 0.21756934 0.06925854 0.10530746 0.02006241 0.035115511 0.023426985 0.022012627 0.009335780 0.012190479 0.0229277118 0.0187932456 0.0021138131 1.788796e-03 0.0015914430 5.740293e-04 2.562567e-03 3.007372e-03 1.643468e-03 2.128642e-03 7.579299e-04 1.118379e-03
   67    1      1      0    0      1      -1      -1   500 0.024145012 0.14427602 0.21198281 0.05736883 0.09590106 0.20619113 0.04183258 0.09001064 0.022529511 0.011993206 0.016156438 0.023264312 0.001731723 0.0051769108 0.0177380522 0.0092442735 3.290308e-03 0.0023274913 1.072559e-02 5.169193e-04 1.912682e-03 1.296124e-05 1.600241e-03 5.755016e-05 1.375598e-05
   68    1      1      0    0      1      -1      -1   500 0.032862391 0.16367020 0.18539659 0.20271771 0.04986897 0.06475482 0.13128286 0.02715802 0.044120138 0.015696607 0.012161416 0.009765041 0.015338632 0.0078863647 0.0022705310 0.0122583100 1.169775e-02 0.0018391264 2.032384e-03 3.821679e-03 2.232604e-03 7.247060e-05 2.831995e-04 3.645730e-04 4.475966e-04
   69    1      1      0    0      1      -1      -1   500 0.006824930 0.19782232 0.22799364 0.12343266 0.15410853 0.05184426 0.03908146 0.08677154 0.019188595 0.036957992 0.011443101 0.006919832 0.006512781 0.0140973870 0.0019947834 0.0013329772 1.577621e-03 0.0072667251 1.057430e-04 5.980534e-04 3.081929e-04 2.539517e-03 7.368829e-04 4.913467e-06 5.355577e-04
   70    1      1      0    0      1      -1      -1   500 0.010763984 0.13235341 0.26009369 0.16593553 0.11635881 0.09669229 0.01911548 0.06096054 0.049836065 0.018342651 0.033259692 0.003237527 0.006006095 0.0061892398 0.0028720398 0.0037316722 2.438100e-03 0.0025869114 1.245262e-03 6.973758e-04 1.052738e-03 4.103410e-03 5.026906e-04 8.334533e-11 1.624795e-03
   71    1      1      0    0      1      -1      -1   500 0.011516066 0.11576114 0.15118065 0.23158358 0.16925825 0.10430360 0.05747497 0.01460181 0.021323691 0.052205077 0.007849515 0.027003231 0.013230627 0.0041571981 0.0015762514 0.0056964430 7.693518e-05 0.0006303875 7.524269e-04 1.481011e-03 9.145510e-04 5.911845e-04 2.645251e-06 3.269866e-03 3.558890e-03
   72    1      1      0    0      1      -1      -1   500 0.012152734 0.08731761 0.18661173 0.09762866 0.18262653 0.13355776 0.07208881 0.07636692 0.014146380 0.025217713 0.044233575 0.009441316 0.031173730 0.0047971925 0.0032248326 0.0086370120 4.444773e-03 0.0004358962 9.136077e-04 2.326283e-03 2.040764e-03 6.136518e-05 1.349948e-04 2.808348e-04 1.389930e-04
   73    1      1      0    0      1      -1      -1   500 0.026170927 0.17384914 0.12689706 0.13938865 0.08249495 0.14262630 0.09251520 0.05694536 0.045879242 0.018490140 0.023993944 0.026547527 0.008177769 0.0181238701 0.0033334424 0.0013823779 3.236626e-03 0.0021153028 6.085473e-06 4.660934e-04 4.166002e-03 1.241451e-03 2.023226e-04 9.208061e-06 1.741007e-03
   74    1      1      0    0      1      -1      -1   500 0.036331820 0.12363636 0.20482458 0.11301217 0.12760420 0.06821400 0.07712766 0.07504271 0.044490447 0.041839670 0.013092140 0.012198586 0.027316481 0.0017818332 0.0082374931 0.0111230743 1.016892e-03 0.0002458674 1.000855e-02 1.449315e-03 2.888587e-06 8.248693e-05 9.831902e-04 1.569334e-04 1.806529e-04
   75    1      1      0    0      1      -1      -1   500 0.023312240 0.19883329 0.18961372 0.15851750 0.07795631 0.06262373 0.03659254 0.09605945 0.043975553 0.037260688 0.015360694 0.006522948 0.009610119 0.0121612752 0.0050267166 0.0076394340 6.849296e-04 0.0003927003 4.029147e-03 3.785358e-03 1.627396e-06 6.054861e-04 7.068311e-04 2.588639e-03 6.139073e-03
   76    1      1      0    0      1      -1      -1   500 0.012803090 0.18682801 0.23938082 0.09695317 0.13256269 0.04350552 0.05454456 0.03861036 0.074019270 0.040898055 0.013870673 0.015860521 0.003026201 0.0107604400 0.0206347207 0.0028821882 3.029285e-03 0.0041321242 1.701214e-03 7.787602e-04 2.309726e-03 3.859546e-04 8.521488e-05 3.060267e-04 1.314044e-04
   77    1      1      0    0      1      -1      -1   500 0.025490755 0.19188314 0.21374174 0.17447481 0.05769202 0.06366079 0.04249643 0.04346206 0.034952573 0.061927223 0.023200290 0.012985111 0.014799044 0.0065410797 0.0017409727 0.0111958847 9.073974e-03 0.0048950857 1.090837e-04 4.657427e-03 5.270033e-05 3.512909e-04 5.565851e-04 3.105708e-05 2.887538e-05
   78    1      1      0    0      1      -1      -1   500 0.007738001 0.30482824 0.18337223 0.15214185 0.10992093 0.06057193 0.04559621 0.01305927 0.026679427 0.012949054 0.027216014 0.021863475 0.007256026 0.0035083909 0.0060827992 0.0005270135 8.357138e-03 0.0030078919 9.897119e-04 7.026679e-05 4.051716e-04 1.898503e-03 4.651450e-05 1.629139e-06 1.912324e-03
   79    1      1      0    0      1      -1      -1   500 0.012288618 0.09765620 0.31445509 0.12580491 0.10768291 0.09373383 0.05250394 0.04640841 0.034093912 0.022490626 0.014368646 0.014699222 0.014400221 0.0122270664 0.0136551749 0.0021199460 7.225459e-04 0.0070236425 9.314066e-04 2.973252e-03 1.038316e-03 2.673424e-03 1.082328e-03 1.997731e-03 2.968641e-03
   80    1      1      0    0      1      -1      -1   500 0.010100055 0.05636145 0.13754462 0.28146698 0.14242082 0.10068197 0.07628951 0.03680542 0.045790153 0.015354893 0.023260262 0.012665734 0.024256230 0.0140832941 0.0055676186 0.0059404201 9.403784e-04 0.0037627551 6.518649e-04 2.601578e-04 1.034918e-03 3.881630e-05 1.037734e-03 7.425739e-04 2.941373e-03
   81    1      1      0    0      1      -1      -1   500 0.022280518 0.10884713 0.13820435 0.11365207 0.20838572 0.09823519 0.06626929 0.07148783 0.029067239 0.032458173 0.006590466 0.013769793 0.020245515 0.0232665292 0.0248147053 0.0022737068 4.855679e-03 0.0019931379 3.983541e-03 6.337312e-03 1.798647e-05 2.900048e-03 3.010845e-08 8.463463e-07 6.320331e-05
   82    1      1      0    0      1      -1      -1   500 0.006723952 0.19318786 0.10993533 0.09852125 0.08027003 0.15115957 0.08815819 0.09141601 0.054077051 0.021406227 0.022160883 0.006964480 0.012613430 0.0054385413 0.0138301891 0.0121022536 8.980669e-03 0.0035108655 8.163807e-03 8.273117e-04 7.480939e-03 1.554280e-04 1.707688e-03 5.822533e-06 1.202208e-03
   83    1      1      0    0      1      -1      -1   500 0.030967415 0.05496239 0.28845439 0.08882570 0.07161617 0.07528048 0.14979366 0.05731630 0.043739748 0.045988236 0.019095290 0.024799225 0.003343565 0.0065953995 0.0077726949 0.0098246125 7.741812e-03 0.0077477356 4.556747e-04 4.302850e-04 8.964814e-04 8.143387e-04 2.389907e-03 9.875035e-04 1.609874e-04
   84    1      1      0    0      1      -1      -1   500 0.018386114 0.23053426 0.09174323 0.22496987 0.06069469 0.07214997 0.04808826 0.10638304 0.031808133 0.036223777 0.022381326 0.012526329 0.007453443 0.0050125877 0.0032363883 0.0055390715 1.628564e-02 0.0028465748 2.639223e-03 2.416198e-04 2.356597e-07 4.376588e-04 2.294008e-04 7.117959e-05 1.179679e-04
   85    1      1      0    0      1      -1      -1   500 0.017226677 0.15937636 0.29356471 0.08203998 0.13097411 0.04567042 0.02422285 0.03431995 0.059601817 0.044865327 0.023494002 0.030501913 0.010105605 0.0119613912 0.0030808907 0.0040446494 1.970248e-03 0.0136136349 2.236857e-03 3.154952e-04 1.652871e-03 1.771520e-03 1.492472e-05 2.647455e-03 7.263325e-04
   86    1      1      0    0      1      -1      -1   500 0.005810695 0.11168666 0.21779536 0.23215788 0.06298752 0.10763258 0.02218092 0.02255107 0.031199276 0.069608980 0.019527581 0.028648891 0.023062850 0.0153893483 0.0133411089 0.0028964771 3.084964e-03 0.0017919244 1.036936e-03 1.567226e-03 4.794828e-04 4.195540e-06 1.803429e-03 7.896370e-04 2.965004e-03
   87    1      1      0    0      1      -1      -1   500 0.009331754 0.07248963 0.17242426 0.17893619 0.17523823 0.07284252 0.09657459 0.02375742 0.030322895 0.028618321 0.055922746 0.015941200 0.011926327 0.0210884627 0.0049150144 0.0113766897 2.872549e-04 0.0035935161 3.659155e-03 2.764848e-03 2.011277e-03 1.399171e-03 2.049040e-03 7.132611e-04 1.816221e-03
   88    1      1      0    0      1      -1      -1   500 0.009568619 0.15405773 0.12205224 0.12654810 0.16146250 0.14853291 0.04108835 0.06180986 0.034649667 0.013676996 0.015034561 0.037764960 0.010347969 0.0149969079 0.0144958706 0.0129250736 2.788034e-03 0.0066981467 1.959116e-03 5.505546e-05 3.171651e-03 3.142184e-03 1.257656e-03 1.780234e-05 1.898029e-03
   89    1      1      0    0      1      -1      -1   500 0.007660857 0.14975507 0.18606371 0.10778587 0.07075838 0.12274862 0.12917814 0.03370572 0.068499530 0.013783023 0.010649430 0.013800376 0.025714801 0.0143817357 0.0136871858 0.0112691268 3.198772e-03 0.0049349905 4.029950e-04 2.622351e-03 4.211273e-06 1.473882e-03 8.456215e-04 3.613614e-03 3.461995e-03
   90    1      1      0    0      1      -1      -1   500 0.018674115 0.11699554 0.20648325 0.16570683 0.08621229 0.05741715 0.10044342 0.07028567 0.035265072 0.053262593 0.007257367 0.004903599 0.012089264 0.0269365847 0.0087183380 0.0063430171 1.053430e-02 0.0025527891 4.690470e-03 2.563321e-03 4.215034e-04 1.010999e-04 8.300233e-04 5.398993e-04 7.724979e-04
   91    1      1      0    0      1      -1      -1   500 0.029130702 0.16750944 0.15435198 0.12789157 0.11938864 0.04516305 0.06334318 0.08298818 0.079844214 0.019368933 0.032735600 0.010793120 0.013502667 0.0056557240 0.0122274873 0.0074480900 2.985804e-03 0.0141572040 1.374479e-03 4.194783e-03 3.917662e-04 1.965248e-05 5.268415e-06 3.493837e-03 2.034623e-03
   92    1      1      0    0      1      -1      -1   500 0.010937768 0.25641000 0.19794130 0.11275632 0.07716798 0.07392348 0.03301240 0.04324522 0.039717267 0.043734041 0.023126137 0.027080417 0.010349932 0.0078703791 0.0009315388 0.0208919204 2.353853e-03 0.0037281001 7.295080e-03 5.122201e-03 1.484906e-03 2.271372e-04 1.435213e-05 1.051928e-04 5.730847e-04
   93    1      1      0    0      1      -1      -1   500 0.010555326 0.09868949 0.32606206 0.14820142 0.10107888 0.07991806 0.06323512 0.01534083 0.033156076 0.037498301 0.032183526 0.004766741 0.013777714 0.0040167455 0.0027894126 0.0011303863 1.138066e-02 0.0015214893 5.641502e-03 3.720173e-03 2.548530e-03 2.101429e-03 2.734434e-04 1.108477e-05 4.015989e-04
   94    1      1      0    0      1      -1      -1   500 0.014315098 0.12278440 0.16455476 0.25392891 0.14566753 0.06248082 0.04433734 0.04213742 0.022075652 0.017342247 0.020479781 0.030030900 0.002101665 0.0138744515 0.0100330064 0.0080126933 3.653158e-03 0.0072939251 7.987986e-03 4.210614e-03 2.831953e-04 8.720548e-04 1.421505e-03 4.156156e-12 1.209011e-04
   95    1      1      0    0      1      -1      -1   500 0.010118780 0.16765760 0.16913536 0.15028981 0.22806105 0.09246977 0.04380325 0.03458598 0.020487248 0.015559445 0.009767144 0.010840774 0.017314632 0.0059484431 0.0075117971 0.0014413818 1.311529e-03 0.0050409850 3.877013e-03 8.716372e-04 7.823002e-05 2.031426e-03 4.667123e-05 3.609025e-05 1.713961e-03
   96    1      1      0    0      1      -1      -1   500 0.012805431 0.08599617 0.19696904 0.11903627 0.11394674 0.18591695 0.06637468 0.03941357 0.041415244 0.028654120 0.012025591 0.015969704 0.017196569 0.0262333158 0.0023583252 0.0029954778 4.609805e-03 0.0037604135 2.480193e-03 1.601658e-02 1.835398e-04 3.329196e-03 1.157083e-03 1.005258e-04 1.055465e-03
   97    1      1      0    0      1      -1      -1   500 0.011397085 0.17490573 0.13582354 0.17241458 0.08068116 0.07970342 0.11980052 0.06021612 0.036532956 0.042602430 0.024406362 0.005774308 0.014339336 0.0088404526 0.0114859471 0.0020765117 4.426470e-03 0.0045216252 1.297401e-03 5.486640e-04 4.923375e-03 1.658847e-03 1.270937e-03 2.074349e-04 1.447717e-04
   98    1      1      0    0      1      -1      -1   500 0.020871436 0.17727527 0.19237283 0.08883113 0.12930597 0.06607822 0.04744464 0.13027227 0.056796279 0.019653063 0.011651765 0.009857796 0.001130158 0.0089435252 0.0086496842 0.0081257127 3.468010e-03 0.0050694068 2.059164e-03 1.094835e-03 2.139309e-03 5.912886e-03 5.458288e-05 1.978574e-03 9.634814e-04
   99    1      1      0    0      1      -1      -1   500 0.027154329 0.19819303 0.20315811 0.12949774 0.06821812 0.09120227 0.05958307 0.03538277 0.074328749 0.031554404 0.013494071 0.011464735 0.011388960 0.0037540545 0.0006900464 0.0089262202 7.096653e-03 0.0017008883 7.059492e-03 6.028695e-04 1.351310e-04 1.017764e-03 6.098391e-03 1.281169e-03 7.016969e-03
  100    1      1      0    0      1      -1      -1   500 0.050741577 0.18419436 0.23229048 0.11537749 0.10514696 0.04198202 0.05150130 0.03785835 0.044030965 0.063991748 0.022335137 0.005244518 0.014819065 0.0075930035 0.0025763069 0.0040818562 1.548666e-03 0.0036332180 3.674262e-03 3.937640e-04 3.532550e-05 2.146003e-07 7.979704e-06 1.746256e-04 6.766800e-03
    2    1      2      0    0      1      -1      -1   500 0.038000000 0.20200000 0.12800000 0.13000000 0.10400000 0.06400000 0.06000000 0.05600000 0.048000000 0.028000000 0.014000000 0.022000000 0.010000000 0.0120000000 0.0220000000 0.0080000000 1.000000e-02 0.0120000000 1.000000e-02 8.000000e-03 2.000000e-03 2.000000e-03 0.000000e+00 0.000000e+00 1.000000e-02
    3    1      2      0    0      1      -1      -1   500 0.048000000 0.17400000 0.14400000 0.11400000 0.11600000 0.07400000 0.06000000 0.05600000 0.044000000 0.032000000 0.024000000 0.016000000 0.026000000 0.0060000000 0.0080000000 0.0100000000 8.000000e-03 0.0040000000 6.000000e-03 6.000000e-03 2.000000e-03 6.000000e-03 6.000000e-03 2.000000e-03 8.000000e-03
    4    1      2      0    0      1      -1      -1   500 0.026000000 0.16200000 0.19200000 0.12400000 0.07600000 0.08200000 0.07200000 0.05800000 0.046000000 0.028000000 0.020000000 0.022000000 0.014000000 0.0200000000 0.0120000000 0.0140000000 2.000000e-03 0.0080000000 2.000000e-03 2.000000e-03 6.000000e-03 6.000000e-03 2.000000e-03 0.000000e+00 4.000000e-03
    5    1      2      0    0      1      -1      -1   500 0.016000000 0.12400000 0.20600000 0.12000000 0.10400000 0.08000000 0.04800000 0.06400000 0.028000000 0.052000000 0.032000000 0.020000000 0.032000000 0.0120000000 0.0120000000 0.0040000000 2.000000e-03 0.0080000000 8.000000e-03 8.000000e-03 6.000000e-03 4.000000e-03 4.000000e-03 0.000000e+00 6.000000e-03
    6    1      2      0    0      1      -1      -1   500 0.026000000 0.02800000 0.13600000 0.20400000 0.14000000 0.09200000 0.05800000 0.04400000 0.038000000 0.038000000 0.038000000 0.026000000 0.026000000 0.0200000000 0.0160000000 0.0080000000 2.000000e-02 0.0080000000 4.000000e-03 6.000000e-03 2.000000e-03 6.000000e-03 4.000000e-03 6.000000e-03 6.000000e-03
    7    1      2      0    0      1      -1      -1   500 0.012000000 0.18800000 0.03400000 0.13200000 0.15000000 0.09600000 0.07600000 0.05600000 0.044000000 0.050000000 0.026000000 0.020000000 0.018000000 0.0080000000 0.0120000000 0.0160000000 1.400000e-02 0.0100000000 1.400000e-02 0.000000e+00 4.000000e-03 4.000000e-03 4.000000e-03 4.000000e-03 8.000000e-03
    8    1      2      0    0      1      -1      -1   500 0.014000000 0.08800000 0.18800000 0.03400000 0.08600000 0.12600000 0.10400000 0.07200000 0.054000000 0.060000000 0.032000000 0.032000000 0.022000000 0.0300000000 0.0100000000 0.0140000000 4.000000e-03 0.0040000000 6.000000e-03 0.000000e+00 2.000000e-03 2.000000e-03 4.000000e-03 4.000000e-03 8.000000e-03
    9    1      2      0    0      1      -1      -1   500 0.034000000 0.11200000 0.07000000 0.18400000 0.03400000 0.08400000 0.10000000 0.08400000 0.058000000 0.050000000 0.038000000 0.028000000 0.014000000 0.0200000000 0.0120000000 0.0100000000 1.800000e-02 0.0000000000 1.000000e-02 4.000000e-03 1.200000e-02 2.000000e-03 6.000000e-03 8.000000e-03 8.000000e-03
   10    1      2      0    0      1      -1      -1   500 0.048000000 0.14800000 0.10800000 0.06200000 0.14200000 0.01800000 0.06800000 0.09000000 0.052000000 0.056000000 0.048000000 0.038000000 0.026000000 0.0160000000 0.0240000000 0.0040000000 1.200000e-02 0.0060000000 1.000000e-02 2.000000e-03 8.000000e-03 2.000000e-03 0.000000e+00 6.000000e-03 6.000000e-03
   11    1      2      0    0      1      -1      -1   500 0.044000000 0.19600000 0.15600000 0.07600000 0.03800000 0.11000000 0.01800000 0.05000000 0.082000000 0.036000000 0.034000000 0.016000000 0.026000000 0.0220000000 0.0160000000 0.0200000000 1.000000e-02 0.0060000000 1.000000e-02 8.000000e-03 4.000000e-03 4.000000e-03 4.000000e-03 6.000000e-03 8.000000e-03
   12    1      2      0    0      1      -1      -1   500 0.022000000 0.21800000 0.21000000 0.09800000 0.06200000 0.03400000 0.07000000 0.00800000 0.046000000 0.054000000 0.036000000 0.026000000 0.030000000 0.0260000000 0.0120000000 0.0060000000 1.200000e-02 0.0060000000 2.000000e-03 1.000000e-02 4.000000e-03 0.000000e+00 0.000000e+00 2.000000e-03 6.000000e-03
   13    1      2      0    0      1      -1      -1   500 0.014000000 0.10400000 0.21800000 0.17000000 0.08400000 0.05000000 0.02800000 0.08200000 0.006000000 0.028000000 0.060000000 0.028000000 0.022000000 0.0120000000 0.0160000000 0.0080000000 8.000000e-03 0.0100000000 1.400000e-02 1.000000e-02 2.000000e-03 2.000000e-03 2.000000e-03 6.000000e-03 1.600000e-02
   14    1      2      0    0      1      -1      -1   500 0.036000000 0.09200000 0.10400000 0.19800000 0.12200000 0.08800000 0.04800000 0.02600000 0.040000000 0.012000000 0.020000000 0.040000000 0.030000000 0.0440000000 0.0140000000 0.0160000000 2.000000e-02 0.0200000000 2.000000e-03 2.000000e-03 8.000000e-03 2.000000e-03 6.000000e-03 0.000000e+00 1.000000e-02
   15    1      2      0    0      1      -1      -1   500 0.034000000 0.12400000 0.08000000 0.09400000 0.16000000 0.11400000 0.07400000 0.04600000 0.030000000 0.046000000 0.006000000 0.022000000 0.046000000 0.0240000000 0.0220000000 0.0240000000 1.400000e-02 0.0080000000 1.000000e-02 4.000000e-03 0.000000e+00 8.000000e-03 2.000000e-03 2.000000e-03 6.000000e-03
   16    1      2      0    0      1      -1      -1   500 0.008000000 0.19800000 0.11600000 0.06600000 0.07200000 0.11400000 0.09400000 0.07000000 0.042000000 0.020000000 0.044000000 0.004000000 0.030000000 0.0280000000 0.0180000000 0.0100000000 1.400000e-02 0.0060000000 6.000000e-03 2.000000e-03 8.000000e-03 4.000000e-03 4.000000e-03 0.000000e+00 2.200000e-02
   17    1      2      0    0      1      -1      -1   500 0.024000000 0.05600000 0.14400000 0.11600000 0.06600000 0.08000000 0.13200000 0.10000000 0.050000000 0.028000000 0.022000000 0.052000000 0.002000000 0.0160000000 0.0280000000 0.0140000000 1.800000e-02 0.0100000000 1.200000e-02 1.000000e-02 2.000000e-03 2.000000e-03 4.000000e-03 4.000000e-03 8.000000e-03
   18    1      2      0    0      1      -1      -1   500 0.034000000 0.14200000 0.06000000 0.10400000 0.09600000 0.04400000 0.06800000 0.09800000 0.086000000 0.048000000 0.022000000 0.018000000 0.032000000 0.0040000000 0.0180000000 0.0420000000 1.800000e-02 0.0100000000 1.200000e-02 1.800000e-02 2.000000e-03 8.000000e-03 2.000000e-03 2.000000e-03 1.200000e-02
   19    1      2      0    0      1      -1      -1   500 0.032000000 0.12200000 0.15000000 0.07200000 0.08400000 0.09800000 0.04400000 0.04000000 0.078000000 0.052000000 0.044000000 0.026000000 0.010000000 0.0340000000 0.0080000000 0.0160000000 1.400000e-02 0.0140000000 4.000000e-03 6.000000e-03 1.000000e-02 1.000000e-02 4.000000e-03 4.000000e-03 2.400000e-02
   20    1      2      0    0      1      -1      -1   500 0.038000000 0.18400000 0.14200000 0.09400000 0.04600000 0.06800000 0.07200000 0.03200000 0.042000000 0.080000000 0.038000000 0.022000000 0.016000000 0.0100000000 0.0300000000 0.0060000000 1.000000e-02 0.0140000000 6.000000e-03 8.000000e-03 6.000000e-03 2.000000e-03 1.200000e-02 8.000000e-03 1.400000e-02
   21    1      2      0    0      1      -1      -1   500 0.038000000 0.15200000 0.18000000 0.13600000 0.09200000 0.02600000 0.05800000 0.04800000 0.018000000 0.034000000 0.062000000 0.034000000 0.024000000 0.0200000000 0.0180000000 0.0060000000 2.000000e-03 0.0060000000 1.200000e-02 1.200000e-02 6.000000e-03 2.000000e-03 2.000000e-03 4.000000e-03 8.000000e-03
   22    1      2      0    0      1      -1      -1   500 0.056000000 0.13800000 0.20400000 0.12800000 0.08400000 0.04800000 0.03200000 0.06200000 0.036000000 0.020000000 0.020000000 0.044000000 0.038000000 0.0120000000 0.0100000000 0.0040000000 1.800000e-02 0.0060000000 4.000000e-03 8.000000e-03 8.000000e-03 2.000000e-03 0.000000e+00 2.000000e-03 1.600000e-02
   23    1      2      0    0      1      -1      -1   500 0.064000000 0.25000000 0.14600000 0.11600000 0.09400000 0.04600000 0.05800000 0.03000000 0.044000000 0.020000000 0.008000000 0.020000000 0.020000000 0.0060000000 0.0180000000 0.0080000000 0.000000e+00 0.0080000000 2.000000e-03 4.000000e-03 6.000000e-03 6.000000e-03 6.000000e-03 6.000000e-03 1.400000e-02
   24    1      2      0    0      1      -1      -1   500 0.054000000 0.18200000 0.22000000 0.07400000 0.09400000 0.07600000 0.04600000 0.03400000 0.022000000 0.036000000 0.026000000 0.008000000 0.016000000 0.0260000000 0.0320000000 0.0120000000 6.000000e-03 0.0080000000 8.000000e-03 0.000000e+00 4.000000e-03 4.000000e-03 2.000000e-03 2.000000e-03 8.000000e-03
   25    1      2      0    0      1      -1      -1   500 0.064000000 0.18200000 0.19400000 0.16000000 0.06800000 0.08600000 0.06400000 0.03400000 0.014000000 0.012000000 0.020000000 0.016000000 0.008000000 0.0040000000 0.0180000000 0.0100000000 1.000000e-02 0.0040000000 2.000000e-03 4.000000e-03 0.000000e+00 8.000000e-03 4.000000e-03 2.000000e-03 1.200000e-02
   26    1      2      0    0      1      -1      -1   500 0.028000000 0.22800000 0.16200000 0.15400000 0.13000000 0.05600000 0.04000000 0.03800000 0.020000000 0.028000000 0.010000000 0.014000000 0.018000000 0.0100000000 0.0080000000 0.0120000000 8.000000e-03 0.0060000000 2.000000e-03 4.000000e-03 4.000000e-03 0.000000e+00 0.000000e+00 6.000000e-03 1.400000e-02
   27    1      2      0    0      1      -1      -1   500 0.018000000 0.19200000 0.20400000 0.12400000 0.12000000 0.09400000 0.04200000 0.05600000 0.018000000 0.028000000 0.032000000 0.004000000 0.012000000 0.0080000000 0.0000000000 0.0060000000 8.000000e-03 0.0120000000 4.000000e-03 2.000000e-03 2.000000e-03 2.000000e-03 0.000000e+00 2.000000e-03 1.000000e-02
   28    1      2      0    0      1      -1      -1   500 0.024000000 0.08600000 0.17800000 0.18800000 0.11600000 0.11000000 0.08400000 0.03200000 0.028000000 0.036000000 0.018000000 0.022000000 0.006000000 0.0080000000 0.0100000000 0.0100000000 1.000000e-02 0.0080000000 6.000000e-03 4.000000e-03 0.000000e+00 0.000000e+00 1.000000e-02 0.000000e+00 6.000000e-03
   29    1      2      0    0      1      -1      -1   500 0.038000000 0.16400000 0.08000000 0.15000000 0.16000000 0.10200000 0.08400000 0.07400000 0.022000000 0.022000000 0.022000000 0.020000000 0.004000000 0.0120000000 0.0120000000 0.0080000000 4.000000e-03 0.0040000000 8.000000e-03 4.000000e-03 0.000000e+00 0.000000e+00 0.000000e+00 2.000000e-03 4.000000e-03
   30    1      2      0    0      1      -1      -1   500 0.040000000 0.22600000 0.15200000 0.08400000 0.11000000 0.12600000 0.05400000 0.04800000 0.052000000 0.022000000 0.010000000 0.024000000 0.006000000 0.0080000000 0.0040000000 0.0080000000 4.000000e-03 0.0020000000 2.000000e-03 1.000000e-02 0.000000e+00 2.000000e-03 0.000000e+00 0.000000e+00 6.000000e-03
   31    1      2      0    0      1      -1      -1   500 0.030000000 0.16400000 0.19400000 0.15400000 0.07600000 0.08600000 0.08000000 0.04600000 0.054000000 0.026000000 0.010000000 0.014000000 0.014000000 0.0080000000 0.0080000000 0.0040000000 1.000000e-02 0.0040000000 0.000000e+00 6.000000e-03 0.000000e+00 4.000000e-03 0.000000e+00 2.000000e-03 6.000000e-03
   32    1      2      0    0      1      -1      -1   500 0.032000000 0.15000000 0.18000000 0.16000000 0.10800000 0.05000000 0.05800000 0.08200000 0.044000000 0.046000000 0.020000000 0.014000000 0.006000000 0.0080000000 0.0040000000 0.0020000000 0.000000e+00 0.0060000000 6.000000e-03 4.000000e-03 4.000000e-03 2.000000e-03 2.000000e-03 4.000000e-03 8.000000e-03
   33    1      2      0    0      1      -1      -1   500 0.056000000 0.12200000 0.16800000 0.13800000 0.14400000 0.11200000 0.03600000 0.04400000 0.046000000 0.028000000 0.022000000 0.026000000 0.012000000 0.0060000000 0.0120000000 0.0040000000 4.000000e-03 0.0000000000 2.000000e-03 2.000000e-03 4.000000e-03 2.000000e-03 2.000000e-03 0.000000e+00 8.000000e-03
   34    1      2      0    0      1      -1      -1   500 0.032000000 0.26800000 0.12800000 0.12400000 0.08600000 0.11600000 0.06000000 0.02000000 0.032000000 0.030000000 0.026000000 0.028000000 0.016000000 0.0040000000 0.0080000000 0.0080000000 2.000000e-03 0.0000000000 4.000000e-03 2.000000e-03 2.000000e-03 0.000000e+00 0.000000e+00 0.000000e+00 4.000000e-03
   35    1      2      0    0      1      -1      -1   500 0.032000000 0.20200000 0.23800000 0.08200000 0.06800000 0.06600000 0.08600000 0.07000000 0.028000000 0.022000000 0.026000000 0.020000000 0.014000000 0.0140000000 0.0080000000 0.0080000000 2.000000e-03 0.0020000000 0.000000e+00 2.000000e-03 2.000000e-03 0.000000e+00 0.000000e+00 2.000000e-03 6.000000e-03
   36    1      2      0    0      1      -1      -1   500 0.040000000 0.11200000 0.21400000 0.19800000 0.04800000 0.07000000 0.07000000 0.06400000 0.034000000 0.018000000 0.024000000 0.036000000 0.014000000 0.0180000000 0.0140000000 0.0080000000 0.000000e+00 0.0040000000 4.000000e-03 2.000000e-03 0.000000e+00 0.000000e+00 0.000000e+00 0.000000e+00 8.000000e-03
   37    1      2      0    0      1      -1      -1   500 0.046000000 0.10600000 0.10000000 0.18200000 0.18400000 0.07800000 0.05200000 0.03400000 0.042000000 0.032000000 0.010000000 0.034000000 0.038000000 0.0140000000 0.0140000000 0.0080000000 4.000000e-03 0.0040000000 8.000000e-03 2.000000e-03 0.000000e+00 0.000000e+00 0.000000e+00 0.000000e+00 8.000000e-03
   38    1      2      0    0      1      -1      -1   500 0.028000000 0.23000000 0.11000000 0.07800000 0.13000000 0.13000000 0.04000000 0.04000000 0.048000000 0.060000000 0.028000000 0.008000000 0.014000000 0.0160000000 0.0080000000 0.0120000000 4.000000e-03 0.0020000000 2.000000e-03 0.000000e+00 0.000000e+00 4.000000e-03 2.000000e-03 0.000000e+00 6.000000e-03
   39    1      2      0    0      1      -1      -1   500 0.040000000 0.14400000 0.23800000 0.08800000 0.06200000 0.10200000 0.08400000 0.04400000 0.038000000 0.030000000 0.036000000 0.016000000 0.004000000 0.0220000000 0.0100000000 0.0080000000 8.000000e-03 0.0100000000 2.000000e-03 6.000000e-03 2.000000e-03 0.000000e+00 2.000000e-03 0.000000e+00 4.000000e-03
   40    1      2      0    0      1      -1      -1   500 0.038000000 0.20000000 0.11400000 0.18000000 0.04800000 0.06800000 0.07000000 0.07800000 0.028000000 0.038000000 0.030000000 0.038000000 0.016000000 0.0040000000 0.0140000000 0.0120000000 4.000000e-03 0.0020000000 6.000000e-03 4.000000e-03 0.000000e+00 0.000000e+00 2.000000e-03 0.000000e+00 6.000000e-03
   41    1      2      0    0      1      -1      -1   500 0.042000000 0.19400000 0.20000000 0.08000000 0.11400000 0.06800000 0.06400000 0.05000000 0.066000000 0.018000000 0.020000000 0.010000000 0.020000000 0.0100000000 0.0040000000 0.0060000000 6.000000e-03 0.0060000000 2.000000e-03 4.000000e-03 6.000000e-03 4.000000e-03 0.000000e+00 4.000000e-03 2.000000e-03
   42    1      2      0    0      1      -1      -1   500 0.028000000 0.16200000 0.20400000 0.14200000 0.07600000 0.08600000 0.03800000 0.03800000 0.052000000 0.060000000 0.020000000 0.016000000 0.010000000 0.0200000000 0.0120000000 0.0000000000 4.000000e-03 0.0060000000 4.000000e-03 6.000000e-03 1.200000e-02 2.000000e-03 0.000000e+00 0.000000e+00 2.000000e-03
   43    1      2      0    0      1      -1      -1   500 0.046000000 0.12400000 0.16200000 0.17400000 0.13200000 0.05800000 0.06400000 0.02800000 0.026000000 0.032000000 0.050000000 0.022000000 0.012000000 0.0280000000 0.0120000000 0.0080000000 4.000000e-03 0.0040000000 0.000000e+00 0.000000e+00 6.000000e-03 0.000000e+00 0.000000e+00 4.000000e-03 4.000000e-03
   44    1      2      0    0      1      -1      -1   500 0.052000000 0.16600000 0.12000000 0.13000000 0.09600000 0.10800000 0.03600000 0.07200000 0.046000000 0.024000000 0.032000000 0.044000000 0.010000000 0.0160000000 0.0080000000 0.0140000000 6.000000e-03 0.0060000000 6.000000e-03 4.000000e-03 0.000000e+00 2.000000e-03 0.000000e+00 0.000000e+00 2.000000e-03
   45    1      2      0    0      1      -1      -1   500 0.048000000 0.26800000 0.15200000 0.07200000 0.09800000 0.07800000 0.07000000 0.02200000 0.042000000 0.030000000 0.026000000 0.014000000 0.028000000 0.0040000000 0.0100000000 0.0040000000 6.000000e-03 0.0100000000 2.000000e-03 6.000000e-03 8.000000e-03 0.000000e+00 2.000000e-03 0.000000e+00 0.000000e+00
   46    1      2      0    0      1      -1      -1   500 0.062000000 0.26200000 0.23600000 0.08800000 0.07400000 0.05200000 0.05000000 0.03200000 0.022000000 0.026000000 0.020000000 0.014000000 0.018000000 0.0240000000 0.0000000000 0.0020000000 6.000000e-03 0.0040000000 2.000000e-03 0.000000e+00 0.000000e+00 2.000000e-03 2.000000e-03 0.000000e+00 2.000000e-03
   47    1      2      0    0      1      -1      -1   500 0.012000000 0.24400000 0.19600000 0.18400000 0.06600000 0.05400000 0.05600000 0.04600000 0.024000000 0.018000000 0.012000000 0.018000000 0.006000000 0.0160000000 0.0100000000 0.0060000000 4.000000e-03 0.0060000000 2.000000e-03 2.000000e-03 0.000000e+00 1.000000e-02 2.000000e-03 2.000000e-03 4.000000e-03
   48    1      2      0    0      1      -1      -1   500 0.078000000 0.14800000 0.18600000 0.16400000 0.15600000 0.04200000 0.04600000 0.02800000 0.030000000 0.034000000 0.016000000 0.024000000 0.004000000 0.0080000000 0.0140000000 0.0100000000 0.000000e+00 0.0060000000 0.000000e+00 0.000000e+00 0.000000e+00 0.000000e+00 0.000000e+00 4.000000e-03 2.000000e-03
   49    1      2      0    0      1      -1      -1   500 0.046000000 0.31400000 0.10000000 0.15400000 0.11000000 0.10600000 0.03400000 0.01400000 0.020000000 0.022000000 0.032000000 0.006000000 0.014000000 0.0060000000 0.0040000000 0.0020000000 8.000000e-03 0.0000000000 2.000000e-03 2.000000e-03 0.000000e+00 2.000000e-03 0.000000e+00 0.000000e+00 2.000000e-03
   50    1      2      0    0      1      -1      -1   500 0.058000000 0.19200000 0.29200000 0.07000000 0.08200000 0.08000000 0.06600000 0.02800000 0.024000000 0.022000000 0.014000000 0.022000000 0.006000000 0.0160000000 0.0040000000 0.0000000000 4.000000e-03 0.0040000000 2.000000e-03 4.000000e-03 0.000000e+00 6.000000e-03 2.000000e-03 0.000000e+00 2.000000e-03
   51    1      2      0    0      1      -1      -1   500 0.040000000 0.21600000 0.19000000 0.21800000 0.06600000 0.07000000 0.05800000 0.05800000 0.018000000 0.010000000 0.022000000 0.008000000 0.012000000 0.0040000000 0.0000000000 0.0000000000 2.000000e-03 0.0040000000 0.000000e+00 0.000000e+00 0.000000e+00 2.000000e-03 0.000000e+00 0.000000e+00 2.000000e-03
   52    1      2      0    0      1      -1      -1   500 0.084000000 0.15200000 0.21000000 0.10800000 0.16200000 0.04400000 0.07000000 0.05400000 0.030000000 0.022000000 0.014000000 0.016000000 0.008000000 0.0100000000 0.0020000000 0.0040000000 2.000000e-03 0.0040000000 2.000000e-03 2.000000e-03 0.000000e+00 0.000000e+00 0.000000e+00 0.000000e+00 0.000000e+00
   53    1      2      0    0      1      -1      -1   500 0.020000000 0.33000000 0.12400000 0.13400000 0.08200000 0.11400000 0.03000000 0.05400000 0.026000000 0.028000000 0.004000000 0.006000000 0.006000000 0.0080000000 0.0060000000 0.0000000000 8.000000e-03 0.0020000000 2.000000e-03 2.000000e-03 6.000000e-03 0.000000e+00 4.000000e-03 0.000000e+00 4.000000e-03
   54    1      2      0    0      1      -1      -1   500 0.014000000 0.18800000 0.32000000 0.07600000 0.09400000 0.06400000 0.08000000 0.02000000 0.038000000 0.036000000 0.018000000 0.008000000 0.008000000 0.0080000000 0.0060000000 0.0060000000 4.000000e-03 0.0020000000 4.000000e-03 2.000000e-03 2.000000e-03 0.000000e+00 0.000000e+00 0.000000e+00 2.000000e-03
   55    1      2      0    0      1      -1      -1   500 0.024000000 0.10600000 0.21000000 0.23800000 0.08600000 0.08400000 0.05000000 0.06600000 0.008000000 0.038000000 0.034000000 0.014000000 0.014000000 0.0060000000 0.0020000000 0.0040000000 2.000000e-03 0.0020000000 4.000000e-03 0.000000e+00 0.000000e+00 2.000000e-03 2.000000e-03 0.000000e+00 4.000000e-03
   56    1      2      0    0      1      -1      -1   500 0.058000000 0.13000000 0.12200000 0.12400000 0.20200000 0.08000000 0.06000000 0.04200000 0.080000000 0.030000000 0.018000000 0.018000000 0.020000000 0.0000000000 0.0000000000 0.0040000000 2.000000e-03 0.0000000000 0.000000e+00 2.000000e-03 2.000000e-03 4.000000e-03 2.000000e-03 0.000000e+00 0.000000e+00
   57    1      2      0    0      1      -1      -1   500 0.028000000 0.22000000 0.12800000 0.10800000 0.09600000 0.14600000 0.04200000 0.05600000 0.046000000 0.070000000 0.000000000 0.010000000 0.016000000 0.0140000000 0.0020000000 0.0020000000 2.000000e-03 0.0000000000 4.000000e-03 0.000000e+00 4.000000e-03 0.000000e+00 0.000000e+00 2.000000e-03 4.000000e-03
   58    1      2      0    0      1      -1      -1   500 0.024000000 0.16200000 0.21800000 0.09000000 0.05800000 0.09400000 0.11200000 0.03200000 0.050000000 0.048000000 0.048000000 0.006000000 0.028000000 0.0060000000 0.0120000000 0.0040000000 0.000000e+00 0.0000000000 2.000000e-03 2.000000e-03 0.000000e+00 2.000000e-03 0.000000e+00 2.000000e-03 0.000000e+00
   59    1      2      0    0      1      -1      -1   500 0.018000000 0.15000000 0.19200000 0.16800000 0.06200000 0.06000000 0.08000000 0.09400000 0.028000000 0.042000000 0.018000000 0.042000000 0.008000000 0.0120000000 0.0060000000 0.0060000000 2.000000e-03 0.0000000000 2.000000e-03 4.000000e-03 2.000000e-03 0.000000e+00 0.000000e+00 4.000000e-03 0.000000e+00
   60    1      2      0    0      1      -1      -1   500 0.096000000 0.15600000 0.15200000 0.14200000 0.12600000 0.05000000 0.02200000 0.04600000 0.088000000 0.018000000 0.036000000 0.010000000 0.030000000 0.0040000000 0.0100000000 0.0040000000 2.000000e-03 0.0000000000 0.000000e+00 2.000000e-03 0.000000e+00 2.000000e-03 0.000000e+00 0.000000e+00 4.000000e-03
   61    1      2      0    0      1      -1      -1   500 0.034000000 0.34600000 0.09000000 0.11400000 0.07600000 0.08400000 0.03400000 0.04000000 0.028000000 0.060000000 0.018000000 0.016000000 0.014000000 0.0120000000 0.0060000000 0.0040000000 4.000000e-03 0.0140000000 2.000000e-03 2.000000e-03 2.000000e-03 0.000000e+00 0.000000e+00 0.000000e+00 0.000000e+00
   62    1      2      0    0      1      -1      -1   500 0.070000000 0.12600000 0.32600000 0.07200000 0.08800000 0.07800000 0.07400000 0.02400000 0.018000000 0.028000000 0.034000000 0.014000000 0.010000000 0.0040000000 0.0080000000 0.0020000000 1.000000e-02 0.0000000000 4.000000e-03 4.000000e-03 2.000000e-03 0.000000e+00 0.000000e+00 0.000000e+00 4.000000e-03
   63    1      2      0    0      1      -1      -1   500 0.032000000 0.34200000 0.12200000 0.20000000 0.04200000 0.05400000 0.04000000 0.04800000 0.010000000 0.018000000 0.016000000 0.028000000 0.006000000 0.0080000000 0.0140000000 0.0020000000 2.000000e-03 0.0020000000 4.000000e-03 4.000000e-03 2.000000e-03 0.000000e+00 2.000000e-03 0.000000e+00 2.000000e-03
   64    1      2      0    0      1      -1      -1   500 0.016000000 0.16200000 0.32400000 0.08400000 0.18600000 0.03000000 0.03600000 0.04600000 0.040000000 0.012000000 0.014000000 0.008000000 0.012000000 0.0060000000 0.0040000000 0.0020000000 2.000000e-03 0.0000000000 0.000000e+00 2.000000e-03 8.000000e-03 0.000000e+00 0.000000e+00 0.000000e+00 6.000000e-03
   65    1      2      0    0      1      -1      -1   500 0.070000000 0.10400000 0.16400000 0.25200000 0.05800000 0.14000000 0.03200000 0.04000000 0.030000000 0.038000000 0.012000000 0.004000000 0.014000000 0.0160000000 0.0020000000 0.0080000000 0.000000e+00 0.0100000000 2.000000e-03 0.000000e+00 2.000000e-03 0.000000e+00 2.000000e-03 0.000000e+00 0.000000e+00
   66    1      2      0    0      1      -1      -1   500 0.032000000 0.27200000 0.09200000 0.13400000 0.19000000 0.02400000 0.10000000 0.02200000 0.024000000 0.024000000 0.012000000 0.016000000 0.010000000 0.0140000000 0.0140000000 0.0020000000 8.000000e-03 0.0040000000 4.000000e-03 2.000000e-03 0.000000e+00 0.000000e+00 0.000000e+00 0.000000e+00 0.000000e+00
   67    1      2      0    0      1      -1      -1   500 0.070000000 0.21000000 0.22800000 0.05200000 0.09400000 0.12000000 0.03800000 0.07400000 0.028000000 0.024000000 0.018000000 0.010000000 0.010000000 0.0000000000 0.0040000000 0.0040000000 4.000000e-03 0.0020000000 0.000000e+00 2.000000e-03 0.000000e+00 4.000000e-03 4.000000e-03 0.000000e+00 0.000000e+00
   68    1      2      0    0      1      -1      -1   500 0.056000000 0.25400000 0.16400000 0.16600000 0.04600000 0.08000000 0.10400000 0.01600000 0.052000000 0.008000000 0.008000000 0.014000000 0.010000000 0.0000000000 0.0000000000 0.0000000000 2.000000e-03 0.0080000000 4.000000e-03 0.000000e+00 2.000000e-03 0.000000e+00 4.000000e-03 0.000000e+00 2.000000e-03
   69    1      2      0    0      1      -1      -1   500 0.014000000 0.29200000 0.19800000 0.13200000 0.12400000 0.01600000 0.05800000 0.05800000 0.014000000 0.030000000 0.010000000 0.008000000 0.002000000 0.0100000000 0.0040000000 0.0040000000 2.000000e-03 0.0120000000 0.000000e+00 2.000000e-03 4.000000e-03 2.000000e-03 0.000000e+00 0.000000e+00 4.000000e-03
   70    1      2      0    0      1      -1      -1   500 0.034000000 0.12400000 0.25800000 0.16000000 0.08800000 0.10400000 0.02000000 0.05200000 0.064000000 0.018000000 0.032000000 0.006000000 0.012000000 0.0080000000 0.0040000000 0.0020000000 4.000000e-03 0.0020000000 0.000000e+00 0.000000e+00 2.000000e-03 0.000000e+00 4.000000e-03 2.000000e-03 0.000000e+00
   71    1      2      0    0      1      -1      -1   500 0.030000000 0.17000000 0.13400000 0.17600000 0.14400000 0.09200000 0.07000000 0.02000000 0.052000000 0.038000000 0.008000000 0.022000000 0.006000000 0.0080000000 0.0020000000 0.0080000000 2.000000e-03 0.0020000000 0.000000e+00 4.000000e-03 4.000000e-03 2.000000e-03 0.000000e+00 0.000000e+00 6.000000e-03
   72    1      2      0    0      1      -1      -1   500 0.044000000 0.13600000 0.17000000 0.11400000 0.14600000 0.10800000 0.05200000 0.06200000 0.016000000 0.038000000 0.044000000 0.014000000 0.024000000 0.0100000000 0.0080000000 0.0040000000 2.000000e-03 0.0000000000 4.000000e-03 4.000000e-03 0.000000e+00 0.000000e+00 0.000000e+00 0.000000e+00 0.000000e+00
   73    1      2      0    0      1      -1      -1   500 0.056000000 0.21000000 0.09400000 0.14800000 0.06000000 0.12200000 0.10800000 0.05400000 0.044000000 0.010000000 0.022000000 0.044000000 0.008000000 0.0120000000 0.0000000000 0.0040000000 0.000000e+00 0.0000000000 0.000000e+00 0.000000e+00 4.000000e-03 0.000000e+00 0.000000e+00 0.000000e+00 0.000000e+00
   74    1      2      0    0      1      -1      -1   500 0.058000000 0.21800000 0.17200000 0.09000000 0.11800000 0.04400000 0.09600000 0.04600000 0.034000000 0.030000000 0.006000000 0.022000000 0.034000000 0.0040000000 0.0080000000 0.0060000000 2.000000e-03 0.0000000000 6.000000e-03 2.000000e-03 2.000000e-03 0.000000e+00 2.000000e-03 0.000000e+00 0.000000e+00
   75    1      2      0    0      1      -1      -1   500 0.072000000 0.24600000 0.16400000 0.11800000 0.03600000 0.09200000 0.03600000 0.06000000 0.048000000 0.048000000 0.022000000 0.004000000 0.016000000 0.0120000000 0.0040000000 0.0080000000 4.000000e-03 0.0000000000 2.000000e-03 4.000000e-03 0.000000e+00 2.000000e-03 0.000000e+00 0.000000e+00 2.000000e-03
   76    1      2      0    0      1      -1      -1   500 0.046000000 0.22200000 0.20600000 0.12000000 0.12800000 0.04000000 0.04200000 0.02800000 0.058000000 0.030000000 0.014000000 0.020000000 0.006000000 0.0040000000 0.0220000000 0.0000000000 8.000000e-03 0.0020000000 0.000000e+00 0.000000e+00 0.000000e+00 0.000000e+00 0.000000e+00 0.000000e+00 4.000000e-03
   77    1      2      0    0      1      -1      -1   500 0.060000000 0.20800000 0.18400000 0.13200000 0.08800000 0.07600000 0.03200000 0.05000000 0.020000000 0.042000000 0.042000000 0.012000000 0.020000000 0.0000000000 0.0040000000 0.0120000000 8.000000e-03 0.0020000000 4.000000e-03 2.000000e-03 0.000000e+00 2.000000e-03 0.000000e+00 0.000000e+00 0.000000e+00
   78    1      2      0    0      1      -1      -1   500 0.030000000 0.28800000 0.17200000 0.14600000 0.10800000 0.04800000 0.05800000 0.02200000 0.026000000 0.014000000 0.020000000 0.012000000 0.012000000 0.0160000000 0.0000000000 0.0100000000 0.000000e+00 0.0000000000 6.000000e-03 2.000000e-03 0.000000e+00 0.000000e+00 6.000000e-03 2.000000e-03 2.000000e-03
   79    1      2      0    0      1      -1      -1   500 0.030000000 0.13600000 0.29800000 0.11600000 0.13600000 0.08000000 0.04200000 0.03000000 0.010000000 0.030000000 0.020000000 0.022000000 0.012000000 0.0060000000 0.0120000000 0.0040000000 2.000000e-03 0.0080000000 4.000000e-03 2.000000e-03 0.000000e+00 0.000000e+00 0.000000e+00 0.000000e+00 0.000000e+00
   80    1      2      0    0      1      -1      -1   500 0.024000000 0.09000000 0.13200000 0.27600000 0.11200000 0.11600000 0.06800000 0.04400000 0.040000000 0.010000000 0.026000000 0.008000000 0.020000000 0.0060000000 0.0060000000 0.0140000000 0.000000e+00 0.0000000000 0.000000e+00 0.000000e+00 4.000000e-03 2.000000e-03 0.000000e+00 0.000000e+00 2.000000e-03
   81    1      2      0    0      1      -1      -1   500 0.062000000 0.10600000 0.11600000 0.11400000 0.20800000 0.10400000 0.06800000 0.07000000 0.036000000 0.026000000 0.018000000 0.016000000 0.010000000 0.0160000000 0.0060000000 0.0100000000 6.000000e-03 0.0000000000 2.000000e-03 0.000000e+00 2.000000e-03 0.000000e+00 2.000000e-03 2.000000e-03 0.000000e+00
   82    1      2      0    0      1      -1      -1   500 0.022000000 0.22400000 0.12200000 0.07000000 0.08800000 0.15800000 0.08400000 0.05600000 0.050000000 0.018000000 0.022000000 0.008000000 0.014000000 0.0160000000 0.0120000000 0.0060000000 4.000000e-03 0.0060000000 2.000000e-03 8.000000e-03 6.000000e-03 2.000000e-03 0.000000e+00 0.000000e+00 2.000000e-03
   83    1      2      0    0      1      -1      -1   500 0.076000000 0.09400000 0.24200000 0.07400000 0.07800000 0.06000000 0.14600000 0.05400000 0.042000000 0.034000000 0.028000000 0.022000000 0.006000000 0.0100000000 0.0040000000 0.0120000000 2.000000e-03 0.0040000000 4.000000e-03 0.000000e+00 0.000000e+00 4.000000e-03 0.000000e+00 4.000000e-03 0.000000e+00
   84    1      2      0    0      1      -1      -1   500 0.052000000 0.29800000 0.07400000 0.20600000 0.05400000 0.04600000 0.04400000 0.07400000 0.038000000 0.034000000 0.022000000 0.010000000 0.018000000 0.0040000000 0.0120000000 0.0020000000 2.000000e-03 0.0040000000 4.000000e-03 0.000000e+00 0.000000e+00 0.000000e+00 0.000000e+00 0.000000e+00 2.000000e-03
   85    1      2      0    0      1      -1      -1   500 0.018000000 0.19600000 0.28400000 0.08000000 0.10800000 0.03800000 0.02800000 0.04000000 0.066000000 0.028000000 0.030000000 0.020000000 0.016000000 0.0080000000 0.0080000000 0.0060000000 6.000000e-03 0.0040000000 2.000000e-03 2.000000e-03 6.000000e-03 0.000000e+00 0.000000e+00 0.000000e+00 6.000000e-03
   86    1      2      0    0      1      -1      -1   500 0.018000000 0.15400000 0.23400000 0.21000000 0.06000000 0.09800000 0.03000000 0.03400000 0.036000000 0.036000000 0.022000000 0.022000000 0.012000000 0.0100000000 0.0040000000 0.0060000000 2.000000e-03 0.0020000000 2.000000e-03 0.000000e+00 0.000000e+00 2.000000e-03 0.000000e+00 2.000000e-03 4.000000e-03
   87    1      2      0    0      1      -1      -1   500 0.040000000 0.11400000 0.13000000 0.17000000 0.18400000 0.04200000 0.08800000 0.03200000 0.026000000 0.026000000 0.044000000 0.030000000 0.022000000 0.0120000000 0.0100000000 0.0060000000 2.000000e-03 0.0040000000 2.000000e-03 6.000000e-03 2.000000e-03 2.000000e-03 0.000000e+00 0.000000e+00 6.000000e-03
   88    1      2      0    0      1      -1      -1   500 0.042000000 0.18400000 0.09000000 0.11200000 0.12800000 0.16200000 0.04200000 0.06200000 0.020000000 0.012000000 0.014000000 0.050000000 0.026000000 0.0120000000 0.0200000000 0.0080000000 6.000000e-03 0.0000000000 2.000000e-03 2.000000e-03 4.000000e-03 0.000000e+00 2.000000e-03 0.000000e+00 0.000000e+00
   89    1      2      0    0      1      -1      -1   500 0.032000000 0.15800000 0.19200000 0.08400000 0.08800000 0.09200000 0.12200000 0.03000000 0.062000000 0.020000000 0.020000000 0.026000000 0.036000000 0.0140000000 0.0040000000 0.0100000000 2.000000e-03 0.0000000000 2.000000e-03 2.000000e-03 2.000000e-03 0.000000e+00 0.000000e+00 0.000000e+00 2.000000e-03
   90    1      2      0    0      1      -1      -1   500 0.048000000 0.13800000 0.19600000 0.11200000 0.04600000 0.07600000 0.08000000 0.11400000 0.030000000 0.044000000 0.016000000 0.012000000 0.006000000 0.0300000000 0.0120000000 0.0080000000 6.000000e-03 0.0000000000 8.000000e-03 4.000000e-03 4.000000e-03 2.000000e-03 2.000000e-03 2.000000e-03 4.000000e-03
   91    1      2      0    0      1      -1      -1   500 0.096000000 0.21600000 0.13600000 0.12200000 0.08400000 0.06200000 0.04600000 0.05400000 0.056000000 0.022000000 0.032000000 0.008000000 0.014000000 0.0040000000 0.0220000000 0.0100000000 2.000000e-03 0.0040000000 0.000000e+00 0.000000e+00 0.000000e+00 4.000000e-03 2.000000e-03 0.000000e+00 4.000000e-03
   92    1      2      0    0      1      -1      -1   500 0.026000000 0.35800000 0.20000000 0.07000000 0.05600000 0.07200000 0.02400000 0.03200000 0.062000000 0.044000000 0.010000000 0.014000000 0.002000000 0.0080000000 0.0020000000 0.0060000000 4.000000e-03 0.0040000000 0.000000e+00 0.000000e+00 2.000000e-03 2.000000e-03 0.000000e+00 0.000000e+00 2.000000e-03
   93    1      2      0    0      1      -1      -1   500 0.024000000 0.17200000 0.30800000 0.15000000 0.05000000 0.04200000 0.05400000 0.02200000 0.034000000 0.030000000 0.046000000 0.004000000 0.016000000 0.0060000000 0.0040000000 0.0060000000 2.000000e-02 0.0020000000 0.000000e+00 2.000000e-03 4.000000e-03 0.000000e+00 0.000000e+00 0.000000e+00 4.000000e-03
   94    1      2      0    0      1      -1      -1   500 0.030000000 0.16800000 0.17600000 0.23800000 0.12000000 0.05200000 0.05800000 0.02400000 0.016000000 0.028000000 0.018000000 0.020000000 0.006000000 0.0120000000 0.0080000000 0.0040000000 2.000000e-03 0.0020000000 6.000000e-03 2.000000e-03 4.000000e-03 0.000000e+00 2.000000e-03 0.000000e+00 4.000000e-03
   95    1      2      0    0      1      -1      -1   500 0.028000000 0.19000000 0.17600000 0.13800000 0.17400000 0.08800000 0.04200000 0.04200000 0.024000000 0.014000000 0.006000000 0.016000000 0.026000000 0.0060000000 0.0080000000 0.0000000000 2.000000e-03 0.0020000000 1.000000e-02 2.000000e-03 2.000000e-03 0.000000e+00 2.000000e-03 0.000000e+00 2.000000e-03
   96    1      2      0    0      1      -1      -1   500 0.042000000 0.15400000 0.18000000 0.10800000 0.11200000 0.14600000 0.05800000 0.03600000 0.040000000 0.018000000 0.012000000 0.016000000 0.032000000 0.0160000000 0.0060000000 0.0060000000 2.000000e-03 0.0040000000 2.000000e-03 2.000000e-03 0.000000e+00 2.000000e-03 0.000000e+00 0.000000e+00 6.000000e-03
   97    1      2      0    0      1      -1      -1   500 0.052000000 0.22200000 0.11000000 0.13400000 0.09200000 0.07200000 0.13400000 0.05400000 0.024000000 0.024000000 0.014000000 0.012000000 0.012000000 0.0200000000 0.0060000000 0.0000000000 0.000000e+00 0.0020000000 0.000000e+00 4.000000e-03 4.000000e-03 2.000000e-03 0.000000e+00 2.000000e-03 4.000000e-03
   98    1      2      0    0      1      -1      -1   500 0.030000000 0.24400000 0.19600000 0.08000000 0.09800000 0.06600000 0.05000000 0.10200000 0.036000000 0.030000000 0.014000000 0.010000000 0.010000000 0.0040000000 0.0080000000 0.0060000000 4.000000e-03 0.0040000000 4.000000e-03 0.000000e+00 0.000000e+00 2.000000e-03 0.000000e+00 0.000000e+00 2.000000e-03
   99    1      2      0    0      1      -1      -1   500 0.046000000 0.24600000 0.17400000 0.13600000 0.06600000 0.08000000 0.04400000 0.04800000 0.070000000 0.036000000 0.018000000 0.012000000 0.004000000 0.0100000000 0.0040000000 0.0020000000 0.000000e+00 0.0000000000 2.000000e-03 0.000000e+00 0.000000e+00 2.000000e-03 0.000000e+00 0.000000e+00 0.000000e+00
  100    1      2      0    0      1      -1      -1   500 0.044000000 0.25400000 0.21200000 0.11200000 0.11600000 0.03600000 0.05600000 0.03200000 0.020000000 0.054000000 0.016000000 0.012000000 0.008000000 0.0020000000 0.0020000000 0.0040000000 6.000000e-03 0.0040000000 2.000000e-03 2.000000e-03 0.000000e+00 0.000000e+00 0.000000e+00 4.000000e-03 2.000000e-03
0 #_N_MeanSize_at_Age_obs
0 #_N_environ_variables
0 #_N_environ_obs
0 #_N_sizefreq_methods
0 #_do_tags
0 #_morphcomp_data
#
999
