#C data file created using the SS_writedat function in the R package r4ss
#C should work with SS version: 
#C file write time: 2014-11-06 11:22:31
#
1 #_styr
100 #_endyr
1 #_nseas
12 #_months_per_seas
1 #_spawn_seas
1 #_Nfleet
2 #_Nsurveys
1 #_N_areas
Fishery%Survey%CPUE #_fleetnames
0.5 0.5 0.5 #_surveytiming_in_season
1 1 1 #_area_assignments_for_each_fishery_and_survey
1 #_units of catch:  1=bio; 2=num
0.01 #_se of log(catch) only used for init_eq_catch and for Fmethod 2 and 3
1 #_Ngenders
25 #_Nages
0 #_init_equil_catch_for_each_fishery
100 #_N_lines_of_catch_to_read
 #_Fishery year seas
         0    1    1
         0    2    1
         0    3    1
         0    4    1
         0    5    1
         0    6    1
         0    7    1
         0    8    1
         0    9    1
         0   10    1
         0   11    1
         0   12    1
         0   13    1
         0   14    1
         0   15    1
         0   16    1
         0   17    1
         0   18    1
         0   19    1
         0   20    1
         0   21    1
         0   22    1
         0   23    1
         0   24    1
         0   25    1
 272618000   26    1
 254714000   27    1
 238598000   28    1
 223456000   29    1
 207973000   30    1
 194323000   31    1
 186996000   32    1
 188404000   33    1
 188223000   34    1
 189627000   35    1
 188207000   36    1
 187396000   37    1
 183928000   38    1
 176013000   39    1
 167606000   40    1
 159348000   41    1
 156328000   42    1
 154543000   43    1
 150304000   44    1
 147391000   45    1
 141901000   46    1
 136733000   47    1
 134839000   48    1
 134367000   49    1
 132764000   50    1
 132712000   51    1
 137748000   52    1
 143656000   53    1
 145018000   54    1
 142678000   55    1
 140176000   56    1
 141019000   57    1
 144029000   58    1
 144414000   59    1
 145260000   60    1
 145942000   61    1
 146693000   62    1
 145255000   63    1
 142228000   64    1
 139540000   65    1
 137559000   66    1
 137148000   67    1
 138403000   68    1
 136254000   69    1
 132830000   70    1
 133892000   71    1
 143933000   72    1
 149897000   73    1
 151758000   74    1
 150899000   75    1
 146906000   76    1
 144362000   77    1
 145337000   78    1
 147932000   79    1
 147896000   80    1
 147141000   81    1
 149624000   82    1
 152419000   83    1
 151620000   84    1
 149504000   85    1
 146479000   86    1
 143939000   87    1
 140993000   88    1
 138097000   89    1
 134655000   90    1
 131287000   91    1
 126255000   92    1
 121858000   93    1
 120006000   94    1
 120301000   95    1
 121387000   96    1
 123487000   97    1
 126422000   98    1
 128243000   99    1
 127559000  100    1
13 #_N_cpue
 #_Fleet Units Errtype
       1     1       0
       2     1       0
       3     1       0
 #_year seas index        obs se_log
     76    1     2 1867479050    0.2
     78    1     2 1737628675    0.2
     80    1     2 1497025811    0.2
     82    1     2 2600108108    0.2
     84    1     2 2147098434    0.2
     86    1     2 2076171061    0.2
     88    1     2 1657133721    0.2
     90    1     2 1339177466    0.2
     92    1     2 2195268345    0.2
     94    1     2 1192058459    0.2
     96    1     2 1273521052    0.2
     98    1     2 1795432756    0.2
    100    1     2 2060314840    0.2
0 #_N_discard_fleets
#_discard_units (1=same_as_catchunits(bio/num); 2=fraction; 3=numbers)
#_discard_errtype:  >0 for DF of T-dist(read CV below); 0 for normal with CV; -1 for normal with se; -2 for lognormal
0 #_N_discard
0 #_N_meanbodywt
1 #_DF_for_meanbodywt_T-distribution_like
2 # length bin method: 1=use databins; 2=generate from binwidth,min,max below; 3=read vector
1 # binwidth for population size comp
10 # minimum size in the population (lower edge of first bin and size at age 0.00)
200 # maximum size in the population (lower edge of last bin)
-0.001 #_comp_tail_compression
1e-05 #_add_to_comp
0 #_combine males into females at or below this bin number
21 #_N_lbins
#_lbin_vector
10 53 70 83 94 101 107 111 114 117 120 123 125 127 130 132 135 138 142 148 200
0 #_N_Length_comp_observations
25 #_N_agebins
#_agebin_vector
1 2 3 4 5 6 7 8 9 10 11 12 13 14 15 16 17 18 19 20 21 22 23 24 25
1 #_N_ageerror_definitions
 #_age0   age1   age2   age3   age4   age5   age6   age7   age8   age9  age10  age11  age12  age13  age14  age15  age16  age17  age18  age19  age20  age21  age22  age23  age24  age25
 -1.000 -1.000 -1.000 -1.000 -1.000 -1.000 -1.000 -1.000 -1.000 -1.000 -1.000 -1.000 -1.000 -1.000 -1.000 -1.000 -1.000 -1.000 -1.000 -1.000 -1.000 -1.000 -1.000 -1.000 -1.000 -1.000
  0.001  0.001  0.001  0.001  0.001  0.001  0.001  0.001  0.001  0.001  0.001  0.001  0.001  0.001  0.001  0.001  0.001  0.001  0.001  0.001  0.001  0.001  0.001  0.001  0.001  0.001
198 #_N_agecomp
1 #_Lbin_method: 1=poplenbins; 2=datalenbins; 3=lengths
-1 #_combine males into females at or below this bin number
 #_Yr Seas FltSvy Gender Part Ageerr Lbin_lo Lbin_hi Nsamp          a1         a2         a3         a4         a5         a6         a7         a8         a9         a10         a11         a12         a13         a14         a15          a16         a17          a18          a19          a20          a21          a22          a23          a24          a25
    2    1      1      0    0      1      -1      -1  1000 0.013619175 0.12189830 0.14545484 0.13893240 0.11344650 0.07822845 0.07995054 0.06229422 0.05379643 0.030985825 0.028215478 0.021394146 0.025877776 0.016132010 0.014619479 0.0147502398 0.009093393 0.0062217743 0.0043258613 1.026265e-03 2.055561e-03 4.990396e-03 2.420165e-03 1.694921e-03 8.575855e-03
    3    1      1      0    0      1      -1      -1  1000 0.009527078 0.09525483 0.16322129 0.13307572 0.10642766 0.08662212 0.08196473 0.05981090 0.04767268 0.030773712 0.027978024 0.021013652 0.022169488 0.020727177 0.013734618 0.0151615215 0.013094344 0.0110769298 0.0086740625 7.730431e-03 5.126181e-03 5.229486e-03 4.379324e-03 3.126460e-03 6.427573e-03
    4    1      1      0    0      1      -1      -1  1000 0.012164783 0.10746577 0.11610340 0.12792777 0.10635232 0.08747316 0.10244485 0.06401399 0.04914787 0.047315427 0.033657212 0.035962373 0.016670074 0.010981057 0.010897890 0.0073257921 0.009038159 0.0105878230 0.0073634122 7.315991e-03 6.040990e-03 1.367196e-03 2.066992e-03 4.915336e-03 1.540035e-02
    5    1      1      0    0      1      -1      -1  1000 0.021613948 0.11383122 0.12632923 0.11059411 0.09435238 0.11290428 0.08527748 0.05340663 0.04240961 0.048907874 0.031574773 0.026215222 0.021029604 0.025670554 0.018473152 0.0113199507 0.009622622 0.0071215135 0.0057642812 4.220615e-03 2.975452e-03 6.664166e-03 4.345214e-03 2.221368e-03 1.315475e-02
    6    1      1      0    0      1      -1      -1  1000 0.012219190 0.15589234 0.12784709 0.12467858 0.08770604 0.09139656 0.07956938 0.05706057 0.03740342 0.041065651 0.035354573 0.027326317 0.019906418 0.017597203 0.011582244 0.0124580535 0.007497791 0.0096855737 0.0187934851 1.981592e-03 3.159257e-03 3.228829e-03 5.888232e-03 8.176113e-04 9.883983e-03
    7    1      1      0    0      1      -1      -1  1000 0.013468493 0.09005308 0.21588411 0.10192495 0.08984234 0.08179510 0.07284037 0.05377006 0.05118347 0.034744381 0.032511898 0.031577947 0.023577770 0.028595187 0.015766550 0.0132511951 0.009547197 0.0102428574 0.0073524209 1.392716e-03 1.951032e-03 1.972584e-03 4.150551e-03 1.948242e-03 1.065549e-02
    8    1      1      0    0      1      -1      -1  1000 0.009426366 0.14012849 0.14145256 0.15010149 0.09250664 0.05934563 0.05153875 0.07603005 0.04963727 0.049898086 0.033033564 0.024672212 0.020457575 0.014651817 0.019973489 0.0076316776 0.008573245 0.0086809948 0.0055062948 4.316526e-03 4.234973e-03 2.445572e-03 2.069068e-03 1.189873e-03 2.249778e-02
    9    1      1      0    0      1      -1      -1  1000 0.007329596 0.12671255 0.20306982 0.09697576 0.12913341 0.07398352 0.06326724 0.04296270 0.04191526 0.033499086 0.030146881 0.022138161 0.019262018 0.013418559 0.016390495 0.0110303383 0.008774155 0.0066030741 0.0025456984 7.061357e-03 5.803574e-03 1.237395e-02 1.559148e-03 4.149809e-03 1.989385e-02
   10    1      1      0    0      1      -1      -1  1000 0.007515518 0.12384247 0.17164533 0.15567626 0.08824429 0.11154745 0.06505607 0.04216538 0.04184547 0.023440155 0.033838758 0.031025019 0.017586662 0.014904675 0.016393551 0.0100674293 0.004510300 0.0079259731 0.0039888948 7.617550e-03 3.708338e-03 2.952595e-03 2.458389e-03 2.111380e-03 9.932086e-03
   11    1      1      0    0      1      -1      -1  1000 0.010166032 0.08605558 0.15212213 0.13397642 0.11992168 0.06946635 0.09190924 0.06148887 0.04391303 0.038293736 0.042083514 0.024415366 0.027752304 0.016522063 0.018573887 0.0067435012 0.012417935 0.0062343964 0.0061656325 7.537042e-03 4.102179e-03 4.259403e-03 4.277712e-03 2.122225e-03 9.479771e-03
   12    1      1      0    0      1      -1      -1  1000 0.006510770 0.09954490 0.09804523 0.14351988 0.13374105 0.10667997 0.06551368 0.09078805 0.03934091 0.033477580 0.024786056 0.025621823 0.031689103 0.018853186 0.017447261 0.0093864308 0.009779060 0.0087164370 0.0046458808 3.775026e-03 5.611866e-03 3.420524e-03 2.513401e-03 3.236248e-03 1.335569e-02
   13    1      1      0    0      1      -1      -1  1000 0.010334230 0.07890759 0.13211465 0.09717528 0.12508883 0.09706913 0.10349575 0.04111481 0.07635032 0.039551589 0.031876964 0.025402421 0.025994303 0.027407205 0.014639843 0.0135626683 0.007557897 0.0116925523 0.0098800141 5.109636e-03 1.371214e-03 5.449597e-03 3.431935e-03 2.050707e-03 1.337086e-02
   14    1      1      0    0      1      -1      -1  1000 0.013489604 0.09899995 0.12501668 0.09871515 0.08655771 0.09963555 0.08780563 0.08283382 0.06168782 0.060013531 0.033158083 0.028796462 0.027268261 0.014877389 0.017288098 0.0106097568 0.005155526 0.0105251144 0.0060176370 4.427237e-03 3.384634e-03 2.797098e-03 4.745491e-03 1.366037e-03 1.482773e-02
   15    1      1      0    0      1      -1      -1  1000 0.014063079 0.10735586 0.14285363 0.08664815 0.08678626 0.06408479 0.06798509 0.08240601 0.08849672 0.041151283 0.035625609 0.029381320 0.020215934 0.017584752 0.018450507 0.0212306359 0.006511669 0.0146905927 0.0144282027 7.290228e-03 6.239004e-03 6.821648e-03 1.717280e-03 2.222843e-03 1.575890e-02
   16    1      1      0    0      1      -1      -1  1000 0.008664285 0.11930970 0.17948114 0.12029159 0.08111078 0.07628135 0.04081828 0.07508803 0.06285989 0.057008234 0.027700825 0.035640138 0.023667069 0.009436415 0.011019557 0.0151409501 0.009990320 0.0118384935 0.0048477878 3.690945e-03 5.218693e-03 3.189276e-03 4.878711e-03 2.454809e-03 1.037273e-02
   17    1      1      0    0      1      -1      -1  1000 0.017387794 0.08349478 0.16409205 0.14195319 0.10034619 0.05773916 0.06651906 0.04086418 0.04339108 0.067021069 0.045060655 0.031633220 0.033063452 0.023064426 0.014454777 0.0129584842 0.008076116 0.0110497370 0.0071145216 3.086444e-03 3.766462e-03 4.292475e-03 1.697679e-03 1.507032e-03 1.636597e-02
   18    1      1      0    0      1      -1      -1  1000 0.024566331 0.16742456 0.10883149 0.14358362 0.08750360 0.06793037 0.05310299 0.05417366 0.03070994 0.053637500 0.032352159 0.037914988 0.016227190 0.028157672 0.010834769 0.0208261676 0.012380269 0.0100441198 0.0088171186 2.366937e-03 7.894127e-03 3.784262e-03 3.970121e-03 4.331585e-03 8.634460e-03
   19    1      1      0    0      1      -1      -1  1000 0.009991552 0.21154000 0.16270035 0.07523115 0.11793521 0.07748907 0.06116365 0.02877660 0.03865460 0.025820650 0.028048404 0.034000304 0.036463655 0.007682545 0.021141044 0.0119401739 0.005157293 0.0052405279 0.0046629710 5.528655e-03 6.311860e-03 2.189805e-03 3.725056e-03 1.165218e-03 1.743965e-02
   20    1      1      0    0      1      -1      -1  1000 0.013612201 0.08352196 0.24616315 0.15470001 0.06354446 0.07368405 0.05736806 0.04814473 0.02686983 0.040796060 0.021648481 0.035103341 0.029168475 0.021506035 0.013814447 0.0158107615 0.011798569 0.0038290563 0.0092315392 2.684979e-03 4.678764e-03 5.019625e-03 6.192083e-03 1.260442e-03 9.848885e-03
   21    1      1      0    0      1      -1      -1  1000 0.024308205 0.14869661 0.11011000 0.20958657 0.11935717 0.05068628 0.06993435 0.04236717 0.04087844 0.024458401 0.023938499 0.011654577 0.020568221 0.018887183 0.016261928 0.0052996646 0.021924267 0.0062173519 0.0070869678 5.086064e-03 5.546337e-03 9.312341e-04 3.086732e-03 9.379363e-04 1.218985e-02
   22    1      1      0    0      1      -1      -1  1000 0.008091999 0.16121183 0.17386626 0.09055478 0.15614315 0.10276514 0.02680753 0.04867560 0.04480823 0.030461606 0.019944684 0.020858409 0.010950494 0.014994730 0.018991584 0.0071000964 0.016084969 0.0103788765 0.0020362643 3.946262e-03 8.597763e-03 3.991789e-03 5.186204e-03 1.405618e-03 1.214614e-02
   23    1      1      0    0      1      -1      -1  1000 0.028064588 0.05412916 0.20731361 0.15098598 0.07465574 0.11854958 0.07939091 0.03791598 0.04768781 0.030240660 0.019886960 0.026421584 0.011748062 0.014463003 0.012831359 0.0154770603 0.021117413 0.0122998659 0.0079541954 3.549025e-03 1.343975e-03 2.283772e-03 4.331213e-03 2.586372e-03 1.477210e-02
   24    1      1      0    0      1      -1      -1  1000 0.010093346 0.25412063 0.07180019 0.16188960 0.11922175 0.05739255 0.10409152 0.05398105 0.01395389 0.033377536 0.015212600 0.012666064 0.019461411 0.011597236 0.005692556 0.0076307226 0.011092990 0.0061351110 0.0030642409 8.331573e-03 3.554867e-03 4.508156e-03 1.356637e-03 1.103426e-03 8.670343e-03
   25    1      1      0    0      1      -1      -1  1000 0.009415574 0.06162236 0.32600638 0.06157181 0.13032184 0.09520042 0.03891620 0.08473574 0.04590305 0.016474126 0.017784335 0.021711599 0.013495241 0.007087107 0.010420441 0.0054747879 0.008270789 0.0079270331 0.0137607828 1.454025e-03 7.703654e-03 2.632513e-03 1.962762e-03 2.036026e-03 8.111407e-03
   26    1      1      0    0      1      -1      -1  1000 0.008887085 0.05991566 0.09851328 0.28761074 0.05765790 0.12018894 0.07922188 0.03942310 0.06756730 0.041503265 0.013297902 0.026092035 0.011996227 0.016532501 0.010062618 0.0098298325 0.003716643 0.0113188645 0.0076729467 3.635538e-03 4.507288e-03 4.825186e-03 1.048355e-03 3.136187e-03 1.183872e-02
   27    1      1      0    0      1      -1      -1  1000 0.013337605 0.10949019 0.09024710 0.09807482 0.25209997 0.03387735 0.10892191 0.06173199 0.02916485 0.050087744 0.043016049 0.009741157 0.015617148 0.009275021 0.013124225 0.0142235177 0.007512418 0.0076961015 0.0053554689 4.655139e-03 7.976738e-03 9.408165e-04 3.175469e-03 1.254641e-03 9.402552e-03
   28    1      1      0    0      1      -1      -1  1000 0.009576470 0.13994697 0.14070150 0.06059587 0.06462748 0.21118010 0.04537505 0.08033800 0.05989586 0.024579019 0.038327597 0.023752442 0.017507310 0.014203152 0.012577810 0.0153277695 0.006072633 0.0048129381 0.0102253575 3.271471e-03 3.671275e-03 2.378355e-03 1.909818e-03 2.480876e-03 6.664883e-03
   29    1      1      0    0      1      -1      -1  1000 0.022959523 0.06630248 0.23734754 0.13346652 0.06590481 0.05716568 0.12131709 0.02389864 0.06833771 0.044712889 0.019097582 0.033241821 0.034139803 0.009765037 0.010872420 0.0080750096 0.003510879 0.0065709067 0.0053585373 5.865500e-03 2.866326e-03 4.641775e-03 3.007469e-03 1.313812e-03 1.026023e-02
   30    1      1      0    0      1      -1      -1  1000 0.009921510 0.13824114 0.10855195 0.15852457 0.09942557 0.05060169 0.05159075 0.13425131 0.02329597 0.066736634 0.036938459 0.017379457 0.038807257 0.017668420 0.009881625 0.0064986322 0.004100115 0.0036250220 0.0018273229 3.617621e-03 6.793555e-04 2.600062e-03 1.496549e-03 2.358055e-03 1.138096e-02
   31    1      1      0    0      1      -1      -1  1000 0.035444941 0.06343318 0.19461204 0.10048945 0.12580921 0.08692930 0.03613624 0.04237255 0.10670912 0.011912926 0.047737356 0.040545002 0.008534541 0.035666237 0.015668407 0.0064889596 0.007090930 0.0062356207 0.0030492586 1.654505e-03 1.879928e-03 2.975843e-03 2.587563e-03 1.576554e-03 1.446033e-02
   32    1      1      0    0      1      -1      -1  1000 0.010736669 0.32740992 0.07620746 0.11652482 0.05368269 0.10540032 0.04903968 0.02686107 0.03024657 0.071369826 0.008180538 0.032693407 0.026790105 0.005821799 0.013713543 0.0124177697 0.005988218 0.0075548646 0.0064778953 2.436741e-03 2.733966e-04 2.691176e-03 3.803237e-03 1.058573e-03 2.619706e-03
   33    1      1      0    0      1      -1      -1  1000 0.012130870 0.10214237 0.41222581 0.06889015 0.08638817 0.03393433 0.06388902 0.04170313 0.01892850 0.019710609 0.063167554 0.008111429 0.017431978 0.010876589 0.004113496 0.0128485437 0.003157980 0.0041224792 0.0038331100 1.881400e-03 2.799762e-03 1.707774e-03 1.556086e-03 5.611486e-04 3.887714e-03
   34    1      1      0    0      1      -1      -1  1000 0.006816554 0.19244088 0.13771316 0.28102523 0.05457632 0.07610281 0.03318236 0.05281857 0.02485862 0.010273213 0.010740185 0.039038229 0.009768633 0.026039097 0.009862646 0.0098549453 0.007603776 0.0048230908 0.0024419930 8.592938e-04 1.261882e-03 5.940824e-04 2.286608e-03 2.887026e-05 4.988962e-03
   35    1      1      0    0      1      -1      -1  1000 0.016139677 0.08507917 0.26654303 0.09710368 0.24239716 0.03906639 0.06162760 0.02402701 0.03192975 0.028501111 0.018193312 0.005467374 0.024501938 0.004584937 0.010778095 0.0059031258 0.003688058 0.0110038747 0.0044168082 1.092905e-03 4.377000e-03 1.904913e-03 1.827227e-03 2.653748e-04 9.580482e-03
   36    1      1      0    0      1      -1      -1  1000 0.013470127 0.14448974 0.11443288 0.19853405 0.06854924 0.19021787 0.04502558 0.04850822 0.02314944 0.027777414 0.018970641 0.008420793 0.005863924 0.031950965 0.006139170 0.0161248136 0.003218531 0.0046458886 0.0100742695 2.962071e-03 1.725383e-03 4.921880e-03 7.973915e-05 1.042335e-03 9.705044e-03
   37    1      1      0    0      1      -1      -1  1000 0.003967999 0.17315255 0.17192663 0.12091623 0.14763890 0.05590828 0.14417945 0.03024718 0.04419352 0.011454506 0.027109017 0.013333738 0.007463536 0.006608602 0.014159676 0.0021769144 0.005045167 0.0043752808 0.0009803595 5.259397e-03 1.909219e-03 8.477257e-04 1.118987e-03 1.306413e-03 4.720719e-03
   38    1      1      0    0      1      -1      -1  1000 0.011817309 0.05022051 0.23941194 0.15954600 0.08323461 0.13288586 0.05458244 0.11672804 0.01936814 0.021810779 0.022457996 0.018584878 0.011068519 0.006260160 0.006403562 0.0165126601 0.002384468 0.0078367996 0.0061476242 2.524894e-03 3.946856e-03 1.752034e-03 5.463032e-04 1.419162e-04 3.825695e-03
   39    1      1      0    0      1      -1      -1  1000 0.011692634 0.12909372 0.06945279 0.20811760 0.12505421 0.06671070 0.12690202 0.04579916 0.09477159 0.017192806 0.023726714 0.012538690 0.014625031 0.011650295 0.005231442 0.0025400299 0.014660759 0.0051123611 0.0034476447 7.775749e-04 7.277697e-04 9.275512e-04 9.491992e-04 2.211488e-05 8.275596e-03
   40    1      1      0    0      1      -1      -1  1000 0.033364831 0.08975928 0.19054957 0.04199376 0.16840502 0.11488414 0.05483598 0.08648241 0.02982449 0.074966932 0.011123894 0.034578735 0.014004436 0.010835628 0.006360751 0.0037635050 0.002736264 0.0136250476 0.0012764232 6.269629e-03 3.087074e-03 1.750821e-03 1.364562e-03 2.559507e-04 3.900870e-03
   41    1      1      0    0      1      -1      -1  1000 0.028295076 0.17436765 0.12919325 0.14328284 0.04033967 0.12823467 0.08178696 0.04818623 0.06758758 0.023098174 0.054376069 0.008409608 0.017800131 0.005708717 0.012165987 0.0058066394 0.002446555 0.0023689711 0.0123506010 7.612041e-04 4.069859e-03 7.637754e-04 6.864315e-04 5.805258e-04 7.332828e-03
   42    1      1      0    0      1      -1      -1  1000 0.002572010 0.24935567 0.23680311 0.06275668 0.09004240 0.02879101 0.08236247 0.04986197 0.03039789 0.048182037 0.022817642 0.040530519 0.007009756 0.009372838 0.012825772 0.0061507755 0.002484170 0.0018329125 0.0028687365 3.889803e-03 1.271316e-03 5.788774e-04 2.564381e-03 2.378319e-03 2.298940e-03
   43    1      1      0    0      1      -1      -1  1000 0.015798526 0.05028837 0.30648713 0.16697839 0.07034352 0.06751148 0.02869266 0.07807531 0.05677751 0.026911786 0.034018325 0.011957404 0.034483337 0.011852308 0.011258527 0.0027600797 0.008369538 0.0045520632 0.0002993477 3.344975e-04 4.848266e-03 6.363228e-04 1.218079e-03 7.785878e-04 4.768639e-03
   44    1      1      0    0      1      -1      -1  1000 0.007457497 0.19017114 0.07552523 0.25202876 0.14028985 0.05078537 0.06046429 0.02402512 0.05075144 0.033071972 0.019100408 0.025788633 0.013303835 0.024735881 0.001388949 0.0057248176 0.002720091 0.0042147873 0.0020074664 1.615059e-03 2.994922e-03 4.529785e-03 8.322799e-05 2.222847e-03 4.998625e-03
   45    1      1      0    0      1      -1      -1  1000 0.008031358 0.09141061 0.23443421 0.07020978 0.19888852 0.11746929 0.03793936 0.05780387 0.01840957 0.032128071 0.027857218 0.021042360 0.036328334 0.004914768 0.021013106 0.0030547799 0.004228558 0.0001044908 0.0047447327 1.153689e-03 1.118057e-03 1.022772e-04 2.141439e-03 4.687948e-04 5.002758e-03
   46    1      1      0    0      1      -1      -1  1000 0.022936621 0.09116020 0.13608991 0.18250901 0.05101086 0.20622934 0.10150723 0.02967107 0.03671531 0.012062162 0.037157278 0.022657218 0.009069947 0.015183786 0.009460969 0.0180194902 0.003987731 0.0057811646 0.0001716037 1.171527e-03 2.150971e-03 4.704957e-06 3.491434e-04 2.111561e-03 2.831194e-03
   47    1      1      0    0      1      -1      -1  1000 0.012594926 0.18321181 0.12463493 0.09383741 0.15072234 0.04120696 0.12843268 0.07603294 0.03032960 0.038996371 0.011623029 0.025626538 0.016011954 0.009166254 0.015850584 0.0122444570 0.010339662 0.0044252031 0.0040114861 1.547085e-03 1.071438e-03 1.499266e-04 8.614862e-04 4.223664e-05 7.028688e-03
   48    1      1      0    0      1      -1      -1  1000 0.011494470 0.20361571 0.21391724 0.08616284 0.08424440 0.10118822 0.02359785 0.07845570 0.04734470 0.022175271 0.024883393 0.014010676 0.021127488 0.015210887 0.006013276 0.0197494314 0.003405069 0.0080608555 0.0005873807 3.899204e-03 1.781024e-03 1.889860e-03 3.169560e-04 1.464905e-04 6.721609e-03
   49    1      1      0    0      1      -1      -1  1000 0.015959553 0.13716923 0.23878867 0.15076219 0.07897122 0.05612658 0.09522990 0.02038929 0.07014726 0.043030336 0.014677475 0.020081091 0.008206729 0.015415052 0.004065170 0.0054956990 0.004414297 0.0048762082 0.0064041258 1.106278e-03 3.916487e-04 2.729674e-03 1.796912e-03 5.204703e-04 3.244959e-03
   50    1      1      0    0      1      -1      -1  1000 0.022603554 0.11612123 0.16404756 0.20615361 0.13322629 0.06262733 0.04869413 0.06273443 0.01286862 0.061679233 0.028669159 0.014086135 0.014414261 0.001815767 0.013211122 0.0091231899 0.005497667 0.0066423034 0.0017743555 6.765003e-03 7.465589e-05 7.038720e-04 2.126626e-05 1.389067e-03 5.056209e-03
   51    1      1      0    0      1      -1      -1  1000 0.022930478 0.22430822 0.14861345 0.13630984 0.12958061 0.09612111 0.03212067 0.03078751 0.05791861 0.008022211 0.036474471 0.023848273 0.006896797 0.010314767 0.004448107 0.0098309275 0.006260826 0.0013110756 0.0038945070 1.758658e-03 5.179025e-03 4.492789e-04 9.668658e-04 5.027043e-05 1.603448e-03
   52    1      1      0    0      1      -1      -1  1000 0.013781451 0.23566992 0.26269068 0.10116206 0.09768051 0.09384453 0.06556688 0.02004331 0.01744557 0.021939631 0.006826510 0.020494870 0.013396461 0.007795603 0.004206977 0.0006696254 0.002479686 0.0020981753 0.0014650655 2.643481e-03 1.971160e-03 3.358991e-03 4.651433e-05 1.054765e-04 2.616857e-03
   53    1      1      0    0      1      -1      -1  1000 0.009243589 0.12316355 0.26747865 0.19710374 0.07533678 0.05823882 0.07650127 0.05994450 0.02388911 0.021182635 0.027290576 0.004709396 0.024415788 0.007900953 0.001179451 0.0040915820 0.001375321 0.0012412202 0.0034622524 3.368227e-03 1.683025e-03 1.563625e-03 2.212192e-03 3.352903e-04 3.088458e-03
   54    1      1      0    0      1      -1      -1  1000 0.013846568 0.06774330 0.17808366 0.24311160 0.17168089 0.06678259 0.05137259 0.06168724 0.03124033 0.011258079 0.017100103 0.025617364 0.004249784 0.021003309 0.011557016 0.0039036559 0.002023240 0.0008739744 0.0032580703 3.000273e-03 1.614860e-03 2.454117e-03 5.932321e-05 1.624904e-03 4.853167e-03
   55    1      1      0    0      1      -1      -1  1000 0.019452880 0.11309664 0.08405342 0.16598442 0.21309532 0.15026241 0.04776828 0.04792093 0.05612329 0.029418303 0.015491172 0.012138187 0.009796045 0.003706183 0.011622797 0.0105761505 0.001648002 0.0015422706 0.0002704715 2.299389e-03 4.466844e-04 3.335658e-04 1.066887e-03 1.632378e-04 1.723076e-03
   56    1      1      0    0      1      -1      -1  1000 0.026542643 0.15777707 0.16995536 0.06825693 0.11204739 0.16059600 0.10022745 0.03969511 0.03159550 0.039960274 0.022330074 0.009611389 0.008347503 0.015345580 0.008170430 0.0140708597 0.004458664 0.0013678997 0.0021316866 7.957091e-04 1.220706e-03 6.494441e-04 6.587882e-04 1.478394e-03 2.709136e-03
   57    1      1      0    0      1      -1      -1  1000 0.012617620 0.24828216 0.16866004 0.12182355 0.05360684 0.06886333 0.11195845 0.07826368 0.02094972 0.023493467 0.025477641 0.013679029 0.004634260 0.009493143 0.011811988 0.0015425893 0.009239085 0.0071022000 0.0017380581 6.118526e-04 1.077188e-03 1.124962e-03 5.766861e-04 9.520246e-06 3.362954e-03
   58    1      1      0    0      1      -1      -1  1000 0.013756687 0.10263575 0.34843107 0.13963954 0.08133376 0.04459843 0.05628241 0.06597775 0.04645391 0.017313482 0.014436524 0.024021234 0.013052342 0.003266389 0.003023608 0.0085712726 0.004604731 0.0059232195 0.0012697031 1.058969e-03 2.716399e-04 4.491778e-04 4.045564e-05 4.240374e-04 3.163898e-03
   59    1      1      0    0      1      -1      -1  1000 0.016882148 0.17219763 0.13201593 0.24600213 0.10215969 0.07881067 0.02802918 0.04297341 0.06644865 0.037136051 0.014447308 0.016540844 0.013711703 0.007563915 0.002329344 0.0061743638 0.007036144 0.0006719349 0.0017330517 2.172594e-03 5.169341e-04 8.773330e-04 5.697792e-05 2.639609e-03 8.724546e-04
   60    1      1      0    0      1      -1      -1  1000 0.028669542 0.15674690 0.20372948 0.08645303 0.20024673 0.08545792 0.04176406 0.02134172 0.02913409 0.044927793 0.036886588 0.012936875 0.012130217 0.012363539 0.009056737 0.0008355506 0.001428031 0.0033276399 0.0015031456 5.198692e-03 2.478897e-03 3.368065e-04 1.706271e-04 1.339799e-05 2.861996e-03
   61    1      1      0    0      1      -1      -1  1000 0.012849943 0.17209029 0.18534765 0.13983603 0.08399935 0.15401775 0.06033424 0.04032521 0.01216716 0.025099661 0.038423466 0.034506114 0.009838355 0.009343300 0.005737770 0.0054545939 0.001040811 0.0024895419 0.0016387915 8.039398e-05 1.107049e-03 3.335742e-03 5.091075e-04 6.352598e-05 3.641533e-04
   62    1      1      0    0      1      -1      -1  1000 0.013549165 0.14184610 0.22815152 0.13321952 0.10544611 0.05935524 0.12106962 0.05746444 0.03246826 0.009656953 0.018063633 0.026804441 0.022359653 0.007416713 0.004305694 0.0041155427 0.001976031 0.0016720019 0.0009169435 2.200701e-03 3.647039e-04 4.137367e-03 4.990982e-04 4.872256e-05 2.891825e-03
   63    1      1      0    0      1      -1      -1  1000 0.012647415 0.12974407 0.15299742 0.18966428 0.13553605 0.09037456 0.04246315 0.09757512 0.03561885 0.021198240 0.008320882 0.014686860 0.023402221 0.019796924 0.004598959 0.0047432605 0.005620508 0.0038095614 0.0010598114 2.002459e-03 1.308591e-03 1.663680e-03 1.063601e-04 1.395399e-04 9.212298e-04
   64    1      1      0    0      1      -1      -1  1000 0.017871734 0.11470186 0.16993459 0.15537467 0.14496691 0.08676842 0.07610491 0.03171149 0.06615965 0.028515443 0.024076118 0.008213022 0.021112549 0.021413151 0.008473389 0.0058317524 0.003799120 0.0044046249 0.0018077500 5.104362e-04 7.621024e-04 2.944987e-03 5.259048e-06 1.155262e-03 3.380806e-03
   65    1      1      0    0      1      -1      -1  1000 0.011216645 0.20874690 0.17073270 0.10824266 0.08264433 0.12888708 0.06493573 0.06588832 0.02506354 0.053555179 0.020255261 0.010858948 0.004462166 0.008766877 0.016738897 0.0061221485 0.002274617 0.0015010957 0.0013747321 4.050209e-03 9.007741e-04 5.738670e-05 1.848890e-03 3.131475e-04 5.617589e-04
   66    1      1      0    0      1      -1      -1  1000 0.028720854 0.10417385 0.22982247 0.12081342 0.10113142 0.07952428 0.07962565 0.04759993 0.04236988 0.031990638 0.056963891 0.014164245 0.020577392 0.008332988 0.006390996 0.0093462400 0.004979227 0.0037595964 0.0005978219 3.638941e-03 1.042003e-03 8.192162e-05 9.314989e-04 5.965917e-04 2.824252e-03
   67    1      1      0    0      1      -1      -1  1000 0.007039725 0.23700430 0.15673449 0.15640895 0.08319853 0.06650051 0.06772877 0.05705072 0.03389075 0.032769430 0.018006143 0.031027744 0.007369459 0.008206235 0.003724533 0.0062563228 0.011588565 0.0040278573 0.0037087775 8.518066e-04 9.340128e-04 1.834046e-03 3.555389e-04 1.781385e-04 3.604653e-03
   68    1      1      0    0      1      -1      -1  1000 0.014854163 0.08637719 0.30048790 0.10940024 0.12868216 0.08167163 0.05499427 0.04486549 0.04316090 0.030321094 0.023125317 0.012291205 0.023276135 0.013398837 0.008391948 0.0020731054 0.003774713 0.0088885493 0.0057631735 8.097143e-04 6.038647e-04 1.780876e-03 8.351570e-05 3.179120e-04 6.061076e-04
   69    1      1      0    0      1      -1      -1  1000 0.008319403 0.14671473 0.10550707 0.26900138 0.08809148 0.07549063 0.06310237 0.03841078 0.04870669 0.047715178 0.028328753 0.015523716 0.008325845 0.020089028 0.011170263 0.0049158283 0.001052654 0.0010879063 0.0107748142 2.459580e-03 2.105204e-03 2.127813e-04 1.454858e-03 4.014983e-04 1.037553e-03
   70    1      1      0    0      1      -1      -1  1000 0.051176269 0.09092715 0.20755693 0.09864331 0.18539199 0.08550308 0.06909125 0.04897786 0.02682995 0.024237574 0.032776336 0.015891781 0.015372474 0.006396572 0.012621741 0.0059817291 0.008498423 0.0029885576 0.0018601555 7.204485e-04 1.850241e-03 7.953794e-04 2.309375e-03 3.394766e-04 3.261966e-03
   71    1      1      0    0      1      -1      -1  1000 0.028098126 0.36236889 0.08048176 0.11366394 0.04407745 0.14140182 0.04907962 0.05005335 0.03679954 0.009584009 0.017156101 0.022375168 0.011690482 0.008938566 0.003036112 0.0061985405 0.006049548 0.0002907815 0.0024045031 9.086447e-04 5.768083e-04 7.132775e-04 9.151674e-05 6.368559e-04 3.324595e-03
   72    1      1      0    0      1      -1      -1  1000 0.008875462 0.17660360 0.39754545 0.04798436 0.07699624 0.04125616 0.09122334 0.02889152 0.02214662 0.015632766 0.016824207 0.009576092 0.015634951 0.004878479 0.018160612 0.0024491241 0.008132314 0.0036692107 0.0011132806 4.434003e-04 7.896626e-04 5.222196e-03 2.625407e-04 1.370022e-03 4.318392e-03
   73    1      1      0    0      1      -1      -1  1000 0.020427633 0.08131644 0.21441951 0.33531753 0.04652324 0.05244547 0.03065797 0.07124461 0.03807478 0.026173006 0.010812209 0.007817525 0.014920368 0.013572859 0.006533912 0.0056208909 0.004371319 0.0085857050 0.0037896422 3.381206e-04 5.179553e-04 2.289574e-03 2.336287e-03 5.313067e-04 1.362144e-03
   74    1      1      0    0      1      -1      -1  1000 0.007810750 0.15076579 0.10933574 0.16369796 0.27387529 0.02981440 0.06242064 0.02763216 0.06926177 0.014053011 0.025441878 0.009430618 0.005577154 0.008480667 0.009719658 0.0076121990 0.005361858 0.0009082654 0.0074700224 1.819889e-03 6.351629e-04 1.832520e-03 1.294698e-03 8.538705e-04 4.894031e-03
   75    1      1      0    0      1      -1      -1  1000 0.012152203 0.06125540 0.17921615 0.10063828 0.18225815 0.23857855 0.02879057 0.03883779 0.01794286 0.049033160 0.021284160 0.015751128 0.009550441 0.011404428 0.004311580 0.0054972333 0.003798014 0.0026538961 0.0021637642 5.916528e-03 2.833010e-03 1.627916e-03 2.506355e-05 2.831210e-03 1.648519e-03
   76    1      1      0    0      1      -1      -1  1000 0.020186265 0.15051110 0.12197446 0.15129884 0.08517136 0.12104665 0.17052114 0.01615783 0.04280442 0.012056649 0.035498308 0.013806107 0.020022686 0.004599050 0.008853818 0.0069495376 0.006622375 0.0019656491 0.0053039681 1.732416e-03 7.588679e-04 7.894569e-04 6.938732e-05 7.166054e-05 1.227999e-03
   77    1      1      0    0      1      -1      -1  1000 0.026656162 0.21155940 0.15903621 0.08735137 0.11500770 0.05482494 0.09411618 0.12334812 0.01687845 0.024407731 0.015915385 0.030833925 0.007903118 0.006805859 0.004955957 0.0022936022 0.003144854 0.0016518365 0.0005925658 1.992426e-03 1.446503e-03 1.729492e-03 2.065821e-03 6.417856e-04 4.840600e-03
   78    1      1      0    0      1      -1      -1  1000 0.010420573 0.22111491 0.22669630 0.13070799 0.04180031 0.08078222 0.04133126 0.06804383 0.09507185 0.013592259 0.017192887 0.007238563 0.015638401 0.004308996 0.004502018 0.0040796764 0.003117083 0.0025048170 0.0036518795 1.735162e-03 6.019447e-04 8.237369e-04 2.230402e-03 2.340470e-04 2.578891e-03
   79    1      1      0    0      1      -1      -1  1000 0.010118453 0.13882273 0.25496185 0.16559663 0.08976651 0.04748515 0.07048867 0.02506678 0.05906607 0.073529312 0.007855878 0.010992290 0.003931958 0.011004114 0.005610440 0.0078097834 0.003873832 0.0037847633 0.0033124907 7.895614e-04 9.474162e-04 1.873665e-03 7.305208e-04 1.659976e-04 2.415121e-03
   80    1      1      0    0      1      -1      -1  1000 0.018583050 0.10366183 0.17040010 0.23044180 0.15481914 0.06549687 0.03270257 0.04835285 0.02446847 0.039975784 0.059828429 0.004214659 0.009809241 0.007618239 0.011227862 0.0050691936 0.002243035 0.0016953170 0.0042151692 6.658301e-04 2.031385e-03 8.679944e-04 4.827509e-04 2.959824e-05 1.098837e-03
   81    1      1      0    0      1      -1      -1  1000 0.031714425 0.16880715 0.12556815 0.14046117 0.17504048 0.09858171 0.06238221 0.01837169 0.02987264 0.027315141 0.030042673 0.047171069 0.011114232 0.006335101 0.004883955 0.0087601141 0.002254830 0.0061348730 0.0004980559 9.548513e-04 9.558252e-05 4.988270e-04 1.413709e-04 6.896602e-04 2.310036e-03
   82    1      1      0    0      1      -1      -1  1000 0.006560718 0.24729721 0.18765969 0.09163085 0.10041590 0.11660462 0.07390464 0.03943558 0.01878610 0.019617439 0.009989679 0.025796463 0.030793955 0.004939568 0.006572041 0.0038075212 0.004262306 0.0011432052 0.0062341034 7.548885e-04 9.414562e-04 9.037464e-04 3.375325e-05 4.054277e-04 1.509143e-03
   83    1      1      0    0      1      -1      -1  1000 0.015728043 0.09152466 0.28409181 0.18654075 0.07920305 0.06821999 0.09605506 0.04946007 0.03063645 0.008759718 0.026056453 0.004384534 0.018810586 0.017225702 0.004080604 0.0053618319 0.002628686 0.0040798365 0.0014090742 1.062459e-03 8.753861e-04 1.202257e-03 5.781858e-04 1.969167e-03 5.564322e-05
   84    1      1      0    0      1      -1      -1  1000 0.011543728 0.13871122 0.12068036 0.23125801 0.13796600 0.06031192 0.05887834 0.07984897 0.04824066 0.022070653 0.007747191 0.011115687 0.006886256 0.011303745 0.026503445 0.0051997678 0.010333258 0.0021435319 0.0024143447 1.564897e-03 3.063285e-04 5.422878e-04 2.600070e-04 2.504402e-04 3.918945e-03
   85    1      1      0    0      1      -1      -1  1000 0.025217577 0.11659326 0.19076606 0.09146033 0.18208101 0.12408324 0.04288611 0.04932612 0.05856945 0.031857420 0.016112011 0.006482067 0.013371107 0.005780068 0.011573875 0.0150379393 0.002250053 0.0024201910 0.0011602126 2.805934e-03 1.243643e-04 2.413165e-03 4.671953e-04 1.946652e-03 5.214586e-03
   86    1      1      0    0      1      -1      -1  1000 0.019184905 0.17421513 0.14884889 0.13732168 0.09221577 0.14594270 0.07291229 0.03060606 0.04263400 0.041702344 0.022232868 0.013030141 0.005723413 0.017707863 0.004674628 0.0099279555 0.009874673 0.0002693215 0.0030862671 1.697905e-03 2.697943e-03 1.423003e-05 2.781582e-04 6.272755e-06 3.194605e-03
   87    1      1      0    0      1      -1      -1  1000 0.019031984 0.13000619 0.21569009 0.10806460 0.10849345 0.05525459 0.12665864 0.05764697 0.02749400 0.028884925 0.041418028 0.017177425 0.016891430 0.006222724 0.008108939 0.0044221723 0.004658674 0.0123238320 0.0004516430 2.193964e-03 1.610089e-03 2.791779e-03 2.365570e-03 9.049310e-04 1.233358e-03
   88    1      1      0    0      1      -1      -1  1000 0.013630943 0.17377306 0.16386777 0.16117653 0.08263303 0.07893689 0.05482170 0.07607110 0.05060455 0.018939503 0.019932381 0.042922269 0.018377250 0.009338732 0.001148977 0.0025981220 0.004935829 0.0094110710 0.0093177921 1.027071e-03 1.468007e-03 2.055907e-05 2.805684e-03 3.467349e-05 2.206504e-03
   89    1      1      0    0      1      -1      -1  1000 0.017694188 0.10797542 0.22536194 0.12802397 0.13753881 0.06499093 0.06910524 0.04143768 0.07162647 0.038667173 0.017047162 0.013650152 0.025847822 0.009990263 0.003311919 0.0058443431 0.002140281 0.0034209263 0.0044144041 9.439099e-03 2.875318e-04 1.012924e-03 1.365573e-04 3.803144e-05 9.967688e-04
   90    1      1      0    0      1      -1      -1  1000 0.017903210 0.15636376 0.14311971 0.15856369 0.10208491 0.13328101 0.04539271 0.05901766 0.02936080 0.055175884 0.031433085 0.014067830 0.008273480 0.014233993 0.002720771 0.0073356399 0.002545239 0.0055476381 0.0008211611 1.493210e-03 6.140573e-03 9.688095e-05 3.424019e-06 6.342695e-05 4.960308e-03
   91    1      1      0    0      1      -1      -1  1000 0.018376685 0.09408969 0.24409579 0.12819813 0.12177528 0.07340570 0.09189518 0.04687531 0.04042117 0.025014401 0.040857865 0.025350382 0.006885203 0.007185807 0.012085112 0.0050184335 0.002936767 0.0007117875 0.0024594552 9.354883e-04 6.593969e-04 4.837233e-03 5.836298e-07 8.104007e-04 5.118745e-03
   92    1      1      0    0      1      -1      -1  1000 0.024186767 0.11764812 0.13306564 0.17866901 0.08698625 0.09010316 0.06989181 0.06987308 0.04155719 0.035537895 0.016437109 0.056297782 0.016893713 0.006624282 0.008418649 0.0193521026 0.009463758 0.0033935678 0.0045071431 3.509799e-03 9.658458e-04 4.206528e-04 5.171928e-03 6.264583e-07 1.024122e-03
   93    1      1      0    0      1      -1      -1  1000 0.017787378 0.16781679 0.13824203 0.10352984 0.12778407 0.08431323 0.09247282 0.05332911 0.05058714 0.029108205 0.028883984 0.015032407 0.025997090 0.014829985 0.008402550 0.0078204039 0.011872292 0.0066292920 0.0060472206 2.219193e-04 7.992160e-04 6.426264e-04 1.983950e-03 1.346188e-03 4.520261e-03
   94    1      1      0    0      1      -1      -1  1000 0.025289279 0.20033659 0.22018109 0.09245546 0.07421709 0.10010834 0.06015427 0.07041032 0.03475191 0.033698823 0.014829638 0.015156592 0.010536722 0.017569678 0.007122516 0.0045952934 0.003478556 0.0040339268 0.0052535149 9.018100e-04 4.217255e-04 1.663203e-03 1.184309e-07 1.883669e-03 9.498790e-04
   95    1      1      0    0      1      -1      -1  1000 0.013078482 0.17056911 0.25131759 0.16306178 0.07301439 0.05491155 0.08018777 0.02852600 0.04493142 0.023618577 0.023258648 0.010133531 0.014730283 0.004662335 0.013758633 0.0118966264 0.006309206 0.0038004275 0.0029693802 1.331090e-03 3.352203e-04 8.591637e-04 1.236248e-03 5.195129e-05 1.450588e-03
   96    1      1      0    0      1      -1      -1  1000 0.023510973 0.15734458 0.23001960 0.17396191 0.11230662 0.05547366 0.02772826 0.06270675 0.02582713 0.042249644 0.022777982 0.012040096 0.005952634 0.009158057 0.011663832 0.0105344597 0.004655530 0.0021365958 0.0024970059 2.420560e-03 1.112570e-03 1.326524e-03 1.902530e-04 1.008653e-03 1.396136e-03
   97    1      1      0    0      1      -1      -1  1000 0.015949947 0.19392899 0.19733101 0.16100175 0.13051911 0.08333086 0.03363397 0.03325303 0.03504487 0.019399536 0.026667308 0.011649562 0.012018349 0.003270160 0.011668172 0.0024429941 0.008678315 0.0021410006 0.0027261260 4.866744e-03 3.364954e-03 1.241011e-04 3.988261e-04 2.382724e-05 6.566490e-03
   98    1      1      0    0      1      -1      -1  1000 0.015571679 0.13013218 0.24956616 0.15582570 0.12472751 0.09751559 0.06267106 0.03029636 0.02034799 0.026420847 0.013917158 0.022073050 0.006477291 0.014797636 0.002552718 0.0072476119 0.003251141 0.0052541305 0.0012385891 2.268317e-03 1.122848e-03 1.899481e-03 6.734884e-04 2.070326e-03 2.081148e-03
   99    1      1      0    0      1      -1      -1  1000 0.011064903 0.15762953 0.17518411 0.17650683 0.12290757 0.09248555 0.06863719 0.04211140 0.01884248 0.014174692 0.033880045 0.010647222 0.012778167 0.018246602 0.012277111 0.0040622579 0.004391231 0.0014195550 0.0048989911 2.881794e-03 2.096784e-03 5.378860e-04 1.353120e-04 2.183843e-03 1.001894e-02
  100    1      1      0    0      1      -1      -1  1000 0.011005262 0.06632765 0.21068559 0.16899419 0.16685603 0.09666572 0.07314896 0.04893445 0.04088455 0.022611622 0.015940495 0.013284862 0.009725834 0.012957869 0.009126987 0.0093359208 0.002981371 0.0047408075 0.0020984386 3.170495e-03 4.027618e-03 1.609250e-05 1.010105e-04 2.854630e-04 6.092714e-03
    2    1      2      0    0      1      -1      -1  1000 0.027000000 0.15400000 0.14300000 0.11400000 0.10600000 0.07200000 0.07600000 0.06100000 0.04800000 0.030000000 0.030000000 0.029000000 0.020000000 0.018000000 0.013000000 0.0080000000 0.015000000 0.0090000000 0.0020000000 6.000000e-03 6.000000e-03 1.000000e-03 1.000000e-03 4.000000e-03 7.000000e-03
    3    1      2      0    0      1      -1      -1  1000 0.027000000 0.11400000 0.15800000 0.10500000 0.09100000 0.09300000 0.07000000 0.05100000 0.04200000 0.043000000 0.033000000 0.033000000 0.019000000 0.025000000 0.025000000 0.0140000000 0.016000000 0.0020000000 0.0120000000 4.000000e-03 4.000000e-03 4.000000e-03 0.000000e+00 4.000000e-03 1.100000e-02
    4    1      2      0    0      1      -1      -1  1000 0.027000000 0.13300000 0.11700000 0.12500000 0.09900000 0.09200000 0.08000000 0.05000000 0.06500000 0.039000000 0.040000000 0.025000000 0.016000000 0.014000000 0.018000000 0.0060000000 0.011000000 0.0100000000 0.0090000000 1.000000e-03 5.000000e-03 3.000000e-03 2.000000e-03 2.000000e-03 1.100000e-02
    5    1      2      0    0      1      -1      -1  1000 0.044000000 0.15000000 0.13400000 0.09100000 0.10400000 0.09800000 0.06400000 0.05300000 0.05200000 0.039000000 0.041000000 0.024000000 0.018000000 0.017000000 0.012000000 0.0070000000 0.005000000 0.0080000000 0.0040000000 8.000000e-03 5.000000e-03 6.000000e-03 7.000000e-03 1.000000e-03 8.000000e-03
    6    1      2      0    0      1      -1      -1  1000 0.025000000 0.20700000 0.14100000 0.09900000 0.08200000 0.08300000 0.07000000 0.06200000 0.04500000 0.034000000 0.027000000 0.028000000 0.026000000 0.013000000 0.010000000 0.0070000000 0.009000000 0.0100000000 0.0020000000 4.000000e-03 1.000000e-03 2.000000e-03 3.000000e-03 2.000000e-03 8.000000e-03
    7    1      2      0    0      1      -1      -1  1000 0.030000000 0.13000000 0.19100000 0.10900000 0.08700000 0.05900000 0.07000000 0.05300000 0.04800000 0.034000000 0.031000000 0.026000000 0.017000000 0.021000000 0.011000000 0.0140000000 0.013000000 0.0090000000 0.0040000000 5.000000e-03 1.100000e-02 4.000000e-03 1.000000e-02 2.000000e-03 1.100000e-02
    8    1      2      0    0      1      -1      -1  1000 0.029000000 0.18000000 0.12300000 0.14600000 0.08400000 0.06500000 0.04000000 0.05600000 0.04200000 0.046000000 0.043000000 0.031000000 0.021000000 0.013000000 0.015000000 0.0100000000 0.012000000 0.0030000000 0.0070000000 6.000000e-03 7.000000e-03 7.000000e-03 3.000000e-03 0.000000e+00 1.100000e-02
    9    1      2      0    0      1      -1      -1  1000 0.047000000 0.15900000 0.17100000 0.09600000 0.12800000 0.05300000 0.05800000 0.03000000 0.04500000 0.045000000 0.035000000 0.019000000 0.022000000 0.018000000 0.016000000 0.0060000000 0.010000000 0.0090000000 0.0090000000 7.000000e-03 7.000000e-03 1.000000e-03 1.000000e-03 1.000000e-03 7.000000e-03
   10    1      2      0    0      1      -1      -1  1000 0.024000000 0.15200000 0.14600000 0.13300000 0.08100000 0.11600000 0.04700000 0.04400000 0.03100000 0.035000000 0.041000000 0.029000000 0.020000000 0.014000000 0.009000000 0.0150000000 0.007000000 0.0060000000 0.0070000000 7.000000e-03 5.000000e-03 5.000000e-03 4.000000e-03 2.000000e-03 2.000000e-02
   11    1      2      0    0      1      -1      -1  1000 0.020000000 0.10000000 0.14200000 0.12000000 0.14700000 0.07100000 0.09900000 0.04800000 0.03700000 0.039000000 0.038000000 0.025000000 0.018000000 0.020000000 0.014000000 0.0090000000 0.007000000 0.0100000000 0.0060000000 2.000000e-03 9.000000e-03 2.000000e-03 3.000000e-03 1.000000e-03 1.300000e-02
   12    1      2      0    0      1      -1      -1  1000 0.013000000 0.10100000 0.09100000 0.14900000 0.12000000 0.12100000 0.07100000 0.07300000 0.04600000 0.031000000 0.031000000 0.026000000 0.030000000 0.017000000 0.014000000 0.0130000000 0.010000000 0.0040000000 0.0130000000 5.000000e-03 6.000000e-03 2.000000e-03 3.000000e-03 3.000000e-03 7.000000e-03
   13    1      2      0    0      1      -1      -1  1000 0.026000000 0.10700000 0.11300000 0.09300000 0.11000000 0.10700000 0.09900000 0.04200000 0.06400000 0.035000000 0.038000000 0.036000000 0.034000000 0.018000000 0.021000000 0.0110000000 0.010000000 0.0050000000 0.0030000000 5.000000e-03 3.000000e-03 4.000000e-03 3.000000e-03 3.000000e-03 1.000000e-02
   14    1      2      0    0      1      -1      -1  1000 0.031000000 0.12300000 0.12400000 0.08500000 0.07600000 0.09200000 0.07200000 0.09300000 0.04500000 0.072000000 0.023000000 0.024000000 0.022000000 0.023000000 0.014000000 0.0180000000 0.013000000 0.0120000000 0.0070000000 8.000000e-03 5.000000e-03 6.000000e-03 2.000000e-03 0.000000e+00 1.000000e-02
   15    1      2      0    0      1      -1      -1  1000 0.028000000 0.14600000 0.13900000 0.10100000 0.09200000 0.05000000 0.07300000 0.08400000 0.07300000 0.038000000 0.041000000 0.020000000 0.016000000 0.020000000 0.011000000 0.0110000000 0.013000000 0.0040000000 0.0050000000 7.000000e-03 8.000000e-03 3.000000e-03 0.000000e+00 3.000000e-03 1.400000e-02
   16    1      2      0    0      1      -1      -1  1000 0.019000000 0.17500000 0.15600000 0.10800000 0.07300000 0.06300000 0.04900000 0.07100000 0.04900000 0.058000000 0.029000000 0.038000000 0.018000000 0.018000000 0.011000000 0.0190000000 0.006000000 0.0060000000 0.0090000000 5.000000e-03 2.000000e-03 1.000000e-03 3.000000e-03 2.000000e-03 1.200000e-02
   17    1      2      0    0      1      -1      -1  1000 0.029000000 0.10500000 0.14600000 0.13100000 0.11000000 0.06800000 0.05400000 0.04300000 0.04100000 0.045000000 0.042000000 0.030000000 0.033000000 0.030000000 0.016000000 0.0110000000 0.015000000 0.0080000000 0.0080000000 6.000000e-03 4.000000e-03 5.000000e-03 3.000000e-03 6.000000e-03 1.100000e-02
   18    1      2      0    0      1      -1      -1  1000 0.048000000 0.20000000 0.09700000 0.13700000 0.08300000 0.06600000 0.03600000 0.04300000 0.03100000 0.040000000 0.042000000 0.043000000 0.023000000 0.021000000 0.017000000 0.0070000000 0.012000000 0.0100000000 0.0070000000 4.000000e-03 1.000000e-02 5.000000e-03 2.000000e-03 1.000000e-03 1.500000e-02
   19    1      2      0    0      1      -1      -1  1000 0.023000000 0.23500000 0.18700000 0.06400000 0.08000000 0.08300000 0.05600000 0.04200000 0.03400000 0.027000000 0.026000000 0.030000000 0.026000000 0.012000000 0.014000000 0.0100000000 0.012000000 0.0070000000 0.0030000000 5.000000e-03 6.000000e-03 7.000000e-03 3.000000e-03 3.000000e-03 5.000000e-03
   20    1      2      0    0      1      -1      -1  1000 0.039000000 0.12200000 0.25100000 0.15900000 0.05900000 0.06900000 0.06200000 0.03900000 0.02700000 0.024000000 0.017000000 0.028000000 0.018000000 0.022000000 0.006000000 0.0140000000 0.008000000 0.0110000000 0.0040000000 4.000000e-03 3.000000e-03 3.000000e-03 3.000000e-03 1.000000e-03 7.000000e-03
   21    1      2      0    0      1      -1      -1  1000 0.050000000 0.19800000 0.10300000 0.16900000 0.11300000 0.04900000 0.06500000 0.04400000 0.04300000 0.020000000 0.019000000 0.018000000 0.021000000 0.019000000 0.016000000 0.0110000000 0.012000000 0.0070000000 0.0040000000 2.000000e-03 2.000000e-03 5.000000e-03 3.000000e-03 0.000000e+00 7.000000e-03
   22    1      2      0    0      1      -1      -1  1000 0.014000000 0.24000000 0.14500000 0.08300000 0.16400000 0.08100000 0.04500000 0.03000000 0.03800000 0.022000000 0.018000000 0.017000000 0.016000000 0.020000000 0.010000000 0.0110000000 0.011000000 0.0080000000 0.0040000000 2.000000e-03 3.000000e-03 2.000000e-03 3.000000e-03 2.000000e-03 1.100000e-02
   23    1      2      0    0      1      -1      -1  1000 0.084000000 0.09500000 0.22000000 0.13400000 0.05900000 0.11800000 0.07100000 0.02500000 0.04600000 0.027000000 0.028000000 0.012000000 0.010000000 0.009000000 0.011000000 0.0170000000 0.006000000 0.0040000000 0.0090000000 3.000000e-03 2.000000e-03 1.000000e-03 4.000000e-03 1.000000e-03 4.000000e-03
   24    1      2      0    0      1      -1      -1  1000 0.019000000 0.34600000 0.08400000 0.13300000 0.09100000 0.04600000 0.08200000 0.05100000 0.02000000 0.034000000 0.016000000 0.011000000 0.008000000 0.009000000 0.002000000 0.0050000000 0.011000000 0.0090000000 0.0020000000 6.000000e-03 1.000000e-03 4.000000e-03 1.000000e-03 1.000000e-03 8.000000e-03
   25    1      2      0    0      1      -1      -1  1000 0.018000000 0.08500000 0.30400000 0.05900000 0.13000000 0.08600000 0.04000000 0.08400000 0.04100000 0.019000000 0.030000000 0.017000000 0.007000000 0.014000000 0.009000000 0.0080000000 0.004000000 0.0080000000 0.0090000000 4.000000e-03 4.000000e-03 3.000000e-03 1.000000e-03 1.000000e-03 1.500000e-02
   26    1      2      0    0      1      -1      -1  1000 0.027000000 0.08300000 0.10100000 0.28700000 0.05300000 0.13500000 0.05600000 0.03100000 0.05900000 0.043000000 0.014000000 0.016000000 0.013000000 0.010000000 0.008000000 0.0070000000 0.004000000 0.0060000000 0.0060000000 1.100000e-02 6.000000e-03 7.000000e-03 4.000000e-03 2.000000e-03 1.100000e-02
   27    1      2      0    0      1      -1      -1  1000 0.038000000 0.13800000 0.07600000 0.09500000 0.22300000 0.04000000 0.10700000 0.06100000 0.02700000 0.060000000 0.033000000 0.012000000 0.017000000 0.012000000 0.006000000 0.0090000000 0.009000000 0.0050000000 0.0020000000 4.000000e-03 6.000000e-03 6.000000e-03 4.000000e-03 3.000000e-03 7.000000e-03
   28    1      2      0    0      1      -1      -1  1000 0.022000000 0.20200000 0.12500000 0.07700000 0.06800000 0.18600000 0.02500000 0.07900000 0.05300000 0.023000000 0.042000000 0.019000000 0.006000000 0.014000000 0.006000000 0.0100000000 0.004000000 0.0080000000 0.0050000000 4.000000e-03 2.000000e-03 5.000000e-03 1.000000e-03 4.000000e-03 1.000000e-02
   29    1      2      0    0      1      -1      -1  1000 0.046000000 0.11100000 0.19400000 0.13300000 0.06700000 0.05600000 0.13600000 0.02200000 0.06000000 0.031000000 0.019000000 0.028000000 0.023000000 0.009000000 0.008000000 0.0080000000 0.006000000 0.0060000000 0.0030000000 3.000000e-03 9.000000e-03 4.000000e-03 4.000000e-03 5.000000e-03 9.000000e-03
   30    1      2      0    0      1      -1      -1  1000 0.020000000 0.18100000 0.10400000 0.18400000 0.07900000 0.04600000 0.03500000 0.12000000 0.02400000 0.051000000 0.033000000 0.016000000 0.024000000 0.017000000 0.009000000 0.0130000000 0.008000000 0.0080000000 0.0010000000 6.000000e-03 2.000000e-03 6.000000e-03 3.000000e-03 2.000000e-03 8.000000e-03
   31    1      2      0    0      1      -1      -1  1000 0.116000000 0.09700000 0.17900000 0.08000000 0.10800000 0.07200000 0.03900000 0.02900000 0.10200000 0.016000000 0.047000000 0.026000000 0.018000000 0.018000000 0.014000000 0.0060000000 0.007000000 0.0060000000 0.0030000000 0.000000e+00 0.000000e+00 3.000000e-03 1.000000e-03 4.000000e-03 9.000000e-03
   32    1      2      0    0      1      -1      -1  1000 0.028000000 0.40800000 0.07500000 0.09900000 0.04500000 0.08800000 0.03900000 0.03200000 0.02300000 0.056000000 0.013000000 0.023000000 0.017000000 0.006000000 0.019000000 0.0060000000 0.004000000 0.0030000000 0.0040000000 2.000000e-03 2.000000e-03 0.000000e+00 0.000000e+00 2.000000e-03 6.000000e-03
   33    1      2      0    0      1      -1      -1  1000 0.052000000 0.15300000 0.38000000 0.06900000 0.06700000 0.03300000 0.06400000 0.03900000 0.02200000 0.009000000 0.041000000 0.009000000 0.012000000 0.006000000 0.007000000 0.0090000000 0.006000000 0.0010000000 0.0030000000 2.000000e-03 1.000000e-03 1.000000e-03 3.000000e-03 1.000000e-03 1.000000e-02
   34    1      2      0    0      1      -1      -1  1000 0.029000000 0.26000000 0.12000000 0.27900000 0.04500000 0.06300000 0.03100000 0.03900000 0.02800000 0.015000000 0.015000000 0.025000000 0.006000000 0.012000000 0.008000000 0.0030000000 0.010000000 0.0020000000 0.0010000000 1.000000e-03 0.000000e+00 2.000000e-03 1.000000e-03 1.000000e-03 4.000000e-03
   35    1      2      0    0      1      -1      -1  1000 0.038000000 0.13900000 0.26300000 0.11100000 0.21900000 0.02500000 0.04200000 0.02300000 0.02900000 0.022000000 0.012000000 0.007000000 0.026000000 0.006000000 0.012000000 0.0090000000 0.002000000 0.0040000000 0.0020000000 1.000000e-03 4.000000e-03 1.000000e-03 0.000000e+00 0.000000e+00 3.000000e-03
   36    1      2      0    0      1      -1      -1  1000 0.045000000 0.20400000 0.11900000 0.17200000 0.08500000 0.18800000 0.03100000 0.04200000 0.01700000 0.031000000 0.014000000 0.002000000 0.004000000 0.017000000 0.001000000 0.0120000000 0.001000000 0.0020000000 0.0050000000 3.000000e-03 0.000000e+00 1.000000e-03 0.000000e+00 0.000000e+00 4.000000e-03
   37    1      2      0    0      1      -1      -1  1000 0.010000000 0.20800000 0.17400000 0.08600000 0.14300000 0.06600000 0.14500000 0.02300000 0.03600000 0.010000000 0.017000000 0.013000000 0.007000000 0.006000000 0.014000000 0.0020000000 0.004000000 0.0090000000 0.0050000000 1.000000e-02 2.000000e-03 0.000000e+00 2.000000e-03 1.000000e-03 7.000000e-03
   38    1      2      0    0      1      -1      -1  1000 0.040000000 0.06300000 0.20900000 0.15100000 0.08400000 0.12700000 0.06300000 0.13100000 0.01500000 0.034000000 0.005000000 0.019000000 0.012000000 0.006000000 0.000000000 0.0180000000 0.004000000 0.0010000000 0.0040000000 2.000000e-03 4.000000e-03 2.000000e-03 2.000000e-03 2.000000e-03 2.000000e-03
   39    1      2      0    0      1      -1      -1  1000 0.021000000 0.16400000 0.05600000 0.17800000 0.14000000 0.05900000 0.11200000 0.05500000 0.09900000 0.020000000 0.024000000 0.012000000 0.015000000 0.008000000 0.003000000 0.0050000000 0.008000000 0.0010000000 0.0040000000 6.000000e-03 2.000000e-03 0.000000e+00 1.000000e-03 1.000000e-03 6.000000e-03
   40    1      2      0    0      1      -1      -1  1000 0.052000000 0.11200000 0.15600000 0.05500000 0.16000000 0.08900000 0.07200000 0.10100000 0.02400000 0.089000000 0.013000000 0.020000000 0.004000000 0.014000000 0.003000000 0.0030000000 0.007000000 0.0110000000 0.0000000000 2.000000e-03 1.000000e-03 1.000000e-03 4.000000e-03 2.000000e-03 5.000000e-03
   41    1      2      0    0      1      -1      -1  1000 0.066000000 0.25400000 0.10200000 0.12700000 0.03900000 0.10600000 0.07300000 0.04400000 0.06200000 0.020000000 0.054000000 0.008000000 0.011000000 0.003000000 0.008000000 0.0050000000 0.001000000 0.0030000000 0.0060000000 1.000000e-03 1.000000e-03 1.000000e-03 1.000000e-03 1.000000e-03 3.000000e-03
   42    1      2      0    0      1      -1      -1  1000 0.016000000 0.28700000 0.19800000 0.07400000 0.06700000 0.02800000 0.07100000 0.05900000 0.04000000 0.041000000 0.021000000 0.043000000 0.008000000 0.006000000 0.006000000 0.0100000000 0.002000000 0.0000000000 0.0010000000 8.000000e-03 0.000000e+00 6.000000e-03 3.000000e-03 0.000000e+00 5.000000e-03
   43    1      2      0    0      1      -1      -1  1000 0.054000000 0.08000000 0.30500000 0.17400000 0.05900000 0.05700000 0.02300000 0.06200000 0.04000000 0.025000000 0.036000000 0.015000000 0.032000000 0.004000000 0.012000000 0.0020000000 0.005000000 0.0030000000 0.0020000000 0.000000e+00 5.000000e-03 1.000000e-03 1.000000e-03 1.000000e-03 2.000000e-03
   44    1      2      0    0      1      -1      -1  1000 0.031000000 0.24600000 0.07700000 0.21300000 0.12500000 0.04900000 0.05200000 0.01600000 0.03500000 0.040000000 0.021000000 0.026000000 0.009000000 0.032000000 0.007000000 0.0050000000 0.001000000 0.0050000000 0.0020000000 0.000000e+00 0.000000e+00 4.000000e-03 1.000000e-03 0.000000e+00 3.000000e-03
   45    1      2      0    0      1      -1      -1  1000 0.034000000 0.11300000 0.22500000 0.05400000 0.16600000 0.12300000 0.03300000 0.04900000 0.01300000 0.050000000 0.038000000 0.014000000 0.025000000 0.011000000 0.031000000 0.0050000000 0.000000000 0.0040000000 0.0010000000 3.000000e-03 3.000000e-03 0.000000e+00 1.000000e-03 0.000000e+00 4.000000e-03
   46    1      2      0    0      1      -1      -1  1000 0.042000000 0.11500000 0.14300000 0.18800000 0.04300000 0.15200000 0.09100000 0.03600000 0.03600000 0.010000000 0.037000000 0.025000000 0.020000000 0.016000000 0.008000000 0.0170000000 0.003000000 0.0040000000 0.0020000000 1.000000e-03 2.000000e-03 2.000000e-03 2.000000e-03 2.000000e-03 3.000000e-03
   47    1      2      0    0      1      -1      -1  1000 0.040000000 0.23800000 0.12700000 0.09400000 0.13200000 0.02400000 0.12400000 0.05400000 0.01700000 0.030000000 0.012000000 0.027000000 0.022000000 0.003000000 0.019000000 0.0090000000 0.016000000 0.0010000000 0.0010000000 0.000000e+00 2.000000e-03 0.000000e+00 2.000000e-03 1.000000e-03 5.000000e-03
   48    1      2      0    0      1      -1      -1  1000 0.031000000 0.26200000 0.19500000 0.08200000 0.05800000 0.10700000 0.02400000 0.08900000 0.04400000 0.018000000 0.015000000 0.005000000 0.017000000 0.013000000 0.003000000 0.0090000000 0.002000000 0.0130000000 0.0030000000 1.000000e-03 1.000000e-03 1.000000e-03 0.000000e+00 0.000000e+00 7.000000e-03
   49    1      2      0    0      1      -1      -1  1000 0.023000000 0.19400000 0.26500000 0.15600000 0.05700000 0.04900000 0.06100000 0.02000000 0.05700000 0.043000000 0.008000000 0.017000000 0.008000000 0.014000000 0.009000000 0.0060000000 0.003000000 0.0010000000 0.0050000000 0.000000e+00 2.000000e-03 0.000000e+00 0.000000e+00 1.000000e-03 1.000000e-03
   50    1      2      0    0      1      -1      -1  1000 0.073000000 0.14600000 0.15400000 0.18500000 0.12200000 0.05000000 0.04400000 0.07500000 0.01400000 0.047000000 0.024000000 0.004000000 0.011000000 0.004000000 0.011000000 0.0060000000 0.004000000 0.0050000000 0.0050000000 8.000000e-03 0.000000e+00 2.000000e-03 0.000000e+00 1.000000e-03 5.000000e-03
   51    1      2      0    0      1      -1      -1  1000 0.076000000 0.26200000 0.12200000 0.13100000 0.11900000 0.08700000 0.02900000 0.02500000 0.04200000 0.006000000 0.037000000 0.020000000 0.004000000 0.008000000 0.002000000 0.0110000000 0.007000000 0.0010000000 0.0020000000 1.000000e-03 5.000000e-03 1.000000e-03 1.000000e-03 0.000000e+00 1.000000e-03
   52    1      2      0    0      1      -1      -1  1000 0.027000000 0.30200000 0.22500000 0.08700000 0.08100000 0.07600000 0.05700000 0.01400000 0.02100000 0.028000000 0.011000000 0.024000000 0.012000000 0.006000000 0.003000000 0.0030000000 0.004000000 0.0050000000 0.0010000000 1.000000e-03 4.000000e-03 3.000000e-03 1.000000e-03 1.000000e-03 3.000000e-03
   53    1      2      0    0      1      -1      -1  1000 0.021000000 0.16300000 0.26000000 0.20000000 0.07500000 0.05400000 0.06600000 0.04400000 0.01900000 0.012000000 0.022000000 0.004000000 0.019000000 0.014000000 0.005000000 0.0050000000 0.002000000 0.0050000000 0.0020000000 2.000000e-03 3.000000e-03 0.000000e+00 1.000000e-03 1.000000e-03 1.000000e-03
   54    1      2      0    0      1      -1      -1  1000 0.026000000 0.09500000 0.14500000 0.23400000 0.16200000 0.05900000 0.06000000 0.06600000 0.04300000 0.017000000 0.020000000 0.022000000 0.003000000 0.013000000 0.007000000 0.0040000000 0.004000000 0.0010000000 0.0080000000 4.000000e-03 0.000000e+00 4.000000e-03 1.000000e-03 0.000000e+00 2.000000e-03
   55    1      2      0    0      1      -1      -1  1000 0.047000000 0.17500000 0.09700000 0.15000000 0.17200000 0.12900000 0.04400000 0.03200000 0.04600000 0.028000000 0.015000000 0.013000000 0.013000000 0.005000000 0.015000000 0.0050000000 0.002000000 0.0040000000 0.0010000000 2.000000e-03 3.000000e-03 0.000000e+00 1.000000e-03 1.000000e-03 0.000000e+00
   56    1      2      0    0      1      -1      -1  1000 0.085000000 0.21600000 0.12800000 0.06700000 0.09800000 0.13500000 0.08200000 0.03300000 0.03600000 0.031000000 0.029000000 0.011000000 0.007000000 0.007000000 0.003000000 0.0100000000 0.006000000 0.0020000000 0.0050000000 1.000000e-03 0.000000e+00 6.000000e-03 0.000000e+00 0.000000e+00 2.000000e-03
   57    1      2      0    0      1      -1      -1  1000 0.028000000 0.35100000 0.16200000 0.11100000 0.04000000 0.06400000 0.08200000 0.05900000 0.01500000 0.020000000 0.023000000 0.016000000 0.008000000 0.005000000 0.004000000 0.0020000000 0.004000000 0.0030000000 0.0000000000 0.000000e+00 0.000000e+00 0.000000e+00 1.000000e-03 1.000000e-03 1.000000e-03
   58    1      2      0    0      1      -1      -1  1000 0.047000000 0.14200000 0.27900000 0.13800000 0.06800000 0.03300000 0.04700000 0.07000000 0.06000000 0.026000000 0.017000000 0.022000000 0.014000000 0.004000000 0.004000000 0.0080000000 0.002000000 0.0050000000 0.0030000000 4.000000e-03 3.000000e-03 0.000000e+00 1.000000e-03 0.000000e+00 3.000000e-03
   59    1      2      0    0      1      -1      -1  1000 0.037000000 0.22500000 0.12100000 0.23700000 0.10000000 0.04800000 0.02100000 0.03700000 0.06600000 0.032000000 0.015000000 0.011000000 0.014000000 0.010000000 0.003000000 0.0020000000 0.005000000 0.0030000000 0.0040000000 2.000000e-03 3.000000e-03 0.000000e+00 0.000000e+00 2.000000e-03 2.000000e-03
   60    1      2      0    0      1      -1      -1  1000 0.054000000 0.18400000 0.19100000 0.09900000 0.18700000 0.06900000 0.04400000 0.02300000 0.03400000 0.040000000 0.030000000 0.011000000 0.009000000 0.005000000 0.007000000 0.0040000000 0.002000000 0.0040000000 0.0000000000 1.000000e-03 0.000000e+00 0.000000e+00 0.000000e+00 1.000000e-03 1.000000e-03
   61    1      2      0    0      1      -1      -1  1000 0.029000000 0.24200000 0.14900000 0.13800000 0.08000000 0.13500000 0.06800000 0.03500000 0.01100000 0.020000000 0.023000000 0.023000000 0.001000000 0.013000000 0.010000000 0.0020000000 0.004000000 0.0030000000 0.0050000000 2.000000e-03 3.000000e-03 0.000000e+00 1.000000e-03 1.000000e-03 2.000000e-03
   62    1      2      0    0      1      -1      -1  1000 0.032000000 0.16600000 0.21200000 0.11300000 0.12000000 0.05500000 0.12000000 0.04500000 0.02500000 0.010000000 0.026000000 0.019000000 0.017000000 0.005000000 0.007000000 0.0070000000 0.009000000 0.0030000000 0.0020000000 1.000000e-03 2.000000e-03 3.000000e-03 0.000000e+00 1.000000e-03 0.000000e+00
   63    1      2      0    0      1      -1      -1  1000 0.037000000 0.13900000 0.15600000 0.17800000 0.11000000 0.08700000 0.05400000 0.08600000 0.03900000 0.020000000 0.013000000 0.021000000 0.017000000 0.012000000 0.006000000 0.0070000000 0.004000000 0.0040000000 0.0030000000 3.000000e-03 2.000000e-03 0.000000e+00 1.000000e-03 0.000000e+00 1.000000e-03
   64    1      2      0    0      1      -1      -1  1000 0.047000000 0.16100000 0.13100000 0.13500000 0.14400000 0.09400000 0.06000000 0.03800000 0.06800000 0.026000000 0.012000000 0.007000000 0.015000000 0.026000000 0.013000000 0.0030000000 0.003000000 0.0040000000 0.0040000000 2.000000e-03 2.000000e-03 2.000000e-03 0.000000e+00 1.000000e-03 2.000000e-03
   65    1      2      0    0      1      -1      -1  1000 0.042000000 0.22300000 0.15000000 0.11200000 0.09700000 0.09400000 0.05600000 0.04700000 0.03200000 0.054000000 0.022000000 0.013000000 0.005000000 0.013000000 0.013000000 0.0080000000 0.003000000 0.0010000000 0.0040000000 3.000000e-03 1.000000e-03 1.000000e-03 2.000000e-03 0.000000e+00 4.000000e-03
   66    1      2      0    0      1      -1      -1  1000 0.087000000 0.16700000 0.20300000 0.09700000 0.07900000 0.07700000 0.08100000 0.04500000 0.03600000 0.029000000 0.045000000 0.014000000 0.008000000 0.003000000 0.006000000 0.0050000000 0.002000000 0.0070000000 0.0040000000 1.000000e-03 1.000000e-03 1.000000e-03 1.000000e-03 0.000000e+00 1.000000e-03
   67    1      2      0    0      1      -1      -1  1000 0.023000000 0.29200000 0.11300000 0.16800000 0.08600000 0.05600000 0.05400000 0.06200000 0.02900000 0.030000000 0.008000000 0.025000000 0.012000000 0.008000000 0.004000000 0.0080000000 0.013000000 0.0050000000 0.0000000000 2.000000e-03 2.000000e-03 0.000000e+00 0.000000e+00 0.000000e+00 0.000000e+00
   68    1      2      0    0      1      -1      -1  1000 0.045000000 0.11800000 0.29000000 0.09900000 0.12100000 0.07100000 0.04900000 0.05100000 0.05400000 0.019000000 0.024000000 0.009000000 0.020000000 0.009000000 0.005000000 0.0020000000 0.002000000 0.0030000000 0.0020000000 1.000000e-03 1.000000e-03 1.000000e-03 1.000000e-03 0.000000e+00 3.000000e-03
   69    1      2      0    0      1      -1      -1  1000 0.025000000 0.16200000 0.11300000 0.25200000 0.08900000 0.10100000 0.05000000 0.03900000 0.03300000 0.048000000 0.022000000 0.014000000 0.012000000 0.014000000 0.009000000 0.0030000000 0.001000000 0.0020000000 0.0040000000 3.000000e-03 0.000000e+00 1.000000e-03 1.000000e-03 0.000000e+00 2.000000e-03
   70    1      2      0    0      1      -1      -1  1000 0.144000000 0.08900000 0.15300000 0.08200000 0.16000000 0.07800000 0.08900000 0.04500000 0.02900000 0.028000000 0.037000000 0.011000000 0.011000000 0.006000000 0.023000000 0.0010000000 0.003000000 0.0020000000 0.0010000000 2.000000e-03 3.000000e-03 1.000000e-03 0.000000e+00 1.000000e-03 1.000000e-03
   71    1      2      0    0      1      -1      -1  1000 0.050000000 0.42900000 0.06800000 0.09900000 0.04600000 0.11800000 0.03500000 0.05300000 0.02200000 0.015000000 0.007000000 0.015000000 0.009000000 0.008000000 0.004000000 0.0080000000 0.000000000 0.0030000000 0.0000000000 2.000000e-03 4.000000e-03 1.000000e-03 2.000000e-03 0.000000e+00 2.000000e-03
   72    1      2      0    0      1      -1      -1  1000 0.018000000 0.22000000 0.38300000 0.05200000 0.04500000 0.02600000 0.09400000 0.03300000 0.03700000 0.016000000 0.018000000 0.013000000 0.008000000 0.010000000 0.008000000 0.0010000000 0.005000000 0.0040000000 0.0020000000 0.000000e+00 1.000000e-03 1.000000e-03 1.000000e-03 0.000000e+00 4.000000e-03
   73    1      2      0    0      1      -1      -1  1000 0.038000000 0.12300000 0.21600000 0.31600000 0.03500000 0.04900000 0.03200000 0.06300000 0.02400000 0.022000000 0.014000000 0.015000000 0.007000000 0.015000000 0.008000000 0.0020000000 0.002000000 0.0070000000 0.0050000000 2.000000e-03 0.000000e+00 1.000000e-03 0.000000e+00 2.000000e-03 2.000000e-03
   74    1      2      0    0      1      -1      -1  1000 0.014000000 0.17100000 0.10400000 0.19000000 0.26400000 0.03400000 0.04400000 0.03200000 0.06100000 0.010000000 0.020000000 0.013000000 0.009000000 0.007000000 0.009000000 0.0050000000 0.005000000 0.0000000000 0.0060000000 0.000000e+00 0.000000e+00 0.000000e+00 0.000000e+00 1.000000e-03 1.000000e-03
   75    1      2      0    0      1      -1      -1  1000 0.044000000 0.09500000 0.19000000 0.08700000 0.15700000 0.21400000 0.03200000 0.03000000 0.02000000 0.051000000 0.017000000 0.016000000 0.010000000 0.009000000 0.002000000 0.0060000000 0.006000000 0.0050000000 0.0010000000 1.000000e-03 1.000000e-03 2.000000e-03 1.000000e-03 0.000000e+00 3.000000e-03
   76    1      2      0    0      1      -1      -1  1000 0.059000000 0.17900000 0.08400000 0.13500000 0.06800000 0.12500000 0.18100000 0.01800000 0.02400000 0.021000000 0.042000000 0.012000000 0.013000000 0.007000000 0.006000000 0.0050000000 0.003000000 0.0000000000 0.0040000000 5.000000e-03 1.000000e-03 1.000000e-03 2.000000e-03 0.000000e+00 5.000000e-03
   77    1      2      0    0      1      -1      -1  1000 0.072000000 0.26700000 0.15500000 0.06800000 0.08900000 0.04800000 0.08000000 0.10200000 0.00600000 0.026000000 0.016000000 0.028000000 0.008000000 0.011000000 0.008000000 0.0010000000 0.001000000 0.0040000000 0.0020000000 3.000000e-03 2.000000e-03 3.000000e-03 0.000000e+00 0.000000e+00 0.000000e+00
   78    1      2      0    0      1      -1      -1  1000 0.037000000 0.27200000 0.20000000 0.11600000 0.03900000 0.06300000 0.03600000 0.05600000 0.08300000 0.011000000 0.018000000 0.013000000 0.018000000 0.008000000 0.008000000 0.0020000000 0.002000000 0.0060000000 0.0040000000 1.000000e-03 1.000000e-03 1.000000e-03 3.000000e-03 2.000000e-03 0.000000e+00
   79    1      2      0    0      1      -1      -1  1000 0.029000000 0.16700000 0.26300000 0.14900000 0.08300000 0.03500000 0.06100000 0.02700000 0.05600000 0.062000000 0.007000000 0.008000000 0.007000000 0.015000000 0.006000000 0.0070000000 0.004000000 0.0020000000 0.0000000000 3.000000e-03 0.000000e+00 3.000000e-03 2.000000e-03 1.000000e-03 3.000000e-03
   80    1      2      0    0      1      -1      -1  1000 0.053000000 0.14800000 0.15900000 0.22400000 0.12700000 0.07100000 0.03200000 0.03500000 0.02100000 0.034000000 0.042000000 0.006000000 0.010000000 0.005000000 0.008000000 0.0060000000 0.005000000 0.0010000000 0.0040000000 3.000000e-03 3.000000e-03 2.000000e-03 0.000000e+00 1.000000e-03 0.000000e+00
   81    1      2      0    0      1      -1      -1  1000 0.062000000 0.20600000 0.11400000 0.12500000 0.15200000 0.09900000 0.05800000 0.01100000 0.03700000 0.025000000 0.030000000 0.039000000 0.007000000 0.007000000 0.006000000 0.0070000000 0.005000000 0.0030000000 0.0020000000 2.000000e-03 1.000000e-03 1.000000e-03 0.000000e+00 1.000000e-03 0.000000e+00
   82    1      2      0    0      1      -1      -1  1000 0.019000000 0.29700000 0.18400000 0.08100000 0.08700000 0.11500000 0.06200000 0.03100000 0.01600000 0.022000000 0.010000000 0.019000000 0.035000000 0.002000000 0.006000000 0.0010000000 0.006000000 0.0030000000 0.0000000000 1.000000e-03 1.000000e-03 1.000000e-03 0.000000e+00 1.000000e-03 0.000000e+00
   83    1      2      0    0      1      -1      -1  1000 0.026000000 0.14200000 0.28500000 0.15400000 0.06800000 0.07600000 0.07700000 0.04600000 0.02600000 0.012000000 0.025000000 0.011000000 0.015000000 0.018000000 0.003000000 0.0020000000 0.002000000 0.0010000000 0.0030000000 3.000000e-03 3.000000e-03 1.000000e-03 0.000000e+00 0.000000e+00 1.000000e-03
   84    1      2      0    0      1      -1      -1  1000 0.024000000 0.17800000 0.14100000 0.19500000 0.13800000 0.05700000 0.07200000 0.06300000 0.04400000 0.016000000 0.009000000 0.007000000 0.005000000 0.021000000 0.016000000 0.0000000000 0.001000000 0.0010000000 0.0030000000 2.000000e-03 0.000000e+00 0.000000e+00 2.000000e-03 1.000000e-03 4.000000e-03
   85    1      2      0    0      1      -1      -1  1000 0.063000000 0.15000000 0.16500000 0.08600000 0.16600000 0.10700000 0.04200000 0.05600000 0.05300000 0.036000000 0.027000000 0.008000000 0.003000000 0.003000000 0.006000000 0.0140000000 0.000000000 0.0040000000 0.0020000000 4.000000e-03 0.000000e+00 0.000000e+00 0.000000e+00 1.000000e-03 4.000000e-03
   86    1      2      0    0      1      -1      -1  1000 0.039000000 0.18800000 0.13000000 0.13000000 0.08400000 0.13100000 0.08200000 0.03500000 0.03000000 0.056000000 0.022000000 0.015000000 0.004000000 0.018000000 0.006000000 0.0070000000 0.013000000 0.0010000000 0.0010000000 3.000000e-03 3.000000e-03 1.000000e-03 0.000000e+00 0.000000e+00 1.000000e-03
   87    1      2      0    0      1      -1      -1  1000 0.041000000 0.17800000 0.21000000 0.09800000 0.10700000 0.07100000 0.10300000 0.04800000 0.01900000 0.022000000 0.038000000 0.022000000 0.009000000 0.005000000 0.007000000 0.0020000000 0.005000000 0.0070000000 0.0000000000 2.000000e-03 2.000000e-03 1.000000e-03 0.000000e+00 0.000000e+00 3.000000e-03
   88    1      2      0    0      1      -1      -1  1000 0.024000000 0.21400000 0.15200000 0.15000000 0.07500000 0.09100000 0.04700000 0.07900000 0.04400000 0.016000000 0.020000000 0.018000000 0.022000000 0.009000000 0.002000000 0.0070000000 0.003000000 0.0080000000 0.0120000000 2.000000e-03 0.000000e+00 0.000000e+00 4.000000e-03 1.000000e-03 0.000000e+00
   89    1      2      0    0      1      -1      -1  1000 0.040000000 0.13800000 0.20800000 0.13800000 0.13100000 0.06300000 0.06700000 0.04100000 0.06200000 0.031000000 0.012000000 0.013000000 0.019000000 0.009000000 0.005000000 0.0000000000 0.003000000 0.0020000000 0.0070000000 3.000000e-03 0.000000e+00 2.000000e-03 2.000000e-03 1.000000e-03 3.000000e-03
   90    1      2      0    0      1      -1      -1  1000 0.023000000 0.23200000 0.13500000 0.15900000 0.08500000 0.09500000 0.04800000 0.04300000 0.03000000 0.043000000 0.038000000 0.013000000 0.010000000 0.013000000 0.008000000 0.0080000000 0.001000000 0.0020000000 0.0020000000 2.000000e-03 4.000000e-03 2.000000e-03 1.000000e-03 1.000000e-03 2.000000e-03
   91    1      2      0    0      1      -1      -1  1000 0.031000000 0.14400000 0.20800000 0.11700000 0.12400000 0.07500000 0.08900000 0.03900000 0.04300000 0.014000000 0.039000000 0.018000000 0.007000000 0.011000000 0.017000000 0.0120000000 0.002000000 0.0010000000 0.0000000000 0.000000e+00 4.000000e-03 4.000000e-03 0.000000e+00 0.000000e+00 1.000000e-03
   92    1      2      0    0      1      -1      -1  1000 0.046000000 0.15700000 0.11900000 0.17700000 0.08300000 0.10000000 0.06800000 0.04200000 0.03600000 0.034000000 0.021000000 0.036000000 0.016000000 0.006000000 0.009000000 0.0170000000 0.013000000 0.0080000000 0.0000000000 3.000000e-03 2.000000e-03 3.000000e-03 1.000000e-03 0.000000e+00 3.000000e-03
   93    1      2      0    0      1      -1      -1  1000 0.052000000 0.24200000 0.11600000 0.10300000 0.12100000 0.05800000 0.07500000 0.05100000 0.03800000 0.018000000 0.026000000 0.020000000 0.033000000 0.017000000 0.004000000 0.0050000000 0.006000000 0.0060000000 0.0030000000 3.000000e-03 0.000000e+00 2.000000e-03 0.000000e+00 1.000000e-03 0.000000e+00
   94    1      2      0    0      1      -1      -1  1000 0.052000000 0.24300000 0.16000000 0.10300000 0.07300000 0.09200000 0.04200000 0.06500000 0.03600000 0.035000000 0.014000000 0.019000000 0.012000000 0.018000000 0.007000000 0.0100000000 0.002000000 0.0040000000 0.0090000000 1.000000e-03 0.000000e+00 1.000000e-03 0.000000e+00 0.000000e+00 2.000000e-03
   95    1      2      0    0      1      -1      -1  1000 0.049000000 0.22800000 0.21100000 0.12700000 0.07000000 0.04900000 0.06800000 0.03200000 0.04000000 0.027000000 0.022000000 0.017000000 0.009000000 0.012000000 0.013000000 0.0100000000 0.001000000 0.0030000000 0.0050000000 2.000000e-03 1.000000e-03 1.000000e-03 1.000000e-03 0.000000e+00 2.000000e-03
   96    1      2      0    0      1      -1      -1  1000 0.050000000 0.19800000 0.18500000 0.16200000 0.10000000 0.06600000 0.04600000 0.04000000 0.04400000 0.031000000 0.012000000 0.018000000 0.009000000 0.010000000 0.003000000 0.0070000000 0.007000000 0.0010000000 0.0020000000 4.000000e-03 3.000000e-03 0.000000e+00 0.000000e+00 0.000000e+00 2.000000e-03
   97    1      2      0    0      1      -1      -1  1000 0.038000000 0.24300000 0.17300000 0.14300000 0.13100000 0.07500000 0.03800000 0.02800000 0.03200000 0.021000000 0.017000000 0.012000000 0.013000000 0.004000000 0.008000000 0.0040000000 0.008000000 0.0040000000 0.0020000000 0.000000e+00 1.000000e-03 1.000000e-03 1.000000e-03 1.000000e-03 2.000000e-03
   98    1      2      0    0      1      -1      -1  1000 0.042000000 0.19900000 0.21700000 0.11400000 0.10300000 0.11300000 0.04500000 0.02900000 0.02300000 0.034000000 0.009000000 0.019000000 0.007000000 0.009000000 0.010000000 0.0070000000 0.003000000 0.0030000000 0.0050000000 4.000000e-03 0.000000e+00 2.000000e-03 1.000000e-03 0.000000e+00 2.000000e-03
   99    1      2      0    0      1      -1      -1  1000 0.025000000 0.20300000 0.18000000 0.16300000 0.11000000 0.07900000 0.06000000 0.04500000 0.03100000 0.016000000 0.029000000 0.008000000 0.015000000 0.011000000 0.011000000 0.0010000000 0.003000000 0.0040000000 0.0020000000 2.000000e-03 0.000000e+00 0.000000e+00 0.000000e+00 1.000000e-03 1.000000e-03
  100    1      2      0    0      1      -1      -1  1000 0.031000000 0.07900000 0.20300000 0.15400000 0.17100000 0.08400000 0.07500000 0.05200000 0.04700000 0.016000000 0.023000000 0.020000000 0.004000000 0.009000000 0.010000000 0.0020000000 0.002000000 0.0050000000 0.0010000000 2.000000e-03 4.000000e-03 0.000000e+00 1.000000e-03 2.000000e-03 3.000000e-03
0 #_N_MeanSize_at_Age_obs
0 #_N_environ_variables
0 #_N_environ_obs
0 #_N_sizefreq_methods
0 #_do_tags
0 #_morphcomp_data
#
999
