#C data file created using the SS_writedat function in the R package r4ss
#C should work with SS version: 
#C file write time: 2014-11-06 00:51:07
#
1 #_styr
100 #_endyr
1 #_nseas
12 #_months_per_seas
1 #_spawn_seas
1 #_Nfleet
2 #_Nsurveys
1 #_N_areas
Fishery%Survey%CPUE #_fleetnames
0.5 0.5 0.5 #_surveytiming_in_season
1 1 1 #_area_assignments_for_each_fishery_and_survey
1 #_units of catch:  1=bio; 2=num
0.01 #_se of log(catch) only used for init_eq_catch and for Fmethod 2 and 3
1 #_Ngenders
25 #_Nages
0 #_init_equil_catch_for_each_fishery
100 #_N_lines_of_catch_to_read
 #_Fishery year seas
         0    1    1
         0    2    1
         0    3    1
         0    4    1
         0    5    1
         0    6    1
         0    7    1
         0    8    1
         0    9    1
         0   10    1
         0   11    1
         0   12    1
         0   13    1
         0   14    1
         0   15    1
         0   16    1
         0   17    1
         0   18    1
         0   19    1
         0   20    1
         0   21    1
         0   22    1
         0   23    1
         0   24    1
         0   25    1
 344907000   26    1
 318638000   27    1
 298526000   28    1
 281299000   29    1
 265245000   30    1
 251959000   31    1
 241127000   32    1
 234957000   33    1
 231468000   34    1
 224146000   35    1
 213295000   36    1
 201635000   37    1
 191391000   38    1
 181238000   39    1
 173151000   40    1
 171849000   41    1
 175797000   42    1
 175476000   43    1
 170404000   44    1
 163564000   45    1
 156664000   46    1
 150525000   47    1
 147063000   48    1
 146515000   49    1
 146306000   50    1
 145777000   51    1
 150168000   52    1
 159406000   53    1
 160769000   54    1
 157457000   55    1
 151984000   56    1
 144714000   57    1
 137379000   58    1
 131222000   59    1
 127175000   60    1
 124204000   61    1
 124748000   62    1
 131592000   63    1
 139752000   64    1
 145504000   65    1
 151227000   66    1
 154511000   67    1
 154015000   68    1
 152180000   69    1
 153340000   70    1
 156200000   71    1
 157680000   72    1
 159322000   73    1
 162701000   74    1
 166159000   75    1
 166142000   76    1
 164025000   77    1
 157334000   78    1
 151184000   79    1
 147262000   80    1
 144399000   81    1
 142775000   82    1
 140083000   83    1
 136757000   84    1
 133032000   85    1
 130550000   86    1
 133936000   87    1
 145036000   88    1
 157094000   89    1
 163009000   90    1
 165332000   91    1
 164897000   92    1
 163426000   93    1
 158850000   94    1
 154287000   95    1
 150723000   96    1
 148235000   97    1
 146919000   98    1
 144264000   99    1
 143909000  100    1
13 #_N_cpue
 #_Fleet Units Errtype
       1     1       0
       2     1       0
       3     1       0
 #_year seas index        obs se_log
     76    1     2 2055548065    0.2
     78    1     2 2033476295    0.2
     80    1     2 2151338123    0.2
     82    1     2 1794997507    0.2
     84    1     2 2241776106    0.2
     86    1     2 1665583680    0.2
     88    1     2 2306038448    0.2
     90    1     2 2172337913    0.2
     92    1     2 2311242460    0.2
     94    1     2 2204155606    0.2
     96    1     2 2424320225    0.2
     98    1     2 2040751394    0.2
    100    1     2 2351788907    0.2
0 #_N_discard_fleets
#_discard_units (1=same_as_catchunits(bio/num); 2=fraction; 3=numbers)
#_discard_errtype:  >0 for DF of T-dist(read CV below); 0 for normal with CV; -1 for normal with se; -2 for lognormal
0 #_N_discard
0 #_N_meanbodywt
1 #_DF_for_meanbodywt_T-distribution_like
2 # length bin method: 1=use databins; 2=generate from binwidth,min,max below; 3=read vector
1 # binwidth for population size comp
10 # minimum size in the population (lower edge of first bin and size at age 0.00)
200 # maximum size in the population (lower edge of last bin)
-0.001 #_comp_tail_compression
1e-05 #_add_to_comp
0 #_combine males into females at or below this bin number
21 #_N_lbins
#_lbin_vector
10 53 70 83 94 101 107 111 114 117 120 123 125 127 130 132 135 138 142 148 200
0 #_N_Length_comp_observations
25 #_N_agebins
#_agebin_vector
1 2 3 4 5 6 7 8 9 10 11 12 13 14 15 16 17 18 19 20 21 22 23 24 25
1 #_N_ageerror_definitions
 #_age0   age1   age2   age3   age4   age5   age6   age7   age8   age9  age10  age11  age12  age13  age14  age15  age16  age17  age18  age19  age20  age21  age22  age23  age24  age25
 -1.000 -1.000 -1.000 -1.000 -1.000 -1.000 -1.000 -1.000 -1.000 -1.000 -1.000 -1.000 -1.000 -1.000 -1.000 -1.000 -1.000 -1.000 -1.000 -1.000 -1.000 -1.000 -1.000 -1.000 -1.000 -1.000
  0.001  0.001  0.001  0.001  0.001  0.001  0.001  0.001  0.001  0.001  0.001  0.001  0.001  0.001  0.001  0.001  0.001  0.001  0.001  0.001  0.001  0.001  0.001  0.001  0.001  0.001
22 #_N_agecomp
1 #_Lbin_method: 1=poplenbins; 2=datalenbins; 3=lengths
-1 #_combine males into females at or below this bin number
 #_Yr Seas FltSvy Gender Part Ageerr Lbin_lo Lbin_hi Nsamp           a1         a2         a3         a4         a5         a6          a7          a8          a9         a10          a11          a12          a13          a14          a15          a16          a17          a18          a19          a20          a21          a22          a23          a24          a25
   50    1      1      0    0      1      -1      -1    50 0.0222422082 0.12920106 0.21761794 0.15724405 0.09332321 0.11410600 0.062575386 0.022737641 0.038260967 0.031690033 0.0259293719 0.0608737026 2.000860e-03 6.993063e-03 3.253842e-03 5.331147e-03 1.666626e-04 8.747482e-08 3.816556e-03 8.957836e-06 2.529220e-03 2.964397e-05 1.037334e-33 6.341181e-05 4.980488e-06
   55    1      1      0    0      1      -1      -1    50 0.0028425327 0.08847564 0.13313933 0.07585938 0.32304414 0.07728953 0.093749968 0.045445288 0.047038931 0.026588096 0.0015321290 0.0649228096 1.453796e-03 4.654919e-03 4.290682e-03 4.788529e-03 6.574821e-05 1.043891e-05 1.893725e-07 1.819599e-03 1.879850e-03 5.898742e-19 6.672775e-11 6.598109e-06 1.101875e-03
   60    1      1      0    0      1      -1      -1    50 0.0001206102 0.12630210 0.20865061 0.10818197 0.10565492 0.03566363 0.059891751 0.009394926 0.019622010 0.166390747 0.0507879730 0.0688019012 5.135719e-03 2.208507e-05 1.375887e-03 3.269918e-03 1.534633e-03 6.594169e-03 1.734430e-04 1.045702e-09 1.944465e-02 5.111643e-07 2.985829e-03 9.531847e-51 1.828788e-09
   65    1      1      0    0      1      -1      -1    50 0.0022903424 0.33704868 0.16449046 0.15148512 0.11656274 0.03310179 0.001117368 0.088223428 0.001987959 0.018161642 0.0062445047 0.0005024542 1.842071e-04 3.768778e-02 6.717122e-04 6.421575e-04 9.634139e-03 4.317131e-04 1.118983e-04 1.249398e-02 1.625632e-14 2.085547e-26 1.479982e-02 2.999354e-71 2.126105e-03
   70    1      1      0    0      1      -1      -1    50 0.0406316409 0.15565332 0.28244316 0.06680176 0.02902789 0.12045033 0.107285937 0.001601994 0.030546307 0.087976878 0.0003156685 0.0092896063 3.250628e-03 5.117123e-03 1.275887e-02 1.596928e-03 2.309021e-02 3.804110e-10 1.156002e-04 2.204615e-02 6.913211e-14 3.267572e-19 1.384678e-32 1.337804e-10 6.963624e-09
   75    1      1      0    0      1      -1      -1    50 0.0105736156 0.04576728 0.33110645 0.10882049 0.05008991 0.15162488 0.083177945 0.090415080 0.039180086 0.001474334 0.0553398015 0.0012228017 2.880169e-05 8.934108e-03 2.858794e-03 5.659144e-03 1.033868e-04 1.193925e-02 1.602567e-03 1.020457e-10 1.924108e-15 5.013380e-32 7.508190e-12 8.126596e-05 1.345439e-09
   80    1      1      0    0      1      -1      -1    50 0.0447267556 0.10000891 0.27781217 0.22948929 0.04518787 0.05080473 0.056540990 0.061988923 0.011653895 0.033500185 0.0519247564 0.0092040786 1.497640e-02 3.532812e-04 1.015747e-02 1.183746e-04 8.581474e-04 2.213732e-04 2.764880e-05 1.221825e-07 2.575372e-07 7.081332e-06 1.176394e-21 7.190072e-14 4.373088e-04
   85    1      1      0    0      1      -1      -1    50 0.0870449836 0.21097700 0.08511918 0.07734120 0.10319259 0.04421528 0.143219097 0.047208530 0.016738352 0.068759146 0.0339594687 0.0282237835 2.183112e-02 2.050025e-03 6.019890e-04 3.424694e-03 6.281635e-03 1.452971e-03 1.870365e-03 7.619021e-03 6.466495e-03 7.033006e-10 1.625550e-08 6.761983e-18 2.403060e-03
   90    1      1      0    0      1      -1      -1    50 0.0068925228 0.09128958 0.06279389 0.29894755 0.26033262 0.05424191 0.027418261 0.011275342 0.070835490 0.023152582 0.0358863039 0.0127679332 2.020311e-02 1.992706e-06 1.917603e-02 1.393044e-05 2.248987e-07 4.707564e-03 6.314133e-05 3.157813e-17 1.667909e-16 4.016822e-35 1.043982e-17 3.158936e-12 2.075423e-08
   95    1      1      0    0      1      -1      -1    50 0.0681313659 0.25239753 0.13596790 0.13029963 0.14089244 0.05853127 0.057638664 0.014827599 0.033614497 0.053341348 0.0320511420 0.0012790818 1.733322e-03 1.489088e-02 2.791945e-05 4.493492e-04 8.389107e-05 1.615912e-07 2.823776e-04 7.082798e-10 1.075445e-06 1.702840e-04 9.728862e-09 2.697911e-08 3.388233e-03
  100    1      1      0    0      1      -1      -1    50 0.0010660415 0.26185407 0.23154008 0.12868069 0.16442912 0.08029752 0.015115274 0.007396702 0.008306550 0.043144375 0.0453581896 0.0017372943 2.309052e-05 7.090527e-03 6.830944e-04 2.670279e-03 7.629022e-05 6.033591e-19 2.608547e-09 3.653254e-05 1.302737e-04 6.082736e-33 2.059422e-04 2.027222e-25 1.580623e-04
   50    1      2      0    0      1      -1      -1    50 0.0600000000 0.26000000 0.20000000 0.12000000 0.08000000 0.06000000 0.020000000 0.060000000 0.020000000 0.040000000 0.0400000000 0.0200000000 2.000000e-02 0.000000e+00 0.000000e+00 0.000000e+00 0.000000e+00 0.000000e+00 0.000000e+00 0.000000e+00 0.000000e+00 0.000000e+00 0.000000e+00 0.000000e+00 0.000000e+00
   55    1      2      0    0      1      -1      -1    50 0.0400000000 0.14000000 0.04000000 0.04000000 0.24000000 0.08000000 0.060000000 0.120000000 0.100000000 0.020000000 0.0200000000 0.0200000000 0.000000e+00 0.000000e+00 0.000000e+00 2.000000e-02 2.000000e-02 2.000000e-02 2.000000e-02 0.000000e+00 0.000000e+00 0.000000e+00 0.000000e+00 0.000000e+00 0.000000e+00
   60    1      2      0    0      1      -1      -1    50 0.0200000000 0.18000000 0.18000000 0.14000000 0.12000000 0.06000000 0.020000000 0.020000000 0.100000000 0.040000000 0.0400000000 0.0000000000 2.000000e-02 4.000000e-02 2.000000e-02 0.000000e+00 0.000000e+00 0.000000e+00 0.000000e+00 0.000000e+00 0.000000e+00 0.000000e+00 0.000000e+00 0.000000e+00 0.000000e+00
   65    1      2      0    0      1      -1      -1    50 0.0400000000 0.18000000 0.24000000 0.20000000 0.14000000 0.10000000 0.060000000 0.000000000 0.000000000 0.000000000 0.0200000000 0.0000000000 0.000000e+00 0.000000e+00 0.000000e+00 0.000000e+00 2.000000e-02 0.000000e+00 0.000000e+00 0.000000e+00 0.000000e+00 0.000000e+00 0.000000e+00 0.000000e+00 0.000000e+00
   70    1      2      0    0      1      -1      -1    50 0.0200000000 0.26000000 0.14000000 0.08000000 0.08000000 0.08000000 0.060000000 0.040000000 0.080000000 0.040000000 0.0200000000 0.0000000000 0.000000e+00 0.000000e+00 6.000000e-02 0.000000e+00 0.000000e+00 0.000000e+00 0.000000e+00 2.000000e-02 0.000000e+00 2.000000e-02 0.000000e+00 0.000000e+00 0.000000e+00
   75    1      2      0    0      1      -1      -1    50 0.0000000000 0.12000000 0.24000000 0.14000000 0.12000000 0.12000000 0.120000000 0.040000000 0.020000000 0.020000000 0.0000000000 0.0000000000 0.000000e+00 4.000000e-02 0.000000e+00 0.000000e+00 2.000000e-02 0.000000e+00 0.000000e+00 0.000000e+00 0.000000e+00 0.000000e+00 0.000000e+00 0.000000e+00 0.000000e+00
   80    1      2      0    0      1      -1      -1    50 0.0800000000 0.20000000 0.22000000 0.08000000 0.00000000 0.10000000 0.040000000 0.100000000 0.040000000 0.040000000 0.0200000000 0.0200000000 2.000000e-02 0.000000e+00 2.000000e-02 2.000000e-02 0.000000e+00 0.000000e+00 0.000000e+00 0.000000e+00 0.000000e+00 0.000000e+00 0.000000e+00 0.000000e+00 0.000000e+00
   85    1      2      0    0      1      -1      -1    50 0.0800000000 0.12000000 0.18000000 0.06000000 0.10000000 0.22000000 0.080000000 0.040000000 0.020000000 0.000000000 0.0800000000 0.0000000000 0.000000e+00 0.000000e+00 0.000000e+00 0.000000e+00 0.000000e+00 2.000000e-02 0.000000e+00 0.000000e+00 0.000000e+00 0.000000e+00 0.000000e+00 0.000000e+00 0.000000e+00
   90    1      2      0    0      1      -1      -1    50 0.0800000000 0.10000000 0.08000000 0.18000000 0.22000000 0.12000000 0.040000000 0.040000000 0.020000000 0.020000000 0.0200000000 0.0200000000 2.000000e-02 2.000000e-02 0.000000e+00 0.000000e+00 0.000000e+00 0.000000e+00 0.000000e+00 2.000000e-02 0.000000e+00 0.000000e+00 0.000000e+00 0.000000e+00 0.000000e+00
   95    1      2      0    0      1      -1      -1    50 0.0200000000 0.26000000 0.16000000 0.02000000 0.08000000 0.06000000 0.040000000 0.020000000 0.100000000 0.060000000 0.0600000000 0.0200000000 2.000000e-02 0.000000e+00 0.000000e+00 4.000000e-02 0.000000e+00 2.000000e-02 0.000000e+00 0.000000e+00 0.000000e+00 0.000000e+00 2.000000e-02 0.000000e+00 0.000000e+00
  100    1      2      0    0      1      -1      -1    50 0.0400000000 0.26000000 0.02000000 0.14000000 0.14000000 0.08000000 0.120000000 0.080000000 0.040000000 0.000000000 0.0000000000 0.0400000000 0.000000e+00 2.000000e-02 2.000000e-02 0.000000e+00 0.000000e+00 0.000000e+00 0.000000e+00 0.000000e+00 0.000000e+00 0.000000e+00 0.000000e+00 0.000000e+00 0.000000e+00
0 #_N_MeanSize_at_Age_obs
0 #_N_environ_variables
0 #_N_environ_obs
0 #_N_sizefreq_methods
0 #_do_tags
0 #_morphcomp_data
#
999
