#C data file created using the SS_writedat function in the R package r4ss
#C should work with SS version: 
#C file write time: 2014-11-05 23:53:37
#
1 #_styr
100 #_endyr
1 #_nseas
12 #_months_per_seas
1 #_spawn_seas
1 #_Nfleet
2 #_Nsurveys
1 #_N_areas
Fishery%Survey%CPUE #_fleetnames
0.5 0.5 0.5 #_surveytiming_in_season
1 1 1 #_area_assignments_for_each_fishery_and_survey
1 #_units of catch:  1=bio; 2=num
0.01 #_se of log(catch) only used for init_eq_catch and for Fmethod 2 and 3
1 #_Ngenders
25 #_Nages
0 #_init_equil_catch_for_each_fishery
100 #_N_lines_of_catch_to_read
 #_Fishery year seas
         0    1    1
         0    2    1
         0    3    1
         0    4    1
         0    5    1
         0    6    1
         0    7    1
         0    8    1
         0    9    1
         0   10    1
         0   11    1
         0   12    1
         0   13    1
         0   14    1
         0   15    1
         0   16    1
         0   17    1
         0   18    1
         0   19    1
         0   20    1
         0   21    1
         0   22    1
         0   23    1
         0   24    1
         0   25    1
 279967000   26    1
 272733000   27    1
 262160000   28    1
 250141000   29    1
 241282000   30    1
 233911000   31    1
 223988000   32    1
 213381000   33    1
 200678000   34    1
 186832000   35    1
 174103000   36    1
 161819000   37    1
 149297000   38    1
 140589000   39    1
 137545000   40    1
 134816000   41    1
 139079000   42    1
 150140000   43    1
 157530000   44    1
 161782000   45    1
 161484000   46    1
 160242000   47    1
 157995000   48    1
 152745000   49    1
 146707000   50    1
 141706000   51    1
 136597000   52    1
 135127000   53    1
 137822000   54    1
 141266000   55    1
 143563000   56    1
 144494000   57    1
 149298000   58    1
 156161000   59    1
 161368000   60    1
 166034000   61    1
 168225000   62    1
 166874000   63    1
 164907000   64    1
 159417000   65    1
 155509000   66    1
 152892000   67    1
 146598000   68    1
 139807000   69    1
 138297000   70    1
 139225000   71    1
 137947000   72    1
 135459000   73    1
 133255000   74    1
 135551000   75    1
 140135000   76    1
 145583000   77    1
 150426000   78    1
 156524000   79    1
 166619000   80    1
 175956000   81    1
 182075000   82    1
 183006000   83    1
 183084000   84    1
 182239000   85    1
 181026000   86    1
 179240000   87    1
 178575000   88    1
 177012000   89    1
 176897000   90    1
 177429000   91    1
 178357000   92    1
 183236000   93    1
 185267000   94    1
 183737000   95    1
 182900000   96    1
 186873000   97    1
 189730000   98    1
 192144000   99    1
 192638000  100    1
13 #_N_cpue
 #_Fleet Units Errtype
       1     1       0
       2     1       0
       3     1       0
 #_year seas index        obs se_log
     76    1     2 1970868434    0.2
     78    1     2 1522563356    0.2
     80    1     2 3140850232    0.2
     82    1     2 2617361290    0.2
     84    1     2 2486812651    0.2
     86    1     2 2917558096    0.2
     88    1     2 2523038244    0.2
     90    1     2 2706901670    0.2
     92    1     2 2826970019    0.2
     94    1     2 1953074431    0.2
     96    1     2 3371523694    0.2
     98    1     2 2308766302    0.2
    100    1     2 2199114452    0.2
0 #_N_discard_fleets
#_discard_units (1=same_as_catchunits(bio/num); 2=fraction; 3=numbers)
#_discard_errtype:  >0 for DF of T-dist(read CV below); 0 for normal with CV; -1 for normal with se; -2 for lognormal
0 #_N_discard
0 #_N_meanbodywt
1 #_DF_for_meanbodywt_T-distribution_like
2 # length bin method: 1=use databins; 2=generate from binwidth,min,max below; 3=read vector
1 # binwidth for population size comp
10 # minimum size in the population (lower edge of first bin and size at age 0.00)
200 # maximum size in the population (lower edge of last bin)
-0.001 #_comp_tail_compression
1e-05 #_add_to_comp
0 #_combine males into females at or below this bin number
21 #_N_lbins
#_lbin_vector
10 53 70 83 94 101 107 111 114 117 120 123 125 127 130 132 135 138 142 148 200
0 #_N_Length_comp_observations
25 #_N_agebins
#_agebin_vector
1 2 3 4 5 6 7 8 9 10 11 12 13 14 15 16 17 18 19 20 21 22 23 24 25
1 #_N_ageerror_definitions
 #_age0   age1   age2   age3   age4   age5   age6   age7   age8   age9  age10  age11  age12  age13  age14  age15  age16  age17  age18  age19  age20  age21  age22  age23  age24  age25
 -1.000 -1.000 -1.000 -1.000 -1.000 -1.000 -1.000 -1.000 -1.000 -1.000 -1.000 -1.000 -1.000 -1.000 -1.000 -1.000 -1.000 -1.000 -1.000 -1.000 -1.000 -1.000 -1.000 -1.000 -1.000 -1.000
  0.001  0.001  0.001  0.001  0.001  0.001  0.001  0.001  0.001  0.001  0.001  0.001  0.001  0.001  0.001  0.001  0.001  0.001  0.001  0.001  0.001  0.001  0.001  0.001  0.001  0.001
34 #_N_agecomp
1 #_Lbin_method: 1=poplenbins; 2=datalenbins; 3=lengths
-1 #_combine males into females at or below this bin number
 #_Yr Seas FltSvy Gender Part Ageerr Lbin_lo Lbin_hi Nsamp          a1         a2        a3         a4         a5         a6         a7         a8         a9         a10         a11         a12         a13         a14          a15          a16          a17          a18          a19          a20          a21          a22          a23          a24          a25
   50    1      1      0    0      1      -1      -1   200 0.011086526 0.16417048 0.1402373 0.14731718 0.12030633 0.05751052 0.04631535 0.04975127 0.07934922 0.063874102 0.033177950 0.032691385 0.020080985 0.001427534 2.325729e-04 1.377128e-02 2.697045e-03 5.866217e-04 4.347427e-07 3.090730e-04 3.106209e-05 4.378244e-03 3.205717e-05 1.892379e-04 1.047623e-02
   60    1      1      0    0      1      -1      -1   200 0.026020387 0.20143540 0.1850451 0.20787674 0.14858320 0.02495374 0.04575146 0.04530080 0.05191593 0.009617008 0.007536267 0.012782037 0.007203400 0.003128294 8.767202e-03 1.575290e-03 4.844447e-03 6.990179e-04 7.682210e-04 5.672205e-03 2.071094e-08 5.220587e-04 2.100006e-07 1.002219e-06 5.207718e-07
   70    1      1      0    0      1      -1      -1   200 0.018361623 0.23736672 0.2239285 0.04165984 0.14169237 0.11385947 0.06012958 0.01609633 0.04045268 0.016463917 0.022653280 0.008575879 0.018564010 0.021681602 4.007037e-03 8.344375e-04 5.770391e-03 3.891903e-03 3.720767e-04 2.417280e-03 6.268827e-05 1.019974e-04 6.439254e-08 2.617352e-05 1.030122e-03
   75    1      1      0    0      1      -1      -1   200 0.015681000 0.22048857 0.2156495 0.08747110 0.09141867 0.06367851 0.07573681 0.03574508 0.01502057 0.032651304 0.039011377 0.042826668 0.019887727 0.022052941 1.069757e-02 3.311341e-03 1.136541e-03 1.269797e-03 5.861050e-04 1.191014e-05 4.554165e-03 1.028122e-07 3.736628e-04 9.825437e-08 7.389189e-04
   76    1      1      0    0      1      -1      -1   200 0.012852287 0.18103512 0.2456280 0.17848868 0.02923556 0.10310993 0.02900564 0.07028763 0.06508794 0.006187377 0.014022805 0.023634637 0.011768148 0.001360765 6.908045e-03 2.723196e-03 7.268429e-04 1.464214e-03 5.562681e-03 5.236811e-03 3.346517e-04 1.125603e-03 4.181673e-03 2.103154e-05 1.073247e-05
   79    1      1      0    0      1      -1      -1   200 0.016992085 0.26317236 0.1736877 0.10489926 0.11013118 0.07551066 0.11397913 0.02505586 0.02141815 0.017102508 0.028362338 0.009260214 0.002097915 0.001697310 2.721930e-02 1.834264e-04 1.453838e-08 1.138573e-03 9.424879e-06 4.120291e-03 2.221739e-07 2.277382e-03 2.719111e-04 1.182111e-03 2.306724e-04
   82    1      1      0    0      1      -1      -1   200 0.005699333 0.10315361 0.2265634 0.19492152 0.16116243 0.07316422 0.06210912 0.04985374 0.03689251 0.038485557 0.005641622 0.012470246 0.013046516 0.003242571 4.909716e-03 1.291462e-05 1.339172e-03 2.902361e-03 4.615557e-05 1.706466e-04 7.212789e-04 4.573198e-11 6.358350e-06 2.523313e-03 9.616905e-04
   85    1      1      0    0      1      -1      -1   200 0.002662204 0.16556080 0.1780400 0.13804940 0.05904411 0.13297163 0.08838336 0.08656536 0.02101639 0.024553060 0.025238611 0.015882149 0.016705592 0.002593673 8.980958e-04 6.014361e-03 3.413226e-03 2.663203e-02 2.611131e-03 2.849034e-03 2.405838e-04 1.520999e-06 2.342775e-05 2.265252e-06 4.798926e-05
   88    1      1      0    0      1      -1      -1   200 0.005773356 0.11690407 0.2666777 0.11260209 0.10843584 0.06585562 0.07343718 0.03979943 0.05836640 0.013590080 0.062278294 0.002278774 0.010669785 0.020567618 1.763176e-02 9.275022e-03 4.558134e-08 1.177015e-02 1.052313e-04 7.311045e-04 8.911932e-05 2.991166e-08 1.999110e-03 5.294115e-06 1.156893e-03
   89    1      1      0    0      1      -1      -1   200 0.033910242 0.17745628 0.1247725 0.20272998 0.06896016 0.08347454 0.07467591 0.04259089 0.01596458 0.033052798 0.039338237 0.049903587 0.002513903 0.017711133 2.137099e-03 5.175957e-03 7.473968e-03 8.367602e-03 7.981329e-10 2.854694e-03 4.174726e-04 5.220338e-05 9.454650e-09 2.633658e-11 6.466309e-03
   91    1      1      0    0      1      -1      -1   200 0.013324835 0.09287386 0.2487238 0.14351534 0.11722548 0.07596028 0.06894945 0.06963315 0.02318975 0.044109529 0.008431177 0.030683670 0.013540461 0.024020122 4.427696e-03 4.925875e-03 3.537547e-03 2.819950e-03 2.223884e-03 3.898545e-06 5.490643e-03 3.046191e-04 2.269307e-04 5.648114e-04 1.293261e-03
   93    1      1      0    0      1      -1      -1   200 0.010886363 0.17171058 0.3101956 0.07168856 0.12711719 0.05974242 0.06214904 0.04535354 0.02937901 0.019532273 0.007919324 0.030000689 0.004212467 0.017217551 1.527122e-02 9.128136e-03 8.219791e-04 3.682676e-04 1.151559e-05 3.925873e-04 1.515383e-03 4.121041e-03 2.502604e-04 3.075304e-04 7.074480e-04
   95    1      1      0    0      1      -1      -1   200 0.031644005 0.13795035 0.1324628 0.20805672 0.13356994 0.05126409 0.10543159 0.03799787 0.07708106 0.024755729 0.007520899 0.007547915 0.004192575 0.007505586 4.502102e-04 4.462506e-03 2.008964e-02 3.271649e-04 2.490575e-03 1.587580e-06 4.388269e-03 4.325178e-04 3.449006e-04 1.375577e-06 3.013657e-05
   97    1      1      0    0      1      -1      -1   200 0.011356906 0.18217587 0.2595270 0.09442754 0.07553436 0.08170449 0.10010506 0.04627310 0.02570221 0.017649441 0.009315301 0.028262215 0.012885079 0.002368597 4.116093e-05 1.205202e-02 1.222412e-02 2.171909e-02 2.209932e-04 4.277228e-04 2.786773e-03 8.875201e-09 2.772280e-03 2.635235e-08 4.686627e-04
   98    1      1      0    0      1      -1      -1   200 0.020655494 0.12660823 0.2558921 0.19675045 0.08824481 0.06316593 0.05970279 0.06141258 0.03145716 0.020556272 0.009904643 0.010521055 0.009171479 0.009756019 3.955720e-03 1.498755e-02 2.203535e-03 1.109787e-02 2.053808e-03 5.566257e-04 8.281286e-04 5.226109e-05 1.282290e-08 3.133453e-07 4.651702e-04
   99    1      1      0    0      1      -1      -1   200 0.006830604 0.14808955 0.1806113 0.18378673 0.17789184 0.04335151 0.04780727 0.04274498 0.06767911 0.022172327 0.024892800 0.008694170 0.007141407 0.009397870 4.322578e-03 6.887081e-03 8.052124e-03 5.521235e-06 4.667738e-03 3.298210e-03 6.988347e-04 1.688036e-04 4.069713e-04 1.109698e-05 3.895451e-04
  100    1      1      0    0      1      -1      -1   200 0.007507181 0.05150317 0.3058007 0.12283200 0.14386325 0.13716588 0.03701293 0.02832504 0.03441092 0.042364609 0.004610941 0.028444183 0.015432357 0.006542724 9.626161e-03 4.849942e-03 1.552235e-03 1.374544e-02 2.573330e-06 2.174274e-03 6.200264e-04 1.094040e-05 4.894925e-07 5.095299e-04 1.092525e-03
   50    1      2      0    0      1      -1      -1   200 0.020000000 0.22000000 0.0600000 0.11500000 0.16500000 0.09000000 0.03000000 0.05500000 0.04000000 0.085000000 0.030000000 0.015000000 0.040000000 0.010000000 1.000000e-02 1.000000e-02 0.000000e+00 0.000000e+00 0.000000e+00 0.000000e+00 0.000000e+00 0.000000e+00 0.000000e+00 0.000000e+00 5.000000e-03
   60    1      2      0    0      1      -1      -1   200 0.050000000 0.15500000 0.2300000 0.17000000 0.11500000 0.03500000 0.07000000 0.04500000 0.04000000 0.005000000 0.015000000 0.030000000 0.010000000 0.005000000 0.000000e+00 5.000000e-03 0.000000e+00 0.000000e+00 1.000000e-02 5.000000e-03 5.000000e-03 0.000000e+00 0.000000e+00 0.000000e+00 0.000000e+00
   70    1      2      0    0      1      -1      -1   200 0.035000000 0.34000000 0.1700000 0.04000000 0.08000000 0.12500000 0.05000000 0.02500000 0.03500000 0.015000000 0.035000000 0.015000000 0.010000000 0.015000000 0.000000e+00 0.000000e+00 5.000000e-03 5.000000e-03 0.000000e+00 0.000000e+00 0.000000e+00 0.000000e+00 0.000000e+00 0.000000e+00 0.000000e+00
   75    1      2      0    0      1      -1      -1   200 0.075000000 0.27000000 0.2000000 0.03500000 0.08000000 0.07000000 0.09500000 0.05000000 0.01000000 0.020000000 0.055000000 0.000000000 0.000000000 0.010000000 5.000000e-03 5.000000e-03 1.000000e-02 5.000000e-03 0.000000e+00 5.000000e-03 0.000000e+00 0.000000e+00 0.000000e+00 0.000000e+00 0.000000e+00
   76    1      2      0    0      1      -1      -1   200 0.045000000 0.23500000 0.2500000 0.17000000 0.05500000 0.07500000 0.02000000 0.07500000 0.01500000 0.000000000 0.015000000 0.015000000 0.005000000 0.000000000 5.000000e-03 0.000000e+00 1.000000e-02 0.000000e+00 0.000000e+00 0.000000e+00 1.000000e-02 0.000000e+00 0.000000e+00 0.000000e+00 0.000000e+00
   79    1      2      0    0      1      -1      -1   200 0.065000000 0.29500000 0.1300000 0.13000000 0.14500000 0.08500000 0.03000000 0.01000000 0.01000000 0.025000000 0.025000000 0.005000000 0.010000000 0.015000000 1.000000e-02 0.000000e+00 0.000000e+00 5.000000e-03 0.000000e+00 0.000000e+00 0.000000e+00 5.000000e-03 0.000000e+00 0.000000e+00 0.000000e+00
   82    1      2      0    0      1      -1      -1   200 0.055000000 0.11500000 0.1900000 0.16500000 0.14500000 0.03000000 0.09000000 0.04000000 0.04500000 0.030000000 0.015000000 0.020000000 0.015000000 0.010000000 5.000000e-03 5.000000e-03 0.000000e+00 5.000000e-03 1.000000e-02 0.000000e+00 0.000000e+00 0.000000e+00 5.000000e-03 0.000000e+00 5.000000e-03
   85    1      2      0    0      1      -1      -1   200 0.045000000 0.22000000 0.2050000 0.15000000 0.04500000 0.09000000 0.08000000 0.08000000 0.01500000 0.010000000 0.015000000 0.010000000 0.010000000 0.005000000 5.000000e-03 5.000000e-03 0.000000e+00 0.000000e+00 5.000000e-03 0.000000e+00 5.000000e-03 0.000000e+00 0.000000e+00 0.000000e+00 0.000000e+00
   88    1      2      0    0      1      -1      -1   200 0.035000000 0.17000000 0.2000000 0.10000000 0.11500000 0.07000000 0.08500000 0.02500000 0.04500000 0.060000000 0.025000000 0.015000000 0.025000000 0.010000000 1.000000e-02 5.000000e-03 0.000000e+00 0.000000e+00 0.000000e+00 0.000000e+00 0.000000e+00 0.000000e+00 0.000000e+00 0.000000e+00 5.000000e-03
   89    1      2      0    0      1      -1      -1   200 0.030000000 0.15500000 0.1550000 0.16000000 0.14000000 0.09500000 0.04000000 0.03000000 0.02000000 0.065000000 0.040000000 0.025000000 0.005000000 0.015000000 1.000000e-02 5.000000e-03 0.000000e+00 0.000000e+00 0.000000e+00 0.000000e+00 5.000000e-03 5.000000e-03 0.000000e+00 0.000000e+00 0.000000e+00
   91    1      2      0    0      1      -1      -1   200 0.045000000 0.18000000 0.2150000 0.12500000 0.13500000 0.08000000 0.05500000 0.02500000 0.01500000 0.040000000 0.010000000 0.010000000 0.020000000 0.030000000 1.000000e-02 0.000000e+00 0.000000e+00 0.000000e+00 0.000000e+00 0.000000e+00 0.000000e+00 5.000000e-03 0.000000e+00 0.000000e+00 0.000000e+00
   93    1      2      0    0      1      -1      -1   200 0.040000000 0.19500000 0.2800000 0.10500000 0.08000000 0.06500000 0.04500000 0.05000000 0.01500000 0.055000000 0.015000000 0.020000000 0.000000000 0.000000000 0.000000e+00 1.000000e-02 5.000000e-03 0.000000e+00 5.000000e-03 0.000000e+00 1.000000e-02 5.000000e-03 0.000000e+00 0.000000e+00 0.000000e+00
   95    1      2      0    0      1      -1      -1   200 0.100000000 0.10000000 0.1100000 0.15500000 0.17500000 0.06500000 0.09500000 0.04000000 0.03500000 0.020000000 0.015000000 0.020000000 0.000000000 0.025000000 5.000000e-03 1.000000e-02 5.000000e-03 1.000000e-02 0.000000e+00 5.000000e-03 5.000000e-03 0.000000e+00 0.000000e+00 0.000000e+00 5.000000e-03
   97    1      2      0    0      1      -1      -1   200 0.045000000 0.19500000 0.2900000 0.05500000 0.08500000 0.07000000 0.10000000 0.04500000 0.02000000 0.020000000 0.025000000 0.020000000 0.000000000 0.000000000 1.000000e-02 5.000000e-03 0.000000e+00 5.000000e-03 5.000000e-03 5.000000e-03 0.000000e+00 0.000000e+00 0.000000e+00 0.000000e+00 0.000000e+00
   98    1      2      0    0      1      -1      -1   200 0.075000000 0.15000000 0.1800000 0.22000000 0.08000000 0.06000000 0.02500000 0.06000000 0.02500000 0.050000000 0.015000000 0.015000000 0.015000000 0.000000000 1.000000e-02 1.000000e-02 0.000000e+00 0.000000e+00 0.000000e+00 5.000000e-03 0.000000e+00 0.000000e+00 0.000000e+00 0.000000e+00 5.000000e-03
   99    1      2      0    0      1      -1      -1   200 0.005000000 0.16000000 0.1600000 0.17000000 0.21500000 0.03500000 0.06000000 0.03000000 0.08000000 0.000000000 0.035000000 0.020000000 0.005000000 0.000000000 0.000000e+00 0.000000e+00 0.000000e+00 5.000000e-03 5.000000e-03 1.000000e-02 5.000000e-03 0.000000e+00 0.000000e+00 0.000000e+00 0.000000e+00
  100    1      2      0    0      1      -1      -1   200 0.045000000 0.07000000 0.3000000 0.12000000 0.10500000 0.12500000 0.04500000 0.04000000 0.04000000 0.030000000 0.005000000 0.015000000 0.010000000 0.005000000 1.000000e-02 1.000000e-02 0.000000e+00 0.000000e+00 5.000000e-03 1.000000e-02 0.000000e+00 5.000000e-03 0.000000e+00 0.000000e+00 5.000000e-03
0 #_N_MeanSize_at_Age_obs
0 #_N_environ_variables
0 #_N_environ_obs
0 #_N_sizefreq_methods
0 #_do_tags
0 #_morphcomp_data
#
999
