#C data file created using the SS_writedat function in the R package r4ss
#C should work with SS version: 
#C file write time: 2014-11-06 19:24:26
#
1 #_styr
100 #_endyr
1 #_nseas
12 #_months_per_seas
1 #_spawn_seas
1 #_Nfleet
2 #_Nsurveys
1 #_N_areas
Fishery%Survey%CPUE #_fleetnames
0.5 0.5 0.5 #_surveytiming_in_season
1 1 1 #_area_assignments_for_each_fishery_and_survey
1 #_units of catch:  1=bio; 2=num
0.01 #_se of log(catch) only used for init_eq_catch and for Fmethod 2 and 3
1 #_Ngenders
25 #_Nages
0 #_init_equil_catch_for_each_fishery
100 #_N_lines_of_catch_to_read
 #_Fishery year seas
         0    1    1
         0    2    1
         0    3    1
         0    4    1
         0    5    1
         0    6    1
         0    7    1
         0    8    1
         0    9    1
         0   10    1
         0   11    1
         0   12    1
         0   13    1
         0   14    1
         0   15    1
         0   16    1
         0   17    1
         0   18    1
         0   19    1
         0   20    1
         0   21    1
         0   22    1
         0   23    1
         0   24    1
         0   25    1
 280874000   26    1
 265890000   27    1
 248999000   28    1
 232719000   29    1
 217514000   30    1
 204154000   31    1
 193594000   32    1
 183828000   33    1
 172456000   34    1
 160973000   35    1
 149979000   36    1
 142416000   37    1
 138065000   38    1
 137532000   39    1
 139610000   40    1
 144486000   41    1
 145698000   42    1
 149776000   43    1
 157754000   44    1
 163060000   45    1
 166396000   46    1
 169956000   47    1
 170650000   48    1
 169376000   49    1
 167415000   50    1
 163873000   51    1
 162071000   52    1
 163662000   53    1
 164571000   54    1
 163712000   55    1
 169393000   56    1
 177947000   57    1
 182508000   58    1
 181609000   59    1
 175876000   60    1
 170732000   61    1
 169528000   62    1
 165925000   63    1
 161565000   64    1
 156189000   65    1
 151991000   66    1
 149484000   67    1
 143903000   68    1
 137497000   69    1
 132485000   70    1
 129384000   71    1
 128978000   72    1
 130386000   73    1
 128630000   74    1
 125872000   75    1
 123810000   76    1
 123991000   77    1
 125301000   78    1
 127911000   79    1
 131948000   80    1
 136273000   81    1
 140709000   82    1
 141270000   83    1
 140979000   84    1
 141568000   85    1
 141129000   86    1
 141974000   87    1
 142218000   88    1
 140224000   89    1
 139364000   90    1
 138310000   91    1
 137572000   92    1
 136153000   93    1
 135523000   94    1
 137572000   95    1
 140163000   96    1
 146566000   97    1
 153261000   98    1
 154392000   99    1
 154270000  100    1
76 #_N_cpue
 #_Fleet Units Errtype
       1     1       0
       2     1       0
       3     1       0
 #_year seas index        obs se_log
     25    1     2 3442464885    0.2
     26    1     2 3556955630    0.2
     27    1     2 3434414413    0.2
     28    1     2 4074325911    0.2
     29    1     2 3650377250    0.2
     30    1     2 2896539139    0.2
     31    1     2 2846386410    0.2
     32    1     2 3446936098    0.2
     33    1     2 2909201260    0.2
     34    1     2 2287441217    0.2
     35    1     2 2325846021    0.2
     36    1     2 2107806893    0.2
     37    1     2 2480174319    0.2
     38    1     2 2111312982    0.2
     39    1     2 2897071798    0.2
     40    1     2 2937103084    0.2
     41    1     2 1693989331    0.2
     42    1     2 2515147717    0.2
     43    1     2 2140790870    0.2
     44    1     2 2059424519    0.2
     45    1     2 2085592054    0.2
     46    1     2 2057800713    0.2
     47    1     2 3381825532    0.2
     48    1     2 2417528672    0.2
     49    1     2 1862154006    0.2
     50    1     2 2065581672    0.2
     51    1     2 2009698443    0.2
     52    1     2 2689201344    0.2
     53    1     2 2096886023    0.2
     54    1     2 2346955961    0.2
     55    1     2 2016924933    0.2
     56    1     2 2296892514    0.2
     57    1     2 2413303879    0.2
     58    1     2 3181404694    0.2
     59    1     2 3614302569    0.2
     60    1     2 2307332102    0.2
     61    1     2 1592721417    0.2
     62    1     2 2075456920    0.2
     63    1     2 2023775433    0.2
     64    1     2 2417648738    0.2
     65    1     2 2472439753    0.2
     66    1     2 2238551225    0.2
     67    1     2 1462723941    0.2
     68    1     2 2003706011    0.2
     69    1     2 2700209489    0.2
     70    1     2 1546236309    0.2
     71    1     2 1428710478    0.2
     72    1     2 2204499210    0.2
     73    1     2 1741110741    0.2
     74    1     2 1634454485    0.2
     75    1     2 2468543261    0.2
     76    1     2 1421355163    0.2
     77    1     2 2312425666    0.2
     78    1     2 1481923713    0.2
     79    1     2 2856455381    0.2
     80    1     2 1795746351    0.2
     81    1     2 1411352419    0.2
     82    1     2 1859111340    0.2
     83    1     2 1704818473    0.2
     84    1     2 2341025037    0.2
     85    1     2 1786854712    0.2
     86    1     2 1936047910    0.2
     87    1     2 1850710888    0.2
     88    1     2 1578385381    0.2
     89    1     2 1893082106    0.2
     90    1     2 2038864658    0.2
     91    1     2 1893979591    0.2
     92    1     2 1361974388    0.2
     93    1     2 1960801749    0.2
     94    1     2 2543251733    0.2
     95    1     2 2260078044    0.2
     96    1     2 1764397429    0.2
     97    1     2 2441595201    0.2
     98    1     2 1409712083    0.2
     99    1     2 1798743118    0.2
    100    1     2 1754750684    0.2
0 #_N_discard_fleets
#_discard_units (1=same_as_catchunits(bio/num); 2=fraction; 3=numbers)
#_discard_errtype:  >0 for DF of T-dist(read CV below); 0 for normal with CV; -1 for normal with se; -2 for lognormal
0 #_N_discard
0 #_N_meanbodywt
1 #_DF_for_meanbodywt_T-distribution_like
2 # length bin method: 1=use databins; 2=generate from binwidth,min,max below; 3=read vector
1 # binwidth for population size comp
10 # minimum size in the population (lower edge of first bin and size at age 0.00)
200 # maximum size in the population (lower edge of last bin)
-0.001 #_comp_tail_compression
1e-05 #_add_to_comp
0 #_combine males into females at or below this bin number
21 #_N_lbins
#_lbin_vector
10 53 70 83 94 101 107 111 114 117 120 123 125 127 130 132 135 138 142 148 200
0 #_N_Length_comp_observations
25 #_N_agebins
#_agebin_vector
1 2 3 4 5 6 7 8 9 10 11 12 13 14 15 16 17 18 19 20 21 22 23 24 25
1 #_N_ageerror_definitions
 #_age0   age1   age2   age3   age4   age5   age6   age7   age8   age9  age10  age11  age12  age13  age14  age15  age16  age17  age18  age19  age20  age21  age22  age23  age24  age25
 -1.000 -1.000 -1.000 -1.000 -1.000 -1.000 -1.000 -1.000 -1.000 -1.000 -1.000 -1.000 -1.000 -1.000 -1.000 -1.000 -1.000 -1.000 -1.000 -1.000 -1.000 -1.000 -1.000 -1.000 -1.000 -1.000
  0.001  0.001  0.001  0.001  0.001  0.001  0.001  0.001  0.001  0.001  0.001  0.001  0.001  0.001  0.001  0.001  0.001  0.001  0.001  0.001  0.001  0.001  0.001  0.001  0.001  0.001
198 #_N_agecomp
1 #_Lbin_method: 1=poplenbins; 2=datalenbins; 3=lengths
-1 #_combine males into females at or below this bin number
 #_Yr Seas FltSvy Gender Part Ageerr Lbin_lo Lbin_hi Nsamp           a1         a2         a3         a4         a5         a6          a7          a8          a9         a10          a11          a12          a13          a14          a15          a16          a17          a18          a19          a20          a21          a22          a23          a24          a25
    2    1      1      0    0      1      -1      -1   100 2.187727e-02 0.10169910 0.15128793 0.07560798 0.10844360 0.11036141 0.092431221 0.046895769 0.053411660 0.043589131 0.0511629871 1.342022e-02 0.0090754837 2.344243e-02 5.011858e-03 9.775275e-04 4.053147e-02 1.248416e-03 1.192101e-03 6.654662e-03 6.213198e-03 5.789664e-07 6.000067e-04 1.688602e-02 1.797798e-02
    3    1      1      0    0      1      -1      -1   100 7.321320e-03 0.09073641 0.13540239 0.07998226 0.14722456 0.07343463 0.118205981 0.063694802 0.017683505 0.022257416 0.0660286065 4.880507e-02 0.0285900964 1.650140e-02 2.112484e-02 1.825866e-03 2.710056e-03 3.749977e-03 2.450620e-02 2.778332e-04 1.587595e-03 3.542876e-03 1.885169e-02 1.348571e-04 5.819764e-03
    4    1      1      0    0      1      -1      -1   100 1.576493e-02 0.18214159 0.08886918 0.12600772 0.09947474 0.06940493 0.062241826 0.060241182 0.050744249 0.031326710 0.0757159915 8.991504e-03 0.0108799603 2.309937e-02 2.616081e-02 3.280852e-03 1.562926e-03 1.510710e-02 1.493018e-02 4.454238e-04 6.843449e-04 1.777847e-04 1.193144e-08 3.250038e-03 2.949666e-02
    5    1      1      0    0      1      -1      -1   100 1.452502e-02 0.10308533 0.14180894 0.12692180 0.08357921 0.05600933 0.089402709 0.057220616 0.068959708 0.029156495 0.0408238875 2.296410e-02 0.0667898203 7.568859e-03 6.002094e-03 2.418925e-02 2.492108e-02 9.628927e-03 3.347597e-04 3.159268e-03 1.740764e-02 3.649339e-04 1.586085e-03 2.298158e-03 1.291987e-03
    6    1      1      0    0      1      -1      -1   100 9.317530e-03 0.15583827 0.13748553 0.09650503 0.08514700 0.06356887 0.065983151 0.080220773 0.067575270 0.097628322 0.0242977214 2.209565e-02 0.0143110213 6.701682e-03 7.717482e-03 1.219293e-02 3.081387e-02 3.369511e-03 3.380830e-03 5.610845e-03 1.668321e-04 2.190248e-14 1.984524e-03 3.617264e-03 4.470079e-03
    7    1      1      0    0      1      -1      -1   100 2.712773e-02 0.08721070 0.11505839 0.15302141 0.15042960 0.06307120 0.072492227 0.053227395 0.113058262 0.025469910 0.0163383225 4.002549e-02 0.0311281370 8.732685e-03 8.444906e-03 7.864912e-03 6.587305e-03 8.310277e-03 1.279190e-03 6.658124e-04 1.005966e-03 4.966620e-03 1.051960e-03 8.060851e-11 3.431594e-03
    8    1      1      0    0      1      -1      -1   100 3.749758e-02 0.06306519 0.11833040 0.08976543 0.11588999 0.15103164 0.035592378 0.044262127 0.081378502 0.054237912 0.0160437756 3.027188e-02 0.0355984363 5.333930e-02 1.806033e-02 6.992371e-03 2.714887e-03 1.933332e-02 1.371598e-03 2.514832e-03 5.853562e-03 3.663988e-03 5.581474e-04 3.259766e-03 9.372678e-03
    9    1      1      0    0      1      -1      -1   100 5.218971e-03 0.14980487 0.13165544 0.07009274 0.17769753 0.10902579 0.057996655 0.042851072 0.035650024 0.026875075 0.0211161387 3.671063e-02 0.0203420901 9.657150e-03 5.462369e-04 1.853653e-02 1.150288e-02 6.051124e-03 1.255576e-02 1.878848e-02 3.879928e-03 1.545085e-03 3.193025e-03 7.584945e-04 2.794829e-02
   10    1      1      0    0      1      -1      -1   100 3.724304e-03 0.07768071 0.22082720 0.11461893 0.06283620 0.11745241 0.077471265 0.051297186 0.035976242 0.021384852 0.0233038557 1.148954e-02 0.0177592029 6.337282e-03 5.161903e-02 1.131301e-02 9.211523e-03 1.329139e-02 1.962976e-02 5.055951e-03 3.600210e-04 5.912347e-04 2.177166e-05 3.135302e-04 4.643360e-02
   11    1      1      0    0      1      -1      -1   100 2.617616e-02 0.12280963 0.10202672 0.14697503 0.09960741 0.07970831 0.111974302 0.050855900 0.021776144 0.019366729 0.0097174701 2.155059e-02 0.0225536993 2.613725e-02 2.262761e-02 3.972353e-02 1.453237e-02 1.044296e-02 8.483784e-03 5.045011e-03 2.836241e-02 2.824420e-05 1.080485e-06 3.007256e-05 9.487583e-03
   12    1      1      0    0      1      -1      -1   100 1.891145e-02 0.07510260 0.13255436 0.11361115 0.11550643 0.10149860 0.113624071 0.068479534 0.058315418 0.061285861 0.0029609662 2.820601e-02 0.0313592411 1.777729e-02 1.190317e-02 6.379911e-03 1.104853e-02 8.686670e-03 2.131021e-03 4.037126e-04 8.247369e-03 1.263542e-03 1.678579e-03 2.077281e-07 9.064317e-03
   13    1      1      0    0      1      -1      -1   100 3.566498e-03 0.09368939 0.20080738 0.14188566 0.08130996 0.07845480 0.053041504 0.046992008 0.067328577 0.046392834 0.0246176892 2.175761e-02 0.0289525155 1.527473e-02 7.352991e-03 2.505378e-03 2.329402e-02 3.053224e-03 6.225912e-05 2.275308e-02 4.293854e-03 3.703967e-04 2.582962e-04 2.765141e-04 3.170882e-02
   14    1      1      0    0      1      -1      -1   100 7.699650e-03 0.12607257 0.18518006 0.18203855 0.09359714 0.04766814 0.043074514 0.067713178 0.024833117 0.064177066 0.0390972510 1.976177e-02 0.0237013959 8.958188e-03 4.790993e-03 5.893718e-03 1.781488e-02 7.614469e-03 6.743759e-03 6.312741e-03 8.805365e-03 2.406974e-03 4.871712e-08 4.510515e-07 6.044012e-03
   15    1      1      0    0      1      -1      -1   100 1.431847e-02 0.12261723 0.10078027 0.08639583 0.19798325 0.10405260 0.113961167 0.047195666 0.073355878 0.006019369 0.0361846769 8.926778e-03 0.0122957929 6.378541e-03 2.715912e-02 7.211882e-03 1.236309e-02 4.330679e-03 9.937034e-04 3.448800e-03 2.359015e-03 7.820856e-03 5.595931e-05 1.135604e-04 3.677816e-03
   16    1      1      0    0      1      -1      -1   100 7.305226e-03 0.09793244 0.14525223 0.14089501 0.10005459 0.11694735 0.074076593 0.028501167 0.050912221 0.057405969 0.0582533625 3.795686e-02 0.0218340458 2.380080e-02 1.404539e-03 1.187176e-03 1.742745e-02 1.360660e-04 2.982705e-03 1.848538e-04 1.125636e-03 2.632643e-03 1.045571e-04 8.328197e-03 3.358318e-03
   17    1      1      0    0      1      -1      -1   100 6.214879e-02 0.10924318 0.16956981 0.10865981 0.09495095 0.04594413 0.093084376 0.075589762 0.017940414 0.037934921 0.0179588954 6.810051e-03 0.0381351144 1.250815e-02 6.868868e-03 1.232062e-02 7.574972e-03 7.477152e-03 4.089404e-02 7.370344e-03 3.676556e-03 1.906944e-03 2.520732e-03 3.171834e-10 1.891141e-02
   18    1      1      0    0      1      -1      -1   100 4.938965e-02 0.12730885 0.16312569 0.11844625 0.07376605 0.08950005 0.079211983 0.063408984 0.053543597 0.031466467 0.0302859215 1.368028e-02 0.0073130963 1.896374e-02 6.977569e-03 1.857218e-03 6.112503e-03 2.118320e-03 2.973704e-02 7.285591e-04 2.948006e-03 1.162345e-02 9.433972e-03 1.572562e-04 8.895485e-03
   19    1      1      0    0      1      -1      -1   100 2.830938e-02 0.14041040 0.21802243 0.12411347 0.03262571 0.16036186 0.055023669 0.029178354 0.064118301 0.022086606 0.0037905989 2.332087e-02 0.0243593985 6.501095e-03 6.806590e-04 4.495361e-03 2.084946e-02 3.504182e-05 1.321840e-03 5.350842e-03 2.046818e-04 7.295562e-03 7.610158e-03 1.815148e-05 1.991611e-02
   20    1      1      0    0      1      -1      -1   100 2.904552e-03 0.07248451 0.19251595 0.21510335 0.09012875 0.03306308 0.111987011 0.032780145 0.059659453 0.020371204 0.0216080938 4.574478e-02 0.0302732686 1.791244e-02 5.181361e-03 3.008854e-03 4.275283e-04 8.299074e-04 6.505181e-05 1.297620e-04 5.559349e-03 5.055390e-04 2.270256e-03 7.926985e-04 3.469309e-02
   21    1      1      0    0      1      -1      -1   100 2.686116e-03 0.10716189 0.11224071 0.17640362 0.16755619 0.06212388 0.039279859 0.032848651 0.027785019 0.019568084 0.0398945032 7.607963e-02 0.0186723838 3.090487e-02 9.130466e-03 1.234755e-02 5.675220e-03 9.670735e-03 1.785161e-04 8.520685e-04 1.779885e-02 4.232829e-03 4.541493e-03 5.466078e-04 2.182025e-02
   22    1      1      0    0      1      -1      -1   100 6.541921e-02 0.05290979 0.16947526 0.10039186 0.09162249 0.14480848 0.086847359 0.068942447 0.023892380 0.054727030 0.0391292376 3.331641e-02 0.0016629160 8.566304e-03 2.062729e-02 8.837478e-03 8.504386e-03 3.413698e-03 2.144710e-03 4.240494e-04 2.482790e-03 1.439234e-05 9.820405e-04 5.673916e-03 5.184067e-03
   23    1      1      0    0      1      -1      -1   100 2.388344e-02 0.29151541 0.11182847 0.06941250 0.08164994 0.08234277 0.091388925 0.040059293 0.037167051 0.027019947 0.0076222851 4.704971e-02 0.0275301379 7.539543e-03 2.442827e-03 9.128206e-03 1.108298e-02 4.660280e-04 4.226354e-04 6.449519e-03 7.185039e-07 7.847598e-09 1.192935e-05 1.446636e-05 2.397126e-02
   24    1      1      0    0      1      -1      -1   100 1.172996e-02 0.14696403 0.35457408 0.06407412 0.06088809 0.02990105 0.066625082 0.061064622 0.024186957 0.003071940 0.0139712824 1.681585e-02 0.0106389435 2.602617e-02 1.845348e-04 1.035391e-03 1.122240e-02 1.134063e-02 1.327142e-02 1.321615e-02 1.675750e-03 9.551088e-03 2.943025e-02 1.060126e-02 7.938953e-03
   25    1      1      0    0      1      -1      -1   100 1.433422e-02 0.08106853 0.15794318 0.27927834 0.04772523 0.08560316 0.058596638 0.085318511 0.049533124 0.041950607 0.0119930453 2.655651e-02 0.0121384990 1.884549e-02 6.065357e-03 1.008026e-02 1.986203e-07 1.298686e-04 9.875079e-04 3.699213e-05 6.034377e-03 1.239444e-04 5.180187e-03 7.996174e-07 4.754069e-04
   26    1      1      0    0      1      -1      -1   100 1.138248e-02 0.08160235 0.09948595 0.18588396 0.24621259 0.03490706 0.065596058 0.050357636 0.031136736 0.029590183 0.0398172171 1.535874e-02 0.0192409003 2.327853e-02 4.965669e-03 1.203400e-02 9.549273e-03 1.057316e-02 1.538449e-05 8.915989e-03 1.191269e-04 4.738007e-03 8.807225e-04 1.914471e-06 1.435636e-02
   27    1      1      0    0      1      -1      -1   100 2.042904e-03 0.07240246 0.17589166 0.12293541 0.13014497 0.17721573 0.040439310 0.057046493 0.021563981 0.009673910 0.0426965546 1.139840e-02 0.0027143747 9.912425e-03 1.261622e-02 3.861185e-03 4.783780e-04 3.898860e-02 5.194761e-04 1.008738e-02 6.417509e-04 9.709521e-03 1.530593e-06 3.202544e-02 1.499194e-02
   28    1      1      0    0      1      -1      -1   100 1.529088e-02 0.15594938 0.12172283 0.10827106 0.10534741 0.14651746 0.147000880 0.027928501 0.021751627 0.016710161 0.0513243178 2.428651e-02 0.0206648426 5.358533e-03 7.107841e-04 1.316661e-03 4.692052e-03 4.810902e-04 1.483652e-02 5.612889e-04 1.357118e-03 9.816678e-04 5.273851e-05 1.857119e-03 5.028564e-03
   29    1      1      0    0      1      -1      -1   100 1.260319e-02 0.08653653 0.18425563 0.05701324 0.12672579 0.11353414 0.079818097 0.119181703 0.038643704 0.030726974 0.0294202957 1.489970e-02 0.0305177749 1.732981e-02 7.576159e-03 2.594024e-02 1.243793e-03 1.055406e-04 6.691727e-04 1.171635e-02 1.135142e-04 1.472193e-03 1.895644e-04 5.381752e-07 9.766343e-03
   30    1      1      0    0      1      -1      -1   100 4.187254e-03 0.14209112 0.17174803 0.12515142 0.05190071 0.11444794 0.051863018 0.056585327 0.113022911 0.012239627 0.0456913089 1.356187e-03 0.0114911026 1.281386e-02 7.192828e-03 3.727404e-03 1.082057e-02 3.460344e-03 3.974753e-03 7.417671e-04 2.545331e-03 1.769119e-02 3.454384e-03 1.400912e-07 3.180147e-02
   31    1      1      0    0      1      -1      -1   100 3.174218e-02 0.15464872 0.14372344 0.15138303 0.11412010 0.03954413 0.056187193 0.061449327 0.076170008 0.075801629 0.0077952050 7.602755e-04 0.0223906087 1.181871e-02 9.594326e-03 4.412991e-04 3.397154e-03 8.478328e-04 1.108125e-02 1.406443e-02 5.665187e-04 3.666550e-04 1.037217e-02 8.454988e-05 1.649250e-03
   32    1      1      0    0      1      -1      -1   100 4.912678e-03 0.16132764 0.19985667 0.10696138 0.08085037 0.10944154 0.031890883 0.044061193 0.035308054 0.018758526 0.1307137459 2.439772e-02 0.0204037190 9.321990e-03 2.943526e-03 7.929569e-03 3.574697e-04 8.297789e-04 4.013824e-04 3.199519e-04 1.685374e-04 1.470028e-03 1.287003e-07 3.480150e-03 3.893373e-03
   33    1      1      0    0      1      -1      -1   100 6.463257e-03 0.11185632 0.18769060 0.21132502 0.08477402 0.05429228 0.070652408 0.026442151 0.024890416 0.030422261 0.0107608806 7.384779e-02 0.0032443321 9.811738e-03 1.667990e-02 1.154108e-02 3.763783e-02 9.646080e-03 8.496198e-05 1.082424e-04 2.901523e-04 1.106533e-03 1.153133e-03 6.463153e-03 8.815447e-03
   34    1      1      0    0      1      -1      -1   100 2.655028e-04 0.10942716 0.11029539 0.23838766 0.05702638 0.10236043 0.114556914 0.065952660 0.013695912 0.008808323 0.0293484800 3.089007e-02 0.0463417868 8.715503e-03 1.103503e-02 1.636612e-06 5.959306e-03 1.004297e-02 2.067785e-02 7.026321e-03 6.671448e-06 3.285631e-05 2.892600e-04 9.775343e-07 8.854958e-03
   35    1      1      0    0      1      -1      -1   100 1.745646e-02 0.01849030 0.15414177 0.06285904 0.12088782 0.08312316 0.107659504 0.084199779 0.109079612 0.005598935 0.0513426703 1.590540e-02 0.0202126828 8.241964e-02 1.322185e-03 2.167214e-02 1.070754e-03 1.936991e-04 8.556130e-03 1.395154e-04 9.773163e-04 5.424700e-07 4.604514e-03 9.111506e-05 2.799531e-02
   36    1      1      0    0      1      -1      -1   100 1.238184e-02 0.15788982 0.06283913 0.19555572 0.09664373 0.12656185 0.061701546 0.035159924 0.023265362 0.044526424 0.0230863810 2.240208e-02 0.0534470833 1.755348e-02 1.751501e-02 3.202945e-03 2.984046e-02 4.940037e-04 6.728852e-04 5.822187e-04 4.185707e-03 3.113656e-05 1.029097e-02 3.648100e-08 1.702503e-04
   37    1      1      0    0      1      -1      -1   100 4.302116e-02 0.10849891 0.21206466 0.09300715 0.09242218 0.01688368 0.073930142 0.039770924 0.102218993 0.020636939 0.0451233807 1.844538e-02 0.0133922679 1.454640e-02 2.866244e-02 4.846954e-02 2.629723e-03 4.717648e-04 9.273357e-03 3.664610e-03 1.070214e-02 2.120417e-06 2.662358e-08 1.601451e-05 2.146087e-03
   38    1      1      0    0      1      -1      -1   100 3.073830e-02 0.15604458 0.10618861 0.16141526 0.10072623 0.05524263 0.047148584 0.107224635 0.039259472 0.026236187 0.0366487951 3.738294e-02 0.0458564698 4.456764e-03 2.902320e-03 1.016207e-02 1.645924e-02 2.216043e-04 2.610414e-03 1.025038e-06 1.080792e-05 8.566289e-03 9.490404e-06 3.594094e-07 4.486922e-03
   39    1      1      0    0      1      -1      -1   100 2.620854e-02 0.14500090 0.26572531 0.21072512 0.07874463 0.03475106 0.067128912 0.007516362 0.055268023 0.019110477 0.0140408024 1.997533e-02 0.0027421766 4.919670e-03 1.934677e-03 2.358448e-02 9.350704e-04 8.602662e-03 2.585171e-05 5.368663e-03 1.479401e-04 4.985161e-03 1.889931e-05 3.929541e-04 2.146335e-03
   40    1      1      0    0      1      -1      -1   100 7.767706e-05 0.29451175 0.11316437 0.22867237 0.08338812 0.06526803 0.033042153 0.031504372 0.019853619 0.039933977 0.0238247284 9.516934e-03 0.0128979645 1.682473e-03 2.663105e-03 2.018260e-03 2.087455e-03 3.665452e-03 1.361705e-02 5.483131e-05 1.685646e-02 1.953707e-05 5.142430e-04 1.159473e-03 5.601382e-06
   41    1      1      0    0      1      -1      -1   100 6.542767e-03 0.13961379 0.32697247 0.07640464 0.19478238 0.03511787 0.070931409 0.039933326 0.013340036 0.033748602 0.0168537348 4.837340e-03 0.0121310916 2.921515e-03 1.435714e-03 1.699357e-04 1.122978e-02 4.141043e-03 4.467558e-03 2.740802e-03 9.382991e-09 1.593422e-06 7.185171e-06 6.174132e-08 1.675345e-03
   42    1      1      0    0      1      -1      -1   100 5.291487e-03 0.17430304 0.09995413 0.34995135 0.03364855 0.11526227 0.056408214 0.041318743 0.008005624 0.006724865 0.0000694992 7.207849e-03 0.0273453400 1.576897e-02 6.220626e-03 7.825811e-03 2.228043e-03 9.316788e-03 4.114918e-08 5.872618e-03 1.312852e-03 7.875913e-03 1.323538e-12 1.254123e-02 5.546146e-03
   43    1      1      0    0      1      -1      -1   100 8.466613e-03 0.26499412 0.20294939 0.09152785 0.21412837 0.07891167 0.040021243 0.013212166 0.019901666 0.014864544 0.0050487072 1.091663e-02 0.0121070932 7.443403e-03 9.001403e-05 2.821350e-03 1.014677e-07 4.797656e-03 2.038843e-03 4.607849e-03 4.900534e-04 1.791247e-05 4.546201e-15 2.817860e-08 6.427202e-04
   44    1      1      0    0      1      -1      -1   100 8.699194e-03 0.19144325 0.25234039 0.13480049 0.08289749 0.18414822 0.035646771 0.057581324 0.005482432 0.032932646 0.0022749570 1.549603e-03 0.0009195919 9.397595e-04 3.829628e-03 2.001273e-03 1.164669e-04 1.729618e-04 3.051638e-12 4.890846e-07 2.005466e-03 2.068970e-12 1.718206e-04 2.524556e-05 2.052388e-05
   45    1      1      0    0      1      -1      -1   100 3.919124e-03 0.09948478 0.26507120 0.27340252 0.08380866 0.02683131 0.089356375 0.024264556 0.077975801 0.014356220 0.0118181664 1.290128e-02 0.0042312429 2.759059e-04 9.513816e-05 1.277161e-04 1.812817e-03 6.362121e-05 7.006238e-05 9.183089e-03 4.700275e-05 2.801988e-04 2.968939e-07 8.018783e-09 6.229054e-04
   46    1      1      0    0      1      -1      -1   100 4.047848e-02 0.21627811 0.15237552 0.21126049 0.13720427 0.02983297 0.043252170 0.065937628 0.003815006 0.021790337 0.0189529775 2.650429e-02 0.0151896704 7.044734e-03 1.432467e-04 1.819560e-03 1.838249e-03 2.540594e-03 1.826197e-06 2.887810e-03 1.097406e-04 1.995382e-04 1.023864e-04 2.468149e-10 4.403919e-04
   47    1      1      0    0      1      -1      -1   100 2.068336e-03 0.11983427 0.20750253 0.14248875 0.16386047 0.12516504 0.047689862 0.029411001 0.041891276 0.017285701 0.0332509935 2.305083e-02 0.0054304312 5.522632e-04 4.989559e-03 4.900664e-04 4.266903e-04 3.963537e-03 8.044920e-04 2.325799e-07 1.052991e-02 1.348021e-03 3.042941e-04 1.785116e-07 1.766126e-02
   48    1      1      0    0      1      -1      -1   100 9.997735e-03 0.12296911 0.18673439 0.16981972 0.07568975 0.11435230 0.115775157 0.048317211 0.019570549 0.045382271 0.0340163984 3.034520e-03 0.0230326942 1.422551e-02 6.612312e-04 3.097815e-07 2.212556e-03 2.829680e-03 7.040630e-04 2.561402e-03 1.264640e-05 6.258029e-10 1.201653e-06 1.152944e-03 6.946647e-03
   49    1      1      0    0      1      -1      -1   100 1.821388e-03 0.13889658 0.19799406 0.12822515 0.12685822 0.03955295 0.118813987 0.145167925 0.019008833 0.020999929 0.0169728024 1.761898e-02 0.0145485880 2.356918e-03 1.406724e-03 1.741369e-03 1.753010e-03 7.013808e-04 1.167467e-03 2.135445e-04 1.187196e-08 3.316290e-03 1.656182e-04 3.008656e-25 6.982666e-04
   50    1      1      0    0      1      -1      -1   100 2.972660e-02 0.12598878 0.19858965 0.12991035 0.06054267 0.14679114 0.085985608 0.037783873 0.070099561 0.050791079 0.0054792553 1.086733e-02 0.0059872707 1.277320e-02 3.072241e-03 6.143937e-03 8.829628e-03 4.287832e-04 1.408632e-05 5.493277e-03 2.964938e-06 1.005333e-06 4.177997e-15 2.272224e-10 4.697706e-03
   51    1      1      0    0      1      -1      -1   100 2.639643e-02 0.13054312 0.17397491 0.14222155 0.06849011 0.17000596 0.093206575 0.015332478 0.033877443 0.077855376 0.0250497077 3.704958e-03 0.0162546090 5.652666e-04 3.956766e-03 4.005297e-05 4.269253e-03 7.344732e-04 5.752675e-04 4.274792e-14 2.849317e-04 1.264517e-02 9.492026e-11 2.269864e-16 1.558958e-05
   52    1      1      0    0      1      -1      -1   100 2.355229e-02 0.14193828 0.28246156 0.11726478 0.06293549 0.05839446 0.050487143 0.099227264 0.007749208 0.053431367 0.0261831103 1.606919e-02 0.0078922669 8.733846e-03 3.101558e-02 3.667863e-03 4.087761e-03 2.126067e-03 4.553874e-12 2.250339e-06 7.521866e-04 3.513755e-08 5.006074e-04 3.222157e-04 1.205176e-03
   53    1      1      0    0      1      -1      -1   100 1.346271e-03 0.18946661 0.20478044 0.12218335 0.07608924 0.05321981 0.106019640 0.048689407 0.056190134 0.010479881 0.0230046298 5.843705e-02 0.0063461279 2.058603e-03 2.557614e-02 1.461760e-03 1.014088e-02 1.402063e-03 2.941724e-03 3.338790e-05 1.293128e-08 1.269335e-04 1.853483e-11 1.544854e-13 5.912816e-06
   54    1      1      0    0      1      -1      -1   100 4.634271e-02 0.07320309 0.30888299 0.14503442 0.10508132 0.05121466 0.044600703 0.058870434 0.054600010 0.044000065 0.0114014971 3.048393e-03 0.0124546588 2.763249e-02 1.165966e-02 8.862843e-04 9.302455e-06 7.883685e-04 4.104066e-09 1.065231e-04 1.282508e-26 1.815286e-04 5.837251e-10 8.131227e-07 5.512934e-08
   55    1      1      0    0      1      -1      -1   100 4.524059e-02 0.18881071 0.10892765 0.24016421 0.06493203 0.05208058 0.007334791 0.083480524 0.035594867 0.038984791 0.0683606178 2.327896e-02 0.0268844741 4.959601e-03 9.265940e-03 1.298315e-05 1.532751e-03 5.473001e-06 9.445869e-05 1.436812e-06 2.994591e-06 1.961571e-06 2.808580e-09 5.333834e-08 4.755105e-05
   56    1      1      0    0      1      -1      -1   100 6.035770e-03 0.28400209 0.27068272 0.06299329 0.11828490 0.07322706 0.025567989 0.028457017 0.021742722 0.024582101 0.0275164372 2.300342e-02 0.0008178308 1.383530e-02 6.437489e-03 2.487513e-03 1.220138e-03 3.544078e-04 1.133108e-03 1.049855e-07 5.960795e-06 3.280689e-31 3.377134e-15 7.120548e-17 7.612639e-03
   57    1      1      0    0      1      -1      -1   100 4.050268e-03 0.16295414 0.31033010 0.17952481 0.03587599 0.07290562 0.053326458 0.026007200 0.020608662 0.041554202 0.0055816024 1.652199e-02 0.0148464256 3.776702e-03 2.566100e-02 7.798905e-06 1.986791e-02 2.854577e-06 3.352155e-03 1.923832e-08 9.257040e-05 4.272462e-09 1.006297e-04 3.050888e-03 2.674708e-10
   58    1      1      0    0      1      -1      -1   100 5.128051e-03 0.07961294 0.24399178 0.21608634 0.11152873 0.03684560 0.146713116 0.061508013 0.013934533 0.007237902 0.0165619306 2.449963e-02 0.0009978910 1.071814e-03 3.157807e-03 7.636366e-03 1.404244e-03 3.557885e-03 3.757332e-05 1.081592e-02 3.402199e-04 1.058779e-05 7.583100e-19 7.320089e-03 1.051164e-06
   59    1      1      0    0      1      -1      -1   100 3.111324e-03 0.11276573 0.13990204 0.10975005 0.21973998 0.11755985 0.009361481 0.117581952 0.021907143 0.020457376 0.0005692585 1.459419e-03 0.0151814211 3.718058e-02 4.944036e-02 1.277229e-05 3.062867e-04 6.202216e-03 1.067581e-02 6.388922e-05 1.750689e-04 3.079605e-08 7.345504e-10 1.635655e-07 6.595798e-03
   60    1      1      0    0      1      -1      -1   100 6.823528e-03 0.07339717 0.10289402 0.10271152 0.19574343 0.18779590 0.150174319 0.012666698 0.060885316 0.027566277 0.0078482437 9.459398e-03 0.0294296428 2.841770e-04 1.428743e-02 5.130833e-03 1.370941e-03 5.880793e-03 2.257040e-03 1.774557e-05 1.090984e-05 1.351849e-05 5.315457e-27 4.468780e-07 3.350705e-03
   61    1      1      0    0      1      -1      -1   100 1.529719e-02 0.20977576 0.06939397 0.09150595 0.05759811 0.09723966 0.170838899 0.077262741 0.011699916 0.064848031 0.0168455210 3.199809e-02 0.0236685613 2.059644e-02 6.772503e-03 1.217994e-02 6.353191e-03 1.383339e-02 2.217601e-04 3.979253e-05 1.108687e-03 1.207061e-05 1.972532e-04 4.467522e-18 7.125883e-04
   62    1      1      0    0      1      -1      -1   100 2.736690e-03 0.15574530 0.21996388 0.05014880 0.06854408 0.08569725 0.099672771 0.126917634 0.048345972 0.010180235 0.0215529443 1.403746e-02 0.0078090774 2.569148e-02 4.757088e-03 1.226500e-03 3.918227e-03 1.598597e-03 8.724761e-03 2.605942e-02 1.388292e-02 4.624277e-09 2.164406e-03 1.505288e-11 6.245053e-04
   63    1      1      0    0      1      -1      -1   100 1.855514e-02 0.18654249 0.21537230 0.23365578 0.02083406 0.03223757 0.034828810 0.068847434 0.088172341 0.051679324 0.0010259408 6.360700e-03 0.0056022148 1.637920e-02 6.969993e-04 3.028652e-03 1.146146e-02 5.025541e-05 7.437191e-06 3.199421e-04 9.430005e-05 4.230934e-03 9.206601e-19 1.610750e-06 1.511138e-05
   64    1      1      0    0      1      -1      -1   100 1.767922e-02 0.10150731 0.20476523 0.11295457 0.19908583 0.05914440 0.036009101 0.035438837 0.070023880 0.032739072 0.0749946721 4.361713e-03 0.0106842053 1.927480e-02 4.775061e-03 9.956512e-04 2.860828e-03 5.206332e-06 9.864680e-04 1.238623e-03 1.513790e-03 1.482557e-05 1.944284e-03 1.874077e-03 5.128337e-03
   65    1      1      0    0      1      -1      -1   100 4.622998e-02 0.17177637 0.12576922 0.14161031 0.12378480 0.12392998 0.029827314 0.030397049 0.025486083 0.078511725 0.0269020352 1.490357e-02 0.0001282142 5.596521e-03 9.939214e-03 1.648976e-02 1.070128e-02 1.173088e-03 2.583772e-04 4.301335e-04 3.374724e-03 1.277963e-02 2.788134e-07 3.352451e-07 7.371076e-11
   66    1      1      0    0      1      -1      -1   100 8.576117e-04 0.22371216 0.12611965 0.08200631 0.08350595 0.06865690 0.155020547 0.010803309 0.014865399 0.022942958 0.0650296125 8.105557e-02 0.0366340904 4.241381e-08 1.792013e-02 5.105816e-03 1.262062e-05 1.403890e-05 1.340403e-03 2.547033e-06 2.588911e-04 3.766406e-03 3.161793e-10 2.781358e-09 3.690365e-04
   67    1      1      0    0      1      -1      -1   100 6.424075e-03 0.07580605 0.29202720 0.09865440 0.10015803 0.07248516 0.050502544 0.157265801 0.012691347 0.032683468 0.0204138347 4.187118e-03 0.0248164106 2.638361e-02 1.091222e-04 1.574307e-02 5.110907e-03 3.788555e-03 1.191506e-06 2.651120e-13 7.147361e-06 5.410447e-04 1.840102e-04 2.767026e-27 1.589555e-05
   68    1      1      0    0      1      -1      -1   100 3.246226e-03 0.06490629 0.14115514 0.21976624 0.11768732 0.08265415 0.058405501 0.067046504 0.061081876 0.009831819 0.0387810351 5.154187e-03 0.0304204566 1.176142e-02 2.367383e-02 2.272443e-03 1.639139e-02 1.175534e-02 2.653752e-03 3.514857e-05 2.090712e-02 6.348780e-04 2.570551e-04 3.150772e-08 9.520842e-03
   69    1      1      0    0      1      -1      -1   100 1.000910e-02 0.12113251 0.10060107 0.10325285 0.19242032 0.08512368 0.076868140 0.048241238 0.078225567 0.040541175 0.0078656968 2.278853e-02 0.0027700964 3.195283e-02 3.152931e-02 7.638121e-04 8.656368e-03 1.515996e-02 1.432786e-04 4.353068e-06 2.173433e-02 2.563838e-07 1.297237e-05 7.278751e-07 2.018366e-04
   70    1      1      0    0      1      -1      -1   100 2.492207e-02 0.17734721 0.18087920 0.09909886 0.06140316 0.10491090 0.095547330 0.042079079 0.064289458 0.025653025 0.0600652222 1.006875e-02 0.0050732436 7.439359e-03 5.202635e-03 2.020806e-03 1.094961e-02 1.223487e-03 7.076782e-03 2.454799e-05 1.897313e-08 4.456596e-08 1.472505e-02 9.859711e-08 3.854628e-08
   71    1      1      0    0      1      -1      -1   100 2.256667e-02 0.17264248 0.22530883 0.12130225 0.05188093 0.03126933 0.077713959 0.021483063 0.045246196 0.029531941 0.0371328853 4.699010e-02 0.0199245169 2.423316e-02 1.020092e-03 1.535305e-02 1.380054e-02 1.724521e-02 1.336810e-03 6.457536e-03 6.153684e-03 1.102880e-02 3.708318e-04 2.154383e-07 6.911223e-06
   72    1      1      0    0      1      -1      -1   100 5.890578e-03 0.22842177 0.16241696 0.16235890 0.04504158 0.07203287 0.074998987 0.088207715 0.027051741 0.014711201 0.0179520231 4.075926e-02 0.0233147123 2.394785e-02 7.591585e-04 5.456185e-05 5.763166e-03 1.649834e-03 3.839929e-04 1.065774e-04 6.125702e-04 3.273976e-03 4.859162e-09 1.973896e-05 2.702771e-04
   73    1      1      0    0      1      -1      -1   100 4.539795e-04 0.08475888 0.26164771 0.17113728 0.07939934 0.12139805 0.025232264 0.024397683 0.067393597 0.057239747 0.0466996483 1.404768e-02 0.0055609500 1.957547e-02 1.275192e-04 1.654861e-04 1.238063e-02 1.083419e-03 1.600590e-03 3.723110e-03 1.541581e-03 4.349733e-04 2.356762e-09 3.101408e-13 4.190981e-07
   74    1      1      0    0      1      -1      -1   100 1.076210e-02 0.14007243 0.18605357 0.22664169 0.06734677 0.14773281 0.071224163 0.006700159 0.009209135 0.045831795 0.0052443103 7.876717e-04 0.0058326461 2.494692e-04 4.237020e-02 6.085348e-03 6.555767e-04 3.262416e-05 3.978280e-04 6.736054e-03 1.209909e-04 1.061157e-07 1.646357e-08 1.661946e-12 1.991253e-02
   75    1      1      0    0      1      -1      -1   100 2.216153e-02 0.14156034 0.17215505 0.06710785 0.19217626 0.08557010 0.071026919 0.029539363 0.062489396 0.014660098 0.0601351912 4.578667e-03 0.0095919242 1.175637e-02 5.727636e-03 2.675262e-02 7.463255e-07 1.698620e-02 2.623963e-05 1.096887e-03 3.980339e-03 1.796445e-04 5.375378e-04 2.665770e-13 2.030903e-04
   76    1      1      0    0      1      -1      -1   100 3.096823e-02 0.11753708 0.23649906 0.12077963 0.09527773 0.10876873 0.077048403 0.044295005 0.011091808 0.030054844 0.0396250682 1.368669e-02 0.0009616540 2.943479e-03 3.373079e-02 5.223135e-03 9.558095e-03 1.286084e-05 4.139538e-03 1.265125e-05 8.003775e-04 9.561150e-03 3.596400e-03 6.413996e-08 3.827531e-03
   77    1      1      0    0      1      -1      -1   100 1.843563e-02 0.19783180 0.18346466 0.12295571 0.07242669 0.05876668 0.134526670 0.023561898 0.061979165 0.008941462 0.0036776404 2.465546e-02 0.0230430604 1.060054e-03 1.077344e-02 3.305389e-03 9.432834e-03 3.542508e-02 1.638544e-05 1.220994e-04 5.312144e-03 2.648244e-04 4.171542e-07 1.138729e-05 9.428466e-06
   78    1      1      0    0      1      -1      -1   100 3.907617e-02 0.20411345 0.14407406 0.14540104 0.15235978 0.06315079 0.016364039 0.113065775 0.008540272 0.023914995 0.0049509283 1.923808e-02 0.0019035131 2.977249e-02 7.013381e-03 3.206425e-04 1.115028e-02 2.174794e-04 1.148405e-02 5.144143e-14 1.612379e-03 4.292048e-04 6.231102e-06 1.811294e-03 2.969137e-05
   79    1      1      0    0      1      -1      -1   100 1.898941e-02 0.23467418 0.15162466 0.16541961 0.12833046 0.03041714 0.064188788 0.005931806 0.076906449 0.033651246 0.0326170173 7.793637e-03 0.0109967955 1.310880e-02 6.962534e-03 1.058422e-02 3.028313e-04 1.920372e-03 2.442164e-03 1.568769e-03 9.270997e-16 3.811630e-06 1.386724e-04 4.736497e-09 1.426612e-03
   80    1      1      0    0      1      -1      -1   100 1.524170e-02 0.20729519 0.23795053 0.09609685 0.15619709 0.07722968 0.042558149 0.012302845 0.025058909 0.033901662 0.0098737039 1.812595e-02 0.0004128728 1.099630e-02 1.014251e-02 2.730275e-02 1.613138e-06 1.898474e-02 7.244619e-05 8.635967e-08 9.177860e-06 2.471018e-10 6.037397e-26 1.365465e-05 2.315825e-04
   81    1      1      0    0      1      -1      -1   100 2.626178e-02 0.25427864 0.13789107 0.18316271 0.07238439 0.09595095 0.094065508 0.021009710 0.010561281 0.004416530 0.0204318912 1.239154e-02 0.0423919925 2.853427e-03 8.295246e-05 3.296984e-04 1.491046e-02 3.684105e-03 6.782564e-08 1.367260e-03 1.591621e-11 1.257931e-03 5.937648e-21 8.622879e-14 3.161043e-04
   82    1      1      0    0      1      -1      -1   100 1.462983e-02 0.12460638 0.25687798 0.11409258 0.12099277 0.11054902 0.065370992 0.067741727 0.022855776 0.021588256 0.0275168249 1.206027e-02 0.0295725346 3.733446e-03 1.641287e-03 3.073011e-05 1.430940e-03 1.258182e-04 9.062485e-08 5.897891e-14 3.435468e-09 4.356298e-03 3.086537e-09 4.578704e-19 2.264394e-04
   83    1      1      0    0      1      -1      -1   100 2.578886e-02 0.18119082 0.15452089 0.18254695 0.10023537 0.11449797 0.065631266 0.048982178 0.037177564 0.002900410 0.0148925077 9.909969e-03 0.0281339887 1.624244e-02 5.747132e-04 4.226679e-03 7.887484e-06 1.489193e-03 5.206640e-03 1.461779e-05 4.887304e-03 8.380998e-04 1.026439e-10 9.689985e-05 6.781923e-06
   84    1      1      0    0      1      -1      -1   100 2.194061e-02 0.21388254 0.15728164 0.07610769 0.17364686 0.05473645 0.121732877 0.054618439 0.082725373 0.009003339 0.0030453847 1.997900e-02 0.0009329053 6.876087e-03 2.149100e-03 3.561378e-04 2.945534e-08 6.541455e-06 6.726018e-04 6.131365e-06 3.284452e-06 1.102276e-10 1.016128e-04 1.898801e-04 5.474193e-06
   85    1      1      0    0      1      -1      -1   100 3.738919e-02 0.16049006 0.25222632 0.07934604 0.11740127 0.07495880 0.026063776 0.060370686 0.068805934 0.041593933 0.0135300883 8.872305e-03 0.0034337936 3.772088e-04 1.399923e-02 7.636991e-03 2.332788e-03 3.277096e-03 4.894758e-03 3.598833e-03 6.591351e-09 3.614420e-14 1.927070e-02 1.467287e-09 1.301954e-04
   86    1      1      0    0      1      -1      -1   100 1.558925e-02 0.17687065 0.12909563 0.22502152 0.03944035 0.08285713 0.133186124 0.054941065 0.029839374 0.010943146 0.0377118495 2.298016e-02 0.0036897758 1.151077e-03 8.130378e-04 1.548380e-03 1.555665e-02 8.397895e-06 5.584359e-06 1.289409e-02 2.832837e-19 5.637126e-03 3.893942e-05 4.511431e-13 1.806883e-04
   87    1      1      0    0      1      -1      -1   100 6.045565e-03 0.26478712 0.12435629 0.15698204 0.22843579 0.01954116 0.024730116 0.051906011 0.013605171 0.040160617 0.0182710943 9.061773e-03 0.0093530318 3.305408e-03 1.710118e-06 1.576094e-02 2.949804e-03 9.810913e-03 1.926754e-04 2.532041e-04 8.497834e-05 1.818229e-07 3.383084e-07 3.671110e-18 4.040584e-04
   88    1      1      0    0      1      -1      -1   100 2.353066e-02 0.06880913 0.24616635 0.19969078 0.09430032 0.15526897 0.022893210 0.025484602 0.037464541 0.024342317 0.0399172571 7.243807e-03 0.0333139514 3.066089e-03 5.414164e-04 2.170401e-03 2.038330e-04 4.529523e-03 7.190251e-05 5.857032e-03 5.133902e-03 4.842677e-20 6.440151e-12 7.018118e-19 1.163107e-09
   89    1      1      0    0      1      -1      -1   100 6.554887e-03 0.19789777 0.10671966 0.16982926 0.11188804 0.07140104 0.062060434 0.049789086 0.032621151 0.032975449 0.0452524577 3.067580e-02 0.0114514225 1.208738e-02 2.715769e-02 1.820524e-05 6.492646e-04 4.233403e-08 3.094523e-02 1.524260e-08 5.696965e-06 1.859041e-05 4.443182e-19 2.839632e-19 1.437228e-06
   90    1      1      0    0      1      -1      -1   100 2.008411e-02 0.12441739 0.24172830 0.05444007 0.10303723 0.13778821 0.080231137 0.103901948 0.042240895 0.026903054 0.0342678814 7.713157e-03 0.0037487942 2.330524e-03 6.270221e-03 9.691145e-04 3.883487e-04 9.361425e-04 1.000800e-06 3.759705e-03 1.719010e-03 2.759663e-03 1.892304e-05 1.040163e-30 3.451686e-04
   91    1      1      0    0      1      -1      -1   100 4.838536e-03 0.12289599 0.22537534 0.21498668 0.05530528 0.11172574 0.061709652 0.042979101 0.059444712 0.007929866 0.0140102623 2.107482e-02 0.0009978125 3.215752e-02 2.608546e-05 8.285330e-04 1.998272e-02 3.833527e-08 1.813624e-06 2.748578e-11 3.546881e-03 3.289009e-05 9.769758e-08 8.735553e-08 1.495383e-04
   92    1      1      0    0      1      -1      -1   100 9.657058e-03 0.24744321 0.17604195 0.18540975 0.06089367 0.02251508 0.136543355 0.026248979 0.026553611 0.064888418 0.0242965558 1.443511e-03 0.0048979375 1.179732e-03 8.755221e-03 5.127542e-04 1.537860e-04 3.780313e-04 5.475284e-04 1.346467e-03 1.046249e-06 3.162609e-10 2.496342e-09 1.272519e-22 2.923433e-04
   93    1      1      0    0      1      -1      -1   100 2.858033e-02 0.11449537 0.19433179 0.11368583 0.13176125 0.11210404 0.038850005 0.094977431 0.039978584 0.023825206 0.0476190041 2.323182e-02 0.0062010127 1.340958e-02 4.266642e-04 7.487299e-03 5.003183e-03 3.854550e-03 1.690337e-04 5.480863e-07 4.537124e-06 1.056712e-14 1.315627e-12 2.395884e-11 2.948913e-06
   94    1      1      0    0      1      -1      -1   100 1.813560e-02 0.24791883 0.17421116 0.11008427 0.13145642 0.07979051 0.064593541 0.017841906 0.030039782 0.053196765 0.0070778168 2.992825e-03 0.0085481983 6.332762e-03 1.949775e-02 2.617526e-03 1.202576e-02 4.808385e-03 6.770559e-05 8.500889e-05 1.350748e-09 2.775060e-03 7.116102e-18 1.644401e-11 5.902426e-03
   95    1      1      0    0      1      -1      -1   100 1.224049e-02 0.14560605 0.31647384 0.09591844 0.09791225 0.06721830 0.040770717 0.058153230 0.011930246 0.057491334 0.0273758460 5.863625e-03 0.0035302883 2.617155e-03 6.310981e-03 5.626845e-03 6.945701e-07 7.550229e-04 2.071359e-03 4.184273e-02 2.859860e-10 6.033579e-09 1.827501e-06 2.830222e-04 5.686997e-06
   96    1      1      0    0      1      -1      -1   100 4.676730e-02 0.12774095 0.16908152 0.25854919 0.11773786 0.04175519 0.072031642 0.013878775 0.028119799 0.016527763 0.0071017422 2.227546e-02 0.0209777426 4.683756e-03 7.681747e-04 1.476089e-02 1.665216e-02 4.323182e-03 1.038001e-03 1.519577e-02 1.256094e-07 5.045257e-06 4.703669e-06 1.854413e-12 2.323679e-05
   97    1      1      0    0      1      -1      -1   100 1.235479e-02 0.24391731 0.17419001 0.13833097 0.12294427 0.04902760 0.085623751 0.058874017 0.015358902 0.027517548 0.0063601197 2.241487e-03 0.0117344888 4.358190e-03 2.767955e-03 3.060969e-03 1.276239e-04 3.255177e-02 6.952108e-03 1.866006e-07 1.591724e-03 5.666947e-06 6.227174e-09 2.365230e-25 1.085290e-04
   98    1      1      0    0      1      -1      -1   100 4.204731e-03 0.04721127 0.33172322 0.17116153 0.12970586 0.06606955 0.039568608 0.060897758 0.043503478 0.013898851 0.0045701567 9.948924e-06 0.0086905240 8.631743e-03 2.159418e-03 9.179418e-03 1.161977e-04 9.422690e-04 4.744396e-03 1.527080e-02 4.305595e-06 2.740653e-09 3.679853e-02 4.805514e-10 9.374294e-04
   99    1      1      0    0      1      -1      -1   100 3.897611e-03 0.06607454 0.19986868 0.27754728 0.15623973 0.08185872 0.059094277 0.049777885 0.055732452 0.006941197 0.0047694848 7.537942e-03 0.0023159893 9.568334e-03 1.128607e-03 2.121640e-03 1.233127e-02 4.219561e-06 1.288173e-05 1.265203e-04 2.582861e-06 1.936823e-03 2.306799e-11 8.238148e-08 1.111255e-03
  100    1      1      0    0      1      -1      -1   100 3.419756e-03 0.13620144 0.14613850 0.09531694 0.20545589 0.13526094 0.069127627 0.040847978 0.014780553 0.010117323 0.0413820187 1.213776e-02 0.0315832990 1.226064e-02 2.901945e-02 6.534684e-03 2.344203e-03 2.591114e-04 1.967453e-06 3.964042e-13 8.530797e-04 7.815208e-04 5.229257e-03 3.343578e-15 9.460511e-04
    2    1      2      0    0      1      -1      -1   100 3.000000e-02 0.15000000 0.09000000 0.14000000 0.14000000 0.06000000 0.070000000 0.060000000 0.040000000 0.050000000 0.0000000000 3.000000e-02 0.0300000000 2.000000e-02 2.000000e-02 1.000000e-02 1.000000e-02 1.000000e-02 1.000000e-02 0.000000e+00 0.000000e+00 0.000000e+00 0.000000e+00 1.000000e-02 2.000000e-02
    3    1      2      0    0      1      -1      -1   100 0.000000e+00 0.13000000 0.19000000 0.12000000 0.08000000 0.11000000 0.070000000 0.020000000 0.050000000 0.030000000 0.0300000000 5.000000e-02 0.0000000000 0.000000e+00 2.000000e-02 0.000000e+00 0.000000e+00 1.000000e-02 1.000000e-02 1.000000e-02 0.000000e+00 1.000000e-02 1.000000e-02 1.000000e-02 4.000000e-02
    4    1      2      0    0      1      -1      -1   100 4.000000e-02 0.13000000 0.02000000 0.08000000 0.10000000 0.10000000 0.110000000 0.080000000 0.040000000 0.050000000 0.0600000000 1.000000e-02 0.0300000000 2.000000e-02 3.000000e-02 0.000000e+00 2.000000e-02 1.000000e-02 2.000000e-02 1.000000e-02 1.000000e-02 0.000000e+00 1.000000e-02 0.000000e+00 2.000000e-02
    5    1      2      0    0      1      -1      -1   100 3.000000e-02 0.11000000 0.13000000 0.14000000 0.14000000 0.09000000 0.040000000 0.030000000 0.060000000 0.040000000 0.0500000000 2.000000e-02 0.0400000000 4.000000e-02 1.000000e-02 0.000000e+00 2.000000e-02 0.000000e+00 0.000000e+00 1.000000e-02 0.000000e+00 0.000000e+00 0.000000e+00 0.000000e+00 0.000000e+00
    6    1      2      0    0      1      -1      -1   100 3.000000e-02 0.11000000 0.08000000 0.16000000 0.06000000 0.11000000 0.070000000 0.070000000 0.050000000 0.060000000 0.0400000000 4.000000e-02 0.0300000000 3.000000e-02 1.000000e-02 2.000000e-02 1.000000e-02 0.000000e+00 0.000000e+00 0.000000e+00 1.000000e-02 0.000000e+00 0.000000e+00 0.000000e+00 1.000000e-02
    7    1      2      0    0      1      -1      -1   100 0.000000e+00 0.13000000 0.21000000 0.09000000 0.08000000 0.06000000 0.090000000 0.050000000 0.060000000 0.050000000 0.0100000000 2.000000e-02 0.0300000000 4.000000e-02 0.000000e+00 2.000000e-02 2.000000e-02 1.000000e-02 0.000000e+00 1.000000e-02 0.000000e+00 0.000000e+00 1.000000e-02 0.000000e+00 1.000000e-02
    8    1      2      0    0      1      -1      -1   100 5.000000e-02 0.17000000 0.08000000 0.18000000 0.09000000 0.07000000 0.040000000 0.050000000 0.060000000 0.040000000 0.0300000000 2.000000e-02 0.0300000000 0.000000e+00 2.000000e-02 2.000000e-02 0.000000e+00 0.000000e+00 2.000000e-02 3.000000e-02 0.000000e+00 0.000000e+00 0.000000e+00 0.000000e+00 0.000000e+00
    9    1      2      0    0      1      -1      -1   100 1.000000e-02 0.25000000 0.10000000 0.08000000 0.10000000 0.07000000 0.080000000 0.010000000 0.080000000 0.040000000 0.0500000000 2.000000e-02 0.0300000000 1.000000e-02 1.000000e-02 1.000000e-02 1.000000e-02 2.000000e-02 0.000000e+00 0.000000e+00 0.000000e+00 1.000000e-02 0.000000e+00 0.000000e+00 1.000000e-02
   10    1      2      0    0      1      -1      -1   100 3.000000e-02 0.12000000 0.12000000 0.11000000 0.05000000 0.16000000 0.050000000 0.070000000 0.050000000 0.070000000 0.0000000000 2.000000e-02 0.0200000000 5.000000e-02 1.000000e-02 1.000000e-02 1.000000e-02 0.000000e+00 1.000000e-02 0.000000e+00 1.000000e-02 0.000000e+00 2.000000e-02 1.000000e-02 0.000000e+00
   11    1      2      0    0      1      -1      -1   100 2.000000e-02 0.17000000 0.10000000 0.15000000 0.08000000 0.06000000 0.110000000 0.070000000 0.040000000 0.010000000 0.0200000000 4.000000e-02 0.0100000000 3.000000e-02 1.000000e-02 1.000000e-02 0.000000e+00 2.000000e-02 2.000000e-02 0.000000e+00 0.000000e+00 1.000000e-02 0.000000e+00 0.000000e+00 2.000000e-02
   12    1      2      0    0      1      -1      -1   100 3.000000e-02 0.20000000 0.12000000 0.05000000 0.08000000 0.07000000 0.050000000 0.120000000 0.070000000 0.010000000 0.0100000000 3.000000e-02 0.0400000000 4.000000e-02 2.000000e-02 0.000000e+00 2.000000e-02 0.000000e+00 1.000000e-02 0.000000e+00 2.000000e-02 0.000000e+00 0.000000e+00 0.000000e+00 1.000000e-02
   13    1      2      0    0      1      -1      -1   100 2.000000e-02 0.16000000 0.17000000 0.11000000 0.08000000 0.08000000 0.050000000 0.040000000 0.090000000 0.030000000 0.0400000000 5.000000e-02 0.0100000000 0.000000e+00 0.000000e+00 2.000000e-02 2.000000e-02 0.000000e+00 0.000000e+00 0.000000e+00 0.000000e+00 0.000000e+00 0.000000e+00 0.000000e+00 3.000000e-02
   14    1      2      0    0      1      -1      -1   100 2.000000e-02 0.16000000 0.07000000 0.20000000 0.11000000 0.01000000 0.100000000 0.050000000 0.040000000 0.050000000 0.0000000000 5.000000e-02 0.0200000000 3.000000e-02 3.000000e-02 1.000000e-02 2.000000e-02 0.000000e+00 1.000000e-02 0.000000e+00 1.000000e-02 0.000000e+00 0.000000e+00 0.000000e+00 1.000000e-02
   15    1      2      0    0      1      -1      -1   100 1.000000e-02 0.14000000 0.16000000 0.15000000 0.10000000 0.03000000 0.060000000 0.040000000 0.070000000 0.030000000 0.0500000000 1.000000e-02 0.0300000000 0.000000e+00 4.000000e-02 0.000000e+00 4.000000e-02 0.000000e+00 0.000000e+00 0.000000e+00 0.000000e+00 1.000000e-02 1.000000e-02 0.000000e+00 2.000000e-02
   16    1      2      0    0      1      -1      -1   100 4.000000e-02 0.13000000 0.23000000 0.12000000 0.10000000 0.08000000 0.030000000 0.050000000 0.030000000 0.010000000 0.0000000000 5.000000e-02 0.0200000000 0.000000e+00 1.000000e-02 1.000000e-02 2.000000e-02 0.000000e+00 2.000000e-02 1.000000e-02 0.000000e+00 0.000000e+00 0.000000e+00 1.000000e-02 3.000000e-02
   17    1      2      0    0      1      -1      -1   100 4.000000e-02 0.16000000 0.10000000 0.12000000 0.13000000 0.07000000 0.100000000 0.040000000 0.030000000 0.050000000 0.0100000000 0.000000e+00 0.0000000000 3.000000e-02 2.000000e-02 2.000000e-02 2.000000e-02 2.000000e-02 0.000000e+00 0.000000e+00 1.000000e-02 0.000000e+00 0.000000e+00 1.000000e-02 2.000000e-02
   18    1      2      0    0      1      -1      -1   100 6.000000e-02 0.32000000 0.11000000 0.07000000 0.08000000 0.07000000 0.030000000 0.040000000 0.040000000 0.010000000 0.0300000000 5.000000e-02 0.0000000000 1.000000e-02 0.000000e+00 1.000000e-02 1.000000e-02 0.000000e+00 1.000000e-02 1.000000e-02 1.000000e-02 1.000000e-02 0.000000e+00 0.000000e+00 2.000000e-02
   19    1      2      0    0      1      -1      -1   100 3.000000e-02 0.11000000 0.29000000 0.10000000 0.06000000 0.04000000 0.040000000 0.060000000 0.050000000 0.000000000 0.0300000000 7.000000e-02 0.0200000000 0.000000e+00 3.000000e-02 1.000000e-02 1.000000e-02 0.000000e+00 0.000000e+00 1.000000e-02 2.000000e-02 0.000000e+00 0.000000e+00 0.000000e+00 2.000000e-02
   20    1      2      0    0      1      -1      -1   100 4.000000e-02 0.09000000 0.15000000 0.24000000 0.06000000 0.05000000 0.060000000 0.070000000 0.040000000 0.030000000 0.0100000000 1.000000e-02 0.0400000000 0.000000e+00 1.000000e-02 2.000000e-02 2.000000e-02 0.000000e+00 2.000000e-02 0.000000e+00 0.000000e+00 2.000000e-02 0.000000e+00 0.000000e+00 2.000000e-02
   21    1      2      0    0      1      -1      -1   100 4.000000e-02 0.21000000 0.12000000 0.12000000 0.17000000 0.10000000 0.040000000 0.050000000 0.010000000 0.020000000 0.0500000000 2.000000e-02 0.0100000000 0.000000e+00 1.000000e-02 0.000000e+00 0.000000e+00 1.000000e-02 1.000000e-02 1.000000e-02 0.000000e+00 0.000000e+00 0.000000e+00 0.000000e+00 0.000000e+00
   22    1      2      0    0      1      -1      -1   100 6.000000e-02 0.06000000 0.20000000 0.08000000 0.08000000 0.11000000 0.060000000 0.050000000 0.060000000 0.040000000 0.0400000000 4.000000e-02 0.0300000000 3.000000e-02 1.000000e-02 0.000000e+00 1.000000e-02 1.000000e-02 0.000000e+00 0.000000e+00 2.000000e-02 0.000000e+00 1.000000e-02 0.000000e+00 0.000000e+00
   23    1      2      0    0      1      -1      -1   100 2.000000e-02 0.35000000 0.10000000 0.07000000 0.05000000 0.04000000 0.110000000 0.080000000 0.020000000 0.020000000 0.0000000000 2.000000e-02 0.0100000000 1.000000e-02 2.000000e-02 2.000000e-02 0.000000e+00 1.000000e-02 1.000000e-02 1.000000e-02 0.000000e+00 0.000000e+00 0.000000e+00 1.000000e-02 2.000000e-02
   24    1      2      0    0      1      -1      -1   100 2.000000e-02 0.17000000 0.35000000 0.03000000 0.07000000 0.03000000 0.080000000 0.080000000 0.050000000 0.010000000 0.0200000000 1.000000e-02 0.0100000000 1.000000e-02 1.000000e-02 0.000000e+00 1.000000e-02 0.000000e+00 0.000000e+00 0.000000e+00 0.000000e+00 0.000000e+00 1.000000e-02 0.000000e+00 3.000000e-02
   25    1      2      0    0      1      -1      -1   100 1.000000e-02 0.20000000 0.18000000 0.25000000 0.05000000 0.07000000 0.040000000 0.070000000 0.040000000 0.020000000 0.0000000000 1.000000e-02 0.0000000000 1.000000e-02 1.000000e-02 1.000000e-02 1.000000e-02 0.000000e+00 0.000000e+00 0.000000e+00 0.000000e+00 0.000000e+00 1.000000e-02 1.000000e-02 0.000000e+00
   26    1      2      0    0      1      -1      -1   100 1.000000e-02 0.14000000 0.11000000 0.12000000 0.21000000 0.06000000 0.070000000 0.030000000 0.020000000 0.080000000 0.0400000000 0.000000e+00 0.0200000000 0.000000e+00 1.000000e-02 2.000000e-02 0.000000e+00 1.000000e-02 2.000000e-02 0.000000e+00 1.000000e-02 1.000000e-02 0.000000e+00 1.000000e-02 0.000000e+00
   27    1      2      0    0      1      -1      -1   100 1.000000e-02 0.10000000 0.17000000 0.05000000 0.13000000 0.21000000 0.030000000 0.030000000 0.010000000 0.070000000 0.0900000000 1.000000e-02 0.0200000000 0.000000e+00 1.000000e-02 0.000000e+00 2.000000e-02 0.000000e+00 1.000000e-02 1.000000e-02 0.000000e+00 2.000000e-02 0.000000e+00 0.000000e+00 0.000000e+00
   28    1      2      0    0      1      -1      -1   100 4.000000e-02 0.21000000 0.09000000 0.09000000 0.11000000 0.12000000 0.090000000 0.030000000 0.050000000 0.010000000 0.0400000000 4.000000e-02 0.0300000000 0.000000e+00 0.000000e+00 2.000000e-02 0.000000e+00 0.000000e+00 1.000000e-02 0.000000e+00 0.000000e+00 0.000000e+00 1.000000e-02 1.000000e-02 0.000000e+00
   29    1      2      0    0      1      -1      -1   100 3.000000e-02 0.20000000 0.15000000 0.10000000 0.07000000 0.10000000 0.030000000 0.120000000 0.010000000 0.050000000 0.0100000000 1.000000e-02 0.0000000000 3.000000e-02 0.000000e+00 1.000000e-02 2.000000e-02 1.000000e-02 1.000000e-02 1.000000e-02 2.000000e-02 0.000000e+00 0.000000e+00 0.000000e+00 1.000000e-02
   30    1      2      0    0      1      -1      -1   100 1.000000e-02 0.16000000 0.19000000 0.11000000 0.06000000 0.07000000 0.090000000 0.040000000 0.140000000 0.020000000 0.0300000000 1.000000e-02 0.0200000000 1.000000e-02 2.000000e-02 0.000000e+00 1.000000e-02 0.000000e+00 0.000000e+00 0.000000e+00 0.000000e+00 0.000000e+00 0.000000e+00 0.000000e+00 1.000000e-02
   31    1      2      0    0      1      -1      -1   100 4.000000e-02 0.16000000 0.16000000 0.11000000 0.09000000 0.10000000 0.050000000 0.060000000 0.070000000 0.070000000 0.0300000000 1.000000e-02 0.0000000000 0.000000e+00 3.000000e-02 0.000000e+00 1.000000e-02 0.000000e+00 0.000000e+00 1.000000e-02 0.000000e+00 0.000000e+00 0.000000e+00 0.000000e+00 0.000000e+00
   32    1      2      0    0      1      -1      -1   100 0.000000e+00 0.24000000 0.11000000 0.12000000 0.11000000 0.08000000 0.050000000 0.050000000 0.000000000 0.060000000 0.0400000000 2.000000e-02 0.0100000000 1.000000e-02 0.000000e+00 1.000000e-02 1.000000e-02 1.000000e-02 0.000000e+00 0.000000e+00 2.000000e-02 0.000000e+00 2.000000e-02 0.000000e+00 3.000000e-02
   33    1      2      0    0      1      -1      -1   100 5.000000e-02 0.16000000 0.24000000 0.13000000 0.10000000 0.04000000 0.050000000 0.010000000 0.040000000 0.030000000 0.0200000000 4.000000e-02 0.0100000000 2.000000e-02 1.000000e-02 0.000000e+00 2.000000e-02 1.000000e-02 0.000000e+00 1.000000e-02 0.000000e+00 0.000000e+00 0.000000e+00 0.000000e+00 1.000000e-02
   34    1      2      0    0      1      -1      -1   100 2.000000e-02 0.18000000 0.11000000 0.21000000 0.12000000 0.06000000 0.030000000 0.030000000 0.030000000 0.000000000 0.0100000000 5.000000e-02 0.0300000000 2.000000e-02 2.000000e-02 1.000000e-02 0.000000e+00 2.000000e-02 1.000000e-02 1.000000e-02 2.000000e-02 0.000000e+00 1.000000e-02 0.000000e+00 0.000000e+00
   35    1      2      0    0      1      -1      -1   100 4.000000e-02 0.14000000 0.14000000 0.07000000 0.15000000 0.12000000 0.040000000 0.050000000 0.080000000 0.020000000 0.0300000000 4.000000e-02 0.0000000000 2.000000e-02 1.000000e-02 1.000000e-02 0.000000e+00 3.000000e-02 1.000000e-02 0.000000e+00 0.000000e+00 0.000000e+00 0.000000e+00 0.000000e+00 0.000000e+00
   36    1      2      0    0      1      -1      -1   100 4.000000e-02 0.23000000 0.08000000 0.11000000 0.03000000 0.16000000 0.080000000 0.050000000 0.040000000 0.040000000 0.0100000000 1.000000e-02 0.0400000000 3.000000e-02 2.000000e-02 0.000000e+00 0.000000e+00 0.000000e+00 0.000000e+00 0.000000e+00 0.000000e+00 0.000000e+00 2.000000e-02 0.000000e+00 1.000000e-02
   37    1      2      0    0      1      -1      -1   100 7.000000e-02 0.17000000 0.27000000 0.06000000 0.09000000 0.07000000 0.100000000 0.040000000 0.010000000 0.000000000 0.0200000000 1.000000e-02 0.0000000000 3.000000e-02 1.000000e-02 2.000000e-02 0.000000e+00 0.000000e+00 0.000000e+00 0.000000e+00 1.000000e-02 0.000000e+00 1.000000e-02 0.000000e+00 1.000000e-02
   38    1      2      0    0      1      -1      -1   100 2.000000e-02 0.28000000 0.12000000 0.19000000 0.05000000 0.05000000 0.050000000 0.070000000 0.040000000 0.040000000 0.0100000000 0.000000e+00 0.0100000000 1.000000e-02 1.000000e-02 2.000000e-02 1.000000e-02 0.000000e+00 1.000000e-02 0.000000e+00 0.000000e+00 0.000000e+00 0.000000e+00 0.000000e+00 1.000000e-02
   39    1      2      0    0      1      -1      -1   100 1.300000e-01 0.17000000 0.20000000 0.11000000 0.10000000 0.04000000 0.050000000 0.030000000 0.060000000 0.000000000 0.0200000000 3.000000e-02 0.0000000000 0.000000e+00 2.000000e-02 3.000000e-02 0.000000e+00 0.000000e+00 0.000000e+00 1.000000e-02 0.000000e+00 0.000000e+00 0.000000e+00 0.000000e+00 0.000000e+00
   40    1      2      0    0      1      -1      -1   100 1.000000e-02 0.40000000 0.11000000 0.14000000 0.06000000 0.07000000 0.000000000 0.060000000 0.020000000 0.040000000 0.0200000000 2.000000e-02 0.0100000000 0.000000e+00 0.000000e+00 0.000000e+00 1.000000e-02 1.000000e-02 1.000000e-02 0.000000e+00 0.000000e+00 0.000000e+00 0.000000e+00 1.000000e-02 0.000000e+00
   41    1      2      0    0      1      -1      -1   100 2.000000e-02 0.12000000 0.30000000 0.12000000 0.20000000 0.03000000 0.040000000 0.020000000 0.010000000 0.000000000 0.0500000000 2.000000e-02 0.0100000000 0.000000e+00 1.000000e-02 0.000000e+00 2.000000e-02 1.000000e-02 0.000000e+00 0.000000e+00 1.000000e-02 0.000000e+00 0.000000e+00 1.000000e-02 0.000000e+00
   42    1      2      0    0      1      -1      -1   100 5.000000e-02 0.17000000 0.10000000 0.21000000 0.10000000 0.11000000 0.040000000 0.090000000 0.020000000 0.020000000 0.0000000000 3.000000e-02 0.0100000000 0.000000e+00 3.000000e-02 0.000000e+00 0.000000e+00 1.000000e-02 0.000000e+00 1.000000e-02 0.000000e+00 0.000000e+00 0.000000e+00 0.000000e+00 0.000000e+00
   43    1      2      0    0      1      -1      -1   100 3.000000e-02 0.38000000 0.14000000 0.06000000 0.14000000 0.03000000 0.080000000 0.040000000 0.050000000 0.000000000 0.0300000000 0.000000e+00 0.0100000000 1.000000e-02 0.000000e+00 0.000000e+00 0.000000e+00 0.000000e+00 0.000000e+00 0.000000e+00 0.000000e+00 0.000000e+00 0.000000e+00 0.000000e+00 0.000000e+00
   44    1      2      0    0      1      -1      -1   100 2.000000e-02 0.34000000 0.24000000 0.11000000 0.07000000 0.09000000 0.010000000 0.050000000 0.010000000 0.010000000 0.0000000000 2.000000e-02 0.0100000000 2.000000e-02 0.000000e+00 0.000000e+00 0.000000e+00 0.000000e+00 0.000000e+00 0.000000e+00 0.000000e+00 0.000000e+00 0.000000e+00 0.000000e+00 0.000000e+00
   45    1      2      0    0      1      -1      -1   100 5.000000e-02 0.20000000 0.17000000 0.18000000 0.05000000 0.07000000 0.110000000 0.030000000 0.040000000 0.020000000 0.0400000000 0.000000e+00 0.0100000000 1.000000e-02 0.000000e+00 0.000000e+00 0.000000e+00 0.000000e+00 0.000000e+00 0.000000e+00 0.000000e+00 1.000000e-02 1.000000e-02 0.000000e+00 0.000000e+00
   46    1      2      0    0      1      -1      -1   100 1.000000e-02 0.21000000 0.14000000 0.14000000 0.17000000 0.04000000 0.050000000 0.080000000 0.030000000 0.040000000 0.0300000000 0.000000e+00 0.0000000000 0.000000e+00 0.000000e+00 1.000000e-02 2.000000e-02 1.000000e-02 1.000000e-02 0.000000e+00 0.000000e+00 0.000000e+00 1.000000e-02 0.000000e+00 0.000000e+00
   47    1      2      0    0      1      -1      -1   100 3.000000e-02 0.15000000 0.26000000 0.08000000 0.11000000 0.17000000 0.050000000 0.010000000 0.050000000 0.020000000 0.0400000000 1.000000e-02 0.0000000000 0.000000e+00 0.000000e+00 2.000000e-02 0.000000e+00 0.000000e+00 0.000000e+00 0.000000e+00 0.000000e+00 0.000000e+00 0.000000e+00 0.000000e+00 0.000000e+00
   48    1      2      0    0      1      -1      -1   100 3.000000e-02 0.13000000 0.22000000 0.17000000 0.09000000 0.07000000 0.100000000 0.050000000 0.040000000 0.030000000 0.0100000000 0.000000e+00 0.0100000000 0.000000e+00 0.000000e+00 3.000000e-02 0.000000e+00 0.000000e+00 1.000000e-02 0.000000e+00 0.000000e+00 0.000000e+00 0.000000e+00 0.000000e+00 1.000000e-02
   49    1      2      0    0      1      -1      -1   100 3.000000e-02 0.21000000 0.17000000 0.14000000 0.09000000 0.06000000 0.050000000 0.100000000 0.060000000 0.000000000 0.0400000000 0.000000e+00 0.0300000000 1.000000e-02 0.000000e+00 1.000000e-02 0.000000e+00 0.000000e+00 0.000000e+00 0.000000e+00 0.000000e+00 0.000000e+00 0.000000e+00 0.000000e+00 0.000000e+00
   50    1      2      0    0      1      -1      -1   100 6.000000e-02 0.17000000 0.16000000 0.13000000 0.07000000 0.09000000 0.080000000 0.080000000 0.050000000 0.020000000 0.0000000000 2.000000e-02 0.0100000000 1.000000e-02 0.000000e+00 2.000000e-02 0.000000e+00 0.000000e+00 0.000000e+00 1.000000e-02 1.000000e-02 0.000000e+00 0.000000e+00 0.000000e+00 1.000000e-02
   51    1      2      0    0      1      -1      -1   100 5.000000e-02 0.19000000 0.09000000 0.21000000 0.14000000 0.08000000 0.060000000 0.050000000 0.030000000 0.070000000 0.0100000000 1.000000e-02 0.0000000000 1.000000e-02 0.000000e+00 0.000000e+00 0.000000e+00 0.000000e+00 0.000000e+00 0.000000e+00 0.000000e+00 0.000000e+00 0.000000e+00 0.000000e+00 0.000000e+00
   52    1      2      0    0      1      -1      -1   100 4.000000e-02 0.30000000 0.13000000 0.11000000 0.09000000 0.09000000 0.030000000 0.070000000 0.030000000 0.050000000 0.0200000000 0.000000e+00 0.0000000000 0.000000e+00 2.000000e-02 0.000000e+00 1.000000e-02 0.000000e+00 0.000000e+00 0.000000e+00 0.000000e+00 0.000000e+00 0.000000e+00 0.000000e+00 1.000000e-02
   53    1      2      0    0      1      -1      -1   100 0.000000e+00 0.28000000 0.15000000 0.20000000 0.04000000 0.07000000 0.100000000 0.030000000 0.050000000 0.020000000 0.0200000000 2.000000e-02 0.0100000000 0.000000e+00 1.000000e-02 0.000000e+00 0.000000e+00 0.000000e+00 0.000000e+00 0.000000e+00 0.000000e+00 0.000000e+00 0.000000e+00 0.000000e+00 0.000000e+00
   54    1      2      0    0      1      -1      -1   100 5.000000e-02 0.10000000 0.32000000 0.15000000 0.04000000 0.05000000 0.040000000 0.050000000 0.060000000 0.030000000 0.0300000000 3.000000e-02 0.0200000000 2.000000e-02 1.000000e-02 0.000000e+00 0.000000e+00 0.000000e+00 0.000000e+00 0.000000e+00 0.000000e+00 0.000000e+00 0.000000e+00 0.000000e+00 0.000000e+00
   55    1      2      0    0      1      -1      -1   100 8.000000e-02 0.34000000 0.06000000 0.18000000 0.06000000 0.06000000 0.060000000 0.040000000 0.020000000 0.040000000 0.0200000000 2.000000e-02 0.0200000000 0.000000e+00 0.000000e+00 0.000000e+00 0.000000e+00 0.000000e+00 0.000000e+00 0.000000e+00 0.000000e+00 0.000000e+00 0.000000e+00 0.000000e+00 0.000000e+00
   56    1      2      0    0      1      -1      -1   100 2.000000e-02 0.30000000 0.21000000 0.02000000 0.13000000 0.09000000 0.080000000 0.010000000 0.050000000 0.020000000 0.0200000000 0.000000e+00 0.0100000000 2.000000e-02 1.000000e-02 0.000000e+00 0.000000e+00 0.000000e+00 0.000000e+00 0.000000e+00 0.000000e+00 0.000000e+00 0.000000e+00 0.000000e+00 1.000000e-02
   57    1      2      0    0      1      -1      -1   100 4.000000e-02 0.21000000 0.30000000 0.12000000 0.05000000 0.12000000 0.060000000 0.010000000 0.010000000 0.030000000 0.0000000000 1.000000e-02 0.0000000000 1.000000e-02 1.000000e-02 2.000000e-02 0.000000e+00 0.000000e+00 0.000000e+00 0.000000e+00 0.000000e+00 0.000000e+00 0.000000e+00 0.000000e+00 0.000000e+00
   58    1      2      0    0      1      -1      -1   100 1.000000e-02 0.17000000 0.16000000 0.23000000 0.14000000 0.02000000 0.100000000 0.070000000 0.010000000 0.030000000 0.0300000000 0.000000e+00 0.0200000000 0.000000e+00 0.000000e+00 0.000000e+00 1.000000e-02 0.000000e+00 0.000000e+00 0.000000e+00 0.000000e+00 0.000000e+00 0.000000e+00 0.000000e+00 0.000000e+00
   59    1      2      0    0      1      -1      -1   100 2.000000e-02 0.09000000 0.11000000 0.23000000 0.21000000 0.08000000 0.020000000 0.080000000 0.010000000 0.040000000 0.0300000000 2.000000e-02 0.0000000000 1.000000e-02 2.000000e-02 0.000000e+00 1.000000e-02 0.000000e+00 1.000000e-02 0.000000e+00 0.000000e+00 0.000000e+00 0.000000e+00 0.000000e+00 1.000000e-02
   60    1      2      0    0      1      -1      -1   100 5.000000e-02 0.12000000 0.09000000 0.11000000 0.16000000 0.16000000 0.100000000 0.010000000 0.050000000 0.060000000 0.0200000000 0.000000e+00 0.0000000000 1.000000e-02 1.000000e-02 0.000000e+00 0.000000e+00 0.000000e+00 2.000000e-02 1.000000e-02 1.000000e-02 1.000000e-02 0.000000e+00 0.000000e+00 0.000000e+00
   61    1      2      0    0      1      -1      -1   100 2.000000e-02 0.28000000 0.07000000 0.06000000 0.13000000 0.06000000 0.120000000 0.090000000 0.010000000 0.060000000 0.0000000000 5.000000e-02 0.0100000000 0.000000e+00 0.000000e+00 1.000000e-02 1.000000e-02 1.000000e-02 1.000000e-02 0.000000e+00 0.000000e+00 0.000000e+00 0.000000e+00 0.000000e+00 0.000000e+00
   62    1      2      0    0      1      -1      -1   100 2.000000e-02 0.19000000 0.38000000 0.03000000 0.05000000 0.05000000 0.100000000 0.050000000 0.040000000 0.000000000 0.0500000000 0.000000e+00 0.0200000000 0.000000e+00 0.000000e+00 0.000000e+00 0.000000e+00 0.000000e+00 0.000000e+00 1.000000e-02 0.000000e+00 1.000000e-02 0.000000e+00 0.000000e+00 0.000000e+00
   63    1      2      0    0      1      -1      -1   100 4.000000e-02 0.15000000 0.14000000 0.33000000 0.05000000 0.04000000 0.050000000 0.060000000 0.050000000 0.050000000 0.0000000000 1.000000e-02 0.0000000000 2.000000e-02 0.000000e+00 0.000000e+00 0.000000e+00 1.000000e-02 0.000000e+00 0.000000e+00 0.000000e+00 0.000000e+00 0.000000e+00 0.000000e+00 0.000000e+00
   64    1      2      0    0      1      -1      -1   100 3.000000e-02 0.22000000 0.16000000 0.14000000 0.16000000 0.02000000 0.010000000 0.050000000 0.050000000 0.060000000 0.0300000000 0.000000e+00 0.0400000000 0.000000e+00 1.000000e-02 1.000000e-02 0.000000e+00 0.000000e+00 0.000000e+00 1.000000e-02 0.000000e+00 0.000000e+00 0.000000e+00 0.000000e+00 0.000000e+00
   65    1      2      0    0      1      -1      -1   100 8.000000e-02 0.17000000 0.22000000 0.12000000 0.05000000 0.12000000 0.030000000 0.030000000 0.010000000 0.050000000 0.0700000000 3.000000e-02 0.0100000000 0.000000e+00 0.000000e+00 0.000000e+00 0.000000e+00 0.000000e+00 0.000000e+00 1.000000e-02 0.000000e+00 0.000000e+00 0.000000e+00 0.000000e+00 0.000000e+00
   66    1      2      0    0      1      -1      -1   100 3.000000e-02 0.28000000 0.08000000 0.13000000 0.11000000 0.07000000 0.170000000 0.010000000 0.020000000 0.020000000 0.0200000000 1.000000e-02 0.0100000000 0.000000e+00 0.000000e+00 1.000000e-02 1.000000e-02 2.000000e-02 0.000000e+00 0.000000e+00 0.000000e+00 0.000000e+00 0.000000e+00 0.000000e+00 0.000000e+00
   67    1      2      0    0      1      -1      -1   100 3.000000e-02 0.11000000 0.22000000 0.14000000 0.11000000 0.09000000 0.050000000 0.120000000 0.060000000 0.010000000 0.0300000000 0.000000e+00 0.0200000000 1.000000e-02 0.000000e+00 0.000000e+00 0.000000e+00 0.000000e+00 0.000000e+00 0.000000e+00 0.000000e+00 0.000000e+00 0.000000e+00 0.000000e+00 0.000000e+00
   68    1      2      0    0      1      -1      -1   100 8.000000e-02 0.12000000 0.15000000 0.28000000 0.03000000 0.03000000 0.080000000 0.050000000 0.060000000 0.010000000 0.0100000000 2.000000e-02 0.0300000000 2.000000e-02 1.000000e-02 0.000000e+00 0.000000e+00 0.000000e+00 0.000000e+00 0.000000e+00 1.000000e-02 0.000000e+00 0.000000e+00 0.000000e+00 1.000000e-02
   69    1      2      0    0      1      -1      -1   100 9.000000e-02 0.11000000 0.10000000 0.11000000 0.19000000 0.10000000 0.060000000 0.040000000 0.050000000 0.050000000 0.0100000000 1.000000e-02 0.0000000000 2.000000e-02 1.000000e-02 0.000000e+00 0.000000e+00 3.000000e-02 0.000000e+00 0.000000e+00 1.000000e-02 1.000000e-02 0.000000e+00 0.000000e+00 0.000000e+00
   70    1      2      0    0      1      -1      -1   100 4.000000e-02 0.22000000 0.19000000 0.10000000 0.13000000 0.08000000 0.030000000 0.050000000 0.020000000 0.020000000 0.0500000000 1.000000e-02 0.0000000000 0.000000e+00 2.000000e-02 2.000000e-02 0.000000e+00 0.000000e+00 1.000000e-02 0.000000e+00 0.000000e+00 1.000000e-02 0.000000e+00 0.000000e+00 0.000000e+00
   71    1      2      0    0      1      -1      -1   100 5.000000e-02 0.20000000 0.14000000 0.13000000 0.03000000 0.12000000 0.150000000 0.030000000 0.030000000 0.010000000 0.0300000000 4.000000e-02 0.0000000000 0.000000e+00 1.000000e-02 1.000000e-02 1.000000e-02 1.000000e-02 0.000000e+00 0.000000e+00 0.000000e+00 0.000000e+00 0.000000e+00 0.000000e+00 0.000000e+00
   72    1      2      0    0      1      -1      -1   100 2.000000e-02 0.23000000 0.26000000 0.12000000 0.09000000 0.00000000 0.020000000 0.050000000 0.030000000 0.030000000 0.0400000000 1.000000e-02 0.0300000000 1.000000e-02 2.000000e-02 0.000000e+00 3.000000e-02 1.000000e-02 0.000000e+00 0.000000e+00 0.000000e+00 0.000000e+00 0.000000e+00 0.000000e+00 0.000000e+00
   73    1      2      0    0      1      -1      -1   100 1.000000e-02 0.12000000 0.27000000 0.11000000 0.18000000 0.09000000 0.060000000 0.020000000 0.020000000 0.010000000 0.0400000000 2.000000e-02 0.0000000000 1.000000e-02 0.000000e+00 0.000000e+00 1.000000e-02 0.000000e+00 1.000000e-02 1.000000e-02 0.000000e+00 0.000000e+00 0.000000e+00 0.000000e+00 1.000000e-02
   74    1      2      0    0      1      -1      -1   100 3.000000e-02 0.15000000 0.14000000 0.24000000 0.12000000 0.12000000 0.010000000 0.020000000 0.050000000 0.030000000 0.0200000000 1.000000e-02 0.0100000000 1.000000e-02 2.000000e-02 1.000000e-02 0.000000e+00 0.000000e+00 0.000000e+00 0.000000e+00 1.000000e-02 0.000000e+00 0.000000e+00 0.000000e+00 0.000000e+00
   75    1      2      0    0      1      -1      -1   100 6.000000e-02 0.13000000 0.11000000 0.09000000 0.21000000 0.11000000 0.030000000 0.040000000 0.010000000 0.050000000 0.0200000000 4.000000e-02 0.0400000000 1.000000e-02 3.000000e-02 0.000000e+00 0.000000e+00 0.000000e+00 0.000000e+00 1.000000e-02 1.000000e-02 0.000000e+00 0.000000e+00 0.000000e+00 0.000000e+00
   76    1      2      0    0      1      -1      -1   100 6.000000e-02 0.24000000 0.12000000 0.12000000 0.06000000 0.14000000 0.050000000 0.070000000 0.040000000 0.020000000 0.0100000000 4.000000e-02 0.0200000000 0.000000e+00 0.000000e+00 0.000000e+00 0.000000e+00 0.000000e+00 0.000000e+00 0.000000e+00 1.000000e-02 0.000000e+00 0.000000e+00 0.000000e+00 0.000000e+00
   77    1      2      0    0      1      -1      -1   100 2.000000e-02 0.25000000 0.20000000 0.10000000 0.06000000 0.04000000 0.100000000 0.030000000 0.050000000 0.010000000 0.0300000000 1.000000e-02 0.0300000000 1.000000e-02 1.000000e-02 0.000000e+00 1.000000e-02 2.000000e-02 1.000000e-02 0.000000e+00 0.000000e+00 0.000000e+00 0.000000e+00 0.000000e+00 1.000000e-02
   78    1      2      0    0      1      -1      -1   100 2.000000e-02 0.22000000 0.27000000 0.21000000 0.06000000 0.05000000 0.030000000 0.050000000 0.000000000 0.030000000 0.0000000000 2.000000e-02 0.0000000000 0.000000e+00 2.000000e-02 0.000000e+00 1.000000e-02 0.000000e+00 0.000000e+00 0.000000e+00 0.000000e+00 1.000000e-02 0.000000e+00 0.000000e+00 0.000000e+00
   79    1      2      0    0      1      -1      -1   100 6.000000e-02 0.24000000 0.15000000 0.23000000 0.10000000 0.08000000 0.020000000 0.030000000 0.060000000 0.000000000 0.0100000000 0.000000e+00 0.0000000000 0.000000e+00 0.000000e+00 1.000000e-02 0.000000e+00 0.000000e+00 0.000000e+00 0.000000e+00 0.000000e+00 0.000000e+00 0.000000e+00 0.000000e+00 1.000000e-02
   80    1      2      0    0      1      -1      -1   100 6.000000e-02 0.25000000 0.22000000 0.11000000 0.08000000 0.08000000 0.030000000 0.030000000 0.040000000 0.030000000 0.0100000000 1.000000e-02 0.0000000000 1.000000e-02 0.000000e+00 1.000000e-02 1.000000e-02 0.000000e+00 1.000000e-02 0.000000e+00 0.000000e+00 0.000000e+00 1.000000e-02 0.000000e+00 0.000000e+00
   81    1      2      0    0      1      -1      -1   100 4.000000e-02 0.28000000 0.21000000 0.15000000 0.05000000 0.04000000 0.050000000 0.090000000 0.010000000 0.010000000 0.0400000000 1.000000e-02 0.0100000000 0.000000e+00 1.000000e-02 0.000000e+00 0.000000e+00 0.000000e+00 0.000000e+00 0.000000e+00 0.000000e+00 0.000000e+00 0.000000e+00 0.000000e+00 0.000000e+00
   82    1      2      0    0      1      -1      -1   100 0.000000e+00 0.14000000 0.29000000 0.07000000 0.14000000 0.06000000 0.070000000 0.080000000 0.010000000 0.040000000 0.0200000000 2.000000e-02 0.0100000000 2.000000e-02 1.000000e-02 0.000000e+00 0.000000e+00 0.000000e+00 1.000000e-02 0.000000e+00 0.000000e+00 0.000000e+00 0.000000e+00 0.000000e+00 1.000000e-02
   83    1      2      0    0      1      -1      -1   100 6.000000e-02 0.10000000 0.18000000 0.20000000 0.12000000 0.14000000 0.010000000 0.030000000 0.050000000 0.000000000 0.0400000000 0.000000e+00 0.0100000000 3.000000e-02 1.000000e-02 1.000000e-02 0.000000e+00 0.000000e+00 1.000000e-02 0.000000e+00 0.000000e+00 0.000000e+00 0.000000e+00 0.000000e+00 0.000000e+00
   84    1      2      0    0      1      -1      -1   100 3.000000e-02 0.27000000 0.14000000 0.07000000 0.13000000 0.10000000 0.100000000 0.050000000 0.030000000 0.030000000 0.0000000000 1.000000e-02 0.0100000000 1.000000e-02 0.000000e+00 1.000000e-02 0.000000e+00 0.000000e+00 0.000000e+00 0.000000e+00 0.000000e+00 0.000000e+00 0.000000e+00 0.000000e+00 1.000000e-02
   85    1      2      0    0      1      -1      -1   100 3.000000e-02 0.12000000 0.27000000 0.05000000 0.13000000 0.11000000 0.050000000 0.030000000 0.060000000 0.030000000 0.0400000000 1.000000e-02 0.0100000000 0.000000e+00 2.000000e-02 2.000000e-02 1.000000e-02 0.000000e+00 0.000000e+00 0.000000e+00 0.000000e+00 0.000000e+00 0.000000e+00 0.000000e+00 1.000000e-02
   86    1      2      0    0      1      -1      -1   100 1.000000e-02 0.20000000 0.16000000 0.23000000 0.05000000 0.04000000 0.070000000 0.080000000 0.050000000 0.010000000 0.0200000000 4.000000e-02 0.0100000000 0.000000e+00 1.000000e-02 1.000000e-02 0.000000e+00 0.000000e+00 0.000000e+00 1.000000e-02 0.000000e+00 0.000000e+00 0.000000e+00 0.000000e+00 0.000000e+00
   87    1      2      0    0      1      -1      -1   100 1.000000e-02 0.20000000 0.16000000 0.12000000 0.12000000 0.02000000 0.060000000 0.070000000 0.000000000 0.090000000 0.0300000000 4.000000e-02 0.0500000000 1.000000e-02 1.000000e-02 0.000000e+00 1.000000e-02 0.000000e+00 0.000000e+00 0.000000e+00 0.000000e+00 0.000000e+00 0.000000e+00 0.000000e+00 0.000000e+00
   88    1      2      0    0      1      -1      -1   100 5.000000e-02 0.06000000 0.31000000 0.10000000 0.13000000 0.08000000 0.040000000 0.040000000 0.050000000 0.020000000 0.0600000000 2.000000e-02 0.0100000000 1.000000e-02 0.000000e+00 1.000000e-02 0.000000e+00 1.000000e-02 0.000000e+00 0.000000e+00 0.000000e+00 0.000000e+00 0.000000e+00 0.000000e+00 0.000000e+00
   89    1      2      0    0      1      -1      -1   100 3.000000e-02 0.15000000 0.10000000 0.24000000 0.08000000 0.09000000 0.140000000 0.000000000 0.050000000 0.030000000 0.0300000000 2.000000e-02 0.0000000000 1.000000e-02 2.000000e-02 0.000000e+00 0.000000e+00 0.000000e+00 0.000000e+00 0.000000e+00 1.000000e-02 0.000000e+00 0.000000e+00 0.000000e+00 0.000000e+00
   90    1      2      0    0      1      -1      -1   100 6.000000e-02 0.17000000 0.19000000 0.08000000 0.17000000 0.08000000 0.060000000 0.050000000 0.020000000 0.020000000 0.0400000000 1.000000e-02 0.0300000000 0.000000e+00 0.000000e+00 0.000000e+00 1.000000e-02 1.000000e-02 0.000000e+00 0.000000e+00 0.000000e+00 0.000000e+00 0.000000e+00 0.000000e+00 0.000000e+00
   91    1      2      0    0      1      -1      -1   100 3.000000e-02 0.25000000 0.22000000 0.15000000 0.04000000 0.13000000 0.040000000 0.000000000 0.050000000 0.030000000 0.0000000000 0.000000e+00 0.0100000000 1.000000e-02 2.000000e-02 0.000000e+00 1.000000e-02 0.000000e+00 0.000000e+00 0.000000e+00 1.000000e-02 0.000000e+00 0.000000e+00 0.000000e+00 0.000000e+00
   92    1      2      0    0      1      -1      -1   100 5.000000e-02 0.17000000 0.20000000 0.14000000 0.09000000 0.04000000 0.110000000 0.040000000 0.040000000 0.040000000 0.0000000000 3.000000e-02 0.0000000000 1.000000e-02 2.000000e-02 0.000000e+00 2.000000e-02 0.000000e+00 0.000000e+00 0.000000e+00 0.000000e+00 0.000000e+00 0.000000e+00 0.000000e+00 0.000000e+00
   93    1      2      0    0      1      -1      -1   100 5.000000e-02 0.15000000 0.17000000 0.20000000 0.09000000 0.04000000 0.030000000 0.090000000 0.030000000 0.020000000 0.0400000000 1.000000e-02 0.0200000000 3.000000e-02 2.000000e-02 0.000000e+00 0.000000e+00 1.000000e-02 0.000000e+00 0.000000e+00 0.000000e+00 0.000000e+00 0.000000e+00 0.000000e+00 0.000000e+00
   94    1      2      0    0      1      -1      -1   100 4.000000e-02 0.38000000 0.09000000 0.16000000 0.10000000 0.04000000 0.030000000 0.030000000 0.040000000 0.010000000 0.0200000000 3.000000e-02 0.0000000000 1.000000e-02 1.000000e-02 0.000000e+00 1.000000e-02 0.000000e+00 0.000000e+00 0.000000e+00 0.000000e+00 0.000000e+00 0.000000e+00 0.000000e+00 0.000000e+00
   95    1      2      0    0      1      -1      -1   100 5.000000e-02 0.21000000 0.25000000 0.12000000 0.05000000 0.11000000 0.020000000 0.060000000 0.030000000 0.030000000 0.0000000000 1.000000e-02 0.0100000000 1.000000e-02 1.000000e-02 0.000000e+00 0.000000e+00 0.000000e+00 1.000000e-02 0.000000e+00 0.000000e+00 0.000000e+00 2.000000e-02 0.000000e+00 0.000000e+00
   96    1      2      0    0      1      -1      -1   100 3.000000e-02 0.27000000 0.22000000 0.11000000 0.08000000 0.09000000 0.020000000 0.030000000 0.070000000 0.000000000 0.0200000000 0.000000e+00 0.0200000000 2.000000e-02 1.000000e-02 0.000000e+00 1.000000e-02 0.000000e+00 0.000000e+00 0.000000e+00 0.000000e+00 0.000000e+00 0.000000e+00 0.000000e+00 0.000000e+00
   97    1      2      0    0      1      -1      -1   100 0.000000e+00 0.29000000 0.17000000 0.14000000 0.14000000 0.05000000 0.050000000 0.050000000 0.030000000 0.020000000 0.0200000000 2.000000e-02 0.0000000000 0.000000e+00 0.000000e+00 0.000000e+00 0.000000e+00 1.000000e-02 1.000000e-02 0.000000e+00 0.000000e+00 0.000000e+00 0.000000e+00 0.000000e+00 0.000000e+00
   98    1      2      0    0      1      -1      -1   100 1.000000e-02 0.14000000 0.33000000 0.16000000 0.06000000 0.09000000 0.040000000 0.030000000 0.030000000 0.030000000 0.0200000000 1.000000e-02 0.0300000000 1.000000e-02 0.000000e+00 0.000000e+00 0.000000e+00 0.000000e+00 0.000000e+00 0.000000e+00 1.000000e-02 0.000000e+00 0.000000e+00 0.000000e+00 0.000000e+00
   99    1      2      0    0      1      -1      -1   100 1.000000e-02 0.13000000 0.07000000 0.30000000 0.19000000 0.05000000 0.070000000 0.020000000 0.040000000 0.040000000 0.0200000000 0.000000e+00 0.0100000000 0.000000e+00 0.000000e+00 1.000000e-02 2.000000e-02 0.000000e+00 0.000000e+00 2.000000e-02 0.000000e+00 0.000000e+00 0.000000e+00 0.000000e+00 0.000000e+00
  100    1      2      0    0      1      -1      -1   100 2.000000e-02 0.22000000 0.08000000 0.07000000 0.23000000 0.13000000 0.080000000 0.080000000 0.010000000 0.020000000 0.0000000000 2.000000e-02 0.0000000000 0.000000e+00 1.000000e-02 1.000000e-02 0.000000e+00 1.000000e-02 0.000000e+00 0.000000e+00 0.000000e+00 0.000000e+00 0.000000e+00 0.000000e+00 1.000000e-02
0 #_N_MeanSize_at_Age_obs
0 #_N_environ_variables
0 #_N_environ_obs
0 #_N_sizefreq_methods
0 #_do_tags
0 #_morphcomp_data
#
999
