#C data file created using the SS_writedat function in the R package r4ss
#C should work with SS version: 
#C file write time: 2014-11-06 00:11:51
#
1 #_styr
100 #_endyr
1 #_nseas
12 #_months_per_seas
1 #_spawn_seas
1 #_Nfleet
2 #_Nsurveys
1 #_N_areas
Fishery%Survey%CPUE #_fleetnames
0.5 0.5 0.5 #_surveytiming_in_season
1 1 1 #_area_assignments_for_each_fishery_and_survey
1 #_units of catch:  1=bio; 2=num
0.01 #_se of log(catch) only used for init_eq_catch and for Fmethod 2 and 3
1 #_Ngenders
25 #_Nages
0 #_init_equil_catch_for_each_fishery
100 #_N_lines_of_catch_to_read
 #_Fishery year seas
         0    1    1
         0    2    1
         0    3    1
         0    4    1
         0    5    1
         0    6    1
         0    7    1
         0    8    1
         0    9    1
         0   10    1
         0   11    1
         0   12    1
         0   13    1
         0   14    1
         0   15    1
         0   16    1
         0   17    1
         0   18    1
         0   19    1
         0   20    1
         0   21    1
         0   22    1
         0   23    1
         0   24    1
         0   25    1
 311830000   26    1
 290027000   27    1
 277912000   28    1
 268031000   29    1
 256766000   30    1
 248045000   31    1
 243141000   32    1
 232680000   33    1
 221185000   34    1
 207852000   35    1
 197380000   36    1
 190927000   37    1
 183152000   38    1
 176318000   39    1
 170069000   40    1
 169135000   41    1
 175363000   42    1
 181195000   43    1
 183362000   44    1
 183414000   45    1
 181845000   46    1
 176352000   47    1
 172123000   48    1
 171461000   49    1
 169333000   50    1
 167481000   51    1
 169086000   52    1
 166419000   53    1
 161408000   54    1
 155156000   55    1
 148324000   56    1
 143150000   57    1
 139516000   58    1
 133536000   59    1
 126814000   60    1
 123178000   61    1
 126486000   62    1
 134709000   63    1
 140786000   64    1
 147241000   65    1
 150034000   66    1
 152067000   67    1
 151039000   68    1
 147974000   69    1
 146559000   70    1
 143344000   71    1
 141946000   72    1
 143093000   73    1
 141668000   74    1
 139397000   75    1
 138633000   76    1
 136083000   77    1
 135443000   78    1
 133882000   79    1
 130430000   80    1
 128320000   81    1
 129424000   82    1
 130688000   83    1
 130467000   84    1
 129753000   85    1
 128818000   86    1
 128147000   87    1
 127902000   88    1
 126892000   89    1
 124687000   90    1
 122626000   91    1
 121959000   92    1
 120506000   93    1
 122051000   94    1
 124915000   95    1
 128189000   96    1
 128312000   97    1
 127438000   98    1
 127725000   99    1
 126631000  100    1
13 #_N_cpue
 #_Fleet Units Errtype
       1     1       0
       2     1       0
       3     1       0
 #_year seas index        obs se_log
     76    1     2 1984023719    0.2
     78    1     2 1365466624    0.2
     80    1     2 1725032627    0.2
     82    1     2 1681986980    0.2
     84    1     2 1239948458    0.2
     86    1     2 2016293173    0.2
     88    1     2 2596659615    0.2
     90    1     2 1763163505    0.2
     92    1     2 1715509653    0.2
     94    1     2 2301103622    0.2
     96    1     2 2169234451    0.2
     98    1     2 2440045753    0.2
    100    1     2 1752671437    0.2
0 #_N_discard_fleets
#_discard_units (1=same_as_catchunits(bio/num); 2=fraction; 3=numbers)
#_discard_errtype:  >0 for DF of T-dist(read CV below); 0 for normal with CV; -1 for normal with se; -2 for lognormal
0 #_N_discard
0 #_N_meanbodywt
1 #_DF_for_meanbodywt_T-distribution_like
2 # length bin method: 1=use databins; 2=generate from binwidth,min,max below; 3=read vector
1 # binwidth for population size comp
10 # minimum size in the population (lower edge of first bin and size at age 0.00)
200 # maximum size in the population (lower edge of last bin)
-0.001 #_comp_tail_compression
1e-05 #_add_to_comp
0 #_combine males into females at or below this bin number
21 #_N_lbins
#_lbin_vector
10 53 70 83 94 101 107 111 114 117 120 123 125 127 130 132 135 138 142 148 200
0 #_N_Length_comp_observations
25 #_N_agebins
#_agebin_vector
1 2 3 4 5 6 7 8 9 10 11 12 13 14 15 16 17 18 19 20 21 22 23 24 25
1 #_N_ageerror_definitions
 #_age0   age1   age2   age3   age4   age5   age6   age7   age8   age9  age10  age11  age12  age13  age14  age15  age16  age17  age18  age19  age20  age21  age22  age23  age24  age25
 -1.000 -1.000 -1.000 -1.000 -1.000 -1.000 -1.000 -1.000 -1.000 -1.000 -1.000 -1.000 -1.000 -1.000 -1.000 -1.000 -1.000 -1.000 -1.000 -1.000 -1.000 -1.000 -1.000 -1.000 -1.000 -1.000
  0.001  0.001  0.001  0.001  0.001  0.001  0.001  0.001  0.001  0.001  0.001  0.001  0.001  0.001  0.001  0.001  0.001  0.001  0.001  0.001  0.001  0.001  0.001  0.001  0.001  0.001
34 #_N_agecomp
1 #_Lbin_method: 1=poplenbins; 2=datalenbins; 3=lengths
-1 #_combine males into females at or below this bin number
 #_Yr Seas FltSvy Gender Part Ageerr Lbin_lo Lbin_hi Nsamp          a1         a2         a3         a4         a5         a6         a7         a8         a9        a10         a11         a12         a13         a14         a15         a16          a17          a18          a19          a20          a21          a22          a23          a24          a25
   50    1      1      0    0      1      -1      -1   500 0.029034341 0.07817813 0.22043577 0.18019375 0.11528952 0.05348117 0.09039289 0.05340273 0.04303432 0.03614518 0.037185891 0.021383368 0.008210842 0.009150642 0.002373535 0.005379997 0.0053367716 0.0003945139 0.0014515106 1.260719e-03 1.749489e-03 3.874443e-04 2.060088e-05 9.430022e-05 0.0060325687
   60    1      1      0    0      1      -1      -1   500 0.022802018 0.16287449 0.08216452 0.14307149 0.15412875 0.09944541 0.06260117 0.06293901 0.02039982 0.02183896 0.053977741 0.013925354 0.020550020 0.030306231 0.010066753 0.002699561 0.0117174313 0.0063111577 0.0023964009 4.910996e-03 6.189671e-03 2.661182e-05 1.636200e-03 3.987664e-05 0.0029803510
   70    1      1      0    0      1      -1      -1   500 0.023757422 0.11089197 0.27930709 0.05937468 0.11968033 0.08110044 0.04034499 0.09070084 0.04387860 0.06332000 0.021999822 0.011914009 0.011522850 0.010088984 0.007393538 0.006250125 0.0030240027 0.0075976662 0.0001967277 1.679209e-03 3.776493e-03 2.062465e-04 6.840912e-05 1.200854e-03 0.0007247166
   75    1      1      0    0      1      -1      -1   500 0.008737837 0.19549406 0.07459663 0.18661646 0.15127219 0.08734342 0.05448156 0.07018293 0.01330798 0.02610818 0.035137770 0.022918400 0.023524145 0.006269436 0.029218122 0.002076464 0.0075793252 0.0001741987 0.0006532224 7.721229e-04 8.592191e-04 2.934283e-06 6.042971e-04 4.567475e-05 0.0020234298
   76    1      1      0    0      1      -1      -1   500 0.019323307 0.09684676 0.30637157 0.06120563 0.10589484 0.11812640 0.06059371 0.05943572 0.04265018 0.01641025 0.020311450 0.023675860 0.007883127 0.025734932 0.003988863 0.016333328 0.0050478422 0.0011139063 0.0015193095 1.147118e-03 4.140738e-03 1.168805e-04 3.941402e-07 7.321549e-09 0.0021278643
   79    1      1      0    0      1      -1      -1   500 0.007498888 0.10546805 0.22934477 0.18720801 0.07026148 0.11273130 0.02685043 0.06235890 0.07214563 0.03008725 0.018639453 0.023311580 0.005495266 0.009819239 0.011134921 0.004977419 0.0120902671 0.0018885684 0.0031374791 2.673262e-03 2.192618e-04 7.277167e-04 1.996307e-05 8.255262e-05 0.0018283502
   82    1      1      0    0      1      -1      -1   500 0.006214630 0.19594434 0.25813115 0.08854007 0.08362901 0.09588434 0.07409965 0.02739063 0.04849388 0.01294880 0.018068860 0.024047301 0.013279939 0.008057244 0.015557501 0.005852050 0.0081163918 0.0020668085 0.0015929768 2.634969e-03 1.799124e-03 9.803809e-04 1.135423e-03 5.312965e-05 0.0054814040
   85    1      1      0    0      1      -1      -1   500 0.010141440 0.15070498 0.19298886 0.13173083 0.14116756 0.10572978 0.04189815 0.03103785 0.04513337 0.03067022 0.016080732 0.041838873 0.002432350 0.017307587 0.014707430 0.003719410 0.0061848473 0.0013243870 0.0002515395 7.983075e-03 1.233504e-04 9.986919e-04 4.787178e-03 8.241177e-05 0.0009750902
   88    1      1      0    0      1      -1      -1   500 0.023816705 0.12393023 0.21369087 0.16217775 0.11905129 0.07909964 0.05103437 0.04626528 0.06959754 0.02231219 0.020612540 0.021634088 0.015962476 0.001057989 0.006626902 0.000230545 0.0083143943 0.0066394851 0.0010315881 6.068941e-04 1.629504e-03 1.218022e-04 9.441145e-04 4.276890e-04 0.0031841288
   89    1      1      0    0      1      -1      -1   500 0.012751374 0.14743627 0.18902751 0.14835117 0.10692691 0.08569947 0.04995407 0.05467550 0.06127863 0.04822623 0.011847946 0.008297789 0.017395073 0.019237142 0.012557927 0.011626111 0.0007167732 0.0029714264 0.0029705326 2.668029e-03 3.500485e-03 1.045956e-03 1.031390e-06 1.750888e-04 0.0006615402
   91    1      1      0    0      1      -1      -1   500 0.010868652 0.21101698 0.09595883 0.18907035 0.10355553 0.09337369 0.07949749 0.06021943 0.02946402 0.02482943 0.020314906 0.018829415 0.008780895 0.014513174 0.005581919 0.006533364 0.0021056490 0.0070023653 0.0001728019 4.283527e-03 9.209545e-03 3.856372e-04 6.763489e-04 3.175560e-05 0.0037242959
   93    1      1      0    0      1      -1      -1   500 0.021179182 0.21198814 0.10811515 0.23798232 0.07751563 0.08405497 0.05855194 0.05068784 0.04704260 0.01282550 0.019981346 0.015539828 0.016514603 0.017031443 0.003934950 0.001218329 0.0033761445 0.0034175729 0.0026126064 6.907017e-04 1.488697e-05 4.273394e-03 3.096475e-04 1.755608e-05 0.0011237196
   95    1      1      0    0      1      -1      -1   500 0.011299544 0.22040993 0.21261043 0.16519509 0.04825492 0.13185399 0.03162663 0.04675657 0.02158938 0.02281969 0.014478507 0.018004598 0.020065075 0.007825931 0.005024140 0.006309008 0.0030376951 0.0013838027 0.0014600175 2.931826e-03 5.505314e-04 8.393370e-04 4.816732e-03 2.972668e-05 0.0008269026
   97    1      1      0    0      1      -1      -1   500 0.015975027 0.07460592 0.15526120 0.21026107 0.13587041 0.13400073 0.04024520 0.08122538 0.01903233 0.02302652 0.025474867 0.025381446 0.007998798 0.014424790 0.003511518 0.002115280 0.0071151457 0.0047381366 0.0023064437 9.509022e-03 6.161189e-04 4.811308e-04 1.400450e-05 5.479793e-06 0.0068040197
   98    1      1      0    0      1      -1      -1   500 0.014192826 0.21910559 0.10719286 0.13478624 0.14554467 0.10869233 0.09211114 0.02118679 0.05661550 0.01487725 0.024045752 0.010566727 0.012128226 0.015613384 0.003879981 0.006007049 0.0026934110 0.0030061819 0.0024893953 8.025452e-05 4.336669e-04 3.445977e-04 1.169156e-04 3.719117e-09 0.0042892443
   99    1      1      0    0      1      -1      -1   500 0.011542847 0.13096973 0.27986782 0.07365913 0.09873820 0.13574852 0.08304847 0.05524774 0.01601751 0.02654575 0.003381144 0.022676681 0.019513875 0.008049694 0.005124602 0.006621576 0.0109812399 0.0019084903 0.0028193179 6.113647e-03 2.905611e-04 8.473433e-06 3.983653e-04 4.807521e-04 0.0002458584
  100    1      1      0    0      1      -1      -1   500 0.026979115 0.17603390 0.14184709 0.22284821 0.05197723 0.07810843 0.08851686 0.06169622 0.05113255 0.01107570 0.025352821 0.008780233 0.013109248 0.002191667 0.009732028 0.003294419 0.0040504086 0.0110795321 0.0019055309 4.397038e-03 9.778176e-04 2.910819e-03 1.972096e-04 1.340598e-03 0.0004653336
   50    1      2      0    0      1      -1      -1   500 0.060000000 0.10800000 0.21200000 0.20000000 0.08400000 0.04200000 0.09000000 0.03600000 0.01800000 0.04200000 0.056000000 0.012000000 0.010000000 0.004000000 0.006000000 0.004000000 0.0040000000 0.0000000000 0.0000000000 4.000000e-03 4.000000e-03 0.000000e+00 0.000000e+00 0.000000e+00 0.0040000000
   60    1      2      0    0      1      -1      -1   500 0.074000000 0.17000000 0.09000000 0.12200000 0.14600000 0.08600000 0.04000000 0.04400000 0.05000000 0.03000000 0.048000000 0.010000000 0.030000000 0.016000000 0.004000000 0.004000000 0.0060000000 0.0080000000 0.0020000000 6.000000e-03 2.000000e-03 2.000000e-03 0.000000e+00 2.000000e-03 0.0080000000
   70    1      2      0    0      1      -1      -1   500 0.042000000 0.13600000 0.20400000 0.06800000 0.15000000 0.11000000 0.04800000 0.07200000 0.02000000 0.07000000 0.034000000 0.004000000 0.002000000 0.006000000 0.008000000 0.002000000 0.0020000000 0.0000000000 0.0020000000 4.000000e-03 4.000000e-03 2.000000e-03 2.000000e-03 4.000000e-03 0.0040000000
   75    1      2      0    0      1      -1      -1   500 0.040000000 0.28000000 0.06800000 0.14800000 0.12800000 0.07800000 0.05000000 0.07800000 0.01600000 0.02000000 0.024000000 0.022000000 0.018000000 0.002000000 0.016000000 0.004000000 0.0000000000 0.0000000000 0.0000000000 4.000000e-03 2.000000e-03 0.000000e+00 0.000000e+00 2.000000e-03 0.0000000000
   76    1      2      0    0      1      -1      -1   500 0.064000000 0.08400000 0.26000000 0.05200000 0.12400000 0.12400000 0.06600000 0.04200000 0.04000000 0.01600000 0.034000000 0.028000000 0.006000000 0.026000000 0.012000000 0.012000000 0.0020000000 0.0000000000 0.0040000000 0.000000e+00 2.000000e-03 0.000000e+00 0.000000e+00 0.000000e+00 0.0020000000
   79    1      2      0    0      1      -1      -1   500 0.018000000 0.15200000 0.22000000 0.14800000 0.07000000 0.10400000 0.04200000 0.06600000 0.06600000 0.03200000 0.026000000 0.018000000 0.004000000 0.002000000 0.008000000 0.002000000 0.0080000000 0.0060000000 0.0020000000 2.000000e-03 2.000000e-03 2.000000e-03 0.000000e+00 0.000000e+00 0.0000000000
   82    1      2      0    0      1      -1      -1   500 0.034000000 0.22000000 0.24800000 0.09400000 0.06200000 0.08200000 0.07400000 0.03800000 0.04000000 0.00600000 0.020000000 0.024000000 0.010000000 0.008000000 0.014000000 0.000000000 0.0120000000 0.0060000000 0.0000000000 4.000000e-03 2.000000e-03 2.000000e-03 0.000000e+00 0.000000e+00 0.0000000000
   85    1      2      0    0      1      -1      -1   500 0.034000000 0.17200000 0.18600000 0.13000000 0.11600000 0.10400000 0.05600000 0.02600000 0.03200000 0.04400000 0.016000000 0.030000000 0.004000000 0.014000000 0.008000000 0.006000000 0.0020000000 0.0060000000 0.0000000000 6.000000e-03 2.000000e-03 0.000000e+00 4.000000e-03 0.000000e+00 0.0020000000
   88    1      2      0    0      1      -1      -1   500 0.050000000 0.17400000 0.17600000 0.14000000 0.13000000 0.07600000 0.04600000 0.06000000 0.04600000 0.03600000 0.014000000 0.012000000 0.010000000 0.002000000 0.012000000 0.002000000 0.0000000000 0.0020000000 0.0020000000 0.000000e+00 6.000000e-03 2.000000e-03 0.000000e+00 2.000000e-03 0.0000000000
   89    1      2      0    0      1      -1      -1   500 0.024000000 0.19200000 0.17800000 0.17200000 0.10000000 0.06400000 0.06200000 0.04800000 0.04400000 0.03000000 0.024000000 0.010000000 0.012000000 0.008000000 0.006000000 0.008000000 0.0020000000 0.0040000000 0.0040000000 0.000000e+00 4.000000e-03 2.000000e-03 0.000000e+00 0.000000e+00 0.0020000000
   91    1      2      0    0      1      -1      -1   500 0.012000000 0.28800000 0.08600000 0.15600000 0.08800000 0.08200000 0.05200000 0.06200000 0.03800000 0.02800000 0.024000000 0.022000000 0.014000000 0.006000000 0.010000000 0.014000000 0.0040000000 0.0060000000 0.0000000000 2.000000e-03 2.000000e-03 0.000000e+00 2.000000e-03 2.000000e-03 0.0000000000
   93    1      2      0    0      1      -1      -1   500 0.050000000 0.27200000 0.10400000 0.19600000 0.04800000 0.07600000 0.05000000 0.04400000 0.04000000 0.02000000 0.022000000 0.024000000 0.016000000 0.004000000 0.006000000 0.008000000 0.0060000000 0.0020000000 0.0000000000 0.000000e+00 2.000000e-03 2.000000e-03 2.000000e-03 2.000000e-03 0.0040000000
   95    1      2      0    0      1      -1      -1   500 0.032000000 0.24000000 0.16800000 0.16600000 0.04800000 0.11000000 0.04400000 0.05200000 0.02600000 0.03600000 0.008000000 0.010000000 0.014000000 0.008000000 0.010000000 0.006000000 0.0020000000 0.0060000000 0.0020000000 4.000000e-03 0.000000e+00 4.000000e-03 0.000000e+00 2.000000e-03 0.0020000000
   97    1      2      0    0      1      -1      -1   500 0.052000000 0.09200000 0.19200000 0.21200000 0.10800000 0.11200000 0.02000000 0.09800000 0.00800000 0.03000000 0.016000000 0.026000000 0.010000000 0.002000000 0.006000000 0.004000000 0.0060000000 0.0020000000 0.0020000000 2.000000e-03 0.000000e+00 0.000000e+00 0.000000e+00 0.000000e+00 0.0000000000
   98    1      2      0    0      1      -1      -1   500 0.026000000 0.25200000 0.10800000 0.11200000 0.15000000 0.09600000 0.07200000 0.02200000 0.05600000 0.00800000 0.024000000 0.014000000 0.018000000 0.010000000 0.006000000 0.004000000 0.0020000000 0.0060000000 0.0060000000 0.000000e+00 2.000000e-03 2.000000e-03 2.000000e-03 0.000000e+00 0.0020000000
   99    1      2      0    0      1      -1      -1   500 0.042000000 0.15400000 0.24000000 0.06000000 0.08600000 0.11800000 0.09000000 0.06000000 0.02200000 0.05200000 0.018000000 0.014000000 0.014000000 0.008000000 0.006000000 0.006000000 0.0000000000 0.0020000000 0.0060000000 0.000000e+00 0.000000e+00 2.000000e-03 0.000000e+00 0.000000e+00 0.0000000000
  100    1      2      0    0      1      -1      -1   500 0.078000000 0.20200000 0.14800000 0.17400000 0.06600000 0.08600000 0.07200000 0.05200000 0.03600000 0.01000000 0.034000000 0.006000000 0.010000000 0.002000000 0.002000000 0.008000000 0.0020000000 0.0000000000 0.0000000000 6.000000e-03 2.000000e-03 0.000000e+00 2.000000e-03 0.000000e+00 0.0020000000
0 #_N_MeanSize_at_Age_obs
0 #_N_environ_variables
0 #_N_environ_obs
0 #_N_sizefreq_methods
0 #_do_tags
0 #_morphcomp_data
#
999
