#C data file created using the SS_writedat function in the R package r4ss
#C should work with SS version: 
#C file write time: 2014-11-06 01:27:31
#
1 #_styr
100 #_endyr
1 #_nseas
12 #_months_per_seas
1 #_spawn_seas
1 #_Nfleet
2 #_Nsurveys
1 #_N_areas
Fishery%Survey%CPUE #_fleetnames
0.5 0.5 0.5 #_surveytiming_in_season
1 1 1 #_area_assignments_for_each_fishery_and_survey
1 #_units of catch:  1=bio; 2=num
0.01 #_se of log(catch) only used for init_eq_catch and for Fmethod 2 and 3
1 #_Ngenders
25 #_Nages
0 #_init_equil_catch_for_each_fishery
100 #_N_lines_of_catch_to_read
 #_Fishery year seas
         0    1    1
         0    2    1
         0    3    1
         0    4    1
         0    5    1
         0    6    1
         0    7    1
         0    8    1
         0    9    1
         0   10    1
         0   11    1
         0   12    1
         0   13    1
         0   14    1
         0   15    1
         0   16    1
         0   17    1
         0   18    1
         0   19    1
         0   20    1
         0   21    1
         0   22    1
         0   23    1
         0   24    1
         0   25    1
 236686000   26    1
 220286000   27    1
 205341000   28    1
 197112000   29    1
 192429000   30    1
 187165000   31    1
 185484000   32    1
 191310000   33    1
 195999000   34    1
 193639000   35    1
 188182000   36    1
 181566000   37    1
 178252000   38    1
 176108000   39    1
 173510000   40    1
 170141000   41    1
 163949000   42    1
 156463000   43    1
 150091000   44    1
 146580000   45    1
 143344000   46    1
 139202000   47    1
 137685000   48    1
 139006000   49    1
 138022000   50    1
 137999000   51    1
 139046000   52    1
 143505000   53    1
 144645000   54    1
 145528000   55    1
 149225000   56    1
 151952000   57    1
 151431000   58    1
 150296000   59    1
 151454000   60    1
 152818000   61    1
 151875000   62    1
 149436000   63    1
 150632000   64    1
 157354000   65    1
 162763000   66    1
 167058000   67    1
 172746000   68    1
 173919000   69    1
 175804000   70    1
 181189000   71    1
 181171000   72    1
 177509000   73    1
 173006000   74    1
 168177000   75    1
 161468000   76    1
 156643000   77    1
 156783000   78    1
 159960000   79    1
 160670000   80    1
 160329000   81    1
 159790000   82    1
 159259000   83    1
 157954000   84    1
 157567000   85    1
 161697000   86    1
 167243000   87    1
 169842000   88    1
 175674000   89    1
 181762000   90    1
 181437000   91    1
 179827000   92    1
 179019000   93    1
 178382000   94    1
 177086000   95    1
 177344000   96    1
 179285000   97    1
 177407000   98    1
 173588000   99    1
 170357000  100    1
13 #_N_cpue
 #_Fleet Units Errtype
       1     1       0
       2     1       0
       3     1       0
 #_year seas index        obs se_log
     76    1     2 2171313881    0.2
     78    1     2 1330751228    0.2
     80    1     2 2738063721    0.2
     82    1     2 2141425690    0.2
     84    1     2 2440704291    0.2
     86    1     2 1195563125    0.2
     88    1     2 2642379257    0.2
     90    1     2 2221024223    0.2
     92    1     2 2601358072    0.2
     94    1     2 1587751640    0.2
     96    1     2 2217971208    0.2
     98    1     2 3374369999    0.2
    100    1     2 2248445544    0.2
0 #_N_discard_fleets
#_discard_units (1=same_as_catchunits(bio/num); 2=fraction; 3=numbers)
#_discard_errtype:  >0 for DF of T-dist(read CV below); 0 for normal with CV; -1 for normal with se; -2 for lognormal
0 #_N_discard
0 #_N_meanbodywt
1 #_DF_for_meanbodywt_T-distribution_like
2 # length bin method: 1=use databins; 2=generate from binwidth,min,max below; 3=read vector
1 # binwidth for population size comp
10 # minimum size in the population (lower edge of first bin and size at age 0.00)
200 # maximum size in the population (lower edge of last bin)
-0.001 #_comp_tail_compression
1e-05 #_add_to_comp
0 #_combine males into females at or below this bin number
21 #_N_lbins
#_lbin_vector
10 53 70 83 94 101 107 111 114 117 120 123 125 127 130 132 135 138 142 148 200
0 #_N_Length_comp_observations
25 #_N_agebins
#_agebin_vector
1 2 3 4 5 6 7 8 9 10 11 12 13 14 15 16 17 18 19 20 21 22 23 24 25
1 #_N_ageerror_definitions
 #_age0   age1   age2   age3   age4   age5   age6   age7   age8   age9  age10  age11  age12  age13  age14  age15  age16  age17  age18  age19  age20  age21  age22  age23  age24  age25
 -1.000 -1.000 -1.000 -1.000 -1.000 -1.000 -1.000 -1.000 -1.000 -1.000 -1.000 -1.000 -1.000 -1.000 -1.000 -1.000 -1.000 -1.000 -1.000 -1.000 -1.000 -1.000 -1.000 -1.000 -1.000 -1.000
  0.001  0.001  0.001  0.001  0.001  0.001  0.001  0.001  0.001  0.001  0.001  0.001  0.001  0.001  0.001  0.001  0.001  0.001  0.001  0.001  0.001  0.001  0.001  0.001  0.001  0.001
22 #_N_agecomp
1 #_Lbin_method: 1=poplenbins; 2=datalenbins; 3=lengths
-1 #_combine males into females at or below this bin number
 #_Yr Seas FltSvy Gender Part Ageerr Lbin_lo Lbin_hi Nsamp          a1         a2         a3        a4         a5         a6         a7         a8         a9         a10         a11         a12         a13          a14         a15          a16          a17          a18          a19          a20          a21          a22          a23          a24          a25
   50    1      1      0    0      1      -1      -1   200 0.008904426 0.19838259 0.11958689 0.2406668 0.06681643 0.05936726 0.07782219 0.05327658 0.01869443 0.051427935 0.019958844 0.022193515 0.015493817 0.0136460276 0.007790226 9.990654e-04 0.0045267532 2.992713e-05 1.089261e-02 8.161004e-03 8.759966e-04 1.510747e-04 2.405561e-04 3.803246e-06 9.123470e-05
   55    1      1      0    0      1      -1      -1   200 0.034009948 0.19236828 0.10383523 0.1135132 0.16102309 0.03678251 0.10946857 0.04067935 0.11535696 0.008342691 0.017014516 0.009004829 0.007897364 0.0117242620 0.000647674 9.980059e-03 0.0116477055 6.187955e-03 1.254987e-03 2.764166e-04 3.657325e-04 2.164418e-03 2.063325e-05 1.404732e-04 6.293186e-03
   60    1      1      0    0      1      -1      -1   200 0.009187990 0.15427536 0.23168281 0.1060109 0.09901246 0.13070461 0.10378980 0.02747406 0.01895712 0.046646364 0.005673234 0.006629293 0.006353540 0.0195151610 0.013430614 2.459385e-05 0.0103304654 1.921791e-04 6.067046e-05 1.636276e-03 2.702765e-03 4.463829e-05 6.113512e-04 3.622723e-05 5.017536e-03
   65    1      1      0    0      1      -1      -1   200 0.009921952 0.22233400 0.33283869 0.0949445 0.04312092 0.03905189 0.07434776 0.03863779 0.01816168 0.025344829 0.032848105 0.019583941 0.006411595 0.0188554644 0.004505143 4.632833e-03 0.0079366226 8.330822e-06 4.409610e-03 6.069224e-04 9.914776e-06 1.051614e-04 1.650891e-05 3.717994e-05 1.328675e-03
   70    1      1      0    0      1      -1      -1   200 0.009723335 0.26344230 0.06044153 0.1261296 0.13869661 0.06493599 0.13570892 0.08645173 0.02702926 0.019629230 0.010852781 0.018560272 0.004122183 0.0025749699 0.012097936 4.935643e-03 0.0114462036 1.050692e-06 1.096423e-04 7.834612e-04 8.958680e-08 1.036094e-04 5.725832e-06 1.891278e-03 3.266196e-04
   75    1      1      0    0      1      -1      -1   200 0.013612875 0.10019171 0.18391039 0.1154593 0.07982687 0.10185200 0.11685291 0.03233323 0.04320541 0.075242592 0.014402590 0.022115332 0.032769816 0.0213331561 0.003923768 1.627297e-03 0.0212349493 6.065698e-03 1.410466e-03 6.610040e-03 5.626989e-03 2.390126e-04 3.773510e-08 1.021048e-04 5.141304e-05
   80    1      1      0    0      1      -1      -1   200 0.017553033 0.09883253 0.22326927 0.1985771 0.13377004 0.06724538 0.03918582 0.06566592 0.02347332 0.023670102 0.017361978 0.026210083 0.009060796 0.0101047606 0.016198290 2.133329e-03 0.0023003163 7.961546e-03 5.870130e-03 6.290169e-05 1.171950e-05 1.075562e-02 1.591292e-04 2.191733e-15 5.668920e-04
   85    1      1      0    0      1      -1      -1   200 0.030552581 0.19242588 0.15417621 0.1507857 0.11791083 0.07722003 0.06181188 0.03405750 0.09733551 0.017598804 0.014916856 0.002300379 0.012302394 0.0018540284 0.001910841 1.280756e-03 0.0155885438 3.182676e-04 1.874842e-03 1.118835e-02 1.275284e-06 2.315393e-05 3.270180e-04 1.492580e-04 2.089113e-03
   90    1      1      0    0      1      -1      -1   200 0.016655056 0.10465854 0.28326460 0.1326713 0.09395650 0.14497075 0.07646512 0.01521605 0.02670713 0.038564451 0.017879718 0.005339231 0.008556500 0.0101811461 0.004690063 1.124158e-02 0.0010179193 1.404815e-05 7.599308e-04 1.375436e-05 2.772648e-04 5.568990e-03 1.319413e-03 1.984127e-09 1.099189e-05
   95    1      1      0    0      1      -1      -1   200 0.011816728 0.15694606 0.18434663 0.1458701 0.17282895 0.03897988 0.06982494 0.10709709 0.04204618 0.006167255 0.020023108 0.027625621 0.006620908 0.0003704017 0.001551369 1.077868e-03 0.0003350488 4.744051e-03 3.459355e-04 2.699624e-04 9.132689e-09 1.511050e-04 1.815493e-04 1.053570e-08 7.792278e-04
  100    1      1      0    0      1      -1      -1   200 0.015301433 0.13996930 0.16689973 0.1103924 0.11736847 0.15158438 0.03589832 0.05463606 0.06463217 0.032936947 0.016494417 0.011935495 0.028085324 0.0334548719 0.001891068 2.614743e-03 0.0140910858 1.282436e-04 1.586115e-03 2.413441e-06 2.552229e-05 8.138524e-06 1.475112e-05 4.144658e-05 7.120807e-06
   50    1      2      0    0      1      -1      -1   200 0.015000000 0.28500000 0.07500000 0.2250000 0.07000000 0.04000000 0.05000000 0.06000000 0.03500000 0.035000000 0.020000000 0.020000000 0.010000000 0.0100000000 0.000000000 5.000000e-03 0.0000000000 0.000000e+00 2.000000e-02 0.000000e+00 5.000000e-03 1.000000e-02 5.000000e-03 0.000000e+00 5.000000e-03
   55    1      2      0    0      1      -1      -1   200 0.065000000 0.27000000 0.10500000 0.1000000 0.16500000 0.03000000 0.06000000 0.04000000 0.09000000 0.005000000 0.020000000 0.035000000 0.010000000 0.0000000000 0.000000000 5.000000e-03 0.0000000000 0.000000e+00 0.000000e+00 0.000000e+00 0.000000e+00 0.000000e+00 0.000000e+00 0.000000e+00 0.000000e+00
   60    1      2      0    0      1      -1      -1   200 0.040000000 0.21000000 0.20000000 0.0500000 0.07500000 0.13500000 0.09500000 0.04000000 0.03000000 0.065000000 0.015000000 0.025000000 0.000000000 0.0150000000 0.005000000 0.000000e+00 0.0000000000 0.000000e+00 0.000000e+00 0.000000e+00 0.000000e+00 0.000000e+00 0.000000e+00 0.000000e+00 0.000000e+00
   65    1      2      0    0      1      -1      -1   200 0.025000000 0.29500000 0.23500000 0.0950000 0.05000000 0.06500000 0.06500000 0.04000000 0.01500000 0.020000000 0.025000000 0.020000000 0.020000000 0.0050000000 0.000000000 0.000000e+00 0.0150000000 0.000000e+00 0.000000e+00 0.000000e+00 0.000000e+00 5.000000e-03 0.000000e+00 0.000000e+00 5.000000e-03
   70    1      2      0    0      1      -1      -1   200 0.030000000 0.33000000 0.09500000 0.1150000 0.13000000 0.04500000 0.07000000 0.07500000 0.01500000 0.020000000 0.015000000 0.025000000 0.010000000 0.0050000000 0.010000000 0.000000e+00 0.0000000000 0.000000e+00 0.000000e+00 5.000000e-03 0.000000e+00 0.000000e+00 0.000000e+00 5.000000e-03 0.000000e+00
   75    1      2      0    0      1      -1      -1   200 0.040000000 0.11000000 0.24000000 0.1000000 0.09000000 0.05500000 0.12000000 0.01500000 0.04000000 0.050000000 0.035000000 0.015000000 0.045000000 0.0100000000 0.005000000 5.000000e-03 0.0050000000 0.000000e+00 0.000000e+00 1.000000e-02 5.000000e-03 0.000000e+00 0.000000e+00 5.000000e-03 0.000000e+00
   80    1      2      0    0      1      -1      -1   200 0.035000000 0.20000000 0.13000000 0.2200000 0.10000000 0.06500000 0.02000000 0.05500000 0.02000000 0.025000000 0.025000000 0.035000000 0.010000000 0.0150000000 0.020000000 5.000000e-03 0.0050000000 1.000000e-02 0.000000e+00 0.000000e+00 0.000000e+00 0.000000e+00 0.000000e+00 0.000000e+00 5.000000e-03
   85    1      2      0    0      1      -1      -1   200 0.040000000 0.28000000 0.12500000 0.1250000 0.09500000 0.09000000 0.07000000 0.02500000 0.04000000 0.025000000 0.000000000 0.015000000 0.030000000 0.0050000000 0.005000000 5.000000e-03 0.0050000000 0.000000e+00 0.000000e+00 5.000000e-03 0.000000e+00 0.000000e+00 5.000000e-03 0.000000e+00 1.000000e-02
   90    1      2      0    0      1      -1      -1   200 0.025000000 0.11000000 0.33500000 0.1300000 0.03500000 0.12000000 0.05500000 0.05000000 0.02500000 0.025000000 0.015000000 0.010000000 0.010000000 0.0200000000 0.020000000 0.000000e+00 0.0000000000 0.000000e+00 0.000000e+00 0.000000e+00 0.000000e+00 5.000000e-03 0.000000e+00 0.000000e+00 1.000000e-02
   95    1      2      0    0      1      -1      -1   200 0.045000000 0.13500000 0.20000000 0.1650000 0.13000000 0.06500000 0.01500000 0.11000000 0.03500000 0.015000000 0.015000000 0.010000000 0.010000000 0.0100000000 0.005000000 1.500000e-02 0.0000000000 0.000000e+00 1.000000e-02 5.000000e-03 5.000000e-03 0.000000e+00 0.000000e+00 0.000000e+00 0.000000e+00
  100    1      2      0    0      1      -1      -1   200 0.095000000 0.16000000 0.16500000 0.0600000 0.12000000 0.13000000 0.04500000 0.05000000 0.05000000 0.035000000 0.025000000 0.000000000 0.020000000 0.0150000000 0.010000000 1.000000e-02 0.0050000000 0.000000e+00 0.000000e+00 0.000000e+00 0.000000e+00 0.000000e+00 0.000000e+00 0.000000e+00 5.000000e-03
0 #_N_MeanSize_at_Age_obs
0 #_N_environ_variables
0 #_N_environ_obs
0 #_N_sizefreq_methods
0 #_do_tags
0 #_morphcomp_data
#
999
