#C data file created using the SS_writedat function in the R package r4ss
#C should work with SS version: 
#C file write time: 2014-11-06 17:08:36
#
1 #_styr
100 #_endyr
1 #_nseas
12 #_months_per_seas
1 #_spawn_seas
1 #_Nfleet
2 #_Nsurveys
1 #_N_areas
Fishery%Survey%CPUE #_fleetnames
0.5 0.5 0.5 #_surveytiming_in_season
1 1 1 #_area_assignments_for_each_fishery_and_survey
1 #_units of catch:  1=bio; 2=num
0.01 #_se of log(catch) only used for init_eq_catch and for Fmethod 2 and 3
1 #_Ngenders
25 #_Nages
0 #_init_equil_catch_for_each_fishery
100 #_N_lines_of_catch_to_read
 #_Fishery year seas
         0    1    1
         0    2    1
         0    3    1
         0    4    1
         0    5    1
         0    6    1
         0    7    1
         0    8    1
         0    9    1
         0   10    1
         0   11    1
         0   12    1
         0   13    1
         0   14    1
         0   15    1
         0   16    1
         0   17    1
         0   18    1
         0   19    1
         0   20    1
         0   21    1
         0   22    1
         0   23    1
         0   24    1
         0   25    1
 264615000   26    1
 250350000   27    1
 236917000   28    1
 224219000   29    1
 210239000   30    1
 197856000   31    1
 188833000   32    1
 184600000   33    1
 182698000   34    1
 182169000   35    1
 179450000   36    1
 175982000   37    1
 173574000   38    1
 172243000   39    1
 172455000   40    1
 174275000   41    1
 170644000   42    1
 164998000   43    1
 161731000   44    1
 163590000   45    1
 165068000   46    1
 167570000   47    1
 170666000   48    1
 171411000   49    1
 169825000   50    1
 164610000   51    1
 158930000   52    1
 152107000   53    1
 146766000   54    1
 144524000   55    1
 149291000   56    1
 160370000   57    1
 167426000   58    1
 168630000   59    1
 168817000   60    1
 169999000   61    1
 172996000   62    1
 171362000   63    1
 167417000   64    1
 162242000   65    1
 156542000   66    1
 152647000   67    1
 153981000   68    1
 152409000   69    1
 149713000   70    1
 147446000   71    1
 144530000   72    1
 141497000   73    1
 140552000   74    1
 140304000   75    1
 138547000   76    1
 136436000   77    1
 136750000   78    1
 139179000   79    1
 139373000   80    1
 136125000   81    1
 131337000   82    1
 127184000   83    1
 126157000   84    1
 124395000   85    1
 121474000   86    1
 120216000   87    1
 119901000   88    1
 120662000   89    1
 124770000   90    1
 129419000   91    1
 134780000   92    1
 144202000   93    1
 156130000   94    1
 159824000   95    1
 158702000   96    1
 157825000   97    1
 163364000   98    1
 167166000   99    1
 165782000  100    1
51 #_N_cpue
 #_Fleet Units Errtype
       1     1       0
       2     1       0
       3     1       0
 #_year seas index        obs se_log
     50    1     2 1918351892    0.2
     51    1     2 2643114674    0.2
     52    1     2 1851252673    0.2
     53    1     2 2010525432    0.2
     54    1     2 1661540689    0.2
     55    1     2 2213838300    0.2
     56    1     2 2721346820    0.2
     57    1     2 2474140318    0.2
     58    1     2 3716883195    0.2
     59    1     2 2572690193    0.2
     60    1     2 2682443804    0.2
     61    1     2 2853530646    0.2
     62    1     2 2138507176    0.2
     63    1     2 2014853119    0.2
     64    1     2 2510550042    0.2
     65    1     2 2764815664    0.2
     66    1     2 1860727691    0.2
     67    1     2 2834377951    0.2
     68    1     2 2408630291    0.2
     69    1     2 1893512246    0.2
     70    1     2 1990940238    0.2
     71    1     2 1453007948    0.2
     72    1     2 1828740959    0.2
     73    1     2 1968258624    0.2
     74    1     2 2146090638    0.2
     75    1     2 2153997710    0.2
     76    1     2 1813225851    0.2
     77    1     2 1790270491    0.2
     78    1     2 1285088702    0.2
     79    1     2 1811693126    0.2
     80    1     2 1755222033    0.2
     81    1     2 1673618331    0.2
     82    1     2 2046860451    0.2
     83    1     2 1983422475    0.2
     84    1     2 1092165382    0.2
     85    1     2 1757800763    0.2
     86    1     2 1639784539    0.2
     87    1     2 1368223078    0.2
     88    1     2 1511204461    0.2
     89    1     2 2303662870    0.2
     90    1     2 1743352401    0.2
     91    1     2 2253057804    0.2
     92    1     2 2226959245    0.2
     93    1     2 1996688949    0.2
     94    1     2 2235131318    0.2
     95    1     2 2018909087    0.2
     96    1     2 2112683910    0.2
     97    1     2 2006656315    0.2
     98    1     2 2837934910    0.2
     99    1     2 2219461608    0.2
    100    1     2 2070155195    0.2
0 #_N_discard_fleets
#_discard_units (1=same_as_catchunits(bio/num); 2=fraction; 3=numbers)
#_discard_errtype:  >0 for DF of T-dist(read CV below); 0 for normal with CV; -1 for normal with se; -2 for lognormal
0 #_N_discard
0 #_N_meanbodywt
1 #_DF_for_meanbodywt_T-distribution_like
2 # length bin method: 1=use databins; 2=generate from binwidth,min,max below; 3=read vector
1 # binwidth for population size comp
10 # minimum size in the population (lower edge of first bin and size at age 0.00)
200 # maximum size in the population (lower edge of last bin)
-0.001 #_comp_tail_compression
1e-05 #_add_to_comp
0 #_combine males into females at or below this bin number
21 #_N_lbins
#_lbin_vector
10 53 70 83 94 101 107 111 114 117 120 123 125 127 130 132 135 138 142 148 200
0 #_N_Length_comp_observations
25 #_N_agebins
#_agebin_vector
1 2 3 4 5 6 7 8 9 10 11 12 13 14 15 16 17 18 19 20 21 22 23 24 25
1 #_N_ageerror_definitions
 #_age0   age1   age2   age3   age4   age5   age6   age7   age8   age9  age10  age11  age12  age13  age14  age15  age16  age17  age18  age19  age20  age21  age22  age23  age24  age25
 -1.000 -1.000 -1.000 -1.000 -1.000 -1.000 -1.000 -1.000 -1.000 -1.000 -1.000 -1.000 -1.000 -1.000 -1.000 -1.000 -1.000 -1.000 -1.000 -1.000 -1.000 -1.000 -1.000 -1.000 -1.000 -1.000
  0.001  0.001  0.001  0.001  0.001  0.001  0.001  0.001  0.001  0.001  0.001  0.001  0.001  0.001  0.001  0.001  0.001  0.001  0.001  0.001  0.001  0.001  0.001  0.001  0.001  0.001
198 #_N_agecomp
1 #_Lbin_method: 1=poplenbins; 2=datalenbins; 3=lengths
-1 #_combine males into females at or below this bin number
 #_Yr Seas FltSvy Gender Part Ageerr Lbin_lo Lbin_hi Nsamp          a1         a2         a3         a4         a5         a6         a7         a8         a9         a10         a11         a12         a13         a14         a15         a16          a17          a18          a19          a20          a21          a22          a23          a24          a25
    2    1      1      0    0      1      -1      -1  1000 0.015181548 0.10393657 0.18780258 0.13238914 0.09933980 0.08317869 0.07648933 0.05822161 0.05364032 0.039793394 0.028389763 0.022135579 0.020140510 0.013049575 0.012722948 0.008594232 0.0065903344 0.0047721070 2.245622e-03 6.735173e-03 8.147782e-03 1.889324e-03 3.012538e-03 6.818895e-04 0.0109196507
    3    1      1      0    0      1      -1      -1  1000 0.011297924 0.13875561 0.15225181 0.11499662 0.10015411 0.08567148 0.07275438 0.06361560 0.05514726 0.036741847 0.029700780 0.021875669 0.019670249 0.012273559 0.008251926 0.014093012 0.0152870769 0.0091463082 4.193745e-03 5.681430e-03 7.589289e-03 4.825497e-03 2.023718e-03 2.010965e-03 0.0119901418
    4    1      1      0    0      1      -1      -1  1000 0.008616268 0.12961450 0.16683543 0.13299167 0.10477264 0.09063592 0.07165210 0.04488827 0.04645186 0.036864355 0.027185369 0.032362441 0.011155474 0.016455932 0.010661386 0.011253935 0.0066038202 0.0110239272 7.484713e-03 1.946008e-03 4.520544e-03 4.101780e-03 4.905006e-03 3.519012e-03 0.0134976526
    5    1      1      0    0      1      -1      -1  1000 0.003752538 0.07768671 0.19484732 0.15371700 0.10327246 0.07867201 0.07783890 0.05901550 0.04639360 0.036277340 0.029018098 0.023619115 0.024119219 0.015534402 0.008806004 0.009603659 0.0140736561 0.0078520403 6.794392e-03 5.367148e-03 4.210799e-03 3.044276e-03 2.124518e-03 3.423475e-03 0.0109358280
    6    1      1      0    0      1      -1      -1  1000 0.026683993 0.09086671 0.12426422 0.16092255 0.10531271 0.09744275 0.08887263 0.06393363 0.04134493 0.028866159 0.026105884 0.028588127 0.024222793 0.024666614 0.018671913 0.010059628 0.0070401772 0.0065940105 5.554039e-03 5.423194e-03 1.767869e-03 2.025985e-03 1.896338e-03 6.221444e-04 0.0082510080
    7    1      1      0    0      1      -1      -1  1000 0.008402058 0.17571112 0.09546333 0.09486252 0.11737295 0.11089807 0.06237603 0.06746537 0.04044295 0.042258546 0.040610002 0.030057205 0.015423734 0.020919905 0.012829830 0.014606866 0.0082066515 0.0119288197 8.652884e-03 5.870399e-03 2.190542e-03 2.684464e-03 5.577232e-04 4.251189e-04 0.0097828995
    8    1      1      0    0      1      -1      -1  1000 0.013401309 0.11060810 0.20984789 0.07557142 0.08757354 0.08221895 0.07708709 0.06329882 0.04865005 0.037467123 0.040001682 0.022056258 0.033244403 0.024969994 0.015381090 0.011235412 0.0087905383 0.0052479634 3.935746e-03 3.188100e-03 6.417407e-03 9.279190e-03 1.286196e-03 5.725806e-04 0.0086691413
    9    1      1      0    0      1      -1      -1  1000 0.009749522 0.14579836 0.15275528 0.18666406 0.05446415 0.06019569 0.07490726 0.05640210 0.06053485 0.033350590 0.031151691 0.025346433 0.014901950 0.014985378 0.020065074 0.009675375 0.0091494914 0.0057871590 8.349404e-03 3.638522e-03 5.365681e-03 2.212717e-03 1.411691e-03 3.176193e-04 0.0128199465
   10    1      1      0    0      1      -1      -1  1000 0.014996825 0.08633380 0.18261369 0.13329116 0.15443622 0.05117343 0.05202735 0.07202038 0.04329243 0.043855549 0.019518263 0.032399108 0.028021659 0.014768987 0.018214400 0.010087825 0.0061166609 0.0083758523 5.320095e-03 6.334540e-03 5.602962e-03 2.307477e-03 1.042021e-03 9.721621e-04 0.0068771641
   11    1      1      0    0      1      -1      -1  1000 0.003897294 0.11659349 0.09393374 0.15888798 0.10029156 0.12985849 0.04567009 0.03883096 0.06672435 0.041842261 0.034525293 0.028285660 0.026005657 0.020336312 0.016428521 0.010925327 0.0115594855 0.0163239634 5.544141e-03 4.851977e-03 9.120396e-03 1.421062e-03 1.081974e-03 1.912995e-03 0.0151470216
   12    1      1      0    0      1      -1      -1  1000 0.014256563 0.03071338 0.21620853 0.08114937 0.11670168 0.08059063 0.10692095 0.03951740 0.02843839 0.054658250 0.041020046 0.034549455 0.032368622 0.016942308 0.024494464 0.021765205 0.0085283912 0.0117569014 1.406008e-02 2.796090e-03 2.918867e-03 2.781523e-03 3.603634e-03 4.792665e-04 0.0127800007
   13    1      1      0    0      1      -1      -1  1000 0.010322169 0.14627008 0.03599329 0.18131964 0.07585391 0.11004274 0.07544365 0.09464040 0.03730496 0.032181101 0.046754040 0.038501247 0.022271527 0.023152282 0.010225063 0.012216057 0.0072713175 0.0076089554 7.760066e-03 5.973982e-03 4.429354e-03 3.066619e-03 3.275135e-03 1.482335e-03 0.0066400781
   14    1      1      0    0      1      -1      -1  1000 0.010997458 0.10554737 0.20551364 0.02814054 0.12444433 0.07143512 0.08568854 0.06197380 0.07691345 0.032358233 0.024171234 0.029948866 0.022334296 0.023095358 0.018489321 0.014862165 0.0149650356 0.0097689315 5.418021e-03 4.207412e-03 3.598677e-03 1.481537e-03 3.403452e-03 3.878541e-03 0.0173646709
   15    1      1      0    0      1      -1      -1  1000 0.015995189 0.11623128 0.16215607 0.16707068 0.02055787 0.12019919 0.05596418 0.04939807 0.04253096 0.062675686 0.020096487 0.021365316 0.027666961 0.019869587 0.020220997 0.014896502 0.0143669311 0.0117414759 7.617566e-03 3.872733e-03 1.342148e-03 7.950308e-03 1.147120e-03 2.614423e-03 0.0124522698
   16    1      1      0    0      1      -1      -1  1000 0.004568087 0.13807548 0.17227723 0.12444292 0.11498074 0.02392321 0.07991159 0.04506076 0.05462249 0.033369917 0.065605506 0.013762359 0.013399933 0.022981397 0.015493911 0.012217159 0.0204735287 0.0054749258 5.296541e-03 6.557361e-03 3.175503e-03 2.928593e-03 1.549985e-03 2.511407e-03 0.0173394677
   17    1      1      0    0      1      -1      -1  1000 0.014967700 0.07864557 0.18358586 0.13512926 0.10830478 0.12142427 0.01888753 0.07030521 0.03556725 0.046409775 0.033774605 0.045693489 0.013379979 0.011105493 0.014890014 0.015960963 0.0139081484 0.0065818940 9.870813e-03 4.783755e-03 3.070557e-03 1.305023e-03 7.331718e-04 1.842793e-03 0.0098721038
   18    1      1      0    0      1      -1      -1  1000 0.013666069 0.13931944 0.10308653 0.15847387 0.12920279 0.10483174 0.09094823 0.01529661 0.05423289 0.015708367 0.031152154 0.022706842 0.025834305 0.014110076 0.013128787 0.012205636 0.0073241559 0.0158362531 6.953013e-03 6.206982e-03 2.593265e-03 3.832144e-03 2.740687e-03 3.710001e-04 0.0102381713
   19    1      1      0    0      1      -1      -1  1000 0.012493654 0.07169465 0.18199609 0.08673416 0.12611086 0.09690585 0.08307132 0.08406991 0.01086730 0.053355046 0.020548709 0.036146161 0.027444229 0.030930446 0.010039423 0.009128262 0.0081153045 0.0118085664 4.346028e-03 5.953099e-03 1.015953e-02 1.366210e-03 2.389848e-03 2.908830e-03 0.0114165005
   20    1      1      0    0      1      -1      -1  1000 0.018196215 0.06836096 0.12241520 0.17925365 0.07116161 0.11056924 0.07609853 0.07328137 0.06933039 0.007617940 0.036811628 0.019813042 0.037980222 0.024674144 0.021070945 0.008323621 0.0067604947 0.0035532912 4.271295e-03 7.189952e-03 4.408157e-03 6.889372e-03 5.714656e-03 2.681782e-03 0.0135722899
   21    1      1      0    0      1      -1      -1  1000 0.025728928 0.18464030 0.09479463 0.09448376 0.13787687 0.04826913 0.07926842 0.05742745 0.06107161 0.045453412 0.013643455 0.030168091 0.021037734 0.010064886 0.016619032 0.018994909 0.0122882657 0.0068886001 5.620753e-03 7.978887e-03 3.563261e-03 6.523676e-04 6.730163e-03 4.071164e-03 0.0126639240
   22    1      1      0    0      1      -1      -1  1000 0.014478108 0.17863948 0.20616569 0.06302112 0.07603028 0.10316217 0.04240655 0.06031012 0.04473565 0.047940900 0.034747578 0.008283954 0.022835399 0.007100575 0.012666611 0.016139137 0.0158483871 0.0028179856 8.090569e-03 3.725713e-03 6.161406e-03 4.184861e-03 6.065504e-03 1.812738e-03 0.0126295204
   23    1      1      0    0      1      -1      -1  1000 0.010539820 0.13648389 0.24751069 0.15897449 0.05403234 0.04476972 0.07684477 0.04350965 0.05096379 0.030314730 0.024297535 0.023778170 0.007209977 0.014652485 0.010110974 0.014068321 0.0141791512 0.0087934555 2.897019e-03 4.740239e-03 4.643104e-03 4.477608e-03 2.449453e-03 7.407126e-04 0.0090179124
   24    1      1      0    0      1      -1      -1  1000 0.014968886 0.09135107 0.21000356 0.19025392 0.13418341 0.04715116 0.03858403 0.04349551 0.03438062 0.033749537 0.036095033 0.023269213 0.026245346 0.003846183 0.011931821 0.010060229 0.0123435184 0.0058876606 9.688113e-03 2.322992e-03 3.101564e-03 3.899437e-03 2.012185e-03 5.314691e-03 0.0058603206
   25    1      1      0    0      1      -1      -1  1000 0.010822092 0.10717773 0.13203791 0.16627881 0.16360811 0.09655108 0.03505072 0.03878200 0.04531908 0.026834545 0.046211807 0.027066911 0.021474953 0.022162053 0.009759605 0.009919001 0.0066055643 0.0063605106 3.450002e-03 3.825095e-03 2.800187e-03 1.136263e-03 2.636339e-03 1.943574e-03 0.0121860622
   26    1      1      0    0      1      -1      -1  1000 0.008195761 0.15904618 0.14106604 0.10763717 0.13249789 0.11092111 0.08920513 0.03284907 0.02404690 0.039778867 0.027649041 0.021650467 0.028085224 0.007705864 0.014750616 0.000779517 0.0044129853 0.0044456029 7.744301e-03 4.249717e-03 8.745859e-03 2.570958e-03 3.393498e-03 2.403751e-03 0.0161684796
   27    1      1      0    0      1      -1      -1  1000 0.012561368 0.12373845 0.17760151 0.11313570 0.07670802 0.10433132 0.09924473 0.06947001 0.02696649 0.021356908 0.026529758 0.014677704 0.031977957 0.019118017 0.020055952 0.015973320 0.0057872429 0.0088200272 2.971694e-03 5.325252e-03 6.232125e-03 7.508792e-04 2.157346e-03 9.894172e-04 0.0135187932
   28    1      1      0    0      1      -1      -1  1000 0.009281202 0.14586366 0.14358705 0.14251676 0.10439487 0.06553624 0.08905018 0.08329444 0.05952872 0.021575920 0.012573314 0.028306935 0.013443902 0.017915251 0.011130063 0.011362389 0.0097800421 0.0007104079 7.787819e-03 3.036705e-03 1.812579e-03 6.524859e-03 4.237384e-03 3.785161e-04 0.0063707899
   29    1      1      0    0      1      -1      -1  1000 0.007750099 0.07831703 0.23481883 0.12030289 0.10243507 0.07854070 0.05503549 0.07507417 0.06689361 0.048766391 0.014529178 0.023946828 0.018316614 0.007877636 0.012632811 0.010708685 0.0041676208 0.0116028238 1.592194e-03 3.296867e-03 1.689905e-03 1.408465e-03 4.831162e-03 2.627618e-03 0.0128373095
   30    1      1      0    0      1      -1      -1  1000 0.010127322 0.14525796 0.11850160 0.18311918 0.09449211 0.08922068 0.07190106 0.04491547 0.04560882 0.044285378 0.035153924 0.009019708 0.009494261 0.021498715 0.006755744 0.012087720 0.0112059618 0.0048506566 6.864132e-03 2.977893e-04 7.831772e-03 1.118256e-03 2.577042e-03 4.025438e-03 0.0197892985
   31    1      1      0    0      1      -1      -1  1000 0.023143952 0.12339791 0.14878041 0.09042624 0.12919706 0.07600188 0.07300624 0.04512201 0.03923337 0.053960998 0.051335055 0.040670168 0.013739055 0.008607731 0.020765572 0.009290895 0.0179132989 0.0077159912 3.619861e-03 9.144550e-03 2.704077e-04 3.431697e-03 8.261773e-04 2.771244e-03 0.0076282337
   32    1      1      0    0      1      -1      -1  1000 0.017800384 0.18534030 0.15090241 0.12735529 0.06652002 0.10492903 0.06833254 0.04317355 0.04184753 0.027511166 0.040928972 0.025910525 0.032229730 0.006949140 0.011151979 0.008464379 0.0057822733 0.0078989431 4.682589e-03 6.576936e-03 5.119578e-03 2.109361e-04 1.614659e-03 3.113893e-03 0.0056532350
   33    1      1      0    0      1      -1      -1  1000 0.029750934 0.15172264 0.23914210 0.12267639 0.09390770 0.06274440 0.06767065 0.03196733 0.04761596 0.023926877 0.015605480 0.022536097 0.021573386 0.023432555 0.010440052 0.002519446 0.0055440260 0.0005368769 6.092546e-03 5.360878e-03 1.304678e-03 1.869744e-03 2.961609e-04 2.102516e-03 0.0096605819
   34    1      1      0    0      1      -1      -1  1000 0.010995362 0.19057787 0.20399394 0.17182026 0.08077238 0.08060571 0.03800753 0.06060915 0.02821419 0.027323074 0.016764007 0.015866428 0.020418728 0.014916374 0.007748943 0.001514222 0.0028883846 0.0040341807 1.988183e-03 4.855349e-03 4.715934e-03 1.768987e-03 2.940065e-03 2.735014e-05 0.0066333929
   35    1      1      0    0      1      -1      -1  1000 0.009209622 0.11648071 0.25219535 0.17707031 0.13171890 0.06370336 0.04619604 0.02103856 0.05026579 0.014017498 0.024644596 0.018257951 0.011381804 0.011058478 0.015371594 0.010859062 0.0017938891 0.0062338699 5.699823e-03 2.536851e-03 1.169040e-03 2.787508e-03 3.976177e-04 6.239462e-04 0.0052878280
   36    1      1      0    0      1      -1      -1  1000 0.016182736 0.11986803 0.18213680 0.17502830 0.13785751 0.11707112 0.05819901 0.04300337 0.01905310 0.032534532 0.017465159 0.017038479 0.013968876 0.005267500 0.008156981 0.009334601 0.0080634849 0.0051118463 6.407325e-04 4.224568e-03 2.049095e-03 1.416161e-03 9.274329e-04 9.327202e-04 0.0044678578
   37    1      1      0    0      1      -1      -1  1000 0.017038844 0.15345798 0.16396549 0.11787842 0.15429155 0.07943670 0.09056496 0.04782576 0.03631708 0.019560514 0.031843709 0.014212582 0.016792379 0.004507259 0.005716586 0.006311093 0.0144616226 0.0055394048 7.648613e-04 4.011669e-03 3.564675e-03 4.051502e-04 2.092464e-03 5.191236e-04 0.0089201087
   38    1      1      0    0      1      -1      -1  1000 0.021591658 0.18052973 0.15856786 0.12111224 0.10081634 0.10710572 0.08860827 0.05875005 0.02071766 0.036741369 0.012243618 0.028125693 0.011690976 0.007697480 0.005214742 0.008280278 0.0049441673 0.0083387266 2.396501e-03 2.658930e-03 1.576074e-03 4.579847e-03 7.568407e-05 6.354538e-04 0.0070009425
   39    1      1      0    0      1      -1      -1  1000 0.024720605 0.13156261 0.25720853 0.12215394 0.07709027 0.06948005 0.07634718 0.05613345 0.06160976 0.018829808 0.016601909 0.009624232 0.021843406 0.010217530 0.012660588 0.006987446 0.0027180415 0.0058017381 5.522721e-03 3.089370e-03 1.171777e-03 2.408664e-03 1.583124e-03 1.325415e-03 0.0033078426
   40    1      1      0    0      1      -1      -1  1000 0.008224038 0.23120983 0.13261841 0.15813178 0.11609484 0.06002384 0.06189304 0.07258032 0.03957553 0.038057178 0.014918827 0.008830133 0.010957007 0.010141878 0.008799956 0.002824681 0.0036156542 0.0048314197 4.873414e-03 3.693782e-03 1.585857e-03 1.446464e-04 4.177124e-04 2.421114e-03 0.0035350948
   41    1      1      0    0      1      -1      -1  1000 0.008455440 0.10063966 0.29682526 0.12318532 0.13705658 0.06051338 0.05499890 0.04158696 0.04785939 0.038640637 0.024817991 0.016519434 0.011532574 0.006348229 0.007150841 0.005036070 0.0022778562 0.0006736620 2.408122e-03 3.808465e-03 1.426134e-03 2.554939e-03 2.348212e-06 7.262646e-04 0.0049555383
   42    1      1      0    0      1      -1      -1  1000 0.010664642 0.09424141 0.11189933 0.26446441 0.09927445 0.11304669 0.06056740 0.04618693 0.03542196 0.049694697 0.029767499 0.021768475 0.006520403 0.009369002 0.009945187 0.009603263 0.0023058565 0.0027307210 6.138888e-03 1.044515e-03 3.281010e-03 1.418171e-03 4.051267e-03 2.514928e-04 0.0063423294
   43    1      1      0    0      1      -1      -1  1000 0.036863557 0.10094222 0.15423121 0.09273098 0.20471513 0.07459228 0.10347487 0.06316534 0.02816887 0.022643682 0.034594195 0.015904938 0.017665679 0.012488669 0.007429319 0.001968169 0.0066957826 0.0056962533 1.145374e-03 9.753139e-04 6.303564e-04 4.758942e-03 1.258286e-03 2.774132e-04 0.0069831752
   44    1      1      0    0      1      -1      -1  1000 0.026357751 0.27019611 0.11012666 0.10367123 0.05959343 0.14502536 0.06461547 0.06189430 0.03115049 0.026772280 0.020901728 0.020374320 0.011202951 0.013438869 0.012022420 0.006356231 0.0010205436 0.0022574762 5.213357e-03 2.813163e-03 2.513364e-03 4.738559e-04 3.575773e-04 3.591847e-04 0.0012918865
   45    1      1      0    0      1      -1      -1  1000 0.012122702 0.17070352 0.32284325 0.08674026 0.06607150 0.05505749 0.09037881 0.03506887 0.04701892 0.022680653 0.012509709 0.014226890 0.014115425 0.012548391 0.013221811 0.004192479 0.0035729754 0.0020240991 7.161328e-03 1.293977e-03 1.758039e-04 8.514874e-04 9.125502e-05 5.722519e-04 0.0047561443
   46    1      1      0    0      1      -1      -1  1000 0.031085309 0.12124629 0.19946704 0.25464186 0.06687688 0.04967420 0.03595541 0.07614579 0.03343102 0.032781200 0.035463821 0.010500373 0.012634426 0.005372087 0.004338524 0.007102288 0.0044965884 0.0050898606 1.611114e-03 2.068192e-03 2.501455e-03 2.211470e-03 1.707744e-03 3.632033e-04 0.0032338464
   47    1      1      0    0      1      -1      -1  1000 0.018079912 0.20386863 0.18374153 0.14303209 0.16970621 0.04545641 0.04647991 0.02882172 0.06533835 0.018716726 0.024173481 0.007423237 0.006697198 0.005016051 0.009318266 0.005242977 0.0054116529 0.0018204593 2.153421e-05 1.705390e-03 2.019353e-03 2.695173e-03 1.010813e-03 3.893130e-04 0.0038136096
   48    1      1      0    0      1      -1      -1  1000 0.015110279 0.11151818 0.26080808 0.13695866 0.10850269 0.13944993 0.03295491 0.02758777 0.02258774 0.054002035 0.018394392 0.021934146 0.015780052 0.005808051 0.006231228 0.004055345 0.0055204191 0.0044122786 4.903602e-04 1.212410e-03 1.727079e-04 1.062625e-04 2.908237e-04 3.564289e-03 0.0025469659
   49    1      1      0    0      1      -1      -1  1000 0.005993862 0.16039295 0.14529027 0.22115705 0.09804795 0.09637026 0.09077523 0.03790778 0.01689461 0.014264082 0.039889571 0.010884394 0.009889967 0.018761834 0.003880503 0.013070003 0.0041168568 0.0009781146 4.266486e-03 1.937890e-03 2.440871e-03 4.605111e-04 2.758258e-04 7.915932e-04 0.0012615263
   50    1      1      0    0      1      -1      -1  1000 0.019743887 0.06824604 0.22854044 0.11474769 0.15909528 0.09714081 0.06917233 0.08397454 0.02927153 0.021239238 0.012800045 0.031246738 0.010319198 0.008156469 0.008884315 0.011952254 0.0019648531 0.0051161660 4.594299e-03 8.241379e-03 1.292640e-03 1.273153e-04 1.641341e-04 5.358386e-05 0.0039148310
   51    1      1      0    0      1      -1      -1  1000 0.010979018 0.14006882 0.09635219 0.18553410 0.10978193 0.14487598 0.05932521 0.06694670 0.08520697 0.016633763 0.012437833 0.008782453 0.020183042 0.010148947 0.013479552 0.004610594 0.0010040046 0.0019945826 3.848576e-03 2.035003e-03 8.081344e-04 6.047138e-04 1.791027e-03 3.515804e-04 0.0022152823
   52    1      1      0    0      1      -1      -1  1000 0.016364480 0.11088782 0.19386517 0.06839535 0.14731469 0.07934823 0.11714990 0.05827499 0.04677491 0.056697821 0.015785310 0.015870869 0.011590203 0.019262791 0.005763834 0.007881497 0.0043788745 0.0072847214 3.229923e-03 6.125166e-03 1.542752e-03 4.557569e-03 4.021111e-04 4.344034e-04 0.0008166211
   53    1      1      0    0      1      -1      -1  1000 0.020365882 0.14232775 0.13045680 0.15397493 0.05317835 0.10569085 0.06119736 0.09589490 0.05110360 0.033763470 0.052510086 0.010815874 0.008115802 0.016161997 0.027782692 0.006935533 0.0115584867 0.0050088920 3.367908e-03 1.570190e-03 4.206822e-03 3.862272e-04 5.718332e-04 7.775584e-04 0.0022762057
   54    1      1      0    0      1      -1      -1  1000 0.020617853 0.18746517 0.15626628 0.10646564 0.11502232 0.04186784 0.08434897 0.04659611 0.08136106 0.039869646 0.028994881 0.030894159 0.012732055 0.005122106 0.008902812 0.011809069 0.0041038515 0.0035581446 2.163430e-03 1.176008e-03 1.311592e-03 2.803729e-03 6.802497e-04 2.247497e-03 0.0036195164
   55    1      1      0    0      1      -1      -1  1000 0.041440520 0.19693430 0.18400735 0.11219843 0.06973422 0.09717707 0.03626879 0.05913406 0.03536000 0.049108296 0.031142607 0.015640449 0.030133822 0.009631262 0.004843373 0.002108090 0.0096376569 0.0048935106 3.892563e-03 9.647851e-04 1.439755e-03 6.136791e-04 2.666773e-04 4.657784e-04 0.0029629653
   56    1      1      0    0      1      -1      -1  1000 0.026468936 0.32253135 0.19535849 0.10111289 0.09079321 0.05596450 0.05845929 0.01311006 0.02907904 0.025875314 0.026195914 0.012461987 0.012573380 0.008357255 0.004301076 0.002303570 0.0031594175 0.0050929684 1.532977e-03 1.266157e-03 6.367204e-04 1.034834e-03 2.307029e-04 1.138838e-03 0.0009611191
   57    1      1      0    0      1      -1      -1  1000 0.009439434 0.17595486 0.34564457 0.14379679 0.09091506 0.04325225 0.03500131 0.03417365 0.01530624 0.032214967 0.015068849 0.014445214 0.009432817 0.004978927 0.012908011 0.007290702 0.0009088181 0.0006761370 2.606743e-03 2.053559e-03 1.841839e-03 4.133317e-04 7.513551e-05 1.689281e-04 0.0014318548
   58    1      1      0    0      1      -1      -1  1000 0.012516451 0.05285013 0.25876873 0.28212642 0.13732380 0.07060695 0.03157037 0.03141708 0.04076562 0.008549933 0.017932496 0.009872232 0.016607107 0.008784425 0.003136578 0.005182705 0.0019257748 0.0007913240 2.947946e-03 4.303018e-03 2.592514e-04 1.192857e-03 7.405905e-05 1.112034e-06 0.0004936284
   59    1      1      0    0      1      -1      -1  1000 0.015062425 0.13891416 0.08107905 0.22511536 0.23150717 0.10201787 0.06220894 0.03679888 0.01728903 0.020943877 0.004276971 0.013203211 0.007366835 0.018487364 0.004674673 0.003910765 0.0080623333 0.0026415144 4.305363e-04 2.218124e-03 1.550679e-03 1.209757e-03 2.368929e-04 4.488785e-04 0.0003446996
   60    1      1      0    0      1      -1      -1  1000 0.030809892 0.13380774 0.18113543 0.05494894 0.15876690 0.17418372 0.07607500 0.05118633 0.02615198 0.027033272 0.019749226 0.006806136 0.013727485 0.006732883 0.011370723 0.002515927 0.0065531505 0.0089597103 1.865291e-03 3.104715e-04 9.316366e-05 3.183556e-03 1.504008e-03 1.738486e-05 0.0025116829
   61    1      1      0    0      1      -1      -1  1000 0.011339254 0.26963515 0.13668291 0.12001888 0.03672805 0.12292946 0.11465356 0.05313009 0.03635578 0.023333099 0.009021603 0.016201883 0.009250343 0.011301679 0.004061268 0.006854251 0.0087238592 0.0026598713 3.246834e-03 1.153048e-03 2.056098e-04 2.822643e-04 7.926710e-04 4.718159e-04 0.0009667685
   62    1      1      0    0      1      -1      -1  1000 0.012253164 0.09612076 0.30334405 0.12156837 0.10890409 0.04530474 0.09601501 0.08820924 0.04265019 0.018442986 0.015501636 0.006699846 0.008812917 0.007009735 0.007633598 0.002074687 0.0067826014 0.0049846589 3.697358e-04 3.333981e-03 1.313683e-03 4.897579e-04 2.222092e-04 1.536707e-03 0.0004216422
   63    1      1      0    0      1      -1      -1  1000 0.016207233 0.11750530 0.13223544 0.27356877 0.08917135 0.10264576 0.02976914 0.06748863 0.06195073 0.030266873 0.022393394 0.008801807 0.005440507 0.008950412 0.003701881 0.011155435 0.0050614729 0.0044489997 8.628009e-04 1.857349e-03 2.485371e-03 4.173340e-04 3.524621e-05 1.361202e-03 0.0022175595
   64    1      1      0    0      1      -1      -1  1000 0.014804744 0.09808264 0.16180363 0.12761538 0.21668175 0.08750668 0.06799176 0.02386004 0.04666934 0.053557014 0.032039124 0.017843716 0.010505702 0.007573425 0.006707042 0.005180731 0.0051307165 0.0029121112 6.630452e-03 2.104781e-04 1.019855e-03 2.811296e-03 1.431714e-03 1.748767e-04 0.0012557778
   65    1      1      0    0      1      -1      -1  1000 0.007239020 0.16420227 0.11259333 0.15295242 0.10319620 0.17323116 0.05696684 0.04852326 0.02307146 0.050526692 0.046392598 0.015050617 0.011299900 0.005752041 0.006138937 0.003095287 0.0011266180 0.0039480379 2.275713e-03 3.732247e-03 6.524253e-04 3.038088e-03 5.665996e-04 3.074712e-04 0.0041207609
   66    1      1      0    0      1      -1      -1  1000 0.042831050 0.08733810 0.21917074 0.09881393 0.10781626 0.07246188 0.11242490 0.03772057 0.06671723 0.015925169 0.040556505 0.041893947 0.017682774 0.007717264 0.007994378 0.002154077 0.0038073812 0.0011340176 4.450444e-03 1.502893e-03 2.486542e-03 2.400977e-04 1.393045e-04 3.877714e-03 0.0031428245
   67    1      1      0    0      1      -1      -1  1000 0.019904249 0.24569483 0.09657781 0.16091272 0.08541458 0.06501877 0.04783646 0.09086224 0.03013248 0.033423946 0.009803512 0.040464870 0.028105744 0.013917689 0.003723205 0.005520329 0.0031207653 0.0035146352 1.109116e-03 1.384024e-03 4.355959e-04 8.472782e-03 7.114839e-04 1.619280e-03 0.0023188902
   68    1      1      0    0      1      -1      -1  1000 0.014684672 0.13699914 0.35443578 0.06728898 0.10356587 0.04330668 0.05961993 0.03753639 0.06885689 0.017021724 0.018071533 0.009579851 0.023745849 0.018324577 0.012136632 0.003657513 0.0009931875 0.0030323794 1.308335e-03 6.055525e-06 1.663427e-03 8.011162e-04 1.987904e-04 1.125041e-04 0.0030521966
   69    1      1      0    0      1      -1      -1  1000 0.011516904 0.09974269 0.18158119 0.29617252 0.05072773 0.09470570 0.05015727 0.04547894 0.03132010 0.050232764 0.026236757 0.012808625 0.006642649 0.015268321 0.009833603 0.005024095 0.0052210674 0.0005261897 1.620392e-04 1.334477e-03 6.068829e-04 9.768590e-04 4.130400e-05 2.103087e-03 0.0015782377
   70    1      1      0    0      1      -1      -1  1000 0.019326992 0.13728048 0.15975571 0.13991195 0.23306110 0.02601400 0.05973540 0.03596614 0.03413383 0.025780906 0.052367999 0.013008317 0.012164870 0.004112504 0.008496815 0.020100316 0.0081146679 0.0010777777 1.688561e-03 3.624737e-04 1.709446e-03 2.538943e-05 6.291354e-04 2.349693e-04 0.0049402541
   71    1      1      0    0      1      -1      -1  1000 0.024113665 0.16269499 0.17460906 0.10722934 0.11608040 0.16146055 0.02151842 0.05165928 0.02727615 0.023627287 0.021544047 0.039451749 0.012529944 0.012483714 0.002476396 0.012667042 0.0111303093 0.0024436439 4.630965e-03 3.273257e-03 1.882856e-03 5.636441e-04 2.548543e-04 1.613531e-03 0.0027849158
   72    1      1      0    0      1      -1      -1  1000 0.017424060 0.14270077 0.18654091 0.15847213 0.09749184 0.08480727 0.13627990 0.01868976 0.04226114 0.010913200 0.021004258 0.010400183 0.023260890 0.012948766 0.005753243 0.002015480 0.0069884089 0.0084790637 1.961492e-03 4.226570e-04 1.189623e-03 2.510946e-03 2.655887e-04 4.167403e-04 0.0068016756
   73    1      1      0    0      1      -1      -1  1000 0.017468288 0.17461646 0.16037180 0.14770377 0.11079530 0.05393318 0.06699441 0.10787397 0.02538323 0.030709471 0.014879208 0.017897210 0.013106393 0.032092589 0.008638525 0.003328414 0.0012756347 0.0026350493 2.740312e-03 3.327904e-04 1.493895e-03 1.265154e-03 1.329873e-05 1.225898e-03 0.0032257446
   74    1      1      0    0      1      -1      -1  1000 0.014411317 0.19933816 0.21266824 0.11550012 0.10099421 0.08371947 0.05046321 0.05363810 0.07161618 0.011972541 0.020522332 0.011026912 0.010392764 0.004956998 0.014013869 0.002174518 0.0041165252 0.0007530361 4.628452e-03 6.045762e-03 4.683945e-03 1.642122e-04 3.122512e-05 5.007597e-05 0.0021178262
   75    1      1      0    0      1      -1      -1  1000 0.009571399 0.13633471 0.23636718 0.17157491 0.08633540 0.08828194 0.05689546 0.04387432 0.03100479 0.051865035 0.006091944 0.021505464 0.011881778 0.006627793 0.004975647 0.014769675 0.0047883735 0.0031755432 5.257205e-04 3.096345e-03 3.529336e-03 2.945572e-04 2.524510e-04 9.258494e-04 0.0054543848
   76    1      1      0    0      1      -1      -1  1000 0.022510386 0.12398947 0.18247104 0.18799517 0.11105992 0.06713050 0.07400953 0.05629003 0.02905032 0.028156174 0.039498704 0.008338948 0.011301895 0.007727126 0.002987005 0.006960412 0.0112746605 0.0047090254 4.197244e-03 9.171320e-04 9.828534e-03 6.809493e-03 9.411753e-04 3.047788e-04 0.0015413228
   77    1      1      0    0      1      -1      -1  1000 0.021071859 0.16200773 0.13628112 0.14709948 0.14675600 0.09416073 0.06052462 0.06080421 0.03627814 0.026634263 0.024216087 0.033797519 0.006534186 0.011351434 0.002928816 0.002459377 0.0050626923 0.0050062689 4.486758e-03 5.832617e-03 8.502360e-04 1.029454e-03 1.574008e-03 3.518770e-04 0.0029005105
   78    1      1      0    0      1      -1      -1  1000 0.015455753 0.22758671 0.17628250 0.11228804 0.11128766 0.09987440 0.06237427 0.04345344 0.02927614 0.037344975 0.015913208 0.015747005 0.020847959 0.001845117 0.011708921 0.001172459 0.0022279794 0.0061459734 2.233547e-03 9.669381e-04 7.870154e-04 4.324383e-04 5.906261e-04 1.271098e-03 0.0028858280
   79    1      1      0    0      1      -1      -1  1000 0.005833581 0.16712776 0.27593408 0.14196710 0.06998352 0.06620716 0.06652437 0.05378717 0.02948385 0.028097866 0.019338396 0.016686622 0.008406145 0.021495780 0.006241940 0.005427035 0.0037831967 0.0031005573 8.810088e-04 5.379363e-03 1.832906e-03 2.997857e-04 3.290937e-05 2.884763e-04 0.0018594193
   80    1      1      0    0      1      -1      -1  1000 0.014949429 0.07427737 0.22957200 0.20836221 0.10536640 0.05853864 0.05081186 0.08252653 0.04757273 0.012248511 0.022936917 0.019998279 0.012558422 0.015218157 0.026295816 0.001035864 0.0029526868 0.0021999854 6.009995e-03 2.451478e-03 1.588442e-03 3.925423e-04 1.781408e-04 1.166008e-05 0.0019459433
   81    1      1      0    0      1      -1      -1  1000 0.019263331 0.10801743 0.10500755 0.18868489 0.17588067 0.10384719 0.05242653 0.05526284 0.05405071 0.039352209 0.011008587 0.019223248 0.013481524 0.011664291 0.014977711 0.011207654 0.0037477813 0.0032655066 1.374232e-03 2.054961e-03 3.738987e-04 9.110267e-04 5.057601e-04 4.732737e-04 0.0039371974
   82    1      1      0    0      1      -1      -1  1000 0.022664719 0.09367856 0.13623783 0.09938467 0.15268938 0.15582024 0.08320500 0.04420496 0.04574394 0.043339775 0.025360121 0.014159312 0.013723855 0.021943768 0.011486480 0.007953622 0.0143240169 0.0029524473 1.697582e-03 2.291460e-03 1.835200e-03 1.162689e-03 2.169501e-03 9.875344e-06 0.0019609980
   83    1      1      0    0      1      -1      -1  1000 0.018294135 0.22231577 0.12609126 0.13664041 0.06697699 0.12021927 0.09403503 0.04682269 0.03717123 0.026130074 0.032819239 0.014510076 0.014093744 0.010128183 0.003745332 0.005270931 0.0018925746 0.0053313791 6.488517e-04 2.535575e-03 6.498593e-05 1.794027e-03 4.860674e-03 1.254591e-04 0.0074821055
   84    1      1      0    0      1      -1      -1  1000 0.012475668 0.18416740 0.27292552 0.07172427 0.08870851 0.04184537 0.08030316 0.08039411 0.03834316 0.023691259 0.020159932 0.023779999 0.018589660 0.003973024 0.008978436 0.005309506 0.0022193815 0.0022928224 1.161707e-02 2.299941e-04 9.639988e-04 1.426777e-03 3.188874e-03 6.159587e-04 0.0020761384
   85    1      1      0    0      1      -1      -1  1000 0.010458298 0.11495000 0.22209071 0.18583449 0.07480876 0.06220618 0.04738022 0.07671615 0.06878780 0.039627067 0.023503181 0.021786523 0.013371281 0.010385293 0.004495865 0.009358828 0.0046493232 0.0012755307 1.864268e-03 4.180754e-03 1.491856e-04 7.549675e-04 5.248776e-04 2.753197e-04 0.0005651174
   86    1      1      0    0      1      -1      -1  1000 0.029286544 0.16279210 0.12408371 0.18274502 0.16134597 0.05012899 0.05433867 0.02790029 0.06995935 0.038035987 0.019934976 0.022693984 0.014822542 0.010320115 0.009913588 0.003067327 0.0022949602 0.0011527949 3.127453e-03 3.045385e-03 2.219048e-03 4.850420e-04 1.620644e-03 1.354399e-04 0.0045500693
   87    1      1      0    0      1      -1      -1  1000 0.016933770 0.21810847 0.15947544 0.07951052 0.12638982 0.13463939 0.03628477 0.04475050 0.02659166 0.041862279 0.036950902 0.015128503 0.009222931 0.005050776 0.013152642 0.006534829 0.0021778540 0.0073724101 2.501942e-03 2.278094e-04 1.408563e-03 8.956782e-03 9.161063e-04 6.036856e-04 0.0052476520
   88    1      1      0    0      1      -1      -1  1000 0.029238264 0.14883103 0.24997640 0.12147308 0.06846582 0.08562725 0.09002009 0.02321949 0.02780444 0.012170091 0.039317784 0.032949091 0.012145762 0.012463983 0.009986257 0.011126885 0.0072032488 0.0014722551 2.423326e-03 3.771095e-03 1.185171e-03 6.649673e-04 2.222024e-03 1.047874e-04 0.0061374010
   89    1      1      0    0      1      -1      -1  1000 0.020538121 0.24933650 0.11248317 0.18075994 0.11636564 0.05731849 0.07269508 0.06179044 0.01739559 0.018156346 0.012907489 0.022022377 0.025312461 0.007308614 0.004420632 0.001993123 0.0088315241 0.0038032652 1.580052e-04 9.794698e-04 3.298603e-04 2.815673e-04 1.390640e-03 9.425646e-04 0.0024790962
   90    1      1      0    0      1      -1      -1  1000 0.030726828 0.16598721 0.25078714 0.08669737 0.13358849 0.06821366 0.04262962 0.06358574 0.06240685 0.014603566 0.012768609 0.006890791 0.012163535 0.015174630 0.007823497 0.002738546 0.0052598679 0.0072260661 3.695727e-03 1.621290e-04 6.989873e-04 9.020811e-04 2.214537e-03 2.006156e-04 0.0028539175
   91    1      1      0    0      1      -1      -1  1000 0.017943128 0.17222459 0.22209397 0.20815027 0.07273605 0.08207268 0.05780907 0.04031528 0.03062313 0.033409960 0.008338722 0.010576319 0.006693916 0.011089041 0.005311192 0.004679085 0.0021119826 0.0024594695 2.302238e-03 2.450105e-03 2.272662e-03 1.828157e-04 7.917779e-04 1.725149e-05 0.0033452887
   92    1      1      0    0      1      -1      -1  1000 0.042186785 0.14897206 0.22949334 0.15261596 0.15993604 0.04932490 0.05897016 0.03369984 0.02812348 0.026624430 0.026233116 0.004789715 0.008771809 0.002230546 0.004758132 0.006436474 0.0020040659 0.0023865455 1.812761e-03 1.537283e-03 3.925427e-03 9.933427e-04 6.675515e-04 1.348545e-03 0.0021576975
   93    1      1      0    0      1      -1      -1  1000 0.011755771 0.31447408 0.16952538 0.13613986 0.10136250 0.08189879 0.04618812 0.03633667 0.01685596 0.011334500 0.021015464 0.020034301 0.002810111 0.002520634 0.002640578 0.007992582 0.0052175362 0.0006983602 2.975509e-03 5.766738e-04 1.652969e-03 1.174106e-03 1.875765e-03 2.346438e-03 0.0005973385
   94    1      1      0    0      1      -1      -1  1000 0.008831099 0.08906131 0.38643309 0.12014877 0.10730698 0.05557761 0.07687018 0.04089432 0.03557003 0.019914665 0.007910239 0.013331647 0.007667708 0.004662798 0.003521143 0.006399759 0.0027891849 0.0026165574 3.039138e-03 7.570585e-04 6.029269e-04 1.242192e-03 8.334088e-04 1.616589e-05 0.0040020233
   95    1      1      0    0      1      -1      -1  1000 0.005891204 0.10213514 0.13491423 0.32588839 0.10096737 0.11885124 0.05291657 0.05278476 0.01553199 0.026646921 0.017678162 0.006155263 0.011191390 0.010651759 0.003974825 0.004819152 0.0014263675 0.0014290418 2.071411e-03 2.313404e-03 5.808675e-04 3.685325e-04 1.004926e-04 1.943920e-05 0.0006920793
   96    1      1      0    0      1      -1      -1  1000 0.028692994 0.06653776 0.14429288 0.09308450 0.27906463 0.10085152 0.07302590 0.05498099 0.06482343 0.022285877 0.016906464 0.008539482 0.004488101 0.008790014 0.005832281 0.003842371 0.0072428764 0.0009823183 6.167684e-03 2.350392e-03 9.657692e-04 5.013203e-04 1.439335e-03 3.855608e-04 0.0039255490
   97    1      1      0    0      1      -1      -1  1000 0.029469290 0.27322923 0.08259603 0.09013041 0.07122399 0.18171836 0.07035947 0.06132029 0.04147023 0.026772208 0.011785952 0.020656106 0.007349050 0.006279635 0.004067843 0.009040758 0.0024022499 0.0014202425 9.953519e-04 2.047299e-03 3.575345e-04 2.129475e-03 4.503284e-04 8.455399e-04 0.0018831288
   98    1      1      0    0      1      -1      -1  1000 0.012051806 0.20708984 0.30523788 0.04868691 0.07852756 0.04779310 0.10829304 0.04414308 0.03479746 0.041160688 0.025642489 0.008370222 0.012912454 0.007724440 0.002851263 0.003379888 0.0053333661 0.0002962766 8.799287e-04 1.790155e-04 1.244259e-05 1.139323e-03 8.222601e-06 1.568726e-03 0.0019205711
   99    1      1      0    0      1      -1      -1  1000 0.010568322 0.09013778 0.26354746 0.24606102 0.03620876 0.04124234 0.04569545 0.10003199 0.04436076 0.032505425 0.026222996 0.016175107 0.013021037 0.010362235 0.003422382 0.002649117 0.0014545553 0.0022402399 7.870611e-03 1.600241e-03 6.066700e-04 7.232271e-04 1.644317e-04 9.978387e-04 0.0021300066
  100    1      1      0    0      1      -1      -1  1000 0.012509838 0.10587844 0.09933523 0.24353854 0.20344896 0.04848169 0.03917976 0.03471620 0.08574531 0.032431389 0.020613805 0.017884902 0.014042461 0.006250818 0.012013779 0.005441406 0.0027134197 0.0056601553 5.866850e-03 1.353854e-04 3.453856e-04 6.484626e-06 2.161256e-04 1.829304e-03 0.0017143643
    2    1      2      0    0      1      -1      -1  1000 0.030000000 0.14800000 0.13000000 0.13300000 0.10700000 0.09100000 0.06000000 0.05800000 0.04000000 0.040000000 0.026000000 0.031000000 0.019000000 0.011000000 0.013000000 0.007000000 0.0050000000 0.0040000000 3.000000e-03 5.000000e-03 1.100000e-02 6.000000e-03 3.000000e-03 3.000000e-03 0.0160000000
    3    1      2      0    0      1      -1      -1  1000 0.034000000 0.16500000 0.14400000 0.12500000 0.09600000 0.08200000 0.07100000 0.04900000 0.03600000 0.040000000 0.027000000 0.015000000 0.029000000 0.013000000 0.020000000 0.009000000 0.0070000000 0.0070000000 5.000000e-03 6.000000e-03 7.000000e-03 2.000000e-03 0.000000e+00 1.000000e-03 0.0100000000
    4    1      2      0    0      1      -1      -1  1000 0.026000000 0.17300000 0.17800000 0.12100000 0.09000000 0.07000000 0.06400000 0.05000000 0.04200000 0.029000000 0.036000000 0.015000000 0.019000000 0.013000000 0.011000000 0.012000000 0.0080000000 0.0090000000 8.000000e-03 5.000000e-03 2.000000e-03 6.000000e-03 1.000000e-03 4.000000e-03 0.0080000000
    5    1      2      0    0      1      -1      -1  1000 0.016000000 0.09800000 0.18400000 0.14100000 0.09600000 0.07900000 0.08600000 0.05800000 0.05000000 0.027000000 0.038000000 0.022000000 0.021000000 0.018000000 0.010000000 0.009000000 0.0090000000 0.0060000000 6.000000e-03 2.000000e-03 8.000000e-03 3.000000e-03 4.000000e-03 3.000000e-03 0.0060000000
    6    1      2      0    0      1      -1      -1  1000 0.045000000 0.11500000 0.09600000 0.14000000 0.11000000 0.09100000 0.06000000 0.06500000 0.04500000 0.043000000 0.027000000 0.036000000 0.018000000 0.015000000 0.021000000 0.011000000 0.0110000000 0.0090000000 9.000000e-03 8.000000e-03 7.000000e-03 8.000000e-03 2.000000e-03 1.000000e-03 0.0070000000
    7    1      2      0    0      1      -1      -1  1000 0.032000000 0.19100000 0.09900000 0.10000000 0.10700000 0.08500000 0.07600000 0.05600000 0.05900000 0.028000000 0.030000000 0.025000000 0.016000000 0.015000000 0.012000000 0.011000000 0.0130000000 0.0120000000 5.000000e-03 6.000000e-03 1.000000e-03 4.000000e-03 2.000000e-03 3.000000e-03 0.0120000000
    8    1      2      0    0      1      -1      -1  1000 0.054000000 0.14500000 0.21900000 0.07300000 0.08600000 0.08800000 0.06700000 0.04800000 0.03200000 0.030000000 0.032000000 0.025000000 0.017000000 0.016000000 0.008000000 0.015000000 0.0090000000 0.0040000000 5.000000e-03 5.000000e-03 2.000000e-03 4.000000e-03 6.000000e-03 2.000000e-03 0.0080000000
    9    1      2      0    0      1      -1      -1  1000 0.015000000 0.16600000 0.15100000 0.16400000 0.06100000 0.06000000 0.07100000 0.05600000 0.04700000 0.036000000 0.026000000 0.032000000 0.019000000 0.016000000 0.016000000 0.016000000 0.0050000000 0.0120000000 6.000000e-03 6.000000e-03 1.000000e-03 7.000000e-03 2.000000e-03 1.000000e-03 0.0080000000
   10    1      2      0    0      1      -1      -1  1000 0.034000000 0.09600000 0.15400000 0.13000000 0.14400000 0.06500000 0.04600000 0.07000000 0.04900000 0.029000000 0.031000000 0.022000000 0.020000000 0.021000000 0.015000000 0.012000000 0.0110000000 0.0100000000 7.000000e-03 7.000000e-03 4.000000e-03 5.000000e-03 4.000000e-03 5.000000e-03 0.0090000000
   11    1      2      0    0      1      -1      -1  1000 0.008000000 0.18700000 0.09200000 0.14800000 0.08400000 0.12400000 0.04200000 0.03400000 0.05800000 0.056000000 0.030000000 0.025000000 0.017000000 0.020000000 0.013000000 0.011000000 0.0140000000 0.0080000000 3.000000e-03 5.000000e-03 5.000000e-03 4.000000e-03 3.000000e-03 3.000000e-03 0.0060000000
   12    1      2      0    0      1      -1      -1  1000 0.033000000 0.03500000 0.20300000 0.09900000 0.10600000 0.09500000 0.11200000 0.04400000 0.04200000 0.050000000 0.038000000 0.031000000 0.016000000 0.016000000 0.014000000 0.013000000 0.0070000000 0.0100000000 9.000000e-03 9.000000e-03 3.000000e-03 4.000000e-03 1.000000e-03 1.000000e-03 0.0090000000
   13    1      2      0    0      1      -1      -1  1000 0.031000000 0.17800000 0.03100000 0.16800000 0.07500000 0.08500000 0.06600000 0.08300000 0.03700000 0.027000000 0.039000000 0.031000000 0.037000000 0.019000000 0.015000000 0.015000000 0.0190000000 0.0110000000 3.000000e-03 8.000000e-03 5.000000e-03 3.000000e-03 1.000000e-03 2.000000e-03 0.0110000000
   14    1      2      0    0      1      -1      -1  1000 0.036000000 0.16900000 0.19700000 0.02600000 0.11600000 0.05400000 0.07600000 0.05900000 0.07000000 0.024000000 0.027000000 0.024000000 0.020000000 0.015000000 0.015000000 0.010000000 0.0130000000 0.0060000000 5.000000e-03 8.000000e-03 9.000000e-03 4.000000e-03 6.000000e-03 1.000000e-03 0.0100000000
   15    1      2      0    0      1      -1      -1  1000 0.032000000 0.16500000 0.15600000 0.16700000 0.02800000 0.08500000 0.04100000 0.06400000 0.05000000 0.050000000 0.028000000 0.016000000 0.021000000 0.013000000 0.020000000 0.010000000 0.0120000000 0.0080000000 4.000000e-03 6.000000e-03 3.000000e-03 3.000000e-03 3.000000e-03 1.000000e-03 0.0140000000
   16    1      2      0    0      1      -1      -1  1000 0.025000000 0.16300000 0.15100000 0.10800000 0.13000000 0.02000000 0.07000000 0.03300000 0.05600000 0.043000000 0.055000000 0.017000000 0.021000000 0.023000000 0.021000000 0.016000000 0.0130000000 0.0060000000 7.000000e-03 6.000000e-03 1.000000e-03 3.000000e-03 2.000000e-03 1.000000e-03 0.0090000000
   17    1      2      0    0      1      -1      -1  1000 0.025000000 0.11600000 0.17900000 0.12600000 0.10800000 0.09900000 0.01100000 0.06300000 0.02500000 0.053000000 0.031000000 0.041000000 0.016000000 0.017000000 0.009000000 0.015000000 0.0100000000 0.0080000000 7.000000e-03 9.000000e-03 5.000000e-03 7.000000e-03 6.000000e-03 2.000000e-03 0.0120000000
   18    1      2      0    0      1      -1      -1  1000 0.018000000 0.15800000 0.08200000 0.13500000 0.12000000 0.08500000 0.09400000 0.01200000 0.07300000 0.020000000 0.039000000 0.026000000 0.037000000 0.010000000 0.016000000 0.016000000 0.0100000000 0.0100000000 7.000000e-03 4.000000e-03 5.000000e-03 2.000000e-03 2.000000e-03 3.000000e-03 0.0160000000
   19    1      2      0    0      1      -1      -1  1000 0.026000000 0.14000000 0.16200000 0.08400000 0.13400000 0.10100000 0.07100000 0.06200000 0.00700000 0.050000000 0.023000000 0.030000000 0.020000000 0.024000000 0.007000000 0.007000000 0.0050000000 0.0080000000 9.000000e-03 4.000000e-03 3.000000e-03 1.000000e-03 6.000000e-03 0.000000e+00 0.0160000000
   20    1      2      0    0      1      -1      -1  1000 0.047000000 0.10300000 0.10200000 0.14600000 0.07200000 0.12200000 0.07900000 0.05100000 0.05900000 0.008000000 0.042000000 0.012000000 0.030000000 0.025000000 0.024000000 0.016000000 0.0130000000 0.0090000000 9.000000e-03 4.000000e-03 4.000000e-03 4.000000e-03 3.000000e-03 3.000000e-03 0.0130000000
   21    1      2      0    0      1      -1      -1  1000 0.051000000 0.20500000 0.10100000 0.08300000 0.11100000 0.06600000 0.07400000 0.06000000 0.05000000 0.052000000 0.006000000 0.023000000 0.016000000 0.018000000 0.017000000 0.018000000 0.0110000000 0.0090000000 8.000000e-03 4.000000e-03 4.000000e-03 2.000000e-03 4.000000e-03 0.000000e+00 0.0070000000
   22    1      2      0    0      1      -1      -1  1000 0.033000000 0.22300000 0.18800000 0.07300000 0.05700000 0.08000000 0.04900000 0.05800000 0.05000000 0.026000000 0.035000000 0.005000000 0.028000000 0.017000000 0.016000000 0.012000000 0.0130000000 0.0060000000 3.000000e-03 4.000000e-03 4.000000e-03 4.000000e-03 5.000000e-03 1.000000e-03 0.0100000000
   23    1      2      0    0      1      -1      -1  1000 0.029000000 0.16700000 0.21500000 0.14900000 0.06600000 0.05800000 0.06000000 0.03600000 0.05100000 0.033000000 0.025000000 0.032000000 0.002000000 0.008000000 0.008000000 0.014000000 0.0100000000 0.0100000000 6.000000e-03 5.000000e-03 2.000000e-03 3.000000e-03 3.000000e-03 1.000000e-03 0.0070000000
   24    1      2      0    0      1      -1      -1  1000 0.027000000 0.13900000 0.15800000 0.19000000 0.12600000 0.04200000 0.04300000 0.05100000 0.03800000 0.052000000 0.027000000 0.024000000 0.014000000 0.002000000 0.014000000 0.006000000 0.0100000000 0.0060000000 4.000000e-03 5.000000e-03 4.000000e-03 3.000000e-03 1.000000e-03 4.000000e-03 0.0100000000
   25    1      2      0    0      1      -1      -1  1000 0.045000000 0.15400000 0.12300000 0.13300000 0.15500000 0.10900000 0.02900000 0.03800000 0.03700000 0.023000000 0.034000000 0.023000000 0.026000000 0.011000000 0.005000000 0.015000000 0.0060000000 0.0070000000 8.000000e-03 8.000000e-03 1.000000e-03 2.000000e-03 1.000000e-03 0.000000e+00 0.0070000000
   26    1      2      0    0      1      -1      -1  1000 0.036000000 0.14100000 0.14500000 0.12400000 0.12000000 0.11200000 0.08400000 0.04000000 0.02300000 0.041000000 0.020000000 0.024000000 0.012000000 0.020000000 0.011000000 0.003000000 0.0110000000 0.0060000000 1.000000e-02 5.000000e-03 0.000000e+00 1.000000e-03 0.000000e+00 1.000000e-03 0.0100000000
   27    1      2      0    0      1      -1      -1  1000 0.034000000 0.15200000 0.16300000 0.11100000 0.09600000 0.08400000 0.10800000 0.06500000 0.02600000 0.018000000 0.033000000 0.017000000 0.025000000 0.018000000 0.007000000 0.017000000 0.0010000000 0.0060000000 3.000000e-03 7.000000e-03 5.000000e-03 1.000000e-03 0.000000e+00 0.000000e+00 0.0030000000
   28    1      2      0    0      1      -1      -1  1000 0.028000000 0.21200000 0.13100000 0.13300000 0.08200000 0.05300000 0.08000000 0.06900000 0.05500000 0.028000000 0.016000000 0.025000000 0.013000000 0.017000000 0.012000000 0.008000000 0.0130000000 0.0010000000 4.000000e-03 4.000000e-03 5.000000e-03 3.000000e-03 0.000000e+00 2.000000e-03 0.0060000000
   29    1      2      0    0      1      -1      -1  1000 0.023000000 0.10200000 0.22300000 0.10600000 0.10200000 0.07500000 0.05000000 0.06900000 0.06700000 0.052000000 0.026000000 0.021000000 0.014000000 0.005000000 0.012000000 0.010000000 0.0050000000 0.0060000000 1.000000e-03 5.000000e-03 3.000000e-03 3.000000e-03 4.000000e-03 6.000000e-03 0.0100000000
   30    1      2      0    0      1      -1      -1  1000 0.026000000 0.18300000 0.10600000 0.17000000 0.08800000 0.09300000 0.05600000 0.03600000 0.05300000 0.049000000 0.045000000 0.015000000 0.018000000 0.015000000 0.008000000 0.011000000 0.0050000000 0.0040000000 5.000000e-03 1.000000e-03 5.000000e-03 2.000000e-03 1.000000e-03 1.000000e-03 0.0040000000
   31    1      2      0    0      1      -1      -1  1000 0.070000000 0.16100000 0.16600000 0.06900000 0.13100000 0.06700000 0.06500000 0.05100000 0.03000000 0.042000000 0.054000000 0.027000000 0.007000000 0.005000000 0.010000000 0.005000000 0.0140000000 0.0050000000 3.000000e-03 3.000000e-03 3.000000e-03 2.000000e-03 2.000000e-03 2.000000e-03 0.0060000000
   32    1      2      0    0      1      -1      -1  1000 0.035000000 0.26500000 0.15300000 0.10800000 0.04800000 0.09000000 0.04800000 0.05400000 0.03600000 0.027000000 0.035000000 0.037000000 0.016000000 0.005000000 0.006000000 0.007000000 0.0020000000 0.0060000000 5.000000e-03 5.000000e-03 4.000000e-03 0.000000e+00 4.000000e-03 0.000000e+00 0.0040000000
   33    1      2      0    0      1      -1      -1  1000 0.058000000 0.17600000 0.25700000 0.10100000 0.09700000 0.04800000 0.04600000 0.03700000 0.03800000 0.025000000 0.019000000 0.017000000 0.023000000 0.013000000 0.005000000 0.008000000 0.0050000000 0.0030000000 3.000000e-03 4.000000e-03 2.000000e-03 3.000000e-03 0.000000e+00 2.000000e-03 0.0100000000
   34    1      2      0    0      1      -1      -1  1000 0.033000000 0.23600000 0.19300000 0.17500000 0.07400000 0.06400000 0.03900000 0.03900000 0.01600000 0.023000000 0.023000000 0.013000000 0.018000000 0.012000000 0.012000000 0.007000000 0.0040000000 0.0050000000 3.000000e-03 2.000000e-03 2.000000e-03 0.000000e+00 1.000000e-03 0.000000e+00 0.0060000000
   35    1      2      0    0      1      -1      -1  1000 0.034000000 0.14600000 0.24500000 0.12800000 0.12600000 0.06800000 0.04700000 0.02600000 0.04900000 0.018000000 0.021000000 0.014000000 0.016000000 0.016000000 0.013000000 0.010000000 0.0060000000 0.0020000000 5.000000e-03 0.000000e+00 0.000000e+00 5.000000e-03 0.000000e+00 0.000000e+00 0.0050000000
   36    1      2      0    0      1      -1      -1  1000 0.034000000 0.13100000 0.13800000 0.17500000 0.11200000 0.11900000 0.05400000 0.05300000 0.02800000 0.036000000 0.023000000 0.019000000 0.013000000 0.007000000 0.011000000 0.009000000 0.0090000000 0.0000000000 4.000000e-03 5.000000e-03 2.000000e-03 6.000000e-03 4.000000e-03 3.000000e-03 0.0050000000
   37    1      2      0    0      1      -1      -1  1000 0.065000000 0.17500000 0.14900000 0.09600000 0.13800000 0.09500000 0.07200000 0.02800000 0.03500000 0.026000000 0.024000000 0.018000000 0.014000000 0.011000000 0.010000000 0.010000000 0.0040000000 0.0060000000 5.000000e-03 0.000000e+00 1.000000e-03 3.000000e-03 6.000000e-03 2.000000e-03 0.0070000000
   38    1      2      0    0      1      -1      -1  1000 0.029000000 0.23000000 0.16800000 0.10700000 0.08100000 0.09900000 0.08400000 0.06500000 0.02200000 0.022000000 0.013000000 0.019000000 0.014000000 0.009000000 0.006000000 0.005000000 0.0060000000 0.0050000000 3.000000e-03 1.000000e-03 1.000000e-03 2.000000e-03 2.000000e-03 0.000000e+00 0.0070000000
   39    1      2      0    0      1      -1      -1  1000 0.060000000 0.14400000 0.23000000 0.13000000 0.08100000 0.06000000 0.10500000 0.05600000 0.03100000 0.028000000 0.011000000 0.009000000 0.010000000 0.008000000 0.002000000 0.005000000 0.0020000000 0.0070000000 4.000000e-03 4.000000e-03 2.000000e-03 2.000000e-03 2.000000e-03 1.000000e-03 0.0060000000
   40    1      2      0    0      1      -1      -1  1000 0.022000000 0.29100000 0.12800000 0.15900000 0.07800000 0.06800000 0.05900000 0.05500000 0.04100000 0.032000000 0.016000000 0.007000000 0.004000000 0.016000000 0.008000000 0.004000000 0.0010000000 0.0010000000 4.000000e-03 0.000000e+00 1.000000e-03 0.000000e+00 0.000000e+00 1.000000e-03 0.0040000000
   41    1      2      0    0      1      -1      -1  1000 0.031000000 0.12400000 0.26700000 0.11000000 0.12900000 0.07900000 0.04900000 0.03700000 0.04500000 0.032000000 0.027000000 0.011000000 0.006000000 0.005000000 0.010000000 0.005000000 0.0030000000 0.0040000000 4.000000e-03 4.000000e-03 4.000000e-03 1.000000e-03 1.000000e-03 2.000000e-03 0.0100000000
   42    1      2      0    0      1      -1      -1  1000 0.034000000 0.13000000 0.11600000 0.26200000 0.09000000 0.08300000 0.05700000 0.03900000 0.03300000 0.041000000 0.032000000 0.015000000 0.013000000 0.009000000 0.008000000 0.009000000 0.0050000000 0.0060000000 0.000000e+00 4.000000e-03 4.000000e-03 5.000000e-03 3.000000e-03 0.000000e+00 0.0020000000
   43    1      2      0    0      1      -1      -1  1000 0.085000000 0.15500000 0.10600000 0.06300000 0.21600000 0.07400000 0.07000000 0.04000000 0.02400000 0.027000000 0.035000000 0.022000000 0.022000000 0.009000000 0.012000000 0.005000000 0.0070000000 0.0070000000 4.000000e-03 0.000000e+00 2.000000e-03 2.000000e-03 1.000000e-03 2.000000e-03 0.0100000000
   44    1      2      0    0      1      -1      -1  1000 0.043000000 0.30900000 0.11300000 0.09200000 0.05600000 0.13900000 0.04500000 0.05100000 0.03200000 0.017000000 0.020000000 0.024000000 0.013000000 0.021000000 0.007000000 0.001000000 0.0020000000 0.0040000000 1.000000e-03 1.000000e-03 1.000000e-03 1.000000e-03 2.000000e-03 2.000000e-03 0.0030000000
   45    1      2      0    0      1      -1      -1  1000 0.043000000 0.23500000 0.27000000 0.06200000 0.06000000 0.05400000 0.10100000 0.03100000 0.04400000 0.018000000 0.027000000 0.013000000 0.009000000 0.006000000 0.009000000 0.006000000 0.0010000000 0.0010000000 0.000000e+00 4.000000e-03 0.000000e+00 1.000000e-03 0.000000e+00 2.000000e-03 0.0030000000
   46    1      2      0    0      1      -1      -1  1000 0.062000000 0.18600000 0.20400000 0.21100000 0.06500000 0.03700000 0.02600000 0.07600000 0.02400000 0.033000000 0.023000000 0.014000000 0.007000000 0.008000000 0.007000000 0.003000000 0.0040000000 0.0010000000 0.000000e+00 0.000000e+00 1.000000e-03 3.000000e-03 2.000000e-03 0.000000e+00 0.0030000000
   47    1      2      0    0      1      -1      -1  1000 0.041000000 0.25100000 0.15700000 0.14000000 0.14000000 0.04200000 0.03600000 0.03200000 0.05500000 0.020000000 0.031000000 0.015000000 0.008000000 0.005000000 0.006000000 0.003000000 0.0050000000 0.0010000000 4.000000e-03 0.000000e+00 4.000000e-03 0.000000e+00 0.000000e+00 1.000000e-03 0.0030000000
   48    1      2      0    0      1      -1      -1  1000 0.028000000 0.16800000 0.25000000 0.11500000 0.09700000 0.13700000 0.03800000 0.03000000 0.01600000 0.037000000 0.019000000 0.015000000 0.011000000 0.012000000 0.005000000 0.004000000 0.0070000000 0.0040000000 3.000000e-03 1.000000e-03 1.000000e-03 0.000000e+00 0.000000e+00 0.000000e+00 0.0020000000
   49    1      2      0    0      1      -1      -1  1000 0.024000000 0.20900000 0.13200000 0.17700000 0.08500000 0.09700000 0.10800000 0.03100000 0.01900000 0.018000000 0.026000000 0.016000000 0.016000000 0.012000000 0.006000000 0.006000000 0.0090000000 0.0010000000 4.000000e-03 1.000000e-03 0.000000e+00 0.000000e+00 0.000000e+00 0.000000e+00 0.0030000000
   50    1      2      0    0      1      -1      -1  1000 0.033000000 0.10000000 0.21300000 0.12300000 0.17300000 0.08800000 0.08300000 0.07000000 0.01800000 0.023000000 0.010000000 0.022000000 0.014000000 0.007000000 0.004000000 0.001000000 0.0060000000 0.0030000000 1.000000e-03 1.000000e-03 2.000000e-03 0.000000e+00 0.000000e+00 3.000000e-03 0.0020000000
   51    1      2      0    0      1      -1      -1  1000 0.030000000 0.20000000 0.10300000 0.15600000 0.09000000 0.12400000 0.07600000 0.06100000 0.05100000 0.026000000 0.014000000 0.010000000 0.017000000 0.011000000 0.004000000 0.003000000 0.0050000000 0.0000000000 8.000000e-03 6.000000e-03 2.000000e-03 0.000000e+00 1.000000e-03 0.000000e+00 0.0020000000
   52    1      2      0    0      1      -1      -1  1000 0.044000000 0.11800000 0.20300000 0.04700000 0.15200000 0.08100000 0.10300000 0.05100000 0.05300000 0.073000000 0.008000000 0.016000000 0.006000000 0.016000000 0.004000000 0.008000000 0.0040000000 0.0020000000 0.000000e+00 3.000000e-03 0.000000e+00 2.000000e-03 0.000000e+00 4.000000e-03 0.0020000000
   53    1      2      0    0      1      -1      -1  1000 0.053000000 0.18300000 0.13000000 0.13500000 0.06800000 0.11000000 0.04200000 0.08400000 0.03500000 0.036000000 0.040000000 0.013000000 0.011000000 0.009000000 0.020000000 0.008000000 0.0030000000 0.0050000000 4.000000e-03 0.000000e+00 4.000000e-03 3.000000e-03 0.000000e+00 1.000000e-03 0.0030000000
   54    1      2      0    0      1      -1      -1  1000 0.057000000 0.21900000 0.14200000 0.09700000 0.10900000 0.03000000 0.09200000 0.05200000 0.05500000 0.029000000 0.035000000 0.027000000 0.008000000 0.006000000 0.006000000 0.009000000 0.0030000000 0.0090000000 1.000000e-03 5.000000e-03 1.000000e-03 3.000000e-03 3.000000e-03 0.000000e+00 0.0020000000
   55    1      2      0    0      1      -1      -1  1000 0.093000000 0.23600000 0.17200000 0.10300000 0.06800000 0.08700000 0.02900000 0.05000000 0.03600000 0.033000000 0.022000000 0.021000000 0.020000000 0.007000000 0.007000000 0.004000000 0.0040000000 0.0010000000 2.000000e-03 2.000000e-03 2.000000e-03 0.000000e+00 0.000000e+00 1.000000e-03 0.0000000000
   56    1      2      0    0      1      -1      -1  1000 0.061000000 0.33500000 0.19400000 0.09000000 0.06400000 0.04700000 0.04500000 0.02100000 0.03500000 0.016000000 0.026000000 0.013000000 0.011000000 0.015000000 0.005000000 0.002000000 0.0030000000 0.0090000000 1.000000e-03 2.000000e-03 2.000000e-03 1.000000e-03 0.000000e+00 1.000000e-03 0.0010000000
   57    1      2      0    0      1      -1      -1  1000 0.015000000 0.25900000 0.29100000 0.13200000 0.08400000 0.04000000 0.03000000 0.02800000 0.01200000 0.022000000 0.016000000 0.022000000 0.007000000 0.013000000 0.016000000 0.001000000 0.0010000000 0.0020000000 3.000000e-03 0.000000e+00 1.000000e-03 1.000000e-03 2.000000e-03 0.000000e+00 0.0020000000
   58    1      2      0    0      1      -1      -1  1000 0.047000000 0.07200000 0.24700000 0.25700000 0.11800000 0.05700000 0.04600000 0.02900000 0.03800000 0.012000000 0.017000000 0.010000000 0.021000000 0.010000000 0.003000000 0.006000000 0.0030000000 0.0000000000 1.000000e-03 3.000000e-03 1.000000e-03 0.000000e+00 0.000000e+00 1.000000e-03 0.0010000000
   59    1      2      0    0      1      -1      -1  1000 0.026000000 0.19000000 0.07800000 0.22000000 0.19600000 0.08800000 0.06500000 0.03200000 0.01900000 0.015000000 0.007000000 0.020000000 0.007000000 0.008000000 0.004000000 0.008000000 0.0080000000 0.0000000000 1.000000e-03 1.000000e-03 1.000000e-03 0.000000e+00 0.000000e+00 2.000000e-03 0.0040000000
   60    1      2      0    0      1      -1      -1  1000 0.063000000 0.14700000 0.18900000 0.03800000 0.15600000 0.15700000 0.06900000 0.04300000 0.03400000 0.016000000 0.017000000 0.010000000 0.028000000 0.004000000 0.007000000 0.007000000 0.0060000000 0.0030000000 2.000000e-03 0.000000e+00 1.000000e-03 0.000000e+00 1.000000e-03 1.000000e-03 0.0010000000
   61    1      2      0    0      1      -1      -1  1000 0.026000000 0.30700000 0.13700000 0.11600000 0.03300000 0.10300000 0.11900000 0.04800000 0.02000000 0.029000000 0.009000000 0.011000000 0.005000000 0.009000000 0.001000000 0.009000000 0.0040000000 0.0030000000 4.000000e-03 1.000000e-03 1.000000e-03 0.000000e+00 1.000000e-03 0.000000e+00 0.0040000000
   62    1      2      0    0      1      -1      -1  1000 0.038000000 0.12500000 0.30400000 0.09200000 0.10500000 0.02700000 0.07900000 0.08100000 0.05800000 0.019000000 0.019000000 0.006000000 0.013000000 0.005000000 0.009000000 0.005000000 0.0060000000 0.0030000000 4.000000e-03 1.000000e-03 0.000000e+00 1.000000e-03 0.000000e+00 0.000000e+00 0.0000000000
   63    1      2      0    0      1      -1      -1  1000 0.035000000 0.16200000 0.12900000 0.24000000 0.08700000 0.08000000 0.01800000 0.07300000 0.07400000 0.030000000 0.023000000 0.008000000 0.007000000 0.004000000 0.006000000 0.007000000 0.0050000000 0.0040000000 1.000000e-03 1.000000e-03 3.000000e-03 1.000000e-03 1.000000e-03 1.000000e-03 0.0000000000
   64    1      2      0    0      1      -1      -1  1000 0.054000000 0.14400000 0.14100000 0.10700000 0.20500000 0.07400000 0.04800000 0.01800000 0.06200000 0.059000000 0.027000000 0.012000000 0.011000000 0.012000000 0.005000000 0.002000000 0.0070000000 0.0010000000 4.000000e-03 2.000000e-03 1.000000e-03 2.000000e-03 2.000000e-03 0.000000e+00 0.0000000000
   65    1      2      0    0      1      -1      -1  1000 0.018000000 0.20900000 0.11700000 0.13000000 0.08000000 0.14200000 0.06100000 0.05900000 0.01800000 0.051000000 0.042000000 0.019000000 0.018000000 0.008000000 0.003000000 0.003000000 0.0010000000 0.0030000000 2.000000e-03 2.000000e-03 6.000000e-03 2.000000e-03 3.000000e-03 2.000000e-03 0.0010000000
   66    1      2      0    0      1      -1      -1  1000 0.080000000 0.09000000 0.19400000 0.09900000 0.10100000 0.07700000 0.13800000 0.03900000 0.04200000 0.016000000 0.032000000 0.035000000 0.016000000 0.007000000 0.012000000 0.005000000 0.0040000000 0.0020000000 2.000000e-03 2.000000e-03 1.000000e-03 1.000000e-03 1.000000e-03 3.000000e-03 0.0010000000
   67    1      2      0    0      1      -1      -1  1000 0.025000000 0.36500000 0.09000000 0.12700000 0.05900000 0.06000000 0.04100000 0.08600000 0.03000000 0.027000000 0.008000000 0.014000000 0.034000000 0.008000000 0.010000000 0.002000000 0.0000000000 0.0030000000 0.000000e+00 2.000000e-03 1.000000e-03 2.000000e-03 2.000000e-03 1.000000e-03 0.0030000000
   68    1      2      0    0      1      -1      -1  1000 0.040000000 0.15700000 0.32400000 0.05900000 0.10000000 0.05100000 0.04500000 0.03000000 0.06500000 0.026000000 0.018000000 0.009000000 0.022000000 0.026000000 0.010000000 0.003000000 0.0050000000 0.0040000000 1.000000e-03 0.000000e+00 0.000000e+00 1.000000e-03 1.000000e-03 1.000000e-03 0.0020000000
   69    1      2      0    0      1      -1      -1  1000 0.044000000 0.12600000 0.16700000 0.27000000 0.05500000 0.09600000 0.04200000 0.04500000 0.02400000 0.048000000 0.015000000 0.014000000 0.007000000 0.014000000 0.013000000 0.007000000 0.0030000000 0.0010000000 0.000000e+00 1.000000e-03 2.000000e-03 4.000000e-03 0.000000e+00 0.000000e+00 0.0020000000
   70    1      2      0    0      1      -1      -1  1000 0.040000000 0.17500000 0.13200000 0.13300000 0.20300000 0.04000000 0.06400000 0.03900000 0.03300000 0.019000000 0.052000000 0.020000000 0.012000000 0.004000000 0.008000000 0.007000000 0.0090000000 0.0010000000 2.000000e-03 1.000000e-03 2.000000e-03 0.000000e+00 2.000000e-03 1.000000e-03 0.0010000000
   71    1      2      0    0      1      -1      -1  1000 0.035000000 0.19100000 0.15900000 0.08900000 0.11600000 0.16900000 0.02800000 0.03700000 0.02600000 0.034000000 0.021000000 0.032000000 0.009000000 0.011000000 0.005000000 0.008000000 0.0130000000 0.0050000000 3.000000e-03 1.000000e-03 1.000000e-03 1.000000e-03 1.000000e-03 2.000000e-03 0.0030000000
   72    1      2      0    0      1      -1      -1  1000 0.044000000 0.15600000 0.18000000 0.14100000 0.08600000 0.08900000 0.12500000 0.01600000 0.04400000 0.023000000 0.011000000 0.013000000 0.027000000 0.013000000 0.008000000 0.002000000 0.0050000000 0.0060000000 4.000000e-03 1.000000e-03 3.000000e-03 0.000000e+00 1.000000e-03 1.000000e-03 0.0010000000
   73    1      2      0    0      1      -1      -1  1000 0.067000000 0.21800000 0.14700000 0.13400000 0.08800000 0.05200000 0.06400000 0.08400000 0.01300000 0.036000000 0.014000000 0.014000000 0.012000000 0.023000000 0.005000000 0.004000000 0.0040000000 0.0040000000 7.000000e-03 2.000000e-03 4.000000e-03 0.000000e+00 1.000000e-03 0.000000e+00 0.0030000000
   74    1      2      0    0      1      -1      -1  1000 0.030000000 0.24400000 0.18900000 0.11900000 0.11600000 0.08100000 0.03900000 0.04400000 0.05600000 0.009000000 0.016000000 0.005000000 0.010000000 0.015000000 0.010000000 0.005000000 0.0010000000 0.0000000000 2.000000e-03 6.000000e-03 1.000000e-03 0.000000e+00 0.000000e+00 1.000000e-03 0.0010000000
   75    1      2      0    0      1      -1      -1  1000 0.034000000 0.16000000 0.20700000 0.15000000 0.08000000 0.07600000 0.07200000 0.03500000 0.03900000 0.051000000 0.009000000 0.026000000 0.011000000 0.007000000 0.007000000 0.010000000 0.0070000000 0.0030000000 3.000000e-03 2.000000e-03 5.000000e-03 2.000000e-03 0.000000e+00 0.000000e+00 0.0040000000
   76    1      2      0    0      1      -1      -1  1000 0.046000000 0.15300000 0.16800000 0.15800000 0.13300000 0.05400000 0.07300000 0.03700000 0.02500000 0.034000000 0.043000000 0.011000000 0.016000000 0.005000000 0.008000000 0.008000000 0.0070000000 0.0010000000 7.000000e-03 0.000000e+00 4.000000e-03 2.000000e-03 3.000000e-03 2.000000e-03 0.0020000000
   77    1      2      0    0      1      -1      -1  1000 0.058000000 0.22500000 0.13600000 0.11500000 0.12000000 0.08500000 0.05400000 0.04700000 0.04300000 0.023000000 0.022000000 0.037000000 0.008000000 0.004000000 0.004000000 0.003000000 0.0040000000 0.0040000000 3.000000e-03 2.000000e-03 0.000000e+00 2.000000e-03 1.000000e-03 0.000000e+00 0.0000000000
   78    1      2      0    0      1      -1      -1  1000 0.041000000 0.26300000 0.19400000 0.10000000 0.07200000 0.09600000 0.06500000 0.02700000 0.03300000 0.023000000 0.021000000 0.013000000 0.022000000 0.004000000 0.007000000 0.007000000 0.0020000000 0.0010000000 2.000000e-03 1.000000e-03 2.000000e-03 1.000000e-03 0.000000e+00 2.000000e-03 0.0010000000
   79    1      2      0    0      1      -1      -1  1000 0.024000000 0.19800000 0.25600000 0.13600000 0.05800000 0.06600000 0.06400000 0.05900000 0.03100000 0.028000000 0.019000000 0.014000000 0.008000000 0.011000000 0.002000000 0.006000000 0.0040000000 0.0050000000 0.000000e+00 5.000000e-03 1.000000e-03 0.000000e+00 0.000000e+00 1.000000e-03 0.0040000000
   80    1      2      0    0      1      -1      -1  1000 0.024000000 0.09000000 0.22100000 0.21300000 0.11900000 0.05400000 0.06100000 0.06200000 0.03600000 0.025000000 0.029000000 0.014000000 0.009000000 0.009000000 0.016000000 0.003000000 0.0060000000 0.0000000000 3.000000e-03 3.000000e-03 0.000000e+00 0.000000e+00 0.000000e+00 0.000000e+00 0.0030000000
   81    1      2      0    0      1      -1      -1  1000 0.026000000 0.15800000 0.10500000 0.16900000 0.18200000 0.09800000 0.04600000 0.04400000 0.04700000 0.030000000 0.016000000 0.020000000 0.012000000 0.005000000 0.013000000 0.011000000 0.0010000000 0.0020000000 1.000000e-03 1.000000e-03 3.000000e-03 2.000000e-03 2.000000e-03 3.000000e-03 0.0030000000
   82    1      2      0    0      1      -1      -1  1000 0.060000000 0.13900000 0.15300000 0.08700000 0.14600000 0.13600000 0.06100000 0.04200000 0.03400000 0.047000000 0.030000000 0.014000000 0.013000000 0.009000000 0.005000000 0.005000000 0.0040000000 0.0010000000 1.000000e-03 0.000000e+00 3.000000e-03 2.000000e-03 6.000000e-03 1.000000e-03 0.0010000000
   83    1      2      0    0      1      -1      -1  1000 0.044000000 0.27600000 0.10400000 0.10100000 0.05000000 0.10200000 0.09700000 0.05700000 0.02600000 0.030000000 0.034000000 0.022000000 0.015000000 0.007000000 0.008000000 0.004000000 0.0070000000 0.0070000000 0.000000e+00 3.000000e-03 2.000000e-03 2.000000e-03 0.000000e+00 0.000000e+00 0.0020000000
   84    1      2      0    0      1      -1      -1  1000 0.022000000 0.22100000 0.27700000 0.07400000 0.07500000 0.04400000 0.06700000 0.07000000 0.04500000 0.023000000 0.018000000 0.020000000 0.011000000 0.006000000 0.008000000 0.003000000 0.0020000000 0.0030000000 7.000000e-03 1.000000e-03 0.000000e+00 1.000000e-03 0.000000e+00 0.000000e+00 0.0020000000
   85    1      2      0    0      1      -1      -1  1000 0.034000000 0.13000000 0.20800000 0.19100000 0.07200000 0.05000000 0.02300000 0.07100000 0.06800000 0.051000000 0.030000000 0.020000000 0.023000000 0.007000000 0.005000000 0.001000000 0.0020000000 0.0030000000 3.000000e-03 3.000000e-03 0.000000e+00 4.000000e-03 0.000000e+00 0.000000e+00 0.0010000000
   86    1      2      0    0      1      -1      -1  1000 0.049000000 0.18200000 0.13000000 0.14700000 0.18200000 0.05300000 0.04300000 0.01800000 0.04200000 0.051000000 0.026000000 0.018000000 0.010000000 0.011000000 0.008000000 0.008000000 0.0060000000 0.0020000000 4.000000e-03 2.000000e-03 2.000000e-03 1.000000e-03 2.000000e-03 1.000000e-03 0.0020000000
   87    1      2      0    0      1      -1      -1  1000 0.026000000 0.25400000 0.18600000 0.07600000 0.11600000 0.12600000 0.03700000 0.04100000 0.02000000 0.026000000 0.025000000 0.024000000 0.012000000 0.008000000 0.005000000 0.006000000 0.0010000000 0.0020000000 4.000000e-03 1.000000e-03 2.000000e-03 2.000000e-03 0.000000e+00 0.000000e+00 0.0000000000
   88    1      2      0    0      1      -1      -1  1000 0.076000000 0.15100000 0.22800000 0.13100000 0.05500000 0.09800000 0.08200000 0.02400000 0.02600000 0.017000000 0.027000000 0.025000000 0.015000000 0.004000000 0.008000000 0.014000000 0.0050000000 0.0040000000 1.000000e-03 2.000000e-03 2.000000e-03 1.000000e-03 1.000000e-03 2.000000e-03 0.0010000000
   89    1      2      0    0      1      -1      -1  1000 0.055000000 0.27400000 0.13400000 0.14100000 0.08300000 0.04000000 0.08000000 0.06300000 0.01800000 0.019000000 0.014000000 0.025000000 0.020000000 0.005000000 0.010000000 0.003000000 0.0040000000 0.0040000000 2.000000e-03 2.000000e-03 0.000000e+00 0.000000e+00 1.000000e-03 2.000000e-03 0.0010000000
   90    1      2      0    0      1      -1      -1  1000 0.059000000 0.21800000 0.26300000 0.08200000 0.11000000 0.06100000 0.03200000 0.03800000 0.04500000 0.016000000 0.019000000 0.010000000 0.012000000 0.013000000 0.008000000 0.003000000 0.0000000000 0.0020000000 1.000000e-03 2.000000e-03 3.000000e-03 1.000000e-03 0.000000e+00 1.000000e-03 0.0010000000
   91    1      2      0    0      1      -1      -1  1000 0.047000000 0.22600000 0.17600000 0.17300000 0.06200000 0.08500000 0.05200000 0.03100000 0.03800000 0.031000000 0.008000000 0.009000000 0.012000000 0.010000000 0.011000000 0.008000000 0.0050000000 0.0040000000 2.000000e-03 1.000000e-03 2.000000e-03 2.000000e-03 0.000000e+00 2.000000e-03 0.0030000000
   92    1      2      0    0      1      -1      -1  1000 0.097000000 0.21900000 0.19000000 0.13000000 0.12700000 0.05200000 0.05400000 0.03100000 0.01000000 0.020000000 0.023000000 0.007000000 0.007000000 0.004000000 0.005000000 0.008000000 0.0040000000 0.0010000000 6.000000e-03 2.000000e-03 1.000000e-03 1.000000e-03 1.000000e-03 0.000000e+00 0.0000000000
   93    1      2      0    0      1      -1      -1  1000 0.016000000 0.36900000 0.16800000 0.13000000 0.08100000 0.07800000 0.02800000 0.03300000 0.02100000 0.007000000 0.014000000 0.017000000 0.004000000 0.003000000 0.010000000 0.003000000 0.0060000000 0.0040000000 2.000000e-03 2.000000e-03 1.000000e-03 0.000000e+00 0.000000e+00 1.000000e-03 0.0020000000
   94    1      2      0    0      1      -1      -1  1000 0.029000000 0.09800000 0.38100000 0.12300000 0.08700000 0.07400000 0.08800000 0.01700000 0.02700000 0.017000000 0.003000000 0.017000000 0.017000000 0.001000000 0.005000000 0.003000000 0.0060000000 0.0020000000 2.000000e-03 1.000000e-03 1.000000e-03 0.000000e+00 1.000000e-03 0.000000e+00 0.0000000000
   95    1      2      0    0      1      -1      -1  1000 0.019000000 0.14600000 0.11600000 0.30200000 0.10300000 0.08600000 0.05500000 0.07100000 0.01300000 0.030000000 0.012000000 0.004000000 0.009000000 0.010000000 0.004000000 0.003000000 0.0050000000 0.0020000000 6.000000e-03 2.000000e-03 1.000000e-03 0.000000e+00 1.000000e-03 0.000000e+00 0.0000000000
   96    1      2      0    0      1      -1      -1  1000 0.080000000 0.08700000 0.12700000 0.08900000 0.27500000 0.08700000 0.07200000 0.05400000 0.04400000 0.014000000 0.024000000 0.008000000 0.010000000 0.007000000 0.003000000 0.003000000 0.0010000000 0.0010000000 1.000000e-03 3.000000e-03 2.000000e-03 1.000000e-03 4.000000e-03 0.000000e+00 0.0030000000
   97    1      2      0    0      1      -1      -1  1000 0.067000000 0.31500000 0.07700000 0.08900000 0.05200000 0.15200000 0.05900000 0.05800000 0.03500000 0.025000000 0.013000000 0.017000000 0.011000000 0.003000000 0.009000000 0.002000000 0.0010000000 0.0040000000 1.000000e-03 3.000000e-03 4.000000e-03 1.000000e-03 0.000000e+00 0.000000e+00 0.0020000000
   98    1      2      0    0      1      -1      -1  1000 0.030000000 0.27600000 0.26000000 0.05500000 0.05700000 0.04300000 0.10800000 0.05200000 0.03000000 0.026000000 0.026000000 0.009000000 0.007000000 0.004000000 0.003000000 0.003000000 0.0040000000 0.0010000000 1.000000e-03 0.000000e+00 1.000000e-03 3.000000e-03 0.000000e+00 0.000000e+00 0.0010000000
   99    1      2      0    0      1      -1      -1  1000 0.046000000 0.12100000 0.25500000 0.22200000 0.04900000 0.05600000 0.03800000 0.08700000 0.03000000 0.030000000 0.016000000 0.021000000 0.006000000 0.004000000 0.003000000 0.004000000 0.0040000000 0.0020000000 1.000000e-03 0.000000e+00 0.000000e+00 0.000000e+00 0.000000e+00 0.000000e+00 0.0050000000
  100    1      2      0    0      1      -1      -1  1000 0.041000000 0.13600000 0.12000000 0.22900000 0.19600000 0.02500000 0.03500000 0.02600000 0.08300000 0.029000000 0.021000000 0.020000000 0.017000000 0.003000000 0.007000000 0.003000000 0.0020000000 0.0000000000 2.000000e-03 0.000000e+00 0.000000e+00 0.000000e+00 1.000000e-03 2.000000e-03 0.0020000000
0 #_N_MeanSize_at_Age_obs
0 #_N_environ_variables
0 #_N_environ_obs
0 #_N_sizefreq_methods
0 #_do_tags
0 #_morphcomp_data
#
999
