#C data file created using the SS_writedat function in the R package r4ss
#C should work with SS version: 
#C file write time: 2014-11-06 00:38:14
#
1 #_styr
100 #_endyr
1 #_nseas
12 #_months_per_seas
1 #_spawn_seas
1 #_Nfleet
2 #_Nsurveys
1 #_N_areas
Fishery%Survey%CPUE #_fleetnames
0.5 0.5 0.5 #_surveytiming_in_season
1 1 1 #_area_assignments_for_each_fishery_and_survey
1 #_units of catch:  1=bio; 2=num
0.01 #_se of log(catch) only used for init_eq_catch and for Fmethod 2 and 3
1 #_Ngenders
25 #_Nages
0 #_init_equil_catch_for_each_fishery
100 #_N_lines_of_catch_to_read
 #_Fishery year seas
         0    1    1
         0    2    1
         0    3    1
         0    4    1
         0    5    1
         0    6    1
         0    7    1
         0    8    1
         0    9    1
         0   10    1
         0   11    1
         0   12    1
         0   13    1
         0   14    1
         0   15    1
         0   16    1
         0   17    1
         0   18    1
         0   19    1
         0   20    1
         0   21    1
         0   22    1
         0   23    1
         0   24    1
         0   25    1
 272618000   26    1
 254714000   27    1
 238598000   28    1
 223456000   29    1
 207973000   30    1
 194323000   31    1
 186996000   32    1
 188404000   33    1
 188223000   34    1
 189627000   35    1
 188207000   36    1
 187396000   37    1
 183928000   38    1
 176013000   39    1
 167606000   40    1
 159348000   41    1
 156328000   42    1
 154543000   43    1
 150304000   44    1
 147391000   45    1
 141901000   46    1
 136733000   47    1
 134839000   48    1
 134367000   49    1
 132764000   50    1
 132712000   51    1
 137748000   52    1
 143656000   53    1
 145018000   54    1
 142678000   55    1
 140176000   56    1
 141019000   57    1
 144029000   58    1
 144414000   59    1
 145260000   60    1
 145942000   61    1
 146693000   62    1
 145255000   63    1
 142228000   64    1
 139540000   65    1
 137559000   66    1
 137148000   67    1
 138403000   68    1
 136254000   69    1
 132830000   70    1
 133892000   71    1
 143933000   72    1
 149897000   73    1
 151758000   74    1
 150899000   75    1
 146906000   76    1
 144362000   77    1
 145337000   78    1
 147932000   79    1
 147896000   80    1
 147141000   81    1
 149624000   82    1
 152419000   83    1
 151620000   84    1
 149504000   85    1
 146479000   86    1
 143939000   87    1
 140993000   88    1
 138097000   89    1
 134655000   90    1
 131287000   91    1
 126255000   92    1
 121858000   93    1
 120006000   94    1
 120301000   95    1
 121387000   96    1
 123487000   97    1
 126422000   98    1
 128243000   99    1
 127559000  100    1
13 #_N_cpue
 #_Fleet Units Errtype
       1     1       0
       2     1       0
       3     1       0
 #_year seas index        obs se_log
     76    1     2 1867479050    0.2
     78    1     2 1737628675    0.2
     80    1     2 1497025811    0.2
     82    1     2 2600108108    0.2
     84    1     2 2147098434    0.2
     86    1     2 2076171061    0.2
     88    1     2 1657133721    0.2
     90    1     2 1339177466    0.2
     92    1     2 2195268345    0.2
     94    1     2 1192058459    0.2
     96    1     2 1273521052    0.2
     98    1     2 1795432756    0.2
    100    1     2 2060314840    0.2
0 #_N_discard_fleets
#_discard_units (1=same_as_catchunits(bio/num); 2=fraction; 3=numbers)
#_discard_errtype:  >0 for DF of T-dist(read CV below); 0 for normal with CV; -1 for normal with se; -2 for lognormal
0 #_N_discard
0 #_N_meanbodywt
1 #_DF_for_meanbodywt_T-distribution_like
2 # length bin method: 1=use databins; 2=generate from binwidth,min,max below; 3=read vector
1 # binwidth for population size comp
10 # minimum size in the population (lower edge of first bin and size at age 0.00)
200 # maximum size in the population (lower edge of last bin)
-0.001 #_comp_tail_compression
1e-05 #_add_to_comp
0 #_combine males into females at or below this bin number
21 #_N_lbins
#_lbin_vector
10 53 70 83 94 101 107 111 114 117 120 123 125 127 130 132 135 138 142 148 200
0 #_N_Length_comp_observations
25 #_N_agebins
#_agebin_vector
1 2 3 4 5 6 7 8 9 10 11 12 13 14 15 16 17 18 19 20 21 22 23 24 25
1 #_N_ageerror_definitions
 #_age0   age1   age2   age3   age4   age5   age6   age7   age8   age9  age10  age11  age12  age13  age14  age15  age16  age17  age18  age19  age20  age21  age22  age23  age24  age25
 -1.000 -1.000 -1.000 -1.000 -1.000 -1.000 -1.000 -1.000 -1.000 -1.000 -1.000 -1.000 -1.000 -1.000 -1.000 -1.000 -1.000 -1.000 -1.000 -1.000 -1.000 -1.000 -1.000 -1.000 -1.000 -1.000
  0.001  0.001  0.001  0.001  0.001  0.001  0.001  0.001  0.001  0.001  0.001  0.001  0.001  0.001  0.001  0.001  0.001  0.001  0.001  0.001  0.001  0.001  0.001  0.001  0.001  0.001
34 #_N_agecomp
1 #_Lbin_method: 1=poplenbins; 2=datalenbins; 3=lengths
-1 #_combine males into females at or below this bin number
 #_Yr Seas FltSvy Gender Part Ageerr Lbin_lo Lbin_hi Nsamp          a1         a2        a3         a4         a5         a6         a7          a8         a9        a10         a11         a12         a13         a14         a15          a16         a17          a18          a19          a20          a21          a22          a23          a24          a25
   50    1      1      0    0      1      -1      -1   500 0.035019861 0.12152896 0.1600105 0.21299666 0.14161308 0.04267209 0.05656911 0.071056324 0.02109805 0.04044698 0.024040650 0.006457272 0.017799466 0.002805456 0.011633235 0.0110884385 0.003531183 0.0042145178 6.267294e-04 1.049038e-02 4.386490e-06 5.546658e-04 3.536447e-04 1.245923e-03 0.0021424759
   60    1      1      0    0      1      -1      -1   500 0.021458321 0.14228349 0.2049570 0.09720671 0.21719033 0.08349194 0.04636080 0.013478665 0.02750955 0.03669763 0.032473989 0.014356964 0.009236878 0.016024955 0.011621374 0.0051440360 0.004033886 0.0062914285 1.403988e-03 4.961451e-03 3.011249e-03 1.332035e-06 8.561048e-06 3.642209e-06 0.0007918428
   70    1      1      0    0      1      -1      -1   500 0.038122726 0.09501938 0.1743962 0.07915754 0.24190529 0.07190706 0.07270021 0.048791385 0.02905382 0.03794369 0.019568418 0.022927775 0.017366117 0.005759989 0.018078524 0.0064350487 0.004913982 0.0023714816 1.869251e-04 1.909234e-03 5.138869e-03 5.255259e-04 3.003939e-03 3.771572e-04 0.0024396931
   75    1      1      0    0      1      -1      -1   500 0.014741623 0.09882341 0.2037565 0.07682740 0.13406731 0.24767922 0.02303859 0.035548848 0.01751542 0.06008488 0.020679850 0.015850269 0.008584851 0.005091345 0.004690297 0.0045285248 0.001782259 0.0125901013 1.869034e-03 2.202284e-03 2.298081e-03 3.743196e-04 7.139855e-04 1.540571e-05 0.0066462064
   76    1      1      0    0      1      -1      -1   500 0.021063050 0.15070191 0.1283299 0.17186621 0.08574530 0.10442667 0.15795799 0.009491337 0.04629776 0.01654853 0.053215806 0.008419115 0.013326767 0.005005806 0.003563975 0.0069252049 0.003723620 0.0022583306 5.890447e-03 1.828312e-04 1.746567e-03 3.537279e-04 2.395859e-04 8.018405e-05 0.0026393755
   79    1      1      0    0      1      -1      -1   500 0.003170030 0.12033282 0.2687910 0.13244150 0.11799923 0.05388326 0.07589968 0.019328289 0.05730378 0.07240187 0.008935852 0.008563607 0.008637607 0.010577998 0.004520731 0.0052630826 0.008062358 0.0038128676 7.195927e-07 6.859502e-04 9.675456e-03 6.253767e-03 7.928186e-04 3.744555e-05 0.0026282813
   82    1      1      0    0      1      -1      -1   500 0.005285709 0.21672920 0.2237225 0.10185796 0.10195609 0.11497240 0.06921978 0.039797106 0.01410724 0.02266516 0.009106425 0.045823483 0.017534723 0.002185603 0.004690527 0.0004622062 0.002309952 0.0014968953 1.656237e-03 3.209398e-04 1.761589e-03 4.355940e-09 3.434533e-05 4.366685e-04 0.0018672026
   85    1      1      0    0      1      -1      -1   500 0.012188616 0.11405529 0.1738006 0.09866179 0.17729210 0.08162676 0.05258677 0.055532516 0.10092288 0.03046602 0.026856861 0.019226986 0.011125164 0.008075865 0.011092987 0.0127743745 0.001204781 0.0002331580 5.513578e-04 6.350665e-03 1.098741e-03 2.168539e-03 7.683473e-05 7.330650e-04 0.0012972649
   88    1      1      0    0      1      -1      -1   500 0.025595000 0.13149344 0.1658266 0.15322370 0.09891336 0.08286920 0.04724463 0.087532620 0.05095774 0.01983917 0.026948901 0.041241078 0.017296275 0.008511994 0.001655154 0.0059157634 0.002585937 0.0127780166 9.163925e-03 3.197213e-03 2.140706e-06 4.925734e-07 2.038569e-03 4.757143e-04 0.0046933577
   89    1      1      0    0      1      -1      -1   500 0.017216564 0.13226590 0.1835692 0.14720244 0.12766943 0.06780186 0.05598972 0.044058003 0.07105528 0.04526975 0.022910008 0.018391722 0.020348200 0.009632451 0.010764263 0.0017124995 0.012751230 0.0010194133 3.133770e-03 2.330749e-03 3.237668e-05 2.837461e-04 1.197436e-04 5.308357e-04 0.0039408275
   91    1      1      0    0      1      -1      -1   500 0.016248520 0.11657645 0.2267639 0.12367130 0.11885086 0.08344573 0.06179083 0.046806320 0.04589109 0.02412009 0.045487789 0.026097995 0.017672888 0.008614270 0.013583629 0.0040670125 0.006587272 0.0029195079 1.538520e-03 2.257574e-05 2.784044e-03 3.264984e-03 6.407243e-07 7.350945e-04 0.0024586518
   93    1      1      0    0      1      -1      -1   500 0.017288680 0.19316376 0.1319616 0.11225980 0.12776517 0.06727891 0.07613817 0.071839747 0.04974488 0.02741186 0.027645512 0.022174037 0.016519175 0.014657843 0.003060615 0.0110452994 0.006798700 0.0006360520 3.879241e-03 5.927811e-03 2.985094e-05 1.673968e-04 1.736735e-03 8.072492e-03 0.0027966973
   95    1      1      0    0      1      -1      -1   500 0.019818437 0.18148027 0.2101308 0.11759357 0.10559162 0.04561752 0.10077136 0.044230926 0.05768982 0.02031306 0.026563975 0.017982878 0.012501944 0.003609870 0.021507360 0.0042539320 0.002679192 0.0031546911 5.417644e-05 2.031765e-03 7.275421e-04 7.175762e-06 7.940849e-05 5.627943e-06 0.0016031021
   97    1      1      0    0      1      -1      -1   500 0.012711721 0.20883788 0.1677181 0.13952412 0.13111818 0.07698902 0.04803240 0.028847633 0.03094569 0.02173360 0.032331339 0.018180661 0.029823453 0.009310952 0.006516917 0.0093449200 0.006487388 0.0006455982 2.049709e-05 9.413506e-03 1.555984e-03 4.773234e-03 4.069899e-03 7.203208e-04 0.0003469783
   98    1      1      0    0      1      -1      -1   500 0.021348985 0.14792087 0.2187136 0.13739339 0.12648620 0.08726808 0.05607598 0.041053490 0.02439226 0.03961141 0.020426111 0.025758258 0.006066584 0.005592660 0.007160248 0.0098953641 0.001051780 0.0101481480 4.887573e-04 4.192441e-04 3.135809e-05 9.244100e-03 2.820699e-03 8.978349e-08 0.0006323016
   99    1      1      0    0      1      -1      -1   500 0.005040991 0.16016549 0.2053964 0.16460079 0.10990276 0.10665220 0.05240773 0.046214255 0.03733937 0.01901924 0.023037744 0.005582786 0.016986944 0.007092802 0.004239177 0.0055051123 0.007995041 0.0060344603 5.231432e-03 8.713136e-03 1.455596e-03 4.180884e-05 9.259051e-04 7.880592e-06 0.0004109527
  100    1      1      0    0      1      -1      -1   500 0.009049202 0.06999001 0.2022860 0.15171040 0.16745464 0.09193189 0.09321213 0.049292602 0.05498284 0.01217745 0.016616972 0.023615901 0.018241614 0.008017229 0.005007662 0.0097641579 0.004429243 0.0017205293 1.403361e-03 2.222737e-03 1.562898e-03 1.654842e-03 1.340127e-04 1.116761e-03 0.0024049368
   50    1      2      0    0      1      -1      -1   500 0.070000000 0.13800000 0.1960000 0.18800000 0.11600000 0.05600000 0.03800000 0.040000000 0.01200000 0.05200000 0.014000000 0.004000000 0.010000000 0.008000000 0.016000000 0.0100000000 0.006000000 0.0100000000 4.000000e-03 6.000000e-03 2.000000e-03 2.000000e-03 0.000000e+00 0.000000e+00 0.0020000000
   60    1      2      0    0      1      -1      -1   500 0.034000000 0.16000000 0.1960000 0.08800000 0.20400000 0.09600000 0.04600000 0.026000000 0.02800000 0.03400000 0.036000000 0.008000000 0.010000000 0.012000000 0.008000000 0.0020000000 0.000000000 0.0020000000 2.000000e-03 2.000000e-03 0.000000e+00 0.000000e+00 2.000000e-03 0.000000e+00 0.0040000000
   70    1      2      0    0      1      -1      -1   500 0.134000000 0.08000000 0.1840000 0.09200000 0.19200000 0.05200000 0.07000000 0.030000000 0.01600000 0.03600000 0.040000000 0.030000000 0.006000000 0.006000000 0.006000000 0.0020000000 0.002000000 0.0020000000 4.000000e-03 0.000000e+00 2.000000e-03 0.000000e+00 2.000000e-03 0.000000e+00 0.0120000000
   75    1      2      0    0      1      -1      -1   500 0.036000000 0.11000000 0.1960000 0.08000000 0.13200000 0.23600000 0.03000000 0.048000000 0.01800000 0.04000000 0.018000000 0.020000000 0.004000000 0.010000000 0.004000000 0.0060000000 0.002000000 0.0040000000 4.000000e-03 2.000000e-03 0.000000e+00 0.000000e+00 0.000000e+00 0.000000e+00 0.0000000000
   76    1      2      0    0      1      -1      -1   500 0.044000000 0.20000000 0.1020000 0.12600000 0.07600000 0.14000000 0.17800000 0.020000000 0.02400000 0.01400000 0.034000000 0.004000000 0.004000000 0.000000000 0.006000000 0.0040000000 0.010000000 0.0020000000 6.000000e-03 2.000000e-03 2.000000e-03 2.000000e-03 0.000000e+00 0.000000e+00 0.0000000000
   79    1      2      0    0      1      -1      -1   500 0.020000000 0.15400000 0.2800000 0.14400000 0.09800000 0.03600000 0.06400000 0.034000000 0.05200000 0.04200000 0.010000000 0.024000000 0.004000000 0.014000000 0.008000000 0.0040000000 0.004000000 0.0000000000 0.000000e+00 2.000000e-03 2.000000e-03 0.000000e+00 2.000000e-03 2.000000e-03 0.0000000000
   82    1      2      0    0      1      -1      -1   500 0.032000000 0.25600000 0.1640000 0.07600000 0.09800000 0.13600000 0.06200000 0.040000000 0.02200000 0.03000000 0.014000000 0.028000000 0.018000000 0.002000000 0.004000000 0.0000000000 0.008000000 0.0000000000 0.000000e+00 2.000000e-03 2.000000e-03 0.000000e+00 0.000000e+00 0.000000e+00 0.0060000000
   85    1      2      0    0      1      -1      -1   500 0.046000000 0.12800000 0.1600000 0.09400000 0.18000000 0.13200000 0.03600000 0.034000000 0.05200000 0.05000000 0.018000000 0.006000000 0.012000000 0.004000000 0.016000000 0.0260000000 0.002000000 0.0020000000 2.000000e-03 0.000000e+00 0.000000e+00 0.000000e+00 0.000000e+00 0.000000e+00 0.0000000000
   88    1      2      0    0      1      -1      -1   500 0.036000000 0.22800000 0.1720000 0.14400000 0.05600000 0.05800000 0.03800000 0.080000000 0.04800000 0.03000000 0.026000000 0.028000000 0.012000000 0.006000000 0.000000000 0.0080000000 0.006000000 0.0040000000 1.200000e-02 0.000000e+00 0.000000e+00 2.000000e-03 6.000000e-03 0.000000e+00 0.0000000000
   89    1      2      0    0      1      -1      -1   500 0.044000000 0.16000000 0.2160000 0.09600000 0.12200000 0.05600000 0.07000000 0.050000000 0.04200000 0.03800000 0.018000000 0.016000000 0.024000000 0.008000000 0.010000000 0.0040000000 0.012000000 0.0020000000 0.000000e+00 2.000000e-03 2.000000e-03 4.000000e-03 0.000000e+00 2.000000e-03 0.0020000000
   91    1      2      0    0      1      -1      -1   500 0.036000000 0.12000000 0.2020000 0.12200000 0.11800000 0.08800000 0.09400000 0.036000000 0.03400000 0.02200000 0.036000000 0.026000000 0.014000000 0.008000000 0.010000000 0.0100000000 0.004000000 0.0040000000 2.000000e-03 2.000000e-03 6.000000e-03 0.000000e+00 0.000000e+00 0.000000e+00 0.0060000000
   93    1      2      0    0      1      -1      -1   500 0.044000000 0.22200000 0.1460000 0.08600000 0.14000000 0.06800000 0.07600000 0.054000000 0.03600000 0.03200000 0.030000000 0.016000000 0.022000000 0.010000000 0.004000000 0.0000000000 0.004000000 0.0080000000 2.000000e-03 0.000000e+00 0.000000e+00 0.000000e+00 0.000000e+00 0.000000e+00 0.0000000000
   95    1      2      0    0      1      -1      -1   500 0.042000000 0.23000000 0.1920000 0.12800000 0.07400000 0.03600000 0.08000000 0.044000000 0.04600000 0.02600000 0.038000000 0.014000000 0.018000000 0.002000000 0.004000000 0.0080000000 0.004000000 0.0040000000 2.000000e-03 2.000000e-03 4.000000e-03 0.000000e+00 0.000000e+00 0.000000e+00 0.0020000000
   97    1      2      0    0      1      -1      -1   500 0.040000000 0.24600000 0.1700000 0.15600000 0.11000000 0.07400000 0.04800000 0.022000000 0.04000000 0.02000000 0.010000000 0.010000000 0.008000000 0.006000000 0.010000000 0.0060000000 0.008000000 0.0080000000 2.000000e-03 0.000000e+00 0.000000e+00 0.000000e+00 0.000000e+00 0.000000e+00 0.0060000000
   98    1      2      0    0      1      -1      -1   500 0.036000000 0.14800000 0.2120000 0.14600000 0.12000000 0.08600000 0.06400000 0.046000000 0.01600000 0.02200000 0.014000000 0.020000000 0.010000000 0.016000000 0.002000000 0.0040000000 0.008000000 0.0080000000 4.000000e-03 0.000000e+00 8.000000e-03 4.000000e-03 4.000000e-03 0.000000e+00 0.0020000000
   99    1      2      0    0      1      -1      -1   500 0.012000000 0.20600000 0.1980000 0.16600000 0.11000000 0.08600000 0.05000000 0.046000000 0.02200000 0.01000000 0.026000000 0.012000000 0.024000000 0.004000000 0.008000000 0.0020000000 0.004000000 0.0020000000 0.000000e+00 0.000000e+00 0.000000e+00 2.000000e-03 6.000000e-03 0.000000e+00 0.0040000000
  100    1      2      0    0      1      -1      -1   500 0.036000000 0.07000000 0.1960000 0.15000000 0.15400000 0.10200000 0.07800000 0.078000000 0.03600000 0.01000000 0.024000000 0.012000000 0.016000000 0.006000000 0.010000000 0.0040000000 0.004000000 0.0060000000 2.000000e-03 2.000000e-03 0.000000e+00 2.000000e-03 0.000000e+00 0.000000e+00 0.0020000000
0 #_N_MeanSize_at_Age_obs
0 #_N_environ_variables
0 #_N_environ_obs
0 #_N_sizefreq_methods
0 #_do_tags
0 #_morphcomp_data
#
999
