#C data file created using the SS_writedat function in the R package r4ss
#C should work with SS version: 
#C file write time: 2014-11-06 11:09:06
#
1 #_styr
100 #_endyr
1 #_nseas
12 #_months_per_seas
1 #_spawn_seas
1 #_Nfleet
2 #_Nsurveys
1 #_N_areas
Fishery%Survey%CPUE #_fleetnames
0.5 0.5 0.5 #_surveytiming_in_season
1 1 1 #_area_assignments_for_each_fishery_and_survey
1 #_units of catch:  1=bio; 2=num
0.01 #_se of log(catch) only used for init_eq_catch and for Fmethod 2 and 3
1 #_Ngenders
25 #_Nages
0 #_init_equil_catch_for_each_fishery
100 #_N_lines_of_catch_to_read
 #_Fishery year seas
         0    1    1
         0    2    1
         0    3    1
         0    4    1
         0    5    1
         0    6    1
         0    7    1
         0    8    1
         0    9    1
         0   10    1
         0   11    1
         0   12    1
         0   13    1
         0   14    1
         0   15    1
         0   16    1
         0   17    1
         0   18    1
         0   19    1
         0   20    1
         0   21    1
         0   22    1
         0   23    1
         0   24    1
         0   25    1
 310995000   26    1
 295013000   27    1
 287521000   28    1
 274672000   29    1
 259583000   30    1
 246406000   31    1
 232516000   32    1
 219270000   33    1
 210877000   34    1
 203029000   35    1
 194431000   36    1
 184975000   37    1
 175075000   38    1
 165348000   39    1
 158088000   40    1
 156108000   41    1
 152626000   42    1
 148536000   43    1
 147082000   44    1
 144200000   45    1
 141044000   46    1
 137301000   47    1
 132145000   48    1
 127426000   49    1
 124300000   50    1
 123026000   51    1
 122262000   52    1
 123837000   53    1
 125151000   54    1
 126518000   55    1
 130950000   56    1
 136220000   57    1
 140197000   58    1
 143184000   59    1
 142996000   60    1
 142167000   61    1
 141077000   62    1
 139763000   63    1
 140036000   64    1
 143706000   65    1
 148032000   66    1
 153574000   67    1
 159356000   68    1
 161634000   69    1
 165158000   70    1
 166537000   71    1
 164150000   72    1
 161410000   73    1
 157103000   74    1
 154154000   75    1
 150119000   76    1
 147148000   77    1
 149286000   78    1
 154285000   79    1
 159049000   80    1
 161378000   81    1
 165782000   82    1
 171678000   83    1
 173586000   84    1
 173657000   85    1
 169787000   86    1
 166296000   87    1
 163361000   88    1
 161620000   89    1
 160153000   90    1
 157252000   91    1
 155894000   92    1
 157648000   93    1
 157903000   94    1
 159786000   95    1
 166607000   96    1
 170581000   97    1
 169662000   98    1
 168242000   99    1
 164861000  100    1
13 #_N_cpue
 #_Fleet Units Errtype
       1     1       0
       2     1       0
       3     1       0
 #_year seas index        obs se_log
     76    1     2 3050634825    0.2
     78    1     2 1781733447    0.2
     80    1     2 1941265874    0.2
     82    1     2 1870984015    0.2
     84    1     2 2793551917    0.2
     86    1     2 2820682697    0.2
     88    1     2 2647111096    0.2
     90    1     2 2564415712    0.2
     92    1     2 1972148815    0.2
     94    1     2 1386966759    0.2
     96    1     2 2535238373    0.2
     98    1     2 2713375055    0.2
    100    1     2 2763324721    0.2
0 #_N_discard_fleets
#_discard_units (1=same_as_catchunits(bio/num); 2=fraction; 3=numbers)
#_discard_errtype:  >0 for DF of T-dist(read CV below); 0 for normal with CV; -1 for normal with se; -2 for lognormal
0 #_N_discard
0 #_N_meanbodywt
1 #_DF_for_meanbodywt_T-distribution_like
2 # length bin method: 1=use databins; 2=generate from binwidth,min,max below; 3=read vector
1 # binwidth for population size comp
10 # minimum size in the population (lower edge of first bin and size at age 0.00)
200 # maximum size in the population (lower edge of last bin)
-0.001 #_comp_tail_compression
1e-05 #_add_to_comp
0 #_combine males into females at or below this bin number
21 #_N_lbins
#_lbin_vector
10 53 70 83 94 101 107 111 114 117 120 123 125 127 130 132 135 138 142 148 200
0 #_N_Length_comp_observations
25 #_N_agebins
#_agebin_vector
1 2 3 4 5 6 7 8 9 10 11 12 13 14 15 16 17 18 19 20 21 22 23 24 25
1 #_N_ageerror_definitions
 #_age0   age1   age2   age3   age4   age5   age6   age7   age8   age9  age10  age11  age12  age13  age14  age15  age16  age17  age18  age19  age20  age21  age22  age23  age24  age25
 -1.000 -1.000 -1.000 -1.000 -1.000 -1.000 -1.000 -1.000 -1.000 -1.000 -1.000 -1.000 -1.000 -1.000 -1.000 -1.000 -1.000 -1.000 -1.000 -1.000 -1.000 -1.000 -1.000 -1.000 -1.000 -1.000
  0.001  0.001  0.001  0.001  0.001  0.001  0.001  0.001  0.001  0.001  0.001  0.001  0.001  0.001  0.001  0.001  0.001  0.001  0.001  0.001  0.001  0.001  0.001  0.001  0.001  0.001
198 #_N_agecomp
1 #_Lbin_method: 1=poplenbins; 2=datalenbins; 3=lengths
-1 #_combine males into females at or below this bin number
 #_Yr Seas FltSvy Gender Part Ageerr Lbin_lo Lbin_hi Nsamp          a1         a2         a3         a4         a5         a6         a7         a8         a9         a10         a11         a12         a13         a14          a15          a16          a17          a18          a19          a20          a21          a22          a23          a24          a25
    2    1      1      0    0      1      -1      -1  1000 0.026820931 0.11788533 0.17244095 0.13566690 0.10247565 0.08987534 0.05310936 0.05981724 0.04063790 0.035137879 0.031669131 0.031173422 0.018440822 0.017894825 0.0122708551 0.0141628560 0.0062549770 0.0042000404 0.0058348859 5.275715e-03 4.123418e-03 3.228943e-03 3.288672e-03 2.284295e-03 6.029661e-03
    3    1      1      0    0      1      -1      -1  1000 0.011413098 0.18164727 0.14568902 0.12022789 0.10399914 0.06798135 0.08065677 0.05521158 0.04010735 0.033273993 0.026482425 0.018972270 0.026249802 0.013794814 0.0107407665 0.0126197515 0.0138418559 0.0101015655 0.0053879288 4.419404e-03 2.196149e-03 1.993636e-03 2.088151e-03 2.742065e-03 8.161961e-03
    4    1      1      0    0      1      -1      -1  1000 0.015353434 0.07006654 0.26132531 0.10116805 0.09812419 0.06937496 0.05653931 0.05298061 0.04143830 0.041752036 0.027289715 0.036001157 0.026112534 0.020890286 0.0146709822 0.0103281372 0.0122012218 0.0169787923 0.0019861099 3.882259e-03 2.117272e-03 2.664618e-03 2.377814e-03 3.889631e-03 1.048674e-02
    5    1      1      0    0      1      -1      -1  1000 0.009072062 0.12261986 0.10240275 0.20028773 0.08993773 0.07805378 0.06812727 0.05224737 0.04894054 0.045696579 0.033779023 0.021233588 0.023831229 0.015318391 0.0219379024 0.0117096859 0.0138573717 0.0082464000 0.0016283178 5.171152e-03 4.319471e-03 3.339080e-03 2.586371e-03 3.272974e-03 1.238338e-02
    6    1      1      0    0      1      -1      -1  1000 0.007620069 0.10248779 0.16573632 0.07794156 0.16652903 0.07577615 0.06949880 0.06481412 0.05033381 0.034893269 0.031389348 0.025721878 0.021847871 0.015433839 0.0121725898 0.0112030810 0.0161470016 0.0078231252 0.0036970501 9.646930e-03 5.407294e-03 1.903225e-03 7.991832e-04 3.400560e-03 1.777612e-02
    7    1      1      0    0      1      -1      -1  1000 0.012129508 0.08553596 0.13720717 0.14979863 0.07523642 0.14202203 0.06839769 0.06072979 0.04202875 0.036989521 0.026194862 0.034185380 0.024104602 0.021536136 0.0132360456 0.0052039528 0.0117140160 0.0050125568 0.0074811671 8.007924e-03 2.925459e-03 7.184572e-03 1.695530e-03 2.121734e-03 1.932060e-02
    8    1      1      0    0      1      -1      -1  1000 0.010338906 0.08214380 0.10597520 0.12630228 0.11434046 0.07856932 0.12504597 0.06873978 0.05029816 0.040228638 0.042073904 0.028660017 0.023928669 0.014773215 0.0130579274 0.0130518500 0.0078790216 0.0080348789 0.0084957757 4.566551e-03 4.034087e-03 6.840875e-03 2.077690e-03 3.120156e-03 1.742286e-02
    9    1      1      0    0      1      -1      -1  1000 0.005122681 0.14031352 0.13912129 0.08360577 0.10119000 0.08623243 0.05703944 0.09579504 0.06029356 0.034719721 0.029122014 0.027823150 0.024425222 0.020540338 0.0170566444 0.0260615171 0.0051584063 0.0139271006 0.0070885678 4.128489e-03 3.244373e-03 1.681201e-03 3.679052e-03 6.088365e-04 1.202163e-02
   10    1      1      0    0      1      -1      -1  1000 0.028979805 0.07586511 0.21761168 0.10091111 0.07284711 0.07050652 0.08388995 0.05127450 0.07969249 0.038057755 0.035579729 0.025903555 0.016780611 0.022235994 0.0155472805 0.0092125651 0.0100483744 0.0079432422 0.0038469585 7.162980e-03 1.905296e-03 2.446925e-03 2.471208e-03 1.483832e-03 1.779542e-02
   11    1      1      0    0      1      -1      -1  1000 0.013547534 0.23608367 0.07188143 0.14630494 0.06973174 0.05214886 0.07167885 0.07220853 0.02392259 0.069676558 0.036838181 0.020564555 0.016626560 0.016166847 0.0144536538 0.0151598628 0.0122989258 0.0087640196 0.0073572216 3.328618e-03 4.747058e-03 3.728198e-03 3.576272e-03 8.704989e-04 8.334834e-03
   12    1      1      0    0      1      -1      -1  1000 0.006521291 0.14126472 0.32077747 0.04638747 0.13036221 0.05547624 0.04808636 0.03840052 0.04131499 0.022219327 0.036828290 0.018574651 0.017260722 0.012275278 0.0098733786 0.0070555860 0.0079264107 0.0087792597 0.0085365869 2.133974e-03 3.464811e-03 2.275361e-03 2.506969e-03 3.137476e-03 8.560649e-03
   13    1      1      0    0      1      -1      -1  1000 0.026488654 0.03079052 0.20519466 0.25886826 0.04891595 0.09936095 0.05358627 0.03845479 0.02748743 0.032849920 0.019314690 0.042595211 0.016691742 0.020346696 0.0091338560 0.0166734968 0.0059653907 0.0087138805 0.0071474415 6.449758e-03 5.596262e-03 3.575393e-03 2.731937e-03 9.933173e-04 1.207352e-02
   14    1      1      0    0      1      -1      -1  1000 0.009658346 0.20612518 0.05037552 0.16268716 0.18228997 0.04311642 0.06741883 0.04312656 0.03201820 0.028184650 0.030452382 0.022241290 0.030315441 0.016480091 0.0111698517 0.0112893808 0.0078930617 0.0052564036 0.0073214198 3.169808e-03 2.595157e-03 2.221188e-03 4.127232e-03 4.056373e-03 1.641009e-02
   15    1      1      0    0      1      -1      -1  1000 0.005663394 0.17634662 0.26027284 0.02882194 0.10328321 0.15030615 0.02941489 0.05320765 0.03395349 0.022603636 0.011295349 0.028059285 0.007441521 0.019140253 0.0144976849 0.0092484015 0.0061539860 0.0069724429 0.0082239990 5.737316e-03 5.428296e-03 3.722626e-03 5.160920e-04 5.902201e-04 9.098707e-03
   16    1      1      0    0      1      -1      -1  1000 0.006270700 0.06591617 0.21341991 0.24060262 0.02518035 0.11434221 0.10383412 0.02261598 0.04171586 0.025739932 0.014269210 0.018603996 0.017421468 0.003747793 0.0176933634 0.0084578191 0.0078692939 0.0053287448 0.0111371848 6.861573e-03 5.451087e-03 3.563983e-03 2.329768e-03 2.018967e-03 1.560789e-02
   17    1      1      0    0      1      -1      -1  1000 0.009044209 0.05640086 0.10945027 0.23315550 0.18503807 0.01948524 0.08360511 0.11122980 0.01929665 0.037164156 0.017975286 0.016765283 0.014161628 0.015768295 0.0087944885 0.0199298598 0.0045800944 0.0029115553 0.0095997652 3.934527e-03 3.534941e-03 1.555606e-03 6.175971e-03 8.514411e-04 9.591386e-03
   18    1      1      0    0      1      -1      -1  1000 0.013516942 0.08849056 0.10284250 0.10286200 0.15006016 0.17315538 0.02150315 0.09219261 0.08984481 0.009126390 0.044903462 0.020321486 0.010729546 0.010872293 0.0157767220 0.0048917020 0.0117314841 0.0063126747 0.0053417186 2.373641e-03 6.045960e-03 2.780572e-03 4.899965e-03 1.912179e-03 7.512097e-03
   19    1      1      0    0      1      -1      -1  1000 0.019399201 0.13078308 0.11730113 0.07806583 0.05893846 0.14100481 0.14071187 0.01880868 0.06449534 0.082393019 0.016161065 0.028829987 0.015240357 0.007536370 0.0047706832 0.0108741951 0.0093977372 0.0149969617 0.0060607262 7.313785e-03 5.474285e-03 3.164820e-03 3.377217e-03 2.191142e-03 1.270926e-02
   20    1      1      0    0      1      -1      -1  1000 0.022836541 0.11838515 0.18477490 0.09548296 0.07965288 0.06713952 0.10696904 0.11121343 0.01328273 0.044119231 0.054229443 0.009544792 0.017971073 0.012888686 0.0049521315 0.0085905545 0.0056324076 0.0030330165 0.0106058582 8.645796e-03 4.526943e-03 2.241944e-03 1.621176e-03 1.625620e-03 1.003419e-02
   21    1      1      0    0      1      -1      -1  1000 0.008758429 0.17984215 0.12938400 0.16186628 0.07382009 0.04345214 0.03954307 0.08510815 0.08765421 0.012725935 0.038583580 0.050544608 0.007395338 0.023849333 0.0086098548 0.0080455671 0.0043576841 0.0087064218 0.0030704027 4.732540e-03 7.085323e-03 2.799411e-03 2.279198e-03 1.927211e-03 5.859088e-03
   22    1      1      0    0      1      -1      -1  1000 0.007977285 0.09674713 0.20458048 0.12429776 0.12582198 0.06129856 0.05025240 0.03477767 0.05986344 0.067282091 0.008698295 0.033346553 0.036281677 0.011244844 0.0144005371 0.0109079974 0.0054182600 0.0100504767 0.0057900384 1.242811e-03 4.825506e-03 2.691602e-03 6.429521e-03 2.933683e-03 1.283940e-02
   23    1      1      0    0      1      -1      -1  1000 0.012873568 0.09520198 0.14055575 0.17946934 0.09492699 0.09633669 0.04487994 0.03001125 0.03680697 0.057844052 0.061962701 0.011225859 0.030405964 0.036232449 0.0079472229 0.0154447979 0.0099556038 0.0027688478 0.0054713752 4.982538e-03 1.714246e-03 5.857111e-03 4.121541e-03 5.963965e-03 7.039238e-03
   24    1      1      0    0      1      -1      -1  1000 0.013986203 0.11373941 0.10885691 0.11173023 0.16804822 0.08340979 0.07663658 0.05516122 0.02463224 0.026086377 0.046136815 0.048855359 0.002166745 0.020900060 0.0262718674 0.0070852631 0.0194686441 0.0049175717 0.0076459035 2.110801e-03 1.880682e-03 7.827511e-04 4.813695e-03 9.260279e-04 2.375063e-02
   25    1      1      0    0      1      -1      -1  1000 0.010534514 0.14524701 0.16500739 0.11187000 0.08552778 0.11700240 0.06406689 0.05799751 0.03218970 0.025350818 0.022694484 0.041831121 0.036275326 0.004328951 0.0146381639 0.0268262547 0.0015648389 0.0078592398 0.0027549639 5.093009e-03 3.491405e-03 1.590749e-03 2.584301e-03 1.778201e-03 1.189498e-02
   26    1      1      0    0      1      -1      -1  1000 0.025299394 0.07385537 0.18936706 0.13600293 0.08009654 0.08318485 0.09884792 0.04340987 0.05038924 0.026485910 0.025278833 0.012418282 0.029278700 0.038575025 0.0073912317 0.0202720517 0.0229020314 0.0010461913 0.0067554141 8.535636e-03 8.933862e-04 2.105844e-03 2.751908e-03 1.410544e-03 1.344584e-02
   27    1      1      0    0      1      -1      -1  1000 0.011832536 0.25261865 0.10221275 0.15403770 0.07900818 0.05345818 0.05981124 0.09115475 0.04051847 0.030663658 0.022601162 0.012548315 0.007572591 0.016177325 0.0141365332 0.0004420578 0.0074069172 0.0208978441 0.0012275543 2.454986e-03 3.266340e-03 1.576368e-03 3.530840e-03 1.603644e-03 9.241405e-03
   28    1      1      0    0      1      -1      -1  1000 0.006413452 0.11692257 0.33482181 0.06426564 0.10778506 0.06259239 0.04478788 0.05173505 0.04856278 0.030163941 0.027168347 0.010065704 0.007376660 0.009020005 0.0176693700 0.0298644305 0.0034747671 0.0034628710 0.0065676419 1.201336e-03 4.470551e-03 1.055604e-03 1.222346e-04 1.007264e-03 9.422636e-03
   29    1      1      0    0      1      -1      -1  1000 0.012983083 0.05930852 0.15619262 0.26698220 0.06375339 0.08390149 0.06587144 0.04420448 0.03736062 0.048417179 0.033344951 0.026446929 0.018593962 0.016090341 0.0042943128 0.0091829622 0.0164515811 0.0018552009 0.0138656717 7.880347e-03 1.839143e-03 2.347070e-03 2.451034e-03 8.193792e-04 5.562082e-03
   30    1      1      0    0      1      -1      -1  1000 0.012644594 0.15404729 0.08246050 0.12618793 0.21465716 0.06778505 0.08791634 0.04387658 0.02601770 0.026609331 0.036828805 0.023136602 0.018329919 0.009502466 0.0049699787 0.0068177283 0.0194097305 0.0162685148 0.0019596624 2.920316e-03 7.510524e-03 5.080625e-04 2.821320e-03 1.791034e-03 5.022859e-03
   31    1      1      0    0      1      -1      -1  1000 0.011016171 0.14052951 0.17519589 0.08052192 0.08968546 0.18656464 0.04488224 0.07080633 0.03001713 0.026862219 0.023931110 0.028236135 0.016666182 0.014616008 0.0041240261 0.0057430626 0.0043633243 0.0119264517 0.0093365456 1.017235e-03 4.537609e-03 1.282620e-02 8.302311e-04 2.656455e-03 3.107909e-03
   32    1      1      0    0      1      -1      -1  1000 0.020290371 0.07852055 0.18429250 0.14530983 0.04238454 0.08873953 0.15455418 0.04028359 0.05154088 0.038247958 0.020561931 0.022978310 0.024144135 0.015272903 0.0146065574 0.0100897079 0.0089711805 0.0030128992 0.0093857669 9.667943e-03 8.495942e-04 3.826821e-03 4.263398e-03 2.098935e-04 7.995035e-03
   33    1      1      0    0      1      -1      -1  1000 0.017045434 0.15852418 0.10464992 0.14440763 0.11919406 0.05249378 0.08149679 0.11652224 0.02606901 0.044667480 0.024910343 0.016132289 0.015387950 0.021990248 0.0111891007 0.0103281603 0.0045258823 0.0028381134 0.0032272892 8.263243e-03 3.443348e-03 4.905213e-04 2.502081e-03 3.088213e-03 6.612684e-03
   34    1      1      0    0      1      -1      -1  1000 0.007911874 0.15786031 0.20969563 0.07863976 0.10131381 0.09242484 0.04486717 0.05279675 0.07631072 0.018801606 0.040909021 0.021574965 0.008039797 0.015579762 0.0134788043 0.0064330466 0.0142658854 0.0053415502 0.0039510843 5.081033e-03 5.916361e-03 9.440557e-03 4.601418e-04 3.379145e-03 5.526385e-03
   35    1      1      0    0      1      -1      -1  1000 0.008530824 0.11966813 0.21927288 0.17374489 0.06460011 0.09661548 0.05815811 0.03106668 0.03994804 0.074903080 0.015242855 0.023234903 0.017735320 0.007822094 0.0067338956 0.0155811816 0.0074146094 0.0022225345 0.0003267311 3.450626e-03 1.249446e-03 3.985318e-03 1.357154e-03 1.786882e-04 6.956423e-03
   36    1      1      0    0      1      -1      -1  1000 0.010763004 0.11953823 0.15969206 0.15987728 0.15168616 0.05298107 0.06745737 0.05466937 0.02626183 0.036546547 0.074427528 0.005408810 0.025863155 0.007076187 0.0093481627 0.0059468570 0.0076675159 0.0038768014 0.0057758945 2.098745e-03 1.919274e-03 1.006167e-03 1.246813e-03 2.196076e-03 6.669105e-03
   37    1      1      0    0      1      -1      -1  1000 0.012558509 0.10868226 0.15279905 0.13934373 0.12543688 0.13301628 0.03729355 0.05614141 0.05287399 0.015609741 0.023095184 0.051164692 0.008098222 0.015195403 0.0074785489 0.0070913501 0.0082075884 0.0106170360 0.0077611913 8.129190e-03 3.963198e-03 6.458872e-04 2.222486e-03 2.311480e-03 1.026314e-02
   38    1      1      0    0      1      -1      -1  1000 0.007586928 0.14001437 0.14260409 0.11523011 0.09933900 0.12789482 0.10465141 0.03179245 0.04744724 0.032759431 0.015129122 0.024047549 0.041939116 0.006380253 0.0100966974 0.0087752848 0.0042850428 0.0059344876 0.0108331677 1.767902e-03 6.602710e-03 4.297190e-03 1.652863e-03 7.155593e-04 8.223221e-03
   39    1      1      0    0      1      -1      -1  1000 0.029107519 0.10691288 0.18100678 0.10233605 0.10724587 0.09238469 0.09231805 0.07745489 0.02328168 0.029902639 0.033823837 0.017761284 0.014388265 0.035984266 0.0062262411 0.0152980592 0.0036694956 0.0063549682 0.0022769204 4.463337e-03 2.411078e-03 7.900392e-04 2.263729e-03 1.614495e-03 1.072293e-02
   40    1      1      0    0      1      -1      -1  1000 0.028712906 0.25406394 0.10593903 0.12025622 0.07216081 0.07310564 0.06849122 0.06558449 0.05603691 0.023508262 0.030084697 0.020219190 0.009044152 0.009932773 0.0211253625 0.0069695743 0.0085721927 0.0055014800 0.0020408005 3.228364e-03 3.281799e-03 1.513872e-03 1.653831e-03 9.052046e-04 8.067293e-03
   41    1      1      0    0      1      -1      -1  1000 0.004849829 0.17170882 0.29581456 0.09424393 0.08770006 0.05977953 0.06395702 0.04041434 0.04262534 0.040051083 0.007564618 0.022873641 0.015057604 0.003837484 0.0082314050 0.0175327893 0.0006991654 0.0044781996 0.0042786701 9.327800e-04 6.085607e-04 8.450876e-04 2.007260e-03 2.388983e-03 7.519243e-03
   42    1      1      0    0      1      -1      -1  1000 0.018608244 0.06029134 0.21629521 0.22229108 0.07228996 0.08129769 0.04840131 0.04804670 0.04210173 0.055800429 0.029435733 0.010035613 0.017163033 0.012805404 0.0085724798 0.0101750058 0.0139295929 0.0020943560 0.0056460345 4.322914e-03 5.103487e-03 5.337241e-03 2.870576e-03 2.911427e-03 4.173405e-03
   43    1      1      0    0      1      -1      -1  1000 0.013180372 0.20112822 0.07900771 0.17874081 0.19047406 0.05036771 0.05376389 0.03638532 0.03310500 0.033469617 0.027051248 0.029285411 0.008100877 0.016904052 0.0092039650 0.0063359063 0.0053980327 0.0110526846 0.0004282051 1.329485e-03 1.800762e-03 9.690281e-04 5.266092e-03 6.131361e-04 6.638413e-03
   44    1      1      0    0      1      -1      -1  1000 0.011803384 0.13672660 0.25873405 0.05461696 0.13813354 0.15166956 0.03102065 0.05083295 0.01863167 0.024112129 0.025042708 0.031891512 0.020046842 0.004440505 0.0068773915 0.0095371220 0.0030960003 0.0067193075 0.0046315639 1.049484e-03 2.028837e-03 2.215749e-03 1.224074e-03 5.524350e-04 4.364981e-03
   45    1      1      0    0      1      -1      -1  1000 0.020163923 0.11602096 0.19350529 0.19566097 0.05353314 0.09869566 0.10626355 0.03119513 0.03463821 0.018896135 0.031231337 0.014995871 0.021100359 0.016598736 0.0081216501 0.0085976428 0.0029746208 0.0031821222 0.0029733454 7.333019e-03 9.957163e-04 1.433262e-03 1.014549e-03 8.659935e-04 1.000881e-02
   46    1      1      0    0      1      -1      -1  1000 0.010823141 0.14100317 0.15663405 0.14332210 0.16428379 0.03413209 0.08581831 0.09787826 0.02363583 0.028415592 0.020204613 0.018551743 0.007966103 0.022219238 0.0126421389 0.0022932193 0.0067762385 0.0038565664 0.0010378936 3.650386e-03 2.617694e-03 5.741298e-03 1.434862e-03 2.102911e-03 2.958774e-03
   47    1      1      0    0      1      -1      -1  1000 0.017117915 0.08869491 0.21376179 0.12700388 0.10900178 0.11923594 0.03477888 0.08277209 0.07269074 0.028195331 0.023648844 0.014281434 0.011045248 0.008521148 0.0112197598 0.0057465800 0.0024519181 0.0092782550 0.0053114985 2.110994e-03 4.376362e-04 3.657490e-03 9.740259e-04 4.145365e-03 3.916558e-03
   48    1      1      0    0      1      -1      -1  1000 0.013379991 0.13596854 0.11930664 0.16493041 0.09407790 0.09604457 0.12967561 0.02078642 0.04592896 0.060870383 0.017960586 0.025073245 0.013677333 0.011908828 0.0089839582 0.0090442209 0.0078355455 0.0004185479 0.0106270310 1.848609e-03 3.157842e-04 1.214789e-03 5.397305e-03 1.170891e-04 4.607707e-03
   49    1      1      0    0      1      -1      -1  1000 0.024248904 0.12432445 0.16623245 0.10679669 0.13600931 0.07882286 0.07959140 0.09116730 0.02123235 0.046632319 0.044259258 0.013482361 0.008160593 0.005598586 0.0122924046 0.0028484446 0.0094131962 0.0131078230 0.0025276297 4.652741e-03 1.813295e-03 1.355233e-04 3.929210e-04 2.249748e-03 4.007436e-03
   50    1      1      0    0      1      -1      -1  1000 0.016367336 0.20430474 0.15987757 0.12015196 0.07848859 0.09039564 0.05229844 0.06456557 0.08148268 0.014647791 0.028258229 0.025618125 0.010837266 0.013376166 0.0093409049 0.0045730966 0.0048563518 0.0051872711 0.0070966794 3.323893e-04 2.808679e-03 2.877249e-03 8.705699e-05 6.662490e-04 1.503967e-03
   51    1      1      0    0      1      -1      -1  1000 0.028028954 0.13720493 0.23791273 0.10902201 0.11650873 0.07299910 0.06846147 0.04519237 0.03297700 0.041155893 0.005618908 0.018269533 0.026189028 0.009309279 0.0118395455 0.0060585112 0.0065470586 0.0058310862 0.0038538263 5.497318e-03 1.260288e-03 1.840281e-03 9.394662e-04 1.040340e-04 7.378661e-03
   52    1      1      0    0      1      -1      -1  1000 0.030079125 0.21895936 0.16845990 0.18892943 0.07377241 0.06251744 0.03446376 0.04981525 0.03429005 0.022184428 0.025359134 0.013449866 0.020157158 0.019063387 0.0063439714 0.0065917136 0.0058757046 0.0045019913 0.0026776170 4.444850e-03 1.190627e-03 5.896177e-04 1.378880e-03 2.804195e-04 4.623908e-03
   53    1      1      0    0      1      -1      -1  1000 0.013701142 0.20814898 0.24287460 0.11620951 0.14057014 0.04659976 0.06213094 0.02881984 0.03256886 0.015292584 0.019624185 0.024344086 0.003861675 0.012003880 0.0099722217 0.0008406683 0.0044599119 0.0016305102 0.0015636579 2.031546e-03 5.235511e-03 1.596622e-03 3.706771e-04 7.928838e-04 4.755604e-03
   54    1      1      0    0      1      -1      -1  1000 0.026924855 0.14284983 0.23440839 0.19068791 0.06276403 0.10823354 0.05483959 0.04109206 0.02557265 0.025292968 0.015971314 0.009634001 0.024497490 0.002793391 0.0050413655 0.0085145778 0.0031881824 0.0028504341 0.0035168189 2.581213e-03 9.085628e-04 7.718905e-04 2.957495e-03 1.181917e-04 3.989258e-03
   55    1      1      0    0      1      -1      -1  1000 0.039672182 0.23287444 0.13407294 0.16100330 0.12008733 0.06919180 0.07983343 0.03496392 0.02531770 0.009833385 0.022126649 0.013428502 0.018138645 0.009568768 0.0026960251 0.0034444353 0.0066923109 0.0024924280 0.0023813690 1.778230e-03 3.775491e-03 8.962338e-04 6.668447e-04 5.089423e-04 4.554688e-03
   56    1      1      0    0      1      -1      -1  1000 0.014358868 0.19998885 0.23438537 0.09949520 0.11575999 0.10829749 0.04495018 0.03868797 0.02717816 0.024721220 0.014158881 0.019970223 0.014412614 0.008957213 0.0093606027 0.0048952740 0.0049626080 0.0035259280 0.0029337721 3.624878e-03 1.541394e-03 4.786030e-04 3.454345e-04 1.382925e-03 1.626347e-03
   57    1      1      0    0      1      -1      -1  1000 0.023893419 0.14897766 0.26539525 0.16316444 0.08192691 0.08438492 0.07228985 0.03537241 0.03296262 0.012523130 0.010146776 0.004578004 0.016044276 0.007153232 0.0104720789 0.0095952967 0.0014806871 0.0024908196 0.0030070928 8.521582e-04 1.835350e-03 1.251217e-07 4.589343e-03 2.442384e-04 6.619904e-03
   58    1      1      0    0      1      -1      -1  1000 0.003990143 0.17742101 0.16155585 0.20358245 0.12796909 0.06009817 0.07326555 0.06299974 0.03049810 0.029002034 0.013914142 0.008066895 0.011753865 0.005334672 0.0103053783 0.0053106256 0.0025378274 0.0013580146 0.0027464276 3.774112e-03 9.453919e-04 2.012018e-04 1.069358e-03 5.302484e-05 2.246929e-03
   59    1      1      0    0      1      -1      -1  1000 0.013992383 0.11205734 0.20608680 0.15382733 0.16789897 0.09432137 0.05573428 0.05359559 0.04217051 0.019763758 0.019345160 0.014127355 0.010695887 0.006001500 0.0038605182 0.0031519307 0.0089536040 0.0044908044 0.0003829660 2.238228e-03 7.226059e-04 2.987150e-06 1.111204e-03 3.255397e-03 2.211519e-03
   60    1      1      0    0      1      -1      -1  1000 0.021718384 0.12735234 0.12247651 0.18599262 0.11336069 0.15129963 0.09048528 0.04114927 0.03747935 0.030087636 0.022737833 0.020458516 0.007172353 0.007468672 0.0007943879 0.0058996558 0.0018405225 0.0022890180 0.0019691801 1.101228e-03 2.304110e-03 2.847438e-03 6.104756e-05 2.250729e-07 1.654110e-03
   61    1      1      0    0      1      -1      -1  1000 0.012745425 0.16419521 0.16494714 0.10102569 0.14926192 0.08735250 0.09581795 0.06632705 0.03048637 0.031676121 0.021932410 0.012558731 0.024745078 0.003668458 0.0033363427 0.0014886633 0.0090186975 0.0049962551 0.0026996761 3.057135e-03 1.448499e-05 4.970733e-04 1.638417e-03 1.296465e-05 6.500247e-03
   62    1      1      0    0      1      -1      -1  1000 0.016878366 0.15341388 0.19159988 0.13759127 0.07824855 0.11110137 0.06790356 0.07138377 0.03878318 0.034053346 0.024385268 0.028310933 0.009137726 0.012026526 0.0036442337 0.0059721675 0.0021277145 0.0009570846 0.0053047582 1.420373e-03 2.594143e-04 3.258675e-03 1.946867e-03 1.045533e-04 1.865276e-04
   63    1      1      0    0      1      -1      -1  1000 0.033167972 0.14030793 0.19801980 0.15231125 0.09598486 0.06366197 0.07878644 0.05085105 0.06188085 0.035145925 0.019595227 0.019241973 0.016963867 0.007315081 0.0067263430 0.0037220379 0.0050947666 0.0002857868 0.0012640256 2.352565e-03 8.511236e-04 9.394975e-04 7.036722e-04 6.318046e-04 4.194186e-03
   64    1      1      0    0      1      -1      -1  1000 0.028527919 0.20972830 0.16911678 0.13701968 0.12392635 0.07069137 0.03743531 0.06092276 0.03440776 0.032778708 0.028233793 0.020705674 0.008794536 0.010099659 0.0042224195 0.0074285801 0.0021416781 0.0041679656 0.0017436487 8.768501e-04 8.728399e-04 1.771182e-03 1.028379e-03 1.420477e-03 1.937387e-03
   65    1      1      0    0      1      -1      -1  1000 0.020014595 0.21451351 0.24760647 0.09886894 0.11292570 0.07718967 0.04768944 0.03124774 0.03439728 0.029541478 0.029792062 0.012888641 0.013612630 0.008810340 0.0073973482 0.0024741281 0.0056738754 0.0008094624 0.0002367729 8.032683e-04 6.050736e-04 7.726346e-04 4.791192e-04 3.803321e-04 1.269487e-03
   66    1      1      0    0      1      -1      -1  1000 0.027285003 0.14861030 0.22302452 0.20615175 0.09065468 0.06789371 0.05889685 0.03492284 0.02231311 0.026967298 0.017799896 0.025998177 0.017509637 0.004845526 0.0173326081 0.0019643519 0.0016978815 0.0010483751 0.0011986669 7.658695e-05 4.953968e-04 6.048714e-04 3.254214e-04 1.054858e-03 1.327676e-03
   67    1      1      0    0      1      -1      -1  1000 0.014466982 0.19444691 0.19007491 0.18051472 0.11880962 0.05986018 0.07124352 0.04256611 0.02375439 0.019292556 0.022969125 0.011388158 0.013168046 0.008410319 0.0042457491 0.0034707158 0.0041397049 0.0019332866 0.0078895273 2.128404e-03 3.445202e-04 6.788885e-04 1.989692e-03 1.777435e-03 4.365267e-04
   68    1      1      0    0      1      -1      -1  1000 0.011421683 0.09920398 0.31794342 0.12552603 0.12205827 0.11770891 0.04017018 0.03835607 0.02642086 0.015964357 0.010030921 0.017121192 0.009410695 0.019489249 0.0134173570 0.0020709433 0.0051771865 0.0038856237 0.0003966822 1.654847e-03 1.357604e-03 2.521390e-05 6.191453e-05 2.580403e-04 8.687716e-04
   69    1      1      0    0      1      -1      -1  1000 0.020190487 0.15019274 0.13599226 0.23200644 0.10156564 0.09654294 0.07352379 0.05275367 0.03774221 0.028258951 0.013016255 0.010698047 0.010967279 0.007640536 0.0158259073 0.0025470231 0.0033016148 0.0025529461 0.0018743682 7.159104e-04 9.204897e-04 2.218509e-04 8.202156e-04 7.875795e-06 1.205560e-04
   70    1      1      0    0      1      -1      -1  1000 0.006597448 0.16072621 0.21326842 0.09867741 0.17166902 0.08872780 0.06591644 0.06580579 0.03938722 0.024661932 0.013266292 0.009237382 0.006088823 0.005256274 0.0012243166 0.0087075182 0.0081103060 0.0009942777 0.0050663436 3.043303e-03 2.511913e-05 4.408249e-04 7.115923e-04 1.813928e-05 2.371789e-03
   71    1      1      0    0      1      -1      -1  1000 0.015957045 0.06668932 0.27027785 0.16692361 0.07026983 0.13881827 0.05903676 0.07204246 0.05332512 0.018234935 0.013576194 0.010826533 0.011818364 0.004106189 0.0048796712 0.0065974980 0.0067467730 0.0040177938 0.0003437986 4.144021e-03 7.620474e-04 1.849179e-05 1.688116e-04 5.193995e-06 4.134134e-04
   72    1      1      0    0      1      -1      -1  1000 0.012400828 0.16520571 0.09710897 0.20281041 0.12822034 0.05441024 0.10622297 0.05649922 0.05172635 0.033676325 0.016928325 0.015495940 0.017585581 0.011628990 0.0044937045 0.0044177879 0.0030088426 0.0051524473 0.0040740381 3.708762e-03 2.831788e-03 1.235000e-05 7.135571e-05 4.082811e-04 1.900447e-03
   73    1      1      0    0      1      -1      -1  1000 0.020997550 0.10156101 0.21995341 0.07007066 0.16226416 0.10090097 0.04175537 0.08876681 0.03378635 0.051345737 0.027526603 0.019682088 0.010145950 0.013747606 0.0059685606 0.0055552124 0.0103989141 0.0038834374 0.0022546230 2.200325e-03 4.328371e-04 4.114634e-03 9.986503e-04 7.166238e-04 9.719082e-04
   74    1      1      0    0      1      -1      -1  1000 0.018908885 0.19894438 0.12644982 0.14855676 0.05826458 0.11745349 0.08557942 0.03578923 0.06746907 0.028286350 0.030855178 0.030474236 0.012290754 0.007214688 0.0103613487 0.0078974104 0.0043746351 0.0022981645 0.0015894683 2.697981e-03 1.296464e-03 9.732540e-04 2.241264e-04 8.220240e-04 9.282841e-04
   75    1      1      0    0      1      -1      -1  1000 0.010502518 0.13335963 0.24879612 0.08422185 0.12431031 0.05061801 0.08609677 0.07029572 0.03249960 0.047398035 0.023699428 0.028206563 0.023493342 0.012039849 0.0074944806 0.0040769780 0.0009065136 0.0011084757 0.0043581146 1.950024e-03 5.018695e-04 1.349833e-03 1.199338e-04 1.259928e-03 1.336112e-03
   76    1      1      0    0      1      -1      -1  1000 0.027247639 0.08484589 0.19184276 0.17034308 0.08855557 0.12008810 0.03367942 0.08507959 0.04611628 0.018254711 0.033829975 0.021162354 0.017248598 0.017284354 0.0123727128 0.0051667648 0.0069630331 0.0023051404 0.0028511745 3.368658e-03 1.432239e-03 3.002661e-03 6.868469e-04 5.481022e-04 5.724344e-03
   77    1      1      0    0      1      -1      -1  1000 0.026841349 0.24178408 0.12373207 0.13184760 0.11951339 0.04851012 0.08222629 0.01950851 0.05494844 0.034422387 0.011254153 0.038639095 0.012014288 0.021009169 0.0130194855 0.0041146100 0.0045872890 0.0015058191 0.0005874604 1.078646e-03 7.779286e-04 6.475157e-04 4.219659e-03 7.373222e-04 2.473321e-03
   78    1      1      0    0      1      -1      -1  1000 0.028365613 0.19542648 0.23746027 0.08443143 0.10010238 0.07246768 0.04000910 0.04294724 0.01882943 0.055433246 0.031456350 0.013956319 0.021827022 0.013123554 0.0115043618 0.0114610085 0.0028430080 0.0052443465 0.0023928155 1.405017e-03 2.397192e-03 1.212666e-03 3.283954e-03 5.804513e-04 1.839056e-03
   79    1      1      0    0      1      -1      -1  1000 0.019953669 0.18472253 0.23902944 0.20234732 0.06121130 0.06124647 0.06512958 0.03078280 0.03802365 0.006222619 0.029244032 0.012955817 0.008960903 0.013668565 0.0052911705 0.0055384380 0.0035204030 0.0025213080 0.0016540504 8.118517e-04 2.043151e-03 4.788876e-04 3.242536e-03 8.488091e-05 1.314633e-03
   80    1      1      0    0      1      -1      -1  1000 0.012419835 0.12798849 0.24807256 0.19430693 0.12587346 0.04751167 0.05337055 0.06140783 0.02080307 0.029766959 0.006235145 0.024074997 0.015961769 0.003666974 0.0099433243 0.0065521054 0.0030783321 0.0049769845 0.0011417103 4.232784e-04 1.963499e-04 1.340946e-03 2.856924e-04 2.682092e-05 5.742314e-04
   81    1      1      0    0      1      -1      -1  1000 0.030686321 0.13760219 0.14558589 0.20664887 0.14505727 0.11708792 0.02732542 0.04401215 0.03202447 0.014722472 0.021703310 0.006680372 0.015682721 0.017935249 0.0030245985 0.0146427440 0.0012932904 0.0022432426 0.0039147490 1.843797e-03 1.064268e-03 2.349772e-03 9.344194e-04 9.601506e-06 5.924897e-03
   82    1      1      0    0      1      -1      -1  1000 0.008675478 0.23314478 0.17382319 0.14045695 0.12899404 0.11542367 0.06689900 0.01867251 0.02935840 0.019893393 0.011463912 0.014811747 0.007945161 0.008448841 0.0028070117 0.0027209641 0.0027938504 0.0008114859 0.0063179677 1.181800e-03 9.069831e-04 2.522363e-04 3.530660e-04 4.159833e-04 3.427569e-03
   83    1      1      0    0      1      -1      -1  1000 0.027060276 0.09672513 0.29105425 0.13112433 0.10204220 0.10375134 0.08380291 0.04912787 0.01544277 0.023767199 0.022018513 0.005550009 0.012402729 0.003226153 0.0079173907 0.0070975999 0.0022015642 0.0030406557 0.0057081560 2.126342e-03 1.866602e-03 2.088727e-04 1.169077e-03 1.913077e-04 1.376748e-03
   84    1      1      0    0      1      -1      -1  1000 0.003579631 0.17217217 0.11557135 0.25882382 0.10868461 0.06953629 0.07443880 0.06406251 0.04273762 0.011608999 0.018995450 0.017078370 0.007773829 0.009811802 0.0032794106 0.0056464742 0.0032635781 0.0013747927 0.0047915533 1.276048e-03 8.901340e-04 1.713095e-03 3.383214e-04 2.462890e-03 8.844475e-05
   85    1      1      0    0      1      -1      -1  1000 0.011805285 0.08545810 0.22685345 0.09279432 0.21136425 0.06359605 0.07112762 0.07381315 0.05144046 0.040395183 0.012807520 0.013754334 0.012584024 0.001177611 0.0088942955 0.0015444741 0.0116022217 0.0016210783 0.0006163097 2.702993e-03 2.892394e-04 9.146545e-04 1.204636e-03 1.808249e-06 1.636937e-03
   86    1      1      0    0      1      -1      -1  1000 0.015630883 0.15550621 0.09480452 0.19106526 0.08407438 0.16742415 0.06329251 0.04910110 0.05257335 0.042468878 0.031589170 0.009746152 0.010213132 0.008555239 0.0032242256 0.0085753547 0.0023552286 0.0028981540 0.0014428646 4.248970e-04 7.635226e-04 1.903116e-03 6.606684e-04 2.691850e-04 1.437840e-03
   87    1      1      0    0      1      -1      -1  1000 0.017832573 0.12770219 0.18809346 0.09577956 0.14351587 0.07019171 0.13339080 0.04273112 0.03864050 0.038103225 0.030280873 0.026675363 0.004316252 0.008913701 0.0055021407 0.0097288633 0.0047187299 0.0012356207 0.0035146495 3.146696e-03 1.055688e-03 9.787464e-04 2.892485e-04 6.747070e-04 2.987710e-03
   88    1      1      0    0      1      -1      -1  1000 0.018323521 0.17968317 0.18679656 0.15421813 0.04333173 0.10688019 0.04531202 0.08018727 0.03776448 0.022321352 0.030283137 0.031225649 0.022257326 0.006550029 0.0096620032 0.0037872048 0.0012477026 0.0041696299 0.0011614233 4.015994e-03 3.815252e-03 1.114517e-03 3.232924e-04 1.626968e-03 3.941446e-03
   89    1      1      0    0      1      -1      -1  1000 0.014027588 0.15152745 0.20212362 0.14173897 0.10935372 0.04970683 0.09980747 0.03756917 0.07757144 0.033333361 0.014747864 0.021127398 0.014445455 0.009584134 0.0019848774 0.0065279830 0.0038435321 0.0019584818 0.0015507148 1.064283e-03 7.413092e-04 6.219646e-04 3.871865e-07 1.913860e-03 3.128142e-03
   90    1      1      0    0      1      -1      -1  1000 0.016615493 0.13734071 0.20393068 0.16231917 0.11201557 0.08970284 0.04015951 0.05973978 0.02037472 0.065867625 0.018189037 0.011893062 0.017796397 0.015119536 0.0088953468 0.0024568328 0.0019106553 0.0024686736 0.0010788521 1.153292e-03 2.046736e-04 7.284969e-04 1.983684e-04 4.375687e-03 5.464982e-03
   91    1      1      0    0      1      -1      -1  1000 0.027240635 0.12509465 0.17852942 0.17069983 0.10703772 0.09067451 0.06722260 0.02956993 0.05856459 0.025253927 0.036868411 0.012872486 0.015111103 0.016868041 0.0101944708 0.0067402590 0.0077224110 0.0020485641 0.0031944217 2.477999e-03 4.663469e-04 3.227491e-05 1.921332e-03 4.219147e-04 3.172154e-03
   92    1      1      0    0      1      -1      -1  1000 0.012751890 0.21638044 0.12464372 0.12674260 0.14071132 0.09814465 0.06399335 0.03835979 0.02891335 0.034449583 0.016790763 0.034594694 0.019071593 0.010251269 0.0123457091 0.0069241859 0.0042001544 0.0014558037 0.0010693294 3.279723e-03 3.309395e-04 2.704380e-04 2.211941e-05 1.473564e-04 4.155220e-03
   93    1      1      0    0      1      -1      -1  1000 0.011623857 0.16767209 0.28046471 0.10550831 0.09762441 0.09214900 0.05125521 0.04700801 0.02027266 0.012467149 0.031315408 0.010206940 0.020600813 0.011597344 0.0087495985 0.0057774738 0.0063179827 0.0065786702 0.0005128848 4.224849e-03 3.003314e-04 3.349039e-04 5.309319e-03 1.458460e-04 1.982219e-03
   94    1      1      0    0      1      -1      -1  1000 0.034556032 0.12423274 0.21446769 0.20983130 0.07396175 0.06748950 0.07707282 0.05055542 0.03449461 0.024040122 0.011154508 0.021087644 0.012141275 0.014197918 0.0059534081 0.0027132138 0.0047139092 0.0057605294 0.0029452866 4.702565e-04 2.700955e-03 2.458149e-03 5.970725e-05 1.832320e-04 2.758023e-03
   95    1      1      0    0      1      -1      -1  1000 0.022195826 0.24101416 0.15224102 0.13574609 0.13048478 0.03998252 0.04970226 0.04667098 0.03724261 0.028776440 0.028758272 0.014712789 0.023379494 0.005357192 0.0170481210 0.0054717828 0.0042859191 0.0030136632 0.0034548208 2.172141e-03 6.219373e-04 1.594020e-03 3.124663e-04 1.599288e-04 5.600763e-03
   96    1      1      0    0      1      -1      -1  1000 0.006737312 0.20171031 0.27679287 0.08882191 0.11206731 0.10287976 0.03507786 0.02910560 0.04335684 0.023078011 0.015630156 0.018969295 0.006711660 0.010974700 0.0027217654 0.0065572591 0.0034604818 0.0033295602 0.0031925399 5.666726e-03 3.576016e-04 6.179080e-05 1.729356e-04 1.410369e-03 1.155370e-03
   97    1      1      0    0      1      -1      -1  1000 0.013416055 0.03623448 0.29364615 0.23040454 0.07727716 0.07359117 0.07361773 0.04323223 0.03025369 0.030371571 0.026336921 0.014418853 0.010509077 0.006268047 0.0105420987 0.0026317829 0.0147012409 0.0040147365 0.0003075280 4.088539e-03 2.192092e-03 2.371688e-04 2.384111e-06 1.972779e-05 1.685032e-03
   98    1      1      0    0      1      -1      -1  1000 0.007711425 0.17871951 0.05084392 0.22042815 0.18423040 0.06643886 0.07296015 0.06264564 0.02285220 0.029433840 0.024917551 0.009832726 0.021735960 0.011259969 0.0043160341 0.0094476912 0.0027301034 0.0059394423 0.0069203350 1.378948e-03 8.741525e-04 2.909661e-03 9.274311e-04 5.175883e-08 5.458596e-04
   99    1      1      0    0      1      -1      -1  1000 0.025313961 0.08711159 0.24444988 0.05241554 0.18017371 0.14406701 0.04687053 0.05280011 0.05104840 0.013308784 0.019559183 0.017989703 0.021608300 0.006219843 0.0055530986 0.0052932553 0.0023666167 0.0034834281 0.0048582116 1.059134e-03 2.283264e-03 2.698389e-03 2.721772e-05 5.863823e-03 3.577006e-03
  100    1      1      0    0      1      -1      -1  1000 0.015546242 0.18713437 0.11058342 0.19210417 0.03332584 0.13660363 0.10960864 0.04356180 0.04822525 0.041100377 0.015936836 0.019763343 0.007148039 0.003312871 0.0067500916 0.0049478966 0.0023447494 0.0052458799 0.0003651640 5.309653e-03 2.537941e-03 1.416622e-03 1.373505e-03 1.544722e-03 4.208949e-03
    2    1      2      0    0      1      -1      -1  1000 0.050000000 0.14500000 0.13800000 0.11200000 0.09200000 0.09400000 0.07500000 0.05300000 0.04900000 0.030000000 0.020000000 0.031000000 0.018000000 0.011000000 0.0180000000 0.0120000000 0.0090000000 0.0060000000 0.0080000000 5.000000e-03 5.000000e-03 0.000000e+00 6.000000e-03 2.000000e-03 1.100000e-02
    3    1      2      0    0      1      -1      -1  1000 0.021000000 0.23900000 0.13200000 0.11300000 0.07900000 0.06800000 0.06500000 0.05300000 0.03900000 0.040000000 0.028000000 0.030000000 0.014000000 0.015000000 0.0110000000 0.0080000000 0.0040000000 0.0110000000 0.0030000000 7.000000e-03 2.000000e-03 3.000000e-03 2.000000e-03 3.000000e-03 1.000000e-02
    4    1      2      0    0      1      -1      -1  1000 0.029000000 0.11100000 0.21400000 0.11300000 0.07800000 0.08700000 0.05900000 0.06500000 0.04000000 0.037000000 0.024000000 0.026000000 0.023000000 0.016000000 0.0120000000 0.0150000000 0.0100000000 0.0050000000 0.0050000000 4.000000e-03 3.000000e-03 3.000000e-03 6.000000e-03 3.000000e-03 1.200000e-02
    5    1      2      0    0      1      -1      -1  1000 0.031000000 0.14200000 0.10400000 0.21600000 0.10200000 0.06900000 0.06000000 0.05500000 0.03600000 0.028000000 0.027000000 0.019000000 0.013000000 0.016000000 0.0160000000 0.0130000000 0.0100000000 0.0100000000 0.0080000000 6.000000e-03 3.000000e-03 4.000000e-03 2.000000e-03 2.000000e-03 8.000000e-03
    6    1      2      0    0      1      -1      -1  1000 0.019000000 0.10800000 0.17700000 0.09800000 0.16400000 0.09100000 0.05800000 0.05600000 0.04300000 0.038000000 0.026000000 0.014000000 0.024000000 0.021000000 0.0100000000 0.0100000000 0.0050000000 0.0070000000 0.0080000000 3.000000e-03 5.000000e-03 0.000000e+00 2.000000e-03 2.000000e-03 1.100000e-02
    7    1      2      0    0      1      -1      -1  1000 0.030000000 0.10300000 0.13100000 0.14500000 0.06900000 0.14200000 0.07300000 0.05000000 0.04100000 0.040000000 0.027000000 0.026000000 0.014000000 0.018000000 0.0200000000 0.0090000000 0.0130000000 0.0060000000 0.0080000000 2.000000e-03 5.000000e-03 7.000000e-03 4.000000e-03 5.000000e-03 1.200000e-02
    8    1      2      0    0      1      -1      -1  1000 0.048000000 0.12200000 0.09500000 0.10700000 0.09900000 0.06100000 0.12200000 0.05500000 0.06200000 0.036000000 0.032000000 0.035000000 0.021000000 0.018000000 0.0120000000 0.0090000000 0.0090000000 0.0140000000 0.0120000000 9.000000e-03 4.000000e-03 1.000000e-03 2.000000e-03 6.000000e-03 9.000000e-03
    9    1      2      0    0      1      -1      -1  1000 0.012000000 0.21400000 0.11800000 0.07100000 0.10200000 0.08900000 0.04700000 0.08700000 0.05300000 0.039000000 0.025000000 0.024000000 0.027000000 0.012000000 0.0120000000 0.0100000000 0.0090000000 0.0070000000 0.0100000000 6.000000e-03 4.000000e-03 3.000000e-03 4.000000e-03 3.000000e-03 1.200000e-02
   10    1      2      0    0      1      -1      -1  1000 0.076000000 0.08100000 0.19100000 0.10100000 0.07300000 0.07900000 0.07900000 0.03900000 0.07100000 0.032000000 0.036000000 0.019000000 0.022000000 0.015000000 0.0160000000 0.0170000000 0.0100000000 0.0020000000 0.0090000000 7.000000e-03 6.000000e-03 4.000000e-03 6.000000e-03 1.000000e-03 8.000000e-03
   11    1      2      0    0      1      -1      -1  1000 0.034000000 0.30800000 0.05700000 0.13000000 0.08200000 0.05600000 0.04100000 0.05800000 0.03200000 0.053000000 0.034000000 0.018000000 0.015000000 0.014000000 0.0060000000 0.0100000000 0.0060000000 0.0060000000 0.0050000000 5.000000e-03 7.000000e-03 2.000000e-03 7.000000e-03 3.000000e-03 1.100000e-02
   12    1      2      0    0      1      -1      -1  1000 0.004000000 0.17400000 0.29300000 0.06300000 0.10500000 0.05200000 0.03100000 0.04600000 0.03800000 0.028000000 0.051000000 0.020000000 0.019000000 0.015000000 0.0150000000 0.0150000000 0.0070000000 0.0040000000 0.0010000000 3.000000e-03 4.000000e-03 0.000000e+00 2.000000e-03 0.000000e+00 1.000000e-02
   13    1      2      0    0      1      -1      -1  1000 0.070000000 0.03800000 0.21400000 0.25100000 0.04500000 0.08800000 0.05200000 0.03300000 0.03200000 0.033000000 0.017000000 0.032000000 0.016000000 0.012000000 0.0150000000 0.0110000000 0.0040000000 0.0110000000 0.0050000000 2.000000e-03 1.000000e-03 3.000000e-03 2.000000e-03 3.000000e-03 1.000000e-02
   14    1      2      0    0      1      -1      -1  1000 0.058000000 0.26200000 0.04100000 0.15400000 0.15200000 0.03300000 0.07300000 0.02600000 0.02200000 0.024000000 0.027000000 0.017000000 0.028000000 0.010000000 0.0140000000 0.0060000000 0.0120000000 0.0080000000 0.0040000000 3.000000e-03 7.000000e-03 0.000000e+00 2.000000e-03 0.000000e+00 1.700000e-02
   15    1      2      0    0      1      -1      -1  1000 0.017000000 0.21000000 0.24300000 0.03200000 0.11200000 0.12100000 0.02100000 0.05100000 0.02500000 0.012000000 0.032000000 0.031000000 0.006000000 0.030000000 0.0130000000 0.0090000000 0.0060000000 0.0060000000 0.0040000000 3.000000e-03 4.000000e-03 2.000000e-03 1.000000e-03 3.000000e-03 6.000000e-03
   16    1      2      0    0      1      -1      -1  1000 0.018000000 0.09300000 0.23600000 0.19400000 0.01800000 0.10400000 0.10800000 0.01200000 0.04200000 0.025000000 0.016000000 0.023000000 0.019000000 0.017000000 0.0200000000 0.0100000000 0.0100000000 0.0110000000 0.0070000000 1.000000e-03 3.000000e-03 1.000000e-03 1.000000e-03 1.000000e-03 1.000000e-02
   17    1      2      0    0      1      -1      -1  1000 0.019000000 0.08800000 0.07100000 0.20400000 0.18100000 0.02400000 0.08500000 0.10500000 0.01600000 0.048000000 0.027000000 0.016000000 0.022000000 0.024000000 0.0110000000 0.0180000000 0.0080000000 0.0050000000 0.0030000000 6.000000e-03 5.000000e-03 2.000000e-03 3.000000e-03 2.000000e-03 7.000000e-03
   18    1      2      0    0      1      -1      -1  1000 0.034000000 0.11400000 0.11000000 0.06800000 0.14900000 0.17800000 0.02000000 0.08700000 0.07500000 0.022000000 0.036000000 0.017000000 0.010000000 0.015000000 0.0100000000 0.0090000000 0.0100000000 0.0070000000 0.0050000000 6.000000e-03 3.000000e-03 3.000000e-03 4.000000e-03 1.000000e-03 7.000000e-03
   19    1      2      0    0      1      -1      -1  1000 0.026000000 0.18000000 0.12300000 0.06700000 0.05700000 0.14800000 0.13600000 0.01300000 0.04900000 0.079000000 0.014000000 0.029000000 0.008000000 0.007000000 0.0090000000 0.0140000000 0.0030000000 0.0130000000 0.0070000000 5.000000e-03 1.000000e-03 1.000000e-03 2.000000e-03 3.000000e-03 6.000000e-03
   20    1      2      0    0      1      -1      -1  1000 0.053000000 0.13200000 0.16000000 0.10600000 0.05100000 0.05700000 0.10000000 0.10500000 0.01500000 0.044000000 0.066000000 0.010000000 0.027000000 0.010000000 0.0110000000 0.0060000000 0.0070000000 0.0040000000 0.0100000000 8.000000e-03 3.000000e-03 4.000000e-03 4.000000e-03 0.000000e+00 7.000000e-03
   21    1      2      0    0      1      -1      -1  1000 0.026000000 0.22200000 0.13100000 0.12800000 0.06500000 0.04000000 0.04100000 0.08500000 0.08500000 0.016000000 0.028000000 0.038000000 0.007000000 0.020000000 0.0110000000 0.0050000000 0.0060000000 0.0080000000 0.0040000000 1.000000e-02 3.000000e-03 4.000000e-03 1.000000e-03 3.000000e-03 1.300000e-02
   22    1      2      0    0      1      -1      -1  1000 0.032000000 0.15400000 0.21200000 0.10300000 0.11900000 0.05200000 0.03700000 0.03400000 0.06300000 0.067000000 0.006000000 0.027000000 0.021000000 0.004000000 0.0090000000 0.0120000000 0.0050000000 0.0040000000 0.0140000000 1.000000e-03 6.000000e-03 6.000000e-03 2.000000e-03 3.000000e-03 7.000000e-03
   23    1      2      0    0      1      -1      -1  1000 0.031000000 0.12700000 0.13400000 0.19200000 0.07700000 0.09800000 0.04400000 0.03600000 0.02600000 0.050000000 0.065000000 0.006000000 0.030000000 0.030000000 0.0070000000 0.0150000000 0.0060000000 0.0040000000 0.0050000000 1.000000e-03 0.000000e+00 3.000000e-03 2.000000e-03 2.000000e-03 9.000000e-03
   24    1      2      0    0      1      -1      -1  1000 0.043000000 0.15500000 0.11400000 0.11500000 0.13500000 0.06700000 0.06600000 0.04400000 0.02400000 0.021000000 0.055000000 0.046000000 0.007000000 0.032000000 0.0310000000 0.0030000000 0.0140000000 0.0030000000 0.0020000000 5.000000e-03 1.000000e-03 5.000000e-03 4.000000e-03 1.000000e-03 7.000000e-03
   25    1      2      0    0      1      -1      -1  1000 0.026000000 0.18600000 0.13900000 0.09300000 0.08800000 0.10300000 0.05400000 0.06300000 0.03900000 0.023000000 0.027000000 0.030000000 0.049000000 0.003000000 0.0140000000 0.0250000000 0.0010000000 0.0140000000 0.0020000000 0.000000e+00 1.000000e-03 3.000000e-03 0.000000e+00 5.000000e-03 1.200000e-02
   26    1      2      0    0      1      -1      -1  1000 0.072000000 0.09900000 0.17700000 0.11900000 0.09300000 0.05900000 0.10000000 0.04600000 0.05000000 0.027000000 0.020000000 0.011000000 0.026000000 0.032000000 0.0060000000 0.0130000000 0.0190000000 0.0020000000 0.0040000000 4.000000e-03 3.000000e-03 1.000000e-03 5.000000e-03 3.000000e-03 9.000000e-03
   27    1      2      0    0      1      -1      -1  1000 0.032000000 0.28200000 0.10900000 0.12100000 0.09200000 0.04700000 0.04700000 0.08100000 0.02200000 0.031000000 0.018000000 0.008000000 0.007000000 0.026000000 0.0270000000 0.0020000000 0.0140000000 0.0130000000 0.0040000000 2.000000e-03 3.000000e-03 4.000000e-03 3.000000e-03 1.000000e-03 4.000000e-03
   28    1      2      0    0      1      -1      -1  1000 0.018000000 0.14000000 0.31100000 0.08800000 0.10400000 0.05100000 0.03900000 0.03700000 0.05500000 0.023000000 0.032000000 0.009000000 0.014000000 0.009000000 0.0130000000 0.0200000000 0.0010000000 0.0070000000 0.0060000000 4.000000e-03 3.000000e-03 3.000000e-03 1.000000e-03 2.000000e-03 1.000000e-02
   29    1      2      0    0      1      -1      -1  1000 0.025000000 0.09000000 0.15400000 0.24800000 0.05500000 0.08700000 0.08000000 0.03700000 0.03800000 0.050000000 0.022000000 0.026000000 0.009000000 0.007000000 0.0030000000 0.0170000000 0.0210000000 0.0000000000 0.0050000000 9.000000e-03 2.000000e-03 3.000000e-03 3.000000e-03 1.000000e-03 8.000000e-03
   30    1      2      0    0      1      -1      -1  1000 0.039000000 0.16900000 0.08000000 0.11100000 0.21100000 0.04500000 0.06700000 0.04700000 0.03900000 0.040000000 0.036000000 0.018000000 0.025000000 0.009000000 0.0060000000 0.0050000000 0.0120000000 0.0140000000 0.0030000000 8.000000e-03 7.000000e-03 0.000000e+00 2.000000e-03 2.000000e-03 5.000000e-03
   31    1      2      0    0      1      -1      -1  1000 0.016000000 0.15900000 0.16200000 0.07100000 0.10400000 0.18000000 0.05200000 0.05400000 0.03900000 0.026000000 0.027000000 0.023000000 0.016000000 0.018000000 0.0070000000 0.0030000000 0.0010000000 0.0030000000 0.0170000000 1.000000e-03 4.000000e-03 7.000000e-03 0.000000e+00 2.000000e-03 8.000000e-03
   32    1      2      0    0      1      -1      -1  1000 0.050000000 0.10800000 0.18000000 0.14900000 0.05400000 0.07200000 0.13200000 0.03200000 0.03800000 0.033000000 0.019000000 0.017000000 0.032000000 0.014000000 0.0160000000 0.0090000000 0.0030000000 0.0030000000 0.0130000000 6.000000e-03 1.000000e-03 5.000000e-03 6.000000e-03 0.000000e+00 8.000000e-03
   33    1      2      0    0      1      -1      -1  1000 0.037000000 0.25300000 0.08900000 0.11300000 0.10700000 0.03800000 0.06100000 0.11500000 0.02300000 0.042000000 0.022000000 0.008000000 0.014000000 0.018000000 0.0120000000 0.0090000000 0.0050000000 0.0040000000 0.0020000000 5.000000e-03 7.000000e-03 0.000000e+00 4.000000e-03 4.000000e-03 8.000000e-03
   34    1      2      0    0      1      -1      -1  1000 0.031000000 0.19100000 0.21800000 0.07300000 0.10200000 0.09400000 0.03000000 0.04900000 0.06800000 0.024000000 0.031000000 0.018000000 0.012000000 0.010000000 0.0090000000 0.0050000000 0.0070000000 0.0040000000 0.0020000000 1.000000e-03 1.000000e-03 6.000000e-03 1.000000e-03 4.000000e-03 9.000000e-03
   35    1      2      0    0      1      -1      -1  1000 0.034000000 0.16100000 0.19300000 0.17200000 0.04900000 0.08700000 0.06500000 0.02900000 0.04300000 0.067000000 0.009000000 0.023000000 0.011000000 0.010000000 0.0100000000 0.0080000000 0.0060000000 0.0050000000 0.0010000000 1.000000e-03 4.000000e-03 4.000000e-03 7.000000e-03 0.000000e+00 1.000000e-03
   36    1      2      0    0      1      -1      -1  1000 0.013000000 0.14300000 0.16100000 0.15700000 0.14500000 0.03900000 0.07200000 0.05100000 0.03000000 0.029000000 0.054000000 0.021000000 0.019000000 0.012000000 0.0070000000 0.0040000000 0.0110000000 0.0070000000 0.0050000000 3.000000e-03 0.000000e+00 0.000000e+00 4.000000e-03 2.000000e-03 1.100000e-02
   37    1      2      0    0      1      -1      -1  1000 0.036000000 0.13100000 0.15300000 0.11900000 0.14100000 0.10800000 0.03400000 0.06700000 0.04100000 0.013000000 0.022000000 0.057000000 0.009000000 0.009000000 0.0090000000 0.0130000000 0.0070000000 0.0070000000 0.0040000000 3.000000e-03 3.000000e-03 0.000000e+00 5.000000e-03 3.000000e-03 6.000000e-03
   38    1      2      0    0      1      -1      -1  1000 0.023000000 0.17200000 0.12300000 0.10900000 0.09600000 0.11600000 0.10900000 0.03100000 0.04500000 0.039000000 0.011000000 0.022000000 0.032000000 0.010000000 0.0110000000 0.0070000000 0.0050000000 0.0060000000 0.0090000000 6.000000e-03 2.000000e-03 4.000000e-03 5.000000e-03 1.000000e-03 6.000000e-03
   39    1      2      0    0      1      -1      -1  1000 0.079000000 0.13300000 0.16000000 0.09700000 0.09800000 0.08200000 0.07300000 0.07900000 0.02700000 0.037000000 0.032000000 0.012000000 0.020000000 0.022000000 0.0080000000 0.0100000000 0.0050000000 0.0030000000 0.0050000000 4.000000e-03 1.000000e-03 2.000000e-03 3.000000e-03 1.000000e-03 7.000000e-03
   40    1      2      0    0      1      -1      -1  1000 0.039000000 0.28700000 0.09300000 0.12500000 0.07700000 0.06800000 0.03800000 0.05700000 0.05300000 0.025000000 0.020000000 0.022000000 0.009000000 0.011000000 0.0270000000 0.0070000000 0.0090000000 0.0060000000 0.0030000000 3.000000e-03 3.000000e-03 4.000000e-03 2.000000e-03 0.000000e+00 1.200000e-02
   41    1      2      0    0      1      -1      -1  1000 0.015000000 0.23500000 0.25500000 0.06500000 0.09400000 0.05400000 0.05200000 0.05000000 0.03800000 0.039000000 0.012000000 0.016000000 0.016000000 0.008000000 0.0100000000 0.0100000000 0.0030000000 0.0110000000 0.0020000000 0.000000e+00 1.000000e-03 4.000000e-03 2.000000e-03 1.000000e-03 7.000000e-03
   42    1      2      0    0      1      -1      -1  1000 0.046000000 0.08000000 0.23300000 0.23400000 0.05200000 0.05700000 0.04900000 0.04700000 0.04100000 0.033000000 0.038000000 0.011000000 0.014000000 0.017000000 0.0070000000 0.0060000000 0.0120000000 0.0020000000 0.0050000000 6.000000e-03 3.000000e-03 0.000000e+00 0.000000e+00 3.000000e-03 4.000000e-03
   43    1      2      0    0      1      -1      -1  1000 0.036000000 0.25100000 0.07800000 0.14700000 0.15900000 0.05100000 0.06500000 0.03700000 0.03200000 0.029000000 0.024000000 0.026000000 0.007000000 0.014000000 0.0070000000 0.0060000000 0.0090000000 0.0070000000 0.0010000000 1.000000e-03 1.000000e-03 0.000000e+00 3.000000e-03 1.000000e-03 8.000000e-03
   44    1      2      0    0      1      -1      -1  1000 0.034000000 0.16700000 0.23600000 0.05900000 0.13300000 0.11800000 0.04200000 0.04200000 0.02100000 0.024000000 0.030000000 0.023000000 0.021000000 0.002000000 0.0080000000 0.0060000000 0.0050000000 0.0050000000 0.0110000000 0.000000e+00 1.000000e-03 2.000000e-03 0.000000e+00 1.000000e-03 9.000000e-03
   45    1      2      0    0      1      -1      -1  1000 0.044000000 0.16200000 0.17100000 0.18200000 0.05100000 0.10400000 0.10100000 0.03600000 0.03100000 0.014000000 0.021000000 0.014000000 0.013000000 0.015000000 0.0030000000 0.0060000000 0.0030000000 0.0030000000 0.0010000000 1.300000e-02 2.000000e-03 7.000000e-03 0.000000e+00 0.000000e+00 3.000000e-03
   46    1      2      0    0      1      -1      -1  1000 0.023000000 0.20300000 0.15300000 0.12800000 0.14700000 0.04400000 0.07200000 0.07900000 0.02100000 0.019000000 0.011000000 0.019000000 0.020000000 0.015000000 0.0140000000 0.0060000000 0.0080000000 0.0060000000 0.0000000000 4.000000e-03 3.000000e-03 0.000000e+00 4.000000e-03 0.000000e+00 1.000000e-03
   47    1      2      0    0      1      -1      -1  1000 0.036000000 0.12800000 0.20600000 0.11600000 0.11400000 0.12300000 0.03200000 0.06000000 0.06800000 0.011000000 0.025000000 0.013000000 0.011000000 0.012000000 0.0130000000 0.0050000000 0.0070000000 0.0070000000 0.0040000000 1.000000e-03 4.000000e-03 3.000000e-03 0.000000e+00 0.000000e+00 1.000000e-03
   48    1      2      0    0      1      -1      -1  1000 0.030000000 0.17400000 0.11600000 0.16800000 0.10400000 0.07300000 0.10100000 0.01600000 0.05000000 0.050000000 0.019000000 0.024000000 0.015000000 0.017000000 0.0070000000 0.0060000000 0.0100000000 0.0040000000 0.0030000000 5.000000e-03 0.000000e+00 3.000000e-03 3.000000e-03 1.000000e-03 1.000000e-03
   49    1      2      0    0      1      -1      -1  1000 0.072000000 0.14100000 0.16700000 0.09500000 0.11000000 0.08100000 0.07300000 0.07700000 0.01600000 0.040000000 0.041000000 0.011000000 0.012000000 0.006000000 0.0110000000 0.0120000000 0.0110000000 0.0040000000 0.0010000000 1.000000e-03 3.000000e-03 1.000000e-03 4.000000e-03 1.000000e-03 9.000000e-03
   50    1      2      0    0      1      -1      -1  1000 0.032000000 0.25100000 0.13200000 0.12900000 0.07200000 0.09200000 0.05400000 0.04400000 0.05400000 0.015000000 0.034000000 0.029000000 0.012000000 0.009000000 0.0070000000 0.0080000000 0.0010000000 0.0070000000 0.0060000000 0.000000e+00 3.000000e-03 3.000000e-03 0.000000e+00 1.000000e-03 5.000000e-03
   51    1      2      0    0      1      -1      -1  1000 0.050000000 0.16100000 0.23900000 0.10300000 0.09000000 0.06400000 0.07300000 0.04600000 0.03100000 0.050000000 0.011000000 0.015000000 0.028000000 0.007000000 0.0070000000 0.0050000000 0.0060000000 0.0030000000 0.0020000000 3.000000e-03 1.000000e-03 0.000000e+00 1.000000e-03 1.000000e-03 3.000000e-03
   52    1      2      0    0      1      -1      -1  1000 0.061000000 0.23100000 0.15000000 0.17500000 0.08400000 0.07900000 0.04100000 0.04400000 0.01800000 0.030000000 0.017000000 0.006000000 0.019000000 0.016000000 0.0030000000 0.0010000000 0.0020000000 0.0040000000 0.0030000000 3.000000e-03 5.000000e-03 1.000000e-03 0.000000e+00 2.000000e-03 5.000000e-03
   53    1      2      0    0      1      -1      -1  1000 0.025000000 0.20700000 0.23100000 0.09600000 0.13500000 0.07000000 0.04900000 0.03900000 0.04200000 0.022000000 0.016000000 0.021000000 0.004000000 0.013000000 0.0130000000 0.0030000000 0.0020000000 0.0000000000 0.0040000000 0.000000e+00 4.000000e-03 1.000000e-03 1.000000e-03 0.000000e+00 2.000000e-03
   54    1      2      0    0      1      -1      -1  1000 0.063000000 0.15700000 0.21700000 0.19100000 0.08100000 0.09600000 0.04100000 0.02700000 0.02300000 0.029000000 0.016000000 0.015000000 0.011000000 0.002000000 0.0070000000 0.0100000000 0.0030000000 0.0030000000 0.0010000000 2.000000e-03 3.000000e-03 0.000000e+00 1.000000e-03 0.000000e+00 1.000000e-03
   55    1      2      0    0      1      -1      -1  1000 0.063000000 0.23300000 0.15700000 0.13500000 0.13200000 0.05900000 0.06700000 0.02900000 0.03600000 0.016000000 0.015000000 0.009000000 0.007000000 0.016000000 0.0030000000 0.0080000000 0.0040000000 0.0020000000 0.0020000000 1.000000e-03 1.000000e-03 0.000000e+00 1.000000e-03 1.000000e-03 3.000000e-03
   56    1      2      0    0      1      -1      -1  1000 0.038000000 0.28800000 0.19400000 0.10400000 0.10200000 0.08100000 0.03500000 0.04400000 0.01800000 0.029000000 0.012000000 0.011000000 0.008000000 0.011000000 0.0100000000 0.0010000000 0.0030000000 0.0040000000 0.0000000000 1.000000e-03 3.000000e-03 0.000000e+00 2.000000e-03 0.000000e+00 1.000000e-03
   57    1      2      0    0      1      -1      -1  1000 0.061000000 0.17200000 0.25400000 0.14800000 0.06400000 0.07200000 0.06700000 0.03500000 0.04000000 0.009000000 0.010000000 0.009000000 0.016000000 0.008000000 0.0100000000 0.0110000000 0.0010000000 0.0050000000 0.0040000000 1.000000e-03 1.000000e-03 0.000000e+00 0.000000e+00 0.000000e+00 2.000000e-03
   58    1      2      0    0      1      -1      -1  1000 0.026000000 0.23200000 0.17000000 0.17100000 0.11800000 0.06400000 0.06100000 0.04000000 0.02700000 0.028000000 0.012000000 0.009000000 0.007000000 0.008000000 0.0050000000 0.0010000000 0.0070000000 0.0030000000 0.0010000000 2.000000e-03 2.000000e-03 3.000000e-03 0.000000e+00 0.000000e+00 3.000000e-03
   59    1      2      0    0      1      -1      -1  1000 0.034000000 0.15000000 0.22700000 0.12700000 0.13800000 0.10700000 0.03600000 0.05000000 0.03700000 0.019000000 0.026000000 0.013000000 0.005000000 0.005000000 0.0060000000 0.0070000000 0.0010000000 0.0030000000 0.0010000000 2.000000e-03 3.000000e-03 0.000000e+00 2.000000e-03 0.000000e+00 1.000000e-03
   60    1      2      0    0      1      -1      -1  1000 0.058000000 0.14600000 0.14400000 0.17600000 0.08900000 0.12500000 0.07800000 0.03700000 0.03900000 0.036000000 0.016000000 0.020000000 0.004000000 0.012000000 0.0070000000 0.0030000000 0.0020000000 0.0010000000 0.0010000000 0.000000e+00 1.000000e-03 1.000000e-03 0.000000e+00 0.000000e+00 4.000000e-03
   61    1      2      0    0      1      -1      -1  1000 0.046000000 0.19900000 0.16200000 0.10300000 0.12200000 0.07300000 0.09500000 0.06400000 0.03000000 0.022000000 0.022000000 0.013000000 0.013000000 0.007000000 0.0050000000 0.0050000000 0.0030000000 0.0040000000 0.0040000000 2.000000e-03 2.000000e-03 2.000000e-03 0.000000e+00 1.000000e-03 1.000000e-03
   62    1      2      0    0      1      -1      -1  1000 0.032000000 0.20100000 0.18600000 0.13700000 0.07500000 0.10200000 0.06300000 0.06700000 0.03300000 0.026000000 0.026000000 0.016000000 0.007000000 0.009000000 0.0040000000 0.0030000000 0.0000000000 0.0010000000 0.0040000000 0.000000e+00 2.000000e-03 1.000000e-03 1.000000e-03 2.000000e-03 2.000000e-03
   63    1      2      0    0      1      -1      -1  1000 0.058000000 0.18300000 0.19100000 0.13800000 0.09800000 0.04900000 0.07500000 0.04200000 0.05200000 0.028000000 0.017000000 0.018000000 0.015000000 0.007000000 0.0070000000 0.0020000000 0.0040000000 0.0030000000 0.0030000000 1.000000e-03 1.000000e-03 3.000000e-03 0.000000e+00 2.000000e-03 3.000000e-03
   64    1      2      0    0      1      -1      -1  1000 0.052000000 0.25400000 0.14500000 0.14000000 0.09100000 0.07500000 0.04200000 0.06000000 0.03000000 0.039000000 0.023000000 0.009000000 0.013000000 0.008000000 0.0030000000 0.0050000000 0.0030000000 0.0010000000 0.0010000000 2.000000e-03 1.000000e-03 0.000000e+00 1.000000e-03 0.000000e+00 2.000000e-03
   65    1      2      0    0      1      -1      -1  1000 0.052000000 0.23100000 0.23700000 0.11900000 0.08100000 0.06700000 0.04200000 0.02300000 0.03300000 0.026000000 0.033000000 0.014000000 0.010000000 0.011000000 0.0070000000 0.0040000000 0.0010000000 0.0010000000 0.0010000000 2.000000e-03 0.000000e+00 1.000000e-03 1.000000e-03 2.000000e-03 1.000000e-03
   66    1      2      0    0      1      -1      -1  1000 0.051000000 0.19400000 0.23600000 0.15100000 0.08000000 0.06600000 0.04400000 0.04600000 0.01700000 0.039000000 0.022000000 0.017000000 0.015000000 0.003000000 0.0040000000 0.0020000000 0.0010000000 0.0030000000 0.0020000000 1.000000e-03 0.000000e+00 1.000000e-03 3.000000e-03 1.000000e-03 1.000000e-03
   67    1      2      0    0      1      -1      -1  1000 0.016000000 0.30300000 0.16800000 0.13700000 0.11900000 0.07500000 0.04300000 0.03700000 0.02100000 0.010000000 0.021000000 0.010000000 0.015000000 0.011000000 0.0050000000 0.0020000000 0.0020000000 0.0000000000 0.0010000000 2.000000e-03 0.000000e+00 0.000000e+00 0.000000e+00 0.000000e+00 2.000000e-03
   68    1      2      0    0      1      -1      -1  1000 0.052000000 0.12700000 0.28100000 0.12300000 0.11800000 0.09100000 0.04600000 0.03100000 0.02800000 0.028000000 0.007000000 0.017000000 0.014000000 0.015000000 0.0020000000 0.0030000000 0.0020000000 0.0060000000 0.0000000000 2.000000e-03 3.000000e-03 2.000000e-03 0.000000e+00 1.000000e-03 1.000000e-03
   69    1      2      0    0      1      -1      -1  1000 0.062000000 0.21200000 0.11900000 0.19900000 0.08900000 0.10800000 0.05900000 0.03600000 0.02000000 0.014000000 0.015000000 0.013000000 0.009000000 0.005000000 0.0100000000 0.0080000000 0.0070000000 0.0050000000 0.0020000000 2.000000e-03 1.000000e-03 1.000000e-03 1.000000e-03 1.000000e-03 2.000000e-03
   70    1      2      0    0      1      -1      -1  1000 0.015000000 0.25600000 0.19100000 0.09600000 0.14300000 0.07900000 0.06500000 0.04000000 0.02400000 0.019000000 0.015000000 0.014000000 0.006000000 0.012000000 0.0030000000 0.0030000000 0.0050000000 0.0030000000 0.0030000000 4.000000e-03 1.000000e-03 1.000000e-03 0.000000e+00 0.000000e+00 2.000000e-03
   71    1      2      0    0      1      -1      -1  1000 0.042000000 0.08000000 0.25300000 0.16100000 0.07300000 0.10800000 0.06900000 0.06500000 0.04100000 0.021000000 0.022000000 0.020000000 0.008000000 0.007000000 0.0050000000 0.0050000000 0.0070000000 0.0050000000 0.0020000000 1.000000e-03 0.000000e+00 0.000000e+00 0.000000e+00 1.000000e-03 4.000000e-03
   72    1      2      0    0      1      -1      -1  1000 0.023000000 0.21700000 0.08100000 0.19600000 0.11800000 0.06700000 0.08300000 0.05300000 0.04600000 0.034000000 0.018000000 0.014000000 0.009000000 0.007000000 0.0040000000 0.0100000000 0.0040000000 0.0030000000 0.0070000000 2.000000e-03 2.000000e-03 0.000000e+00 0.000000e+00 0.000000e+00 2.000000e-03
   73    1      2      0    0      1      -1      -1  1000 0.050000000 0.11400000 0.20600000 0.04200000 0.14600000 0.12300000 0.05300000 0.08700000 0.03900000 0.047000000 0.038000000 0.014000000 0.008000000 0.004000000 0.0050000000 0.0060000000 0.0050000000 0.0020000000 0.0060000000 1.000000e-03 0.000000e+00 0.000000e+00 0.000000e+00 0.000000e+00 4.000000e-03
   74    1      2      0    0      1      -1      -1  1000 0.046000000 0.22000000 0.10100000 0.17000000 0.04100000 0.10600000 0.07000000 0.04300000 0.05400000 0.039000000 0.030000000 0.020000000 0.010000000 0.008000000 0.0090000000 0.0090000000 0.0030000000 0.0060000000 0.0030000000 4.000000e-03 3.000000e-03 0.000000e+00 0.000000e+00 3.000000e-03 2.000000e-03
   75    1      2      0    0      1      -1      -1  1000 0.024000000 0.17800000 0.20900000 0.08900000 0.12700000 0.04800000 0.08700000 0.05200000 0.03300000 0.047000000 0.022000000 0.033000000 0.017000000 0.004000000 0.0040000000 0.0070000000 0.0040000000 0.0020000000 0.0050000000 3.000000e-03 2.000000e-03 1.000000e-03 0.000000e+00 1.000000e-03 1.000000e-03
   76    1      2      0    0      1      -1      -1  1000 0.064000000 0.14200000 0.18400000 0.16000000 0.07300000 0.08500000 0.03400000 0.07500000 0.04000000 0.024000000 0.048000000 0.012000000 0.022000000 0.012000000 0.0060000000 0.0050000000 0.0030000000 0.0000000000 0.0020000000 3.000000e-03 2.000000e-03 1.000000e-03 1.000000e-03 1.000000e-03 1.000000e-03
   77    1      2      0    0      1      -1      -1  1000 0.065000000 0.31100000 0.10000000 0.12900000 0.10900000 0.04300000 0.05600000 0.02000000 0.05300000 0.025000000 0.013000000 0.028000000 0.009000000 0.010000000 0.0110000000 0.0020000000 0.0030000000 0.0010000000 0.0020000000 2.000000e-03 2.000000e-03 0.000000e+00 2.000000e-03 0.000000e+00 4.000000e-03
   78    1      2      0    0      1      -1      -1  1000 0.058000000 0.27800000 0.22100000 0.06600000 0.08200000 0.06600000 0.03500000 0.05100000 0.01600000 0.034000000 0.022000000 0.007000000 0.021000000 0.008000000 0.0130000000 0.0070000000 0.0040000000 0.0030000000 0.0040000000 2.000000e-03 0.000000e+00 1.000000e-03 0.000000e+00 0.000000e+00 1.000000e-03
   79    1      2      0    0      1      -1      -1  1000 0.031000000 0.21800000 0.25500000 0.16400000 0.05300000 0.06100000 0.05600000 0.01900000 0.04000000 0.006000000 0.031000000 0.015000000 0.008000000 0.011000000 0.0080000000 0.0070000000 0.0050000000 0.0030000000 0.0030000000 1.000000e-03 2.000000e-03 1.000000e-03 0.000000e+00 1.000000e-03 1.000000e-03
   80    1      2      0    0      1      -1      -1  1000 0.041000000 0.18400000 0.21700000 0.17000000 0.12900000 0.04100000 0.04500000 0.04200000 0.01700000 0.025000000 0.009000000 0.019000000 0.018000000 0.009000000 0.0100000000 0.0080000000 0.0050000000 0.0080000000 0.0000000000 2.000000e-03 0.000000e+00 1.000000e-03 0.000000e+00 0.000000e+00 0.000000e+00
   81    1      2      0    0      1      -1      -1  1000 0.076000000 0.17500000 0.15000000 0.16600000 0.12700000 0.09600000 0.03900000 0.04300000 0.03500000 0.007000000 0.023000000 0.005000000 0.014000000 0.009000000 0.0080000000 0.0100000000 0.0030000000 0.0060000000 0.0000000000 1.000000e-03 1.000000e-03 1.000000e-03 2.000000e-03 0.000000e+00 3.000000e-03
   82    1      2      0    0      1      -1      -1  1000 0.029000000 0.29700000 0.16100000 0.10500000 0.12000000 0.09600000 0.05600000 0.02400000 0.02500000 0.020000000 0.005000000 0.020000000 0.005000000 0.010000000 0.0090000000 0.0030000000 0.0050000000 0.0010000000 0.0020000000 2.000000e-03 1.000000e-03 0.000000e+00 0.000000e+00 0.000000e+00 4.000000e-03
   83    1      2      0    0      1      -1      -1  1000 0.048000000 0.11600000 0.27800000 0.12300000 0.09000000 0.09700000 0.08400000 0.05500000 0.01400000 0.016000000 0.018000000 0.011000000 0.009000000 0.011000000 0.0050000000 0.0090000000 0.0020000000 0.0010000000 0.0020000000 1.000000e-03 4.000000e-03 2.000000e-03 1.000000e-03 0.000000e+00 3.000000e-03
   84    1      2      0    0      1      -1      -1  1000 0.031000000 0.23500000 0.09900000 0.21600000 0.09100000 0.05800000 0.05700000 0.07600000 0.04300000 0.016000000 0.018000000 0.012000000 0.010000000 0.009000000 0.0040000000 0.0070000000 0.0020000000 0.0020000000 0.0050000000 2.000000e-03 2.000000e-03 3.000000e-03 0.000000e+00 1.000000e-03 1.000000e-03
   85    1      2      0    0      1      -1      -1  1000 0.030000000 0.10800000 0.21400000 0.10400000 0.19500000 0.06800000 0.05300000 0.05900000 0.05600000 0.049000000 0.008000000 0.009000000 0.010000000 0.005000000 0.0060000000 0.0030000000 0.0060000000 0.0070000000 0.0000000000 2.000000e-03 2.000000e-03 2.000000e-03 2.000000e-03 0.000000e+00 2.000000e-03
   86    1      2      0    0      1      -1      -1  1000 0.042000000 0.17900000 0.10300000 0.17000000 0.08300000 0.16700000 0.04600000 0.03500000 0.05700000 0.037000000 0.025000000 0.009000000 0.008000000 0.011000000 0.0020000000 0.0060000000 0.0010000000 0.0070000000 0.0040000000 2.000000e-03 2.000000e-03 0.000000e+00 0.000000e+00 1.000000e-03 3.000000e-03
   87    1      2      0    0      1      -1      -1  1000 0.049000000 0.19500000 0.16700000 0.07900000 0.11800000 0.05700000 0.11300000 0.04500000 0.03700000 0.041000000 0.032000000 0.021000000 0.014000000 0.004000000 0.0040000000 0.0070000000 0.0060000000 0.0000000000 0.0030000000 2.000000e-03 1.000000e-03 0.000000e+00 1.000000e-03 0.000000e+00 4.000000e-03
   88    1      2      0    0      1      -1      -1  1000 0.043000000 0.23200000 0.20000000 0.11400000 0.05200000 0.11400000 0.03900000 0.08900000 0.02400000 0.019000000 0.025000000 0.015000000 0.015000000 0.004000000 0.0050000000 0.0010000000 0.0030000000 0.0010000000 0.0020000000 2.000000e-03 0.000000e+00 0.000000e+00 0.000000e+00 0.000000e+00 1.000000e-03
   89    1      2      0    0      1      -1      -1  1000 0.041000000 0.23000000 0.18300000 0.11900000 0.09900000 0.04100000 0.08100000 0.03100000 0.06600000 0.022000000 0.016000000 0.027000000 0.011000000 0.007000000 0.0030000000 0.0060000000 0.0050000000 0.0020000000 0.0020000000 1.000000e-03 0.000000e+00 2.000000e-03 0.000000e+00 1.000000e-03 4.000000e-03
   90    1      2      0    0      1      -1      -1  1000 0.031000000 0.17300000 0.18000000 0.14300000 0.11400000 0.07000000 0.02900000 0.07100000 0.03400000 0.056000000 0.024000000 0.014000000 0.017000000 0.013000000 0.0090000000 0.0040000000 0.0050000000 0.0030000000 0.0020000000 1.000000e-03 0.000000e+00 3.000000e-03 0.000000e+00 1.000000e-03 3.000000e-03
   91    1      2      0    0      1      -1      -1  1000 0.063000000 0.15000000 0.13000000 0.16100000 0.12700000 0.08100000 0.06900000 0.01600000 0.05400000 0.028000000 0.037000000 0.015000000 0.016000000 0.015000000 0.0110000000 0.0080000000 0.0050000000 0.0040000000 0.0030000000 1.000000e-03 3.000000e-03 0.000000e+00 0.000000e+00 0.000000e+00 3.000000e-03
   92    1      2      0    0      1      -1      -1  1000 0.038000000 0.27600000 0.15100000 0.09800000 0.11400000 0.07700000 0.05800000 0.04100000 0.01800000 0.040000000 0.013000000 0.022000000 0.006000000 0.010000000 0.0130000000 0.0110000000 0.0060000000 0.0000000000 0.0010000000 2.000000e-03 1.000000e-03 0.000000e+00 2.000000e-03 0.000000e+00 2.000000e-03
   93    1      2      0    0      1      -1      -1  1000 0.035000000 0.19200000 0.26500000 0.07600000 0.09000000 0.08500000 0.07000000 0.04200000 0.03300000 0.011000000 0.029000000 0.007000000 0.024000000 0.012000000 0.0060000000 0.0080000000 0.0040000000 0.0040000000 0.0000000000 1.000000e-03 1.000000e-03 0.000000e+00 3.000000e-03 0.000000e+00 2.000000e-03
   94    1      2      0    0      1      -1      -1  1000 0.073000000 0.16500000 0.16300000 0.18400000 0.07300000 0.06400000 0.07100000 0.04500000 0.03700000 0.030000000 0.014000000 0.021000000 0.016000000 0.014000000 0.0060000000 0.0050000000 0.0060000000 0.0050000000 0.0020000000 2.000000e-03 1.000000e-03 0.000000e+00 0.000000e+00 1.000000e-03 2.000000e-03
   95    1      2      0    0      1      -1      -1  1000 0.063000000 0.27300000 0.12600000 0.12000000 0.12300000 0.06100000 0.05200000 0.05200000 0.02800000 0.020000000 0.019000000 0.005000000 0.013000000 0.006000000 0.0170000000 0.0030000000 0.0070000000 0.0030000000 0.0020000000 2.000000e-03 1.000000e-03 0.000000e+00 1.000000e-03 0.000000e+00 3.000000e-03
   96    1      2      0    0      1      -1      -1  1000 0.013000000 0.27400000 0.24600000 0.07400000 0.10600000 0.09200000 0.04400000 0.02700000 0.03100000 0.028000000 0.010000000 0.011000000 0.006000000 0.006000000 0.0060000000 0.0070000000 0.0040000000 0.0030000000 0.0050000000 1.000000e-03 0.000000e+00 1.000000e-03 3.000000e-03 1.000000e-03 1.000000e-03
   97    1      2      0    0      1      -1      -1  1000 0.045000000 0.06300000 0.24800000 0.23400000 0.07900000 0.08000000 0.07600000 0.02800000 0.03500000 0.031000000 0.024000000 0.006000000 0.013000000 0.005000000 0.0030000000 0.0060000000 0.0090000000 0.0010000000 0.0030000000 1.000000e-03 6.000000e-03 1.000000e-03 0.000000e+00 0.000000e+00 3.000000e-03
   98    1      2      0    0      1      -1      -1  1000 0.014000000 0.25000000 0.05000000 0.21700000 0.15300000 0.06600000 0.05800000 0.06000000 0.01700000 0.018000000 0.030000000 0.016000000 0.014000000 0.006000000 0.0020000000 0.0080000000 0.0010000000 0.0050000000 0.0020000000 4.000000e-03 2.000000e-03 3.000000e-03 0.000000e+00 1.000000e-03 3.000000e-03
   99    1      2      0    0      1      -1      -1  1000 0.051000000 0.10200000 0.22200000 0.05500000 0.16400000 0.13800000 0.05700000 0.04500000 0.05200000 0.023000000 0.023000000 0.018000000 0.012000000 0.007000000 0.0080000000 0.0040000000 0.0040000000 0.0050000000 0.0020000000 0.000000e+00 2.000000e-03 0.000000e+00 3.000000e-03 1.000000e-03 2.000000e-03
  100    1      2      0    0      1      -1      -1  1000 0.043000000 0.25300000 0.09200000 0.17300000 0.03600000 0.11300000 0.10600000 0.04300000 0.03800000 0.042000000 0.012000000 0.005000000 0.014000000 0.006000000 0.0040000000 0.0060000000 0.0040000000 0.0030000000 0.0000000000 3.000000e-03 1.000000e-03 0.000000e+00 1.000000e-03 0.000000e+00 2.000000e-03
0 #_N_MeanSize_at_Age_obs
0 #_N_environ_variables
0 #_N_environ_obs
0 #_N_sizefreq_methods
0 #_do_tags
0 #_morphcomp_data
#
999
