#C data file created using the SS_writedat function in the R package r4ss
#C should work with SS version: 
#C file write time: 2014-11-06 11:20:31
#
1 #_styr
100 #_endyr
1 #_nseas
12 #_months_per_seas
1 #_spawn_seas
1 #_Nfleet
2 #_Nsurveys
1 #_N_areas
Fishery%Survey%CPUE #_fleetnames
0.5 0.5 0.5 #_surveytiming_in_season
1 1 1 #_area_assignments_for_each_fishery_and_survey
1 #_units of catch:  1=bio; 2=num
0.01 #_se of log(catch) only used for init_eq_catch and for Fmethod 2 and 3
1 #_Ngenders
25 #_Nages
0 #_init_equil_catch_for_each_fishery
100 #_N_lines_of_catch_to_read
 #_Fishery year seas
         0    1    1
         0    2    1
         0    3    1
         0    4    1
         0    5    1
         0    6    1
         0    7    1
         0    8    1
         0    9    1
         0   10    1
         0   11    1
         0   12    1
         0   13    1
         0   14    1
         0   15    1
         0   16    1
         0   17    1
         0   18    1
         0   19    1
         0   20    1
         0   21    1
         0   22    1
         0   23    1
         0   24    1
         0   25    1
 236686000   26    1
 220286000   27    1
 205341000   28    1
 197112000   29    1
 192429000   30    1
 187165000   31    1
 185484000   32    1
 191310000   33    1
 195999000   34    1
 193639000   35    1
 188182000   36    1
 181566000   37    1
 178252000   38    1
 176108000   39    1
 173510000   40    1
 170141000   41    1
 163949000   42    1
 156463000   43    1
 150091000   44    1
 146580000   45    1
 143344000   46    1
 139202000   47    1
 137685000   48    1
 139006000   49    1
 138022000   50    1
 137999000   51    1
 139046000   52    1
 143505000   53    1
 144645000   54    1
 145528000   55    1
 149225000   56    1
 151952000   57    1
 151431000   58    1
 150296000   59    1
 151454000   60    1
 152818000   61    1
 151875000   62    1
 149436000   63    1
 150632000   64    1
 157354000   65    1
 162763000   66    1
 167058000   67    1
 172746000   68    1
 173919000   69    1
 175804000   70    1
 181189000   71    1
 181171000   72    1
 177509000   73    1
 173006000   74    1
 168177000   75    1
 161468000   76    1
 156643000   77    1
 156783000   78    1
 159960000   79    1
 160670000   80    1
 160329000   81    1
 159790000   82    1
 159259000   83    1
 157954000   84    1
 157567000   85    1
 161697000   86    1
 167243000   87    1
 169842000   88    1
 175674000   89    1
 181762000   90    1
 181437000   91    1
 179827000   92    1
 179019000   93    1
 178382000   94    1
 177086000   95    1
 177344000   96    1
 179285000   97    1
 177407000   98    1
 173588000   99    1
 170357000  100    1
13 #_N_cpue
 #_Fleet Units Errtype
       1     1       0
       2     1       0
       3     1       0
 #_year seas index        obs se_log
     76    1     2 2171313881    0.2
     78    1     2 1330751228    0.2
     80    1     2 2738063721    0.2
     82    1     2 2141425690    0.2
     84    1     2 2440704291    0.2
     86    1     2 1195563125    0.2
     88    1     2 2642379257    0.2
     90    1     2 2221024223    0.2
     92    1     2 2601358072    0.2
     94    1     2 1587751640    0.2
     96    1     2 2217971208    0.2
     98    1     2 3374369999    0.2
    100    1     2 2248445544    0.2
0 #_N_discard_fleets
#_discard_units (1=same_as_catchunits(bio/num); 2=fraction; 3=numbers)
#_discard_errtype:  >0 for DF of T-dist(read CV below); 0 for normal with CV; -1 for normal with se; -2 for lognormal
0 #_N_discard
0 #_N_meanbodywt
1 #_DF_for_meanbodywt_T-distribution_like
2 # length bin method: 1=use databins; 2=generate from binwidth,min,max below; 3=read vector
1 # binwidth for population size comp
10 # minimum size in the population (lower edge of first bin and size at age 0.00)
200 # maximum size in the population (lower edge of last bin)
-0.001 #_comp_tail_compression
1e-05 #_add_to_comp
0 #_combine males into females at or below this bin number
21 #_N_lbins
#_lbin_vector
10 53 70 83 94 101 107 111 114 117 120 123 125 127 130 132 135 138 142 148 200
0 #_N_Length_comp_observations
25 #_N_agebins
#_agebin_vector
1 2 3 4 5 6 7 8 9 10 11 12 13 14 15 16 17 18 19 20 21 22 23 24 25
1 #_N_ageerror_definitions
 #_age0   age1   age2   age3   age4   age5   age6   age7   age8   age9  age10  age11  age12  age13  age14  age15  age16  age17  age18  age19  age20  age21  age22  age23  age24  age25
 -1.000 -1.000 -1.000 -1.000 -1.000 -1.000 -1.000 -1.000 -1.000 -1.000 -1.000 -1.000 -1.000 -1.000 -1.000 -1.000 -1.000 -1.000 -1.000 -1.000 -1.000 -1.000 -1.000 -1.000 -1.000 -1.000
  0.001  0.001  0.001  0.001  0.001  0.001  0.001  0.001  0.001  0.001  0.001  0.001  0.001  0.001  0.001  0.001  0.001  0.001  0.001  0.001  0.001  0.001  0.001  0.001  0.001  0.001
198 #_N_agecomp
1 #_Lbin_method: 1=poplenbins; 2=datalenbins; 3=lengths
-1 #_combine males into females at or below this bin number
 #_Yr Seas FltSvy Gender Part Ageerr Lbin_lo Lbin_hi Nsamp          a1         a2         a3         a4         a5         a6         a7         a8         a9         a10         a11         a12         a13         a14          a15          a16          a17          a18          a19          a20          a21          a22          a23          a24          a25
    2    1      1      0    0      1      -1      -1  1000 0.008021035 0.11751850 0.16592250 0.11697617 0.10208012 0.08093634 0.07370711 0.05396894 0.04325039 0.055376900 0.035112591 0.027164728 0.022920134 0.017279240 0.0135814156 0.0102569321 0.0125308796 0.0039123874 0.0042734094 7.914845e-03 4.621908e-03 5.244944e-03 2.519466e-03 1.448953e-03 0.0134601666
    3    1      1      0    0      1      -1      -1  1000 0.014943316 0.08426184 0.15787855 0.14584521 0.10396931 0.08085098 0.06636109 0.05281821 0.04183601 0.051317524 0.041473943 0.041612592 0.017625221 0.018879279 0.0118159418 0.0096091866 0.0137830684 0.0064652639 0.0077136535 5.072661e-03 3.270624e-03 3.252280e-03 5.326618e-03 1.042966e-03 0.0129746582
    4    1      1      0    0      1      -1      -1  1000 0.008951309 0.11885266 0.12177405 0.15655175 0.10040672 0.09317682 0.07781680 0.05931319 0.04658205 0.042446257 0.029294354 0.024208243 0.023671233 0.018415713 0.0111354978 0.0135072267 0.0115581266 0.0098490149 0.0089537445 7.539860e-03 3.805189e-03 1.580989e-03 2.811675e-03 1.000890e-03 0.0067966329
    5    1      1      0    0      1      -1      -1  1000 0.029471837 0.08131368 0.21687169 0.09669870 0.08996505 0.08750859 0.06393139 0.06938826 0.05332623 0.031579305 0.030679485 0.033299446 0.015320836 0.025950510 0.0147384690 0.0133258214 0.0104620718 0.0054992076 0.0034489664 1.907533e-03 4.314901e-03 1.961602e-03 2.218687e-03 3.028608e-03 0.0137891261
    6    1      1      0    0      1      -1      -1  1000 0.014594253 0.21632626 0.10560282 0.13127154 0.07369923 0.09248688 0.05967516 0.04789066 0.04156051 0.040910015 0.033078733 0.026031728 0.022929195 0.013860458 0.0120384279 0.0109951408 0.0087566910 0.0056444480 0.0072846105 1.165104e-02 4.925558e-03 3.123255e-03 3.397728e-03 1.268908e-03 0.0109967576
    7    1      1      0    0      1      -1      -1  1000 0.006549768 0.12273082 0.29545480 0.07169184 0.12424727 0.04666218 0.05595008 0.04412449 0.05404971 0.025372223 0.026070621 0.017744102 0.017257411 0.022646040 0.0093439188 0.0111696574 0.0107276756 0.0087365035 0.0086344290 3.895821e-03 2.615187e-03 1.888083e-03 8.841244e-04 2.150419e-03 0.0094028135
    8    1      1      0    0      1      -1      -1  1000 0.010439065 0.08336144 0.17233367 0.23446683 0.07177421 0.09090146 0.04394442 0.06184285 0.03385308 0.041097419 0.020120896 0.024083190 0.021194812 0.014609055 0.0073961449 0.0042054602 0.0123718117 0.0039782401 0.0079491349 4.870231e-03 6.837502e-03 6.388691e-03 4.473332e-03 1.255935e-03 0.0162511370
    9    1      1      0    0      1      -1      -1  1000 0.007287284 0.07698329 0.11484138 0.16507395 0.19751440 0.03863859 0.08179850 0.03442372 0.06579094 0.036115599 0.037292216 0.025718776 0.024277231 0.016877087 0.0125974765 0.0134170295 0.0106209720 0.0100697382 0.0052019989 2.645437e-03 3.559141e-03 4.409015e-03 2.732028e-03 2.006802e-03 0.0101073862
   10    1      1      0    0      1      -1      -1  1000 0.012204922 0.09057662 0.09874568 0.11831671 0.13684392 0.18357321 0.03937929 0.06674119 0.02638264 0.041766996 0.036614472 0.024411900 0.031835926 0.013686423 0.0149292475 0.0085954368 0.0101437256 0.0061790387 0.0058781619 4.050850e-03 7.114136e-03 4.632978e-03 1.698176e-03 2.593011e-03 0.0131053396
   11    1      1      0    0      1      -1      -1  1000 0.019796072 0.09787128 0.12326037 0.08997675 0.08148238 0.11227833 0.15650779 0.04216673 0.05198272 0.024960262 0.039965907 0.031451347 0.024664549 0.011894799 0.0147348460 0.0169680820 0.0110968512 0.0061450559 0.0070021292 4.844956e-03 4.232810e-03 6.715178e-03 2.363375e-03 3.027819e-03 0.0146096138
   12    1      1      0    0      1      -1      -1  1000 0.033227975 0.13405331 0.11847510 0.11834829 0.06689318 0.06679653 0.09230845 0.13645098 0.02389082 0.041232564 0.016799211 0.030757545 0.021141784 0.015369298 0.0234615451 0.0075212874 0.0163475787 0.0104821207 0.0065823694 1.970937e-03 1.957363e-03 5.109791e-03 2.231175e-03 3.496877e-04 0.0082411072
   13    1      1      0    0      1      -1      -1  1000 0.006113138 0.21745355 0.15651598 0.09255705 0.07476697 0.05431690 0.06052019 0.06693534 0.08413645 0.020220005 0.034008999 0.026185068 0.016348043 0.019839087 0.0096656899 0.0061143395 0.0097194239 0.0112972053 0.0062969053 5.000670e-03 4.572586e-03 3.973231e-03 4.195162e-04 2.111637e-03 0.0109120355
   14    1      1      0    0      1      -1      -1  1000 0.007626139 0.07457268 0.28236738 0.15102141 0.06316011 0.06456703 0.04531054 0.04496956 0.04731066 0.065575276 0.015883408 0.029345666 0.015291640 0.022889338 0.0107788339 0.0104201373 0.0142300249 0.0069042730 0.0060078611 4.341321e-03 3.219635e-03 1.090242e-03 4.076072e-03 1.830660e-03 0.0072100944
   15    1      1      0    0      1      -1      -1  1000 0.004283042 0.07064864 0.11458833 0.25401411 0.11628527 0.05242838 0.04349115 0.04821233 0.04165958 0.054667843 0.056761990 0.015955896 0.032506218 0.015616219 0.0098331774 0.0129158940 0.0130419461 0.0112291814 0.0083738298 3.715826e-03 3.915364e-03 2.424249e-03 2.097456e-03 1.921463e-03 0.0094126114
   16    1      1      0    0      1      -1      -1  1000 0.004023894 0.08021406 0.11458567 0.10070791 0.22691184 0.10716665 0.05541005 0.04665535 0.02857600 0.039125903 0.039921809 0.050408825 0.010960902 0.015252844 0.0110937243 0.0113279222 0.0124535682 0.0054580746 0.0051854514 7.715721e-03 3.720541e-03 2.023091e-03 4.932167e-03 9.691357e-04 0.0151988979
   17    1      1      0    0      1      -1      -1  1000 0.015810049 0.09545939 0.13366902 0.09768347 0.08509633 0.17190664 0.09698317 0.04446973 0.05017863 0.028678423 0.025115713 0.036572572 0.034155894 0.008961610 0.0223642575 0.0067878579 0.0026971202 0.0070941170 0.0084931638 3.736344e-03 4.093457e-03 3.789912e-03 4.075733e-03 1.670627e-03 0.0104567643
   18    1      1      0    0      1      -1      -1  1000 0.003748412 0.13342423 0.10493977 0.09484680 0.10043127 0.06538325 0.15141234 0.06410386 0.03942802 0.032831520 0.030438786 0.019825321 0.034920706 0.031206314 0.0106754254 0.0193283509 0.0053362342 0.0099279770 0.0044638212 8.818060e-03 4.955216e-03 3.919396e-03 5.413874e-03 8.771853e-04 0.0193438720
   19    1      1      0    0      1      -1      -1  1000 0.009849873 0.05074153 0.18290202 0.08494801 0.09521671 0.07791691 0.05993885 0.13972735 0.05855418 0.038498100 0.029619908 0.020769230 0.025057237 0.020506371 0.0373479095 0.0085062609 0.0081056504 0.0085333473 0.0057864336 6.215003e-03 7.095076e-03 1.774663e-03 2.931509e-03 2.048281e-03 0.0174095935
   20    1      1      0    0      1      -1      -1  1000 0.026461458 0.10460987 0.06170379 0.16523303 0.06658365 0.07688680 0.06258094 0.05446476 0.12297748 0.053179702 0.033867465 0.022735100 0.014640243 0.024260957 0.0173620214 0.0278457891 0.0111118750 0.0161862218 0.0034972881 4.162324e-03 3.650812e-03 6.328976e-03 3.674911e-03 1.667136e-03 0.0143274065
   21    1      1      0    0      1      -1      -1  1000 0.006608286 0.23611116 0.11368065 0.04318202 0.12616890 0.05243922 0.05382840 0.05751836 0.03872335 0.081313052 0.033790926 0.026084667 0.017450016 0.013963576 0.0147296462 0.0131230573 0.0200014669 0.0068274399 0.0101756131 6.395525e-03 1.991491e-03 5.160892e-03 3.469506e-03 6.783801e-03 0.0104789815
   22    1      1      0    0      1      -1      -1  1000 0.008895642 0.06207803 0.29874623 0.08982918 0.02849907 0.09482824 0.04404682 0.04459497 0.03723844 0.029628132 0.077631730 0.038606357 0.020066813 0.017040064 0.0105604934 0.0127043309 0.0123786873 0.0164500356 0.0022777629 1.069659e-02 5.266622e-03 7.888742e-03 4.538494e-03 7.800187e-03 0.0177083293
   23    1      1      0    0      1      -1      -1  1000 0.014826191 0.06161533 0.09992597 0.29858943 0.07968655 0.02262311 0.07300752 0.04046679 0.04030293 0.028039594 0.030406364 0.061599734 0.035825628 0.014840290 0.0209068649 0.0089655567 0.0103259816 0.0152848518 0.0168724988 1.921144e-03 6.318462e-03 1.793593e-03 2.403859e-03 1.740244e-03 0.0117115057
   24    1      1      0    0      1      -1      -1  1000 0.010397271 0.17917977 0.07416293 0.08190398 0.23866537 0.06781038 0.02735885 0.06046963 0.03691692 0.027099854 0.026502555 0.017341412 0.051311943 0.020122258 0.0127422388 0.0055945253 0.0046705844 0.0075182132 0.0146111030 1.570182e-02 3.220340e-03 3.112795e-03 2.523068e-03 6.535778e-04 0.0104086003
   25    1      1      0    0      1      -1      -1  1000 0.014165560 0.11507245 0.22556436 0.05452650 0.06837130 0.18572808 0.04194333 0.02052072 0.04420998 0.030803537 0.026731608 0.021011182 0.017796716 0.040381891 0.0211734971 0.0162471836 0.0066440294 0.0056115113 0.0099158222 7.147604e-03 9.589009e-03 7.293622e-04 2.554791e-03 2.048450e-03 0.0115115299
   26    1      1      0    0      1      -1      -1  1000 0.012306167 0.14064018 0.15201235 0.19490621 0.05228121 0.05732018 0.14209793 0.03996586 0.01885517 0.036661845 0.016719500 0.016149512 0.012326341 0.008048800 0.0375428526 0.0118557305 0.0066640485 0.0048242342 0.0048296512 7.061920e-03 1.968835e-03 6.063507e-03 7.963275e-04 1.749949e-03 0.0163517007
   27    1      1      0    0      1      -1      -1  1000 0.023255206 0.08413648 0.18710238 0.10414588 0.17404117 0.03777105 0.04408392 0.12308613 0.03414143 0.007527443 0.044507889 0.017741711 0.018243860 0.019677360 0.0112610548 0.0163568033 0.0165193520 0.0054199247 0.0033694402 2.873495e-03 4.834887e-03 5.928393e-03 5.934821e-03 1.598815e-03 0.0064411056
   28    1      1      0    0      1      -1      -1  1000 0.028302855 0.18331428 0.11105572 0.14818277 0.07429028 0.11216382 0.03416947 0.02636947 0.09954535 0.027178730 0.009234093 0.033650186 0.015521752 0.012534897 0.0080279067 0.0078947075 0.0204425711 0.0083444639 0.0049483628 4.424596e-03 4.004834e-03 3.131085e-03 2.649218e-03 9.152825e-03 0.0114657551
   29    1      1      0    0      1      -1      -1  1000 0.019372145 0.19579630 0.22093626 0.05608226 0.09451467 0.07044128 0.10008780 0.02165435 0.02082325 0.064701154 0.018531863 0.005846187 0.024980445 0.007584636 0.0154307654 0.0093985774 0.0049323085 0.0153513884 0.0067541571 5.908305e-03 2.770049e-03 7.243492e-04 3.199614e-03 4.026137e-03 0.0101517531
   30    1      1      0    0      1      -1      -1  1000 0.009718821 0.16014942 0.26366645 0.17417714 0.04197460 0.07109939 0.04074023 0.06280705 0.02464073 0.018111713 0.045788026 0.009795554 0.003452754 0.014762804 0.0120985381 0.0053422293 0.0059779894 0.0035480670 0.0074432799 4.329324e-03 2.152812e-03 3.808595e-03 7.914140e-04 3.229805e-03 0.0103932705
   31    1      1      0    0      1      -1      -1  1000 0.032316980 0.13502898 0.15731738 0.20594599 0.12581360 0.03365678 0.05644340 0.04707156 0.06258358 0.013013400 0.020797171 0.036445571 0.011780359 0.002938534 0.0120592855 0.0066318782 0.0042590999 0.0039621491 0.0059906986 9.529565e-03 8.071505e-03 8.846295e-04 7.940310e-04 2.956782e-04 0.0063682062
   32    1      1      0    0      1      -1      -1  1000 0.023631656 0.24988649 0.14590491 0.12647174 0.12947150 0.08959753 0.02256520 0.04037005 0.03185752 0.032237867 0.015784145 0.006546493 0.031427462 0.012052984 0.0035893884 0.0066884870 0.0065141316 0.0043795359 0.0023525591 1.047336e-03 9.722923e-03 2.930612e-03 4.718103e-04 9.724729e-04 0.0035251814
   33    1      1      0    0      1      -1      -1  1000 0.007324137 0.22134741 0.27212747 0.09695011 0.08421498 0.09029192 0.05410627 0.01528304 0.02881976 0.021049030 0.025584669 0.011651709 0.008156480 0.024542359 0.0062840884 0.0004004946 0.0079378388 0.0023684285 0.0048616373 2.182430e-03 9.987789e-04 3.786781e-03 2.836121e-03 2.791076e-03 0.0041029718
   34    1      1      0    0      1      -1      -1  1000 0.012061300 0.06688084 0.30332117 0.21211337 0.07287153 0.06881172 0.07106113 0.05615931 0.01281624 0.019721694 0.019818127 0.030112129 0.008059357 0.002433702 0.0181480229 0.0024626787 0.0016499948 0.0029721245 0.0016323154 2.623364e-03 3.437500e-03 4.210651e-03 2.967361e-03 1.942753e-04 0.0034600914
   35    1      1      0    0      1      -1      -1  1000 0.006056894 0.09984674 0.08032207 0.25938479 0.19189740 0.06025052 0.04822256 0.07934252 0.04858244 0.013674383 0.024360404 0.020194984 0.023794286 0.002922554 0.0051649870 0.0119955612 0.0046541124 0.0036399476 0.0042093743 1.212691e-03 1.771034e-03 6.772043e-04 9.115495e-04 2.364450e-03 0.0045465401
   36    1      1      0    0      1      -1      -1  1000 0.023587217 0.07578809 0.14555153 0.08304917 0.21638044 0.14136444 0.05696984 0.04980013 0.07033281 0.029454808 0.020166267 0.017849179 0.010503210 0.014699886 0.0034385797 0.0044247751 0.0171044701 0.0035118806 0.0014719857 2.800293e-03 5.705581e-03 4.913491e-04 6.437523e-04 1.882547e-04 0.0047220554
   37    1      1      0    0      1      -1      -1  1000 0.019085719 0.17106910 0.10654335 0.10891550 0.06843459 0.15972995 0.12168237 0.03353061 0.04030515 0.052911351 0.036908416 0.006822068 0.009576916 0.009877333 0.0170349895 0.0074456979 0.0033187011 0.0052813974 0.0019760440 7.242986e-04 1.840163e-03 2.721453e-04 2.307128e-03 2.781326e-03 0.0116256750
   38    1      1      0    0      1      -1      -1  1000 0.016610064 0.17049273 0.21302745 0.08156715 0.07026501 0.04836967 0.11756764 0.10674032 0.02415537 0.031863244 0.039670528 0.023472222 0.008488481 0.006722566 0.0080777838 0.0122320229 0.0019186492 0.0003991473 0.0063159163 8.016745e-04 9.287193e-04 2.067803e-03 1.326771e-03 6.531413e-04 0.0062659261
   39    1      1      0    0      1      -1      -1  1000 0.017174136 0.14445833 0.23775743 0.16755653 0.05690766 0.06575737 0.03542277 0.09844312 0.05681287 0.020094226 0.018763446 0.022830629 0.015004750 0.002263267 0.0066254808 0.0071408053 0.0059679615 0.0033424541 0.0028065132 7.951034e-03 2.394152e-03 3.503164e-04 6.926004e-04 5.358484e-04 0.0029463010
   40    1      1      0    0      1      -1      -1  1000 0.013796625 0.18622148 0.18390218 0.20206698 0.12458879 0.02996186 0.04157272 0.02543944 0.07077374 0.039597767 0.017399041 0.018024755 0.023277436 0.005158152 0.0009258592 0.0023063135 0.0019378009 0.0027126898 0.0005971117 9.406509e-04 3.265018e-03 9.481448e-04 4.979285e-05 1.733561e-04 0.0043623202
   41    1      1      0    0      1      -1      -1  1000 0.008256499 0.09587052 0.22271516 0.14803594 0.13652289 0.09175202 0.03870953 0.04548510 0.02269874 0.066187865 0.033570765 0.017450475 0.014170020 0.021144770 0.0097737520 0.0020911368 0.0034813199 0.0040411364 0.0022127597 2.677162e-04 1.451268e-04 6.339893e-03 2.528194e-03 3.533921e-04 0.0061952788
   42    1      1      0    0      1      -1      -1  1000 0.012981708 0.12191459 0.14263251 0.16985663 0.10828600 0.13450973 0.09411831 0.03183762 0.03341233 0.016690152 0.037062744 0.032441262 0.016931964 0.008706661 0.0120386669 0.0054746310 0.0026782421 0.0048443410 0.0017336170 2.294635e-03 3.733913e-04 6.038439e-04 1.638576e-03 1.086442e-03 0.0058514002
   43    1      1      0    0      1      -1      -1  1000 0.025272178 0.09504564 0.15080129 0.11847977 0.13870167 0.08232438 0.09687007 0.08566877 0.03462845 0.030729293 0.014270473 0.044575117 0.036403414 0.006175700 0.0074256402 0.0095102146 0.0121307068 0.0002873533 0.0024590718 1.503257e-03 5.249732e-04 2.915619e-04 6.950022e-05 8.743720e-04 0.0049771378
   44    1      1      0    0      1      -1      -1  1000 0.022602464 0.18021002 0.13768060 0.09532684 0.09506782 0.10735387 0.08470971 0.07609416 0.05032548 0.019542781 0.018710701 0.009406468 0.043215015 0.025821644 0.0052976234 0.0090890251 0.0056210451 0.0027936002 0.0018147239 2.935139e-03 2.768225e-04 1.650696e-03 1.201205e-03 2.062883e-04 0.0030462624
   45    1      1      0    0      1      -1      -1  1000 0.007030199 0.14975204 0.25157628 0.12748873 0.08003264 0.04938987 0.07652597 0.04855146 0.06413138 0.041047629 0.015854335 0.015352803 0.009133935 0.023471090 0.0173411177 0.0024917258 0.0024039626 0.0086255266 0.0027956520 1.186986e-03 1.838456e-03 4.539147e-04 1.184272e-03 3.827857e-04 0.0019572437
   46    1      1      0    0      1      -1      -1  1000 0.010384458 0.13384465 0.20239128 0.19954147 0.07204492 0.06436010 0.05754372 0.06911273 0.03921446 0.036998100 0.027654309 0.010161050 0.013130331 0.006972730 0.0175404280 0.0148152525 0.0059862835 0.0056874680 0.0029240126 1.317670e-03 2.765530e-04 2.056616e-03 1.382208e-03 4.993164e-04 0.0041598820
   47    1      1      0    0      1      -1      -1  1000 0.039943777 0.10797747 0.14956982 0.18156090 0.16955027 0.06900814 0.04171138 0.03614188 0.03987750 0.027949547 0.039616358 0.025736514 0.009384713 0.008002100 0.0032243841 0.0170384139 0.0116072556 0.0073588302 0.0019511726 3.981744e-03 3.096922e-03 2.723964e-05 3.663547e-05 1.182145e-03 0.0044649004
   48    1      1      0    0      1      -1      -1  1000 0.013632575 0.28698085 0.13633217 0.13189539 0.09616380 0.10559757 0.04317108 0.03372681 0.02130907 0.028228885 0.023287664 0.019568310 0.016463891 0.006943203 0.0040074979 0.0012682848 0.0086609817 0.0096210324 0.0042356536 1.604678e-03 3.227068e-03 1.684778e-03 4.820285e-05 3.780086e-04 0.0019625507
   49    1      1      0    0      1      -1      -1  1000 0.018223056 0.08207245 0.33210138 0.08566204 0.09552818 0.09877752 0.07609788 0.03893809 0.02934313 0.019998883 0.029229087 0.013451957 0.020870070 0.015598347 0.0062448945 0.0046215736 0.0029913630 0.0058594455 0.0113392142 1.111997e-03 2.330929e-04 4.610022e-03 2.917158e-03 2.514248e-04 0.0039277494
   50    1      1      0    0      1      -1      -1  1000 0.008245350 0.22196512 0.09366090 0.25264843 0.07143673 0.06974492 0.07261239 0.06839678 0.01827003 0.018691563 0.013280866 0.022237513 0.017313601 0.021609457 0.0077416066 0.0025726894 0.0030880805 0.0014439499 0.0047201475 2.824911e-03 1.338752e-03 3.188707e-03 1.840328e-03 1.193555e-04 0.0010078306
   51    1      1      0    0      1      -1      -1  1000 0.037949857 0.09493477 0.22916000 0.07961227 0.18474717 0.07894817 0.05356424 0.05298245 0.05378813 0.020891035 0.015860860 0.011240156 0.024508073 0.012075587 0.0141526742 0.0121408120 0.0035138626 0.0033276901 0.0007888782 9.267555e-03 1.051295e-03 1.804256e-03 2.247319e-04 9.726207e-04 0.0024928683
   52    1      1      0    0      1      -1      -1  1000 0.015531795 0.26840098 0.11206391 0.15596857 0.07209022 0.14953522 0.04256689 0.03609764 0.04198870 0.037066893 0.018069617 0.004792441 0.007721250 0.008209724 0.0080138751 0.0056767082 0.0058646152 0.0019363492 0.0003660419 1.610067e-03 8.323647e-04 9.943633e-04 1.403147e-03 1.888515e-04 0.0030097603
   53    1      1      0    0      1      -1      -1  1000 0.007170767 0.12397995 0.33281907 0.06740009 0.12515090 0.04693748 0.11880805 0.03305613 0.04029828 0.023794255 0.022621684 0.019179558 0.003561460 0.006891682 0.0053038145 0.0021142122 0.0046182838 0.0019819583 0.0005712142 3.264172e-03 1.087963e-03 3.066822e-03 1.555078e-03 2.011107e-03 0.0027560152
   54    1      1      0    0      1      -1      -1  1000 0.028644792 0.09855743 0.19133575 0.22440898 0.08614618 0.08867200 0.03457552 0.09078666 0.03259767 0.016415446 0.025405541 0.029069448 0.004059845 0.010808226 0.0043990558 0.0066483188 0.0078614016 0.0083431926 0.0022432744 1.294187e-03 2.466670e-03 5.734071e-04 2.127883e-03 6.500175e-04 0.0019090885
   55    1      1      0    0      1      -1      -1  1000 0.023243749 0.19468894 0.13191541 0.13973091 0.20461230 0.05642953 0.07895262 0.02098478 0.06904460 0.015660455 0.013179330 0.013928388 0.012128796 0.003561989 0.0016924375 0.0033761573 0.0032654898 0.0021719638 0.0020702163 2.180993e-03 5.381141e-04 6.221532e-04 2.289016e-03 1.070996e-03 0.0026606740
   56    1      1      0    0      1      -1      -1  1000 0.010562962 0.18710118 0.25366047 0.10780904 0.08424838 0.12580283 0.03294107 0.05499791 0.01214159 0.050884135 0.019066896 0.014551578 0.013587354 0.010762683 0.0049715368 0.0023427942 0.0045286710 0.0041272714 0.0012689226 1.362514e-03 1.560793e-03 3.501764e-04 1.117282e-04 5.687240e-12 0.0012575052
   57    1      1      0    0      1      -1      -1  1000 0.007483821 0.11021099 0.24003906 0.19775201 0.07565264 0.07551281 0.11106129 0.03631253 0.04065075 0.011713767 0.029947957 0.008240432 0.006620848 0.012027591 0.0149831952 0.0007712892 0.0019431433 0.0029870657 0.0056048522 7.384258e-03 1.268714e-03 1.154707e-04 2.255432e-04 3.588796e-04 0.0011311043
   58    1      1      0    0      1      -1      -1  1000 0.016878046 0.08826520 0.14026709 0.20465581 0.17504073 0.07163077 0.06161392 0.08897444 0.02289606 0.035571281 0.014535777 0.028401148 0.009514033 0.004286690 0.0136390667 0.0097264805 0.0019537249 0.0007910907 0.0037854223 1.758873e-03 3.592347e-04 6.842150e-04 2.130666e-03 5.222342e-04 0.0021179909
   59    1      1      0    0      1      -1      -1  1000 0.022618714 0.19287379 0.13264407 0.11594266 0.13920466 0.11841228 0.04384794 0.04372483 0.06665142 0.031765649 0.018276587 0.011558524 0.016414600 0.007415362 0.0062351206 0.0071440915 0.0131089019 0.0010375967 0.0019127985 2.321175e-04 1.854748e-03 8.582044e-04 8.840558e-04 1.657945e-03 0.0037233309
   60    1      1      0    0      1      -1      -1  1000 0.014660945 0.19233701 0.21023205 0.10030209 0.09442564 0.10559061 0.08460049 0.03663101 0.03286839 0.043727820 0.017478987 0.018330540 0.005599387 0.016532414 0.0013370532 0.0040602168 0.0052727376 0.0004031349 0.0009101253 2.048392e-03 2.244437e-04 2.311462e-03 3.295583e-03 6.105163e-03 0.0007143108
   61    1      1      0    0      1      -1      -1  1000 0.010867127 0.12368316 0.24888399 0.17356172 0.08688506 0.06515625 0.09569778 0.05178864 0.01777931 0.026263440 0.035227739 0.012326472 0.017887844 0.002197065 0.0101244486 0.0016758676 0.0007331712 0.0062147647 0.0040124654 9.305653e-04 5.145597e-03 3.244794e-04 1.008750e-03 6.662398e-04 0.0009580604
   62    1      1      0    0      1      -1      -1  1000 0.012396395 0.08824836 0.18015342 0.19956165 0.14103347 0.06652011 0.06242488 0.06706090 0.05202327 0.020401456 0.019636551 0.029376031 0.007343237 0.019114163 0.0022192106 0.0142696054 0.0013417563 0.0027516319 0.0033725158 1.501761e-03 5.683580e-04 6.197520e-05 4.140176e-04 4.336718e-04 0.0077716132
   63    1      1      0    0      1      -1      -1  1000 0.031617757 0.13631335 0.14389781 0.14588003 0.14811438 0.11368537 0.04667091 0.03260758 0.04668325 0.053719908 0.016357405 0.014361781 0.023742425 0.011059010 0.0098213924 0.0045133540 0.0056201627 0.0019314343 0.0045237216 3.650749e-03 5.028742e-04 5.966284e-04 1.221569e-05 3.569814e-04 0.0037595217
   64    1      1      0    0      1      -1      -1  1000 0.027129230 0.25446850 0.17289740 0.09536586 0.10547347 0.09916981 0.06801012 0.02468244 0.02277050 0.037702728 0.022214606 0.005647226 0.012673159 0.021447937 0.0039167369 0.0089004087 0.0028095891 0.0090047266 0.0007996301 1.087858e-03 6.153399e-04 1.807002e-03 7.701306e-04 2.193805e-06 0.0006333876
   65    1      1      0    0      1      -1      -1  1000 0.006327655 0.20745291 0.28604925 0.11590068 0.06516415 0.06159796 0.06822484 0.04223613 0.02680046 0.026716814 0.031621742 0.025624679 0.003896919 0.005127595 0.0098633498 0.0022073828 0.0035317069 0.0004869216 0.0069389283 3.168902e-05 2.119078e-04 1.006294e-03 1.001951e-04 1.839595e-06 0.0028780017
   66    1      1      0    0      1      -1      -1  1000 0.019557075 0.08763998 0.27844710 0.26259135 0.08556315 0.05031401 0.04686712 0.05143400 0.03152911 0.011025476 0.013567866 0.016669071 0.012650597 0.005954350 0.0114636390 0.0058708055 0.0010390357 0.0018000945 0.0003552524 1.568259e-03 1.094153e-03 4.839481e-04 4.953809e-04 6.486036e-06 0.0020126897
   67    1      1      0    0      1      -1      -1  1000 0.013148184 0.21248103 0.11098135 0.18376441 0.18274866 0.07208237 0.03548491 0.03113110 0.04403866 0.028529597 0.014407352 0.014603496 0.014959961 0.018421233 0.0029004948 0.0030147038 0.0112053983 0.0016692981 0.0005182048 5.441701e-05 2.106134e-03 6.653485e-04 3.206690e-04 3.899223e-04 0.0003730845
   68    1      1      0    0      1      -1      -1  1000 0.012358237 0.15123047 0.27371834 0.10878263 0.13763826 0.12314227 0.03963607 0.02081441 0.02706106 0.027666399 0.015444366 0.008582380 0.008573496 0.008859719 0.0110653273 0.0027008627 0.0036472573 0.0052176644 0.0003169076 4.436571e-03 8.184735e-04 5.477354e-03 2.701673e-06 3.652614e-04 0.0024435191
   69    1      1      0    0      1      -1      -1  1000 0.030133865 0.09982100 0.19887813 0.21929661 0.07441079 0.11140755 0.08647242 0.03962781 0.01993749 0.039055886 0.021806160 0.016466570 0.003771474 0.006153012 0.0043708146 0.0105270862 0.0018633886 0.0039732072 0.0043371830 7.879759e-04 2.352731e-03 9.883372e-06 1.213500e-03 2.506416e-05 0.0033004043
   70    1      1      0    0      1      -1      -1  1000 0.012244042 0.26695716 0.08606103 0.11876981 0.14208571 0.05563233 0.08970133 0.08651974 0.02450390 0.016049814 0.029753049 0.023691162 0.012022015 0.011907368 0.0065134744 0.0042844382 0.0037778603 0.0009590987 0.0007489508 3.060298e-03 1.397914e-04 1.164220e-03 2.946270e-05 4.975111e-04 0.0029264284
   71    1      1      0    0      1      -1      -1  1000 0.007857365 0.12613247 0.31390530 0.08620017 0.10612333 0.11171213 0.04945690 0.05345319 0.05404594 0.025698192 0.012031146 0.007421295 0.013776519 0.004930298 0.0054714558 0.0015743638 0.0064729420 0.0010384204 0.0062542228 1.301239e-03 2.717485e-03 2.012136e-04 1.149798e-03 8.286440e-04 0.0002459728
   72    1      1      0    0      1      -1      -1  1000 0.010462803 0.10213026 0.16505519 0.28750835 0.05410890 0.07019018 0.09551051 0.03476485 0.06073731 0.041967619 0.020939696 0.012299086 0.011139710 0.006828301 0.0052859827 0.0045699016 0.0032473072 0.0024534236 0.0052666379 1.872782e-03 4.140776e-04 8.040773e-04 1.305630e-04 1.546338e-04 0.0021578441
   73    1      1      0    0      1      -1      -1  1000 0.019642992 0.10664972 0.13684104 0.12684569 0.22467397 0.05570228 0.06325563 0.08106366 0.02624860 0.045736575 0.039786000 0.014819638 0.013552241 0.010045203 0.0068250634 0.0130661433 0.0038395438 0.0040855818 0.0009686635 3.435960e-03 2.779877e-04 8.286443e-04 8.700723e-04 9.017529e-05 0.0008489271
   74    1      1      0    0      1      -1      -1  1000 0.011654151 0.17363526 0.14228855 0.09405457 0.10231453 0.18805399 0.04356262 0.04570931 0.05905822 0.027248043 0.034415238 0.035873672 0.006138609 0.004455960 0.0066737018 0.0054867036 0.0070647674 0.0006470891 0.0011023281 3.097378e-03 3.128839e-03 2.911957e-04 4.445342e-04 5.824671e-04 0.0030182742
   75    1      1      0    0      1      -1      -1  1000 0.011176351 0.08217361 0.23800960 0.12256074 0.10538000 0.08961576 0.13777446 0.04008132 0.03210230 0.047880392 0.014599289 0.023545631 0.028474343 0.007403025 0.0048024769 0.0017803523 0.0042995845 0.0022813901 0.0004887770 3.677342e-05 2.302450e-03 6.410385e-04 8.263752e-04 2.388491e-05 0.0017400901
   76    1      1      0    0      1      -1      -1  1000 0.019915576 0.12608342 0.12142959 0.16402340 0.09601084 0.08060436 0.06974869 0.11468622 0.03125374 0.037627088 0.046467978 0.011270414 0.021593677 0.021105891 0.0069615984 0.0027816850 0.0054898490 0.0089136488 0.0048869033 5.957998e-04 3.245721e-04 3.172784e-03 6.686359e-04 5.364286e-05 0.0043299870
   77    1      1      0    0      1      -1      -1  1000 0.034517385 0.20057741 0.15699137 0.08847806 0.12306835 0.05396882 0.04813971 0.04773410 0.08804155 0.034437787 0.027793230 0.033639631 0.006313432 0.013435533 0.0183036339 0.0036326176 0.0026572086 0.0034650813 0.0021626412 5.124616e-03 6.102990e-04 1.174362e-03 7.232891e-04 7.046247e-04 0.0043052654
   78    1      1      0    0      1      -1      -1  1000 0.011045143 0.23372974 0.22712543 0.11492700 0.05923255 0.09353315 0.05449907 0.02390873 0.03282879 0.053800982 0.010170904 0.018620208 0.019059677 0.009443873 0.0045637621 0.0172398656 0.0029127339 0.0019280207 0.0027196751 1.355578e-03 2.463215e-03 6.767038e-05 1.158293e-03 2.916901e-03 0.0007490283
   79    1      1      0    0      1      -1      -1  1000 0.013805199 0.13949090 0.32225311 0.13971902 0.08590217 0.04789865 0.06926587 0.03748848 0.01684537 0.020958514 0.038789380 0.013421518 0.009736736 0.011197969 0.0038307473 0.0094843748 0.0074271698 0.0031194669 0.0021126889 3.845330e-03 1.511091e-03 7.413573e-04 4.914537e-05 2.174147e-04 0.0008883217
   80    1      1      0    0      1      -1      -1  1000 0.015794684 0.14622512 0.18549874 0.22626499 0.11416471 0.06522387 0.04249610 0.04356936 0.03510361 0.018858754 0.022562403 0.025244707 0.008704997 0.010259970 0.0121663295 0.0040077570 0.0059834323 0.0075407504 0.0018205226 1.281236e-03 1.870867e-04 4.090123e-04 2.396389e-03 8.604284e-04 0.0033750531
   81    1      1      0    0      1      -1      -1  1000 0.013775238 0.16829649 0.16601375 0.12486008 0.19562285 0.09543351 0.04784103 0.03107432 0.03250862 0.024020613 0.020453586 0.015028576 0.029380646 0.008780903 0.0064218331 0.0051866792 0.0044458384 0.0028967908 0.0044475613 7.952050e-04 4.557790e-04 2.009009e-04 4.323647e-04 4.834779e-04 0.0011433534
   82    1      1      0    0      1      -1      -1  1000 0.018127473 0.14569760 0.18692307 0.12219069 0.11550975 0.14010987 0.07143187 0.04447324 0.02444451 0.028456454 0.016307513 0.016533791 0.012332808 0.019045124 0.0032056455 0.0071101270 0.0110426242 0.0016514507 0.0042129069 5.000572e-03 3.465756e-03 2.341381e-05 6.655073e-04 4.241014e-04 0.0016141459
   83    1      1      0    0      1      -1      -1  1000 0.015122253 0.16368690 0.19125138 0.13573179 0.09955889 0.07312617 0.12979228 0.04923919 0.01989966 0.019382393 0.026034142 0.020547601 0.010418143 0.007200291 0.0158511711 0.0026935327 0.0028881289 0.0090415130 0.0003370046 1.940303e-03 3.103177e-03 5.752461e-05 9.762367e-05 8.796239e-05 0.0029109723
   84    1      1      0    0      1      -1      -1  1000 0.029399185 0.13673704 0.19262463 0.16519080 0.09885838 0.07670917 0.06391654 0.08297325 0.04112703 0.026664059 0.021696367 0.014979502 0.008992431 0.006390376 0.0127981857 0.0081057147 0.0032632482 0.0015072321 0.0035977206 1.018985e-04 4.494159e-04 1.801172e-03 2.692714e-04 1.001840e-03 0.0008455450
   85    1      1      0    0      1      -1      -1  1000 0.024113743 0.20826386 0.18530686 0.14604702 0.11274545 0.07078641 0.04229851 0.04384144 0.06642553 0.028712894 0.015901753 0.005537596 0.015180344 0.004021649 0.0069927490 0.0036314818 0.0055220744 0.0022091992 0.0020343763 3.371001e-03 2.609572e-03 8.738153e-04 7.305066e-04 2.027239e-05 0.0028219003
   86    1      1      0    0      1      -1      -1  1000 0.013074592 0.21797446 0.22757826 0.10833340 0.08777322 0.08501032 0.05840465 0.04438019 0.03030399 0.049851438 0.025001013 0.013718430 0.007032758 0.011692406 0.0030586369 0.0008379226 0.0009381910 0.0078862475 0.0029477381 1.131477e-03 4.594618e-04 3.968993e-04 4.078142e-04 2.205360e-04 0.0015859422
   87    1      1      0    0      1      -1      -1  1000 0.018567758 0.12166104 0.29036033 0.16160503 0.08841762 0.06397903 0.05880900 0.04337377 0.03128268 0.023956732 0.042028046 0.020667283 0.006593419 0.004992908 0.0080807462 0.0011711403 0.0028209118 0.0006404425 0.0047049494 7.726853e-04 8.725483e-05 2.374648e-03 1.093293e-03 3.984760e-04 0.0015608100
   88    1      1      0    0      1      -1      -1  1000 0.024362992 0.16703347 0.13409082 0.23109353 0.14276500 0.05804710 0.05055914 0.05085939 0.02693460 0.018847433 0.016165153 0.020411588 0.017155789 0.004279247 0.0056195646 0.0068579950 0.0074521693 0.0019127790 0.0012208121 6.681424e-03 1.590086e-03 4.501346e-03 2.724014e-04 2.290593e-04 0.0010570971
   89    1      1      0    0      1      -1      -1  1000 0.013576512 0.23401099 0.18687242 0.09426732 0.15617180 0.08326707 0.04721027 0.04077628 0.03509129 0.025918783 0.016462852 0.010979626 0.022975759 0.008530150 0.0050047461 0.0014123531 0.0018912139 0.0026434133 0.0019102446 2.421224e-03 3.352284e-03 4.759546e-04 4.125366e-04 4.272656e-04 0.0039376445
   90    1      1      0    0      1      -1      -1  1000 0.018942460 0.10527591 0.30394735 0.14530406 0.06675226 0.13094716 0.06996525 0.03563973 0.02887002 0.022756436 0.020579416 0.012578014 0.014264270 0.009625398 0.0050435386 0.0010475680 0.0033083577 0.0007677932 0.0005224919 8.776745e-04 2.440016e-04 1.928112e-03 7.780762e-07 3.354314e-05 0.0007783989
   91    1      1      0    0      1      -1      -1  1000 0.011073116 0.10845200 0.11481421 0.27511865 0.11528671 0.06085435 0.10775246 0.05733167 0.03382673 0.022310634 0.018777912 0.014724302 0.014600394 0.005811129 0.0202625593 0.0057609512 0.0010428733 0.0022555224 0.0045783510 4.332803e-04 7.086423e-07 7.388597e-04 2.485997e-04 5.452779e-04 0.0033987498
   92    1      1      0    0      1      -1      -1  1000 0.023658948 0.19067818 0.15150773 0.08215855 0.17865038 0.10761277 0.04404273 0.07810327 0.04320399 0.018142827 0.016700695 0.020744145 0.012646074 0.004562124 0.0101915104 0.0073672725 0.0044408280 0.0007607438 0.0007309633 4.869868e-04 1.813112e-03 4.567150e-04 7.826609e-05 5.625057e-04 0.0006986914
   93    1      1      0    0      1      -1      -1  1000 0.016281332 0.16401143 0.20549438 0.10429751 0.07607208 0.15417496 0.06863365 0.02945894 0.06957001 0.026644981 0.016734080 0.015833376 0.012793012 0.008893185 0.0065952580 0.0064987684 0.0096064510 0.0032135262 0.0011179989 4.675465e-04 1.028108e-03 1.159535e-03 1.931258e-04 1.723393e-04 0.0010544163
   94    1      1      0    0      1      -1      -1  1000 0.020862125 0.16101586 0.18973651 0.16578966 0.07583134 0.04862329 0.10605054 0.04892777 0.02206603 0.060761178 0.024549779 0.014138782 0.014188024 0.009244812 0.0050159101 0.0090340790 0.0047697145 0.0036740326 0.0035209494 4.450523e-04 5.730712e-03 5.654787e-04 7.635603e-04 2.134615e-05 0.0046734541
   95    1      1      0    0      1      -1      -1  1000 0.028182494 0.16116778 0.19406243 0.16066449 0.10165346 0.06599116 0.03313462 0.08227310 0.04423502 0.024427184 0.031022675 0.021638872 0.007297577 0.005579006 0.0155148505 0.0099340953 0.0020215982 0.0026252127 0.0021095001 7.956076e-04 3.043140e-04 6.211133e-04 6.949312e-05 2.563789e-03 0.0021105576
   96    1      1      0    0      1      -1      -1  1000 0.011611072 0.22030290 0.15455451 0.13729528 0.12803095 0.09299243 0.04863758 0.03716235 0.05769638 0.028198072 0.017134790 0.022652129 0.010584383 0.005114979 0.0046266961 0.0074410590 0.0036086897 0.0002942471 0.0012575433 4.692047e-03 1.235389e-03 9.321005e-05 9.412844e-04 2.288427e-04 0.0036131858
   97    1      1      0    0      1      -1      -1  1000 0.011229258 0.14740443 0.26886496 0.12660134 0.09077497 0.08893168 0.06569570 0.04172693 0.02392829 0.052402577 0.018877179 0.011097808 0.021032415 0.010548726 0.0090237691 0.0022063667 0.0007401555 0.0010498680 0.0009017169 2.845133e-03 1.707059e-03 1.055487e-03 1.190834e-04 6.593777e-05 0.0011691554
   98    1      1      0    0      1      -1      -1  1000 0.010763021 0.09725830 0.16840246 0.23546150 0.10964719 0.08978421 0.08122367 0.04911657 0.02664498 0.016560272 0.043084101 0.018957530 0.011062962 0.013969867 0.0034529429 0.0048329844 0.0071131410 0.0046665820 0.0047456118 1.389939e-03 3.578364e-04 9.826243e-04 1.703905e-04 4.940453e-05 0.0003019139
   99    1      1      0    0      1      -1      -1  1000 0.009439018 0.14601456 0.13394613 0.15357719 0.16621077 0.07778755 0.06584354 0.06218418 0.04042049 0.022941492 0.019194524 0.036654890 0.022827985 0.013252639 0.0134748943 0.0046012472 0.0010376038 0.0029325591 0.0011051834 1.367565e-03 3.385924e-04 4.482979e-04 1.455168e-03 4.462945e-04 0.0024976345
  100    1      1      0    0      1      -1      -1  1000 0.025318252 0.14674881 0.19247027 0.08494389 0.10496619 0.15169576 0.06650124 0.04864232 0.04333086 0.030600586 0.020618853 0.013459008 0.016322791 0.011125341 0.0117787321 0.0058506693 0.0130268140 0.0043706362 0.0009105946 5.987554e-04 1.274745e-03 2.114098e-03 1.621754e-03 1.138060e-03 0.0005709734
    2    1      2      0    0      1      -1      -1  1000 0.017000000 0.15500000 0.13900000 0.11500000 0.11100000 0.09700000 0.05900000 0.04600000 0.03700000 0.043000000 0.036000000 0.029000000 0.012000000 0.014000000 0.0150000000 0.0230000000 0.0060000000 0.0110000000 0.0080000000 4.000000e-03 3.000000e-03 2.000000e-03 3.000000e-03 1.000000e-03 0.0140000000
    3    1      2      0    0      1      -1      -1  1000 0.039000000 0.12300000 0.15700000 0.11300000 0.10700000 0.08800000 0.06800000 0.06400000 0.04100000 0.040000000 0.040000000 0.021000000 0.019000000 0.010000000 0.0110000000 0.0190000000 0.0100000000 0.0040000000 0.0050000000 4.000000e-03 3.000000e-03 2.000000e-03 4.000000e-03 1.000000e-03 0.0070000000
    4    1      2      0    0      1      -1      -1  1000 0.022000000 0.17600000 0.11500000 0.12600000 0.11200000 0.08900000 0.06700000 0.04600000 0.04200000 0.040000000 0.031000000 0.029000000 0.017000000 0.016000000 0.0120000000 0.0180000000 0.0080000000 0.0070000000 0.0070000000 3.000000e-03 6.000000e-03 3.000000e-03 3.000000e-03 1.000000e-03 0.0040000000
    5    1      2      0    0      1      -1      -1  1000 0.071000000 0.11500000 0.16100000 0.07900000 0.10100000 0.08800000 0.07400000 0.07400000 0.04200000 0.036000000 0.022000000 0.026000000 0.021000000 0.010000000 0.0140000000 0.0090000000 0.0120000000 0.0070000000 0.0070000000 7.000000e-03 3.000000e-03 5.000000e-03 2.000000e-03 2.000000e-03 0.0120000000
    6    1      2      0    0      1      -1      -1  1000 0.027000000 0.26800000 0.08900000 0.12800000 0.06400000 0.08100000 0.07700000 0.04500000 0.04700000 0.024000000 0.020000000 0.023000000 0.021000000 0.015000000 0.0160000000 0.0060000000 0.0080000000 0.0050000000 0.0080000000 6.000000e-03 3.000000e-03 4.000000e-03 1.000000e-03 1.000000e-03 0.0130000000
    7    1      2      0    0      1      -1      -1  1000 0.023000000 0.16500000 0.24400000 0.06500000 0.11600000 0.04700000 0.05100000 0.04100000 0.04500000 0.040000000 0.040000000 0.025000000 0.019000000 0.012000000 0.0110000000 0.0150000000 0.0080000000 0.0040000000 0.0060000000 4.000000e-03 1.000000e-03 3.000000e-03 2.000000e-03 2.000000e-03 0.0110000000
    8    1      2      0    0      1      -1      -1  1000 0.032000000 0.11000000 0.15500000 0.21400000 0.05800000 0.09500000 0.04100000 0.06200000 0.05400000 0.031000000 0.032000000 0.019000000 0.016000000 0.010000000 0.0080000000 0.0160000000 0.0080000000 0.0110000000 0.0090000000 1.000000e-03 1.000000e-03 3.000000e-03 1.000000e-03 0.000000e+00 0.0130000000
    9    1      2      0    0      1      -1      -1  1000 0.023000000 0.10900000 0.12500000 0.14600000 0.19000000 0.05400000 0.05900000 0.03300000 0.04200000 0.040000000 0.040000000 0.026000000 0.025000000 0.012000000 0.0150000000 0.0160000000 0.0050000000 0.0050000000 0.0090000000 5.000000e-03 6.000000e-03 2.000000e-03 1.000000e-03 2.000000e-03 0.0100000000
   10    1      2      0    0      1      -1      -1  1000 0.022000000 0.12500000 0.10200000 0.11200000 0.12200000 0.16800000 0.04200000 0.07500000 0.02900000 0.030000000 0.031000000 0.021000000 0.029000000 0.015000000 0.0200000000 0.0130000000 0.0090000000 0.0070000000 0.0060000000 5.000000e-03 1.000000e-03 0.000000e+00 3.000000e-03 4.000000e-03 0.0090000000
   11    1      2      0    0      1      -1      -1  1000 0.043000000 0.11400000 0.12100000 0.08100000 0.07700000 0.10200000 0.13300000 0.03600000 0.05700000 0.030000000 0.038000000 0.024000000 0.027000000 0.024000000 0.0130000000 0.0140000000 0.0130000000 0.0090000000 0.0020000000 9.000000e-03 4.000000e-03 8.000000e-03 4.000000e-03 0.000000e+00 0.0170000000
   12    1      2      0    0      1      -1      -1  1000 0.067000000 0.18500000 0.12400000 0.09500000 0.06400000 0.06400000 0.08400000 0.09400000 0.02600000 0.043000000 0.021000000 0.027000000 0.018000000 0.017000000 0.0180000000 0.0110000000 0.0070000000 0.0030000000 0.0070000000 1.000000e-02 3.000000e-03 3.000000e-03 1.000000e-03 1.000000e-03 0.0070000000
   13    1      2      0    0      1      -1      -1  1000 0.032000000 0.27800000 0.13800000 0.08600000 0.07400000 0.05100000 0.03900000 0.05400000 0.07200000 0.023000000 0.047000000 0.006000000 0.026000000 0.015000000 0.0070000000 0.0110000000 0.0070000000 0.0080000000 0.0020000000 7.000000e-03 4.000000e-03 3.000000e-03 1.000000e-03 3.000000e-03 0.0060000000
   14    1      2      0    0      1      -1      -1  1000 0.018000000 0.10300000 0.27900000 0.16400000 0.06200000 0.05500000 0.04600000 0.04400000 0.04500000 0.060000000 0.020000000 0.023000000 0.009000000 0.011000000 0.0090000000 0.0070000000 0.0100000000 0.0040000000 0.0060000000 2.000000e-03 7.000000e-03 3.000000e-03 3.000000e-03 2.000000e-03 0.0080000000
   15    1      2      0    0      1      -1      -1  1000 0.023000000 0.12200000 0.11600000 0.20700000 0.10100000 0.07000000 0.05800000 0.03800000 0.04100000 0.029000000 0.062000000 0.007000000 0.023000000 0.014000000 0.0140000000 0.0110000000 0.0110000000 0.0110000000 0.0070000000 6.000000e-03 3.000000e-03 4.000000e-03 6.000000e-03 1.000000e-03 0.0150000000
   16    1      2      0    0      1      -1      -1  1000 0.023000000 0.11200000 0.12600000 0.08700000 0.21500000 0.08600000 0.05200000 0.04100000 0.02800000 0.035000000 0.043000000 0.039000000 0.010000000 0.020000000 0.0110000000 0.0130000000 0.0100000000 0.0090000000 0.0070000000 3.000000e-03 6.000000e-03 6.000000e-03 4.000000e-03 1.000000e-03 0.0130000000
   17    1      2      0    0      1      -1      -1  1000 0.031000000 0.09100000 0.10400000 0.08700000 0.09500000 0.18900000 0.08500000 0.05400000 0.03800000 0.025000000 0.029000000 0.025000000 0.045000000 0.013000000 0.0170000000 0.0090000000 0.0110000000 0.0130000000 0.0090000000 5.000000e-03 8.000000e-03 2.000000e-03 3.000000e-03 4.000000e-03 0.0080000000
   18    1      2      0    0      1      -1      -1  1000 0.017000000 0.19400000 0.09000000 0.09300000 0.07900000 0.07400000 0.14300000 0.07500000 0.03500000 0.032000000 0.023000000 0.026000000 0.018000000 0.031000000 0.0050000000 0.0140000000 0.0050000000 0.0070000000 0.0070000000 5.000000e-03 5.000000e-03 2.000000e-03 3.000000e-03 5.000000e-03 0.0120000000
   19    1      2      0    0      1      -1      -1  1000 0.032000000 0.07000000 0.18700000 0.08500000 0.06900000 0.07500000 0.05600000 0.14000000 0.06600000 0.034000000 0.024000000 0.018000000 0.018000000 0.022000000 0.0380000000 0.0080000000 0.0100000000 0.0050000000 0.0040000000 6.000000e-03 2.000000e-03 8.000000e-03 4.000000e-03 7.000000e-03 0.0120000000
   20    1      2      0    0      1      -1      -1  1000 0.078000000 0.11800000 0.04600000 0.14800000 0.06800000 0.07700000 0.05100000 0.05100000 0.13000000 0.042000000 0.032000000 0.019000000 0.017000000 0.014000000 0.0210000000 0.0340000000 0.0040000000 0.0100000000 0.0060000000 6.000000e-03 2.000000e-03 4.000000e-03 3.000000e-03 4.000000e-03 0.0150000000
   21    1      2      0    0      1      -1      -1  1000 0.016000000 0.31300000 0.10000000 0.03600000 0.11500000 0.05300000 0.04700000 0.03800000 0.04300000 0.078000000 0.029000000 0.017000000 0.018000000 0.018000000 0.0150000000 0.0080000000 0.0090000000 0.0030000000 0.0090000000 2.000000e-03 6.000000e-03 6.000000e-03 2.000000e-03 1.000000e-03 0.0180000000
   22    1      2      0    0      1      -1      -1  1000 0.025000000 0.10800000 0.28400000 0.08500000 0.03200000 0.09100000 0.02900000 0.05000000 0.03900000 0.036000000 0.063000000 0.033000000 0.020000000 0.015000000 0.0090000000 0.0100000000 0.0150000000 0.0240000000 0.0040000000 8.000000e-03 2.000000e-03 4.000000e-03 3.000000e-03 1.000000e-03 0.0100000000
   23    1      2      0    0      1      -1      -1  1000 0.041000000 0.09400000 0.09700000 0.26600000 0.08300000 0.02700000 0.06800000 0.03000000 0.04100000 0.030000000 0.025000000 0.060000000 0.030000000 0.018000000 0.0230000000 0.0050000000 0.0090000000 0.0120000000 0.0110000000 3.000000e-03 7.000000e-03 2.000000e-03 0.000000e+00 3.000000e-03 0.0150000000
   24    1      2      0    0      1      -1      -1  1000 0.038000000 0.23500000 0.07100000 0.09000000 0.16500000 0.06800000 0.01900000 0.06700000 0.03200000 0.028000000 0.024000000 0.021000000 0.043000000 0.023000000 0.0150000000 0.0140000000 0.0090000000 0.0030000000 0.0090000000 7.000000e-03 2.000000e-03 4.000000e-03 4.000000e-03 1.000000e-03 0.0080000000
   25    1      2      0    0      1      -1      -1  1000 0.033000000 0.13900000 0.21000000 0.05900000 0.06200000 0.18000000 0.05800000 0.01200000 0.05200000 0.022000000 0.024000000 0.022000000 0.015000000 0.031000000 0.0160000000 0.0100000000 0.0100000000 0.0050000000 0.0070000000 7.000000e-03 5.000000e-03 4.000000e-03 2.000000e-03 1.000000e-03 0.0140000000
   26    1      2      0    0      1      -1      -1  1000 0.020000000 0.15900000 0.11000000 0.21200000 0.03800000 0.05300000 0.14100000 0.04200000 0.01800000 0.041000000 0.023000000 0.017000000 0.020000000 0.018000000 0.0280000000 0.0160000000 0.0070000000 0.0060000000 0.0070000000 2.000000e-03 6.000000e-03 7.000000e-03 2.000000e-03 2.000000e-03 0.0050000000
   27    1      2      0    0      1      -1      -1  1000 0.044000000 0.08700000 0.17500000 0.10900000 0.15800000 0.04600000 0.03500000 0.11300000 0.04100000 0.013000000 0.041000000 0.021000000 0.018000000 0.010000000 0.0130000000 0.0300000000 0.0090000000 0.0040000000 0.0080000000 4.000000e-03 4.000000e-03 2.000000e-03 5.000000e-03 0.000000e+00 0.0100000000
   28    1      2      0    0      1      -1      -1  1000 0.053000000 0.19900000 0.09500000 0.14400000 0.07000000 0.12500000 0.03300000 0.03600000 0.08400000 0.027000000 0.015000000 0.019000000 0.014000000 0.010000000 0.0090000000 0.0060000000 0.0160000000 0.0110000000 0.0020000000 6.000000e-03 3.000000e-03 6.000000e-03 5.000000e-03 4.000000e-03 0.0080000000
   29    1      2      0    0      1      -1      -1  1000 0.037000000 0.25900000 0.17000000 0.05900000 0.10300000 0.05400000 0.08200000 0.03000000 0.02500000 0.054000000 0.023000000 0.003000000 0.016000000 0.007000000 0.0050000000 0.0060000000 0.0120000000 0.0200000000 0.0070000000 2.000000e-03 4.000000e-03 4.000000e-03 1.000000e-03 4.000000e-03 0.0130000000
   30    1      2      0    0      1      -1      -1  1000 0.038000000 0.17400000 0.23100000 0.16100000 0.04700000 0.07100000 0.03800000 0.05200000 0.01800000 0.026000000 0.052000000 0.019000000 0.004000000 0.015000000 0.0070000000 0.0050000000 0.0070000000 0.0060000000 0.0100000000 4.000000e-03 4.000000e-03 4.000000e-03 1.000000e-03 1.000000e-03 0.0050000000
   31    1      2      0    0      1      -1      -1  1000 0.072000000 0.14700000 0.15000000 0.18200000 0.12100000 0.03500000 0.07000000 0.03600000 0.03800000 0.013000000 0.012000000 0.040000000 0.013000000 0.003000000 0.0120000000 0.0050000000 0.0080000000 0.0050000000 0.0050000000 1.500000e-02 1.000000e-03 6.000000e-03 0.000000e+00 1.000000e-03 0.0100000000
   32    1      2      0    0      1      -1      -1  1000 0.069000000 0.30700000 0.11900000 0.09600000 0.15000000 0.07400000 0.02000000 0.03700000 0.01800000 0.036000000 0.007000000 0.005000000 0.019000000 0.002000000 0.0000000000 0.0060000000 0.0060000000 0.0020000000 0.0030000000 6.000000e-03 1.100000e-02 0.000000e+00 1.000000e-03 0.000000e+00 0.0060000000
   33    1      2      0    0      1      -1      -1  1000 0.021000000 0.28000000 0.26200000 0.08900000 0.07000000 0.08200000 0.05600000 0.01800000 0.02700000 0.009000000 0.028000000 0.008000000 0.005000000 0.020000000 0.0020000000 0.0040000000 0.0030000000 0.0020000000 0.0010000000 0.000000e+00 2.000000e-03 4.000000e-03 1.000000e-03 0.000000e+00 0.0060000000
   34    1      2      0    0      1      -1      -1  1000 0.031000000 0.09500000 0.27900000 0.23500000 0.07800000 0.05300000 0.06900000 0.05000000 0.01300000 0.026000000 0.009000000 0.014000000 0.002000000 0.005000000 0.0130000000 0.0040000000 0.0010000000 0.0030000000 0.0020000000 2.000000e-03 1.000000e-03 4.000000e-03 2.000000e-03 2.000000e-03 0.0070000000
   35    1      2      0    0      1      -1      -1  1000 0.024000000 0.12400000 0.08500000 0.26600000 0.16800000 0.06100000 0.04900000 0.06800000 0.04500000 0.015000000 0.025000000 0.011000000 0.017000000 0.006000000 0.0020000000 0.0150000000 0.0010000000 0.0010000000 0.0030000000 1.000000e-03 2.000000e-03 1.000000e-03 0.000000e+00 2.000000e-03 0.0080000000
   36    1      2      0    0      1      -1      -1  1000 0.046000000 0.10200000 0.13800000 0.06700000 0.20200000 0.16000000 0.05100000 0.04300000 0.05500000 0.027000000 0.006000000 0.024000000 0.012000000 0.017000000 0.0020000000 0.0040000000 0.0160000000 0.0010000000 0.0010000000 9.000000e-03 1.000000e-03 2.000000e-03 1.000000e-03 2.000000e-03 0.0110000000
   37    1      2      0    0      1      -1      -1  1000 0.052000000 0.21700000 0.11900000 0.09000000 0.05400000 0.14400000 0.10300000 0.03800000 0.02900000 0.048000000 0.031000000 0.011000000 0.015000000 0.012000000 0.0100000000 0.0030000000 0.0030000000 0.0060000000 0.0020000000 1.000000e-03 2.000000e-03 2.000000e-03 2.000000e-03 0.000000e+00 0.0060000000
   38    1      2      0    0      1      -1      -1  1000 0.038000000 0.23100000 0.20700000 0.06200000 0.07500000 0.04600000 0.12200000 0.06500000 0.02300000 0.028000000 0.027000000 0.017000000 0.005000000 0.006000000 0.0070000000 0.0120000000 0.0020000000 0.0020000000 0.0110000000 2.000000e-03 0.000000e+00 2.000000e-03 2.000000e-03 0.000000e+00 0.0080000000
   39    1      2      0    0      1      -1      -1  1000 0.052000000 0.19500000 0.19300000 0.14100000 0.05100000 0.05600000 0.02700000 0.09400000 0.05600000 0.025000000 0.022000000 0.025000000 0.011000000 0.009000000 0.0080000000 0.0030000000 0.0100000000 0.0010000000 0.0030000000 7.000000e-03 0.000000e+00 0.000000e+00 1.000000e-03 0.000000e+00 0.0100000000
   40    1      2      0    0      1      -1      -1  1000 0.023000000 0.20700000 0.16700000 0.18000000 0.10900000 0.03800000 0.04800000 0.02500000 0.07100000 0.042000000 0.017000000 0.015000000 0.016000000 0.009000000 0.0030000000 0.0060000000 0.0040000000 0.0070000000 0.0040000000 0.000000e+00 0.000000e+00 0.000000e+00 0.000000e+00 2.000000e-03 0.0070000000
   41    1      2      0    0      1      -1      -1  1000 0.024000000 0.10900000 0.19200000 0.14400000 0.16200000 0.09300000 0.03200000 0.03600000 0.02200000 0.060000000 0.044000000 0.020000000 0.015000000 0.017000000 0.0060000000 0.0020000000 0.0060000000 0.0010000000 0.0020000000 2.000000e-03 4.000000e-03 1.000000e-03 1.000000e-03 0.000000e+00 0.0050000000
   42    1      2      0    0      1      -1      -1  1000 0.028000000 0.12300000 0.15100000 0.16200000 0.10900000 0.11000000 0.10900000 0.02800000 0.02300000 0.020000000 0.053000000 0.029000000 0.011000000 0.008000000 0.0140000000 0.0030000000 0.0020000000 0.0060000000 0.0020000000 4.000000e-03 0.000000e+00 0.000000e+00 4.000000e-03 0.000000e+00 0.0010000000
   43    1      2      0    0      1      -1      -1  1000 0.057000000 0.12900000 0.12000000 0.12100000 0.14300000 0.09500000 0.08600000 0.06900000 0.02100000 0.027000000 0.019000000 0.039000000 0.022000000 0.009000000 0.0090000000 0.0070000000 0.0090000000 0.0060000000 0.0030000000 1.000000e-03 3.000000e-03 1.000000e-03 1.000000e-03 0.000000e+00 0.0030000000
   44    1      2      0    0      1      -1      -1  1000 0.059000000 0.23700000 0.11900000 0.09900000 0.07600000 0.09600000 0.07600000 0.05800000 0.03300000 0.025000000 0.019000000 0.007000000 0.028000000 0.025000000 0.0090000000 0.0090000000 0.0020000000 0.0050000000 0.0030000000 5.000000e-03 0.000000e+00 0.000000e+00 0.000000e+00 0.000000e+00 0.0100000000
   45    1      2      0    0      1      -1      -1  1000 0.030000000 0.21700000 0.21100000 0.10200000 0.06500000 0.05700000 0.07600000 0.05300000 0.05300000 0.040000000 0.016000000 0.019000000 0.007000000 0.012000000 0.0160000000 0.0050000000 0.0050000000 0.0060000000 0.0040000000 0.000000e+00 3.000000e-03 0.000000e+00 1.000000e-03 0.000000e+00 0.0020000000
   46    1      2      0    0      1      -1      -1  1000 0.035000000 0.17100000 0.19700000 0.17300000 0.06900000 0.05700000 0.04200000 0.06200000 0.02700000 0.042000000 0.038000000 0.013000000 0.019000000 0.007000000 0.0230000000 0.0090000000 0.0050000000 0.0000000000 0.0010000000 2.000000e-03 1.000000e-03 0.000000e+00 0.000000e+00 2.000000e-03 0.0050000000
   47    1      2      0    0      1      -1      -1  1000 0.078000000 0.13600000 0.14900000 0.17400000 0.15500000 0.05500000 0.04200000 0.03900000 0.03600000 0.025000000 0.030000000 0.024000000 0.010000000 0.014000000 0.0030000000 0.0110000000 0.0040000000 0.0030000000 0.0020000000 5.000000e-03 0.000000e+00 1.000000e-03 0.000000e+00 1.000000e-03 0.0030000000
   48    1      2      0    0      1      -1      -1  1000 0.011000000 0.35400000 0.11100000 0.11800000 0.10000000 0.07500000 0.03700000 0.02800000 0.02500000 0.031000000 0.022000000 0.018000000 0.012000000 0.008000000 0.0080000000 0.0040000000 0.0130000000 0.0080000000 0.0020000000 3.000000e-03 4.000000e-03 0.000000e+00 1.000000e-03 3.000000e-03 0.0040000000
   49    1      2      0    0      1      -1      -1  1000 0.047000000 0.12200000 0.29700000 0.09100000 0.09200000 0.07900000 0.07600000 0.03700000 0.03000000 0.023000000 0.023000000 0.019000000 0.017000000 0.013000000 0.0050000000 0.0060000000 0.0020000000 0.0040000000 0.0090000000 2.000000e-03 3.000000e-03 0.000000e+00 0.000000e+00 0.000000e+00 0.0030000000
   50    1      2      0    0      1      -1      -1  1000 0.035000000 0.26800000 0.08800000 0.24400000 0.06000000 0.06300000 0.06900000 0.05100000 0.01800000 0.023000000 0.020000000 0.018000000 0.004000000 0.012000000 0.0080000000 0.0040000000 0.0020000000 0.0020000000 0.0020000000 3.000000e-03 1.000000e-03 1.000000e-03 1.000000e-03 2.000000e-03 0.0010000000
   51    1      2      0    0      1      -1      -1  1000 0.080000000 0.13500000 0.21500000 0.07000000 0.17100000 0.06000000 0.05300000 0.04700000 0.04000000 0.022000000 0.019000000 0.010000000 0.019000000 0.010000000 0.0140000000 0.0100000000 0.0020000000 0.0030000000 0.0020000000 8.000000e-03 4.000000e-03 0.000000e+00 0.000000e+00 3.000000e-03 0.0030000000
   52    1      2      0    0      1      -1      -1  1000 0.043000000 0.33200000 0.09400000 0.13600000 0.05400000 0.13700000 0.03200000 0.03700000 0.04100000 0.028000000 0.008000000 0.011000000 0.010000000 0.009000000 0.0070000000 0.0080000000 0.0020000000 0.0000000000 0.0030000000 1.000000e-03 1.000000e-03 4.000000e-03 0.000000e+00 0.000000e+00 0.0020000000
   53    1      2      0    0      1      -1      -1  1000 0.034000000 0.16200000 0.29300000 0.09000000 0.12800000 0.03000000 0.11500000 0.02200000 0.03200000 0.025000000 0.019000000 0.005000000 0.003000000 0.009000000 0.0090000000 0.0080000000 0.0040000000 0.0030000000 0.0000000000 1.000000e-03 0.000000e+00 3.000000e-03 1.000000e-03 1.000000e-03 0.0030000000
   54    1      2      0    0      1      -1      -1  1000 0.043000000 0.12200000 0.17900000 0.24700000 0.07800000 0.09500000 0.02800000 0.08600000 0.01300000 0.023000000 0.021000000 0.020000000 0.009000000 0.007000000 0.0050000000 0.0060000000 0.0060000000 0.0030000000 0.0000000000 1.000000e-03 3.000000e-03 1.000000e-03 1.000000e-03 1.000000e-03 0.0020000000
   55    1      2      0    0      1      -1      -1  1000 0.043000000 0.27100000 0.09900000 0.12100000 0.18500000 0.04500000 0.06200000 0.01200000 0.06600000 0.018000000 0.020000000 0.013000000 0.014000000 0.008000000 0.0050000000 0.0060000000 0.0040000000 0.0020000000 0.0020000000 1.000000e-03 0.000000e+00 0.000000e+00 1.000000e-03 0.000000e+00 0.0020000000
   56    1      2      0    0      1      -1      -1  1000 0.029000000 0.22300000 0.24200000 0.07700000 0.07200000 0.13900000 0.03200000 0.04900000 0.02100000 0.039000000 0.014000000 0.016000000 0.014000000 0.006000000 0.0020000000 0.0060000000 0.0010000000 0.0060000000 0.0020000000 3.000000e-03 0.000000e+00 0.000000e+00 1.000000e-03 0.000000e+00 0.0060000000
   57    1      2      0    0      1      -1      -1  1000 0.029000000 0.13800000 0.24500000 0.19200000 0.07600000 0.05700000 0.10700000 0.02500000 0.03400000 0.013000000 0.033000000 0.010000000 0.007000000 0.008000000 0.0080000000 0.0040000000 0.0020000000 0.0010000000 0.0040000000 1.000000e-03 2.000000e-03 3.000000e-03 0.000000e+00 1.000000e-03 0.0000000000
   58    1      2      0    0      1      -1      -1  1000 0.048000000 0.12900000 0.13800000 0.19000000 0.16100000 0.05200000 0.06200000 0.07200000 0.01900000 0.039000000 0.005000000 0.038000000 0.009000000 0.009000000 0.0080000000 0.0040000000 0.0030000000 0.0030000000 0.0010000000 1.000000e-03 1.000000e-03 4.000000e-03 2.000000e-03 0.000000e+00 0.0020000000
   59    1      2      0    0      1      -1      -1  1000 0.062000000 0.22300000 0.11300000 0.12900000 0.11800000 0.11700000 0.03800000 0.04300000 0.05900000 0.015000000 0.022000000 0.006000000 0.021000000 0.004000000 0.0080000000 0.0080000000 0.0090000000 0.0010000000 0.0000000000 2.000000e-03 0.000000e+00 0.000000e+00 1.000000e-03 0.000000e+00 0.0010000000
   60    1      2      0    0      1      -1      -1  1000 0.041000000 0.23100000 0.19500000 0.09400000 0.08000000 0.10000000 0.08000000 0.02800000 0.02500000 0.053000000 0.014000000 0.016000000 0.005000000 0.013000000 0.0050000000 0.0070000000 0.0020000000 0.0000000000 0.0010000000 4.000000e-03 1.000000e-03 1.000000e-03 1.000000e-03 0.000000e+00 0.0030000000
   61    1      2      0    0      1      -1      -1  1000 0.022000000 0.18200000 0.22500000 0.17100000 0.06300000 0.05700000 0.07500000 0.07200000 0.01500000 0.025000000 0.032000000 0.007000000 0.015000000 0.006000000 0.0120000000 0.0040000000 0.0020000000 0.0070000000 0.0050000000 1.000000e-03 1.000000e-03 0.000000e+00 0.000000e+00 0.000000e+00 0.0010000000
   62    1      2      0    0      1      -1      -1  1000 0.043000000 0.13900000 0.16500000 0.19200000 0.12600000 0.05500000 0.05800000 0.05700000 0.04700000 0.016000000 0.019000000 0.024000000 0.004000000 0.015000000 0.0010000000 0.0210000000 0.0030000000 0.0020000000 0.0020000000 2.000000e-03 1.000000e-03 3.000000e-03 1.000000e-03 0.000000e+00 0.0040000000
   63    1      2      0    0      1      -1      -1  1000 0.083000000 0.19500000 0.11000000 0.12000000 0.14400000 0.09800000 0.04100000 0.03300000 0.04200000 0.039000000 0.008000000 0.018000000 0.033000000 0.003000000 0.0090000000 0.0030000000 0.0070000000 0.0000000000 0.0030000000 2.000000e-03 2.000000e-03 2.000000e-03 0.000000e+00 0.000000e+00 0.0050000000
   64    1      2      0    0      1      -1      -1  1000 0.062000000 0.30500000 0.14400000 0.07500000 0.09100000 0.08800000 0.06300000 0.02700000 0.02300000 0.033000000 0.040000000 0.007000000 0.009000000 0.014000000 0.0020000000 0.0020000000 0.0010000000 0.0040000000 0.0000000000 4.000000e-03 3.000000e-03 1.000000e-03 0.000000e+00 1.000000e-03 0.0010000000
   65    1      2      0    0      1      -1      -1  1000 0.024000000 0.25900000 0.27100000 0.09800000 0.06500000 0.05700000 0.06500000 0.04500000 0.01700000 0.015000000 0.020000000 0.015000000 0.010000000 0.012000000 0.0110000000 0.0010000000 0.0040000000 0.0000000000 0.0040000000 1.000000e-03 3.000000e-03 1.000000e-03 0.000000e+00 0.000000e+00 0.0020000000
   66    1      2      0    0      1      -1      -1  1000 0.074000000 0.11800000 0.22800000 0.20300000 0.08400000 0.05200000 0.04900000 0.05800000 0.02900000 0.014000000 0.014000000 0.023000000 0.018000000 0.010000000 0.0090000000 0.0070000000 0.0010000000 0.0030000000 0.0010000000 2.000000e-03 0.000000e+00 0.000000e+00 1.000000e-03 1.000000e-03 0.0010000000
   67    1      2      0    0      1      -1      -1  1000 0.024000000 0.25600000 0.10500000 0.17700000 0.16400000 0.06600000 0.02700000 0.03000000 0.03900000 0.035000000 0.016000000 0.012000000 0.012000000 0.013000000 0.0050000000 0.0040000000 0.0060000000 0.0020000000 0.0010000000 2.000000e-03 0.000000e+00 0.000000e+00 1.000000e-03 2.000000e-03 0.0010000000
   68    1      2      0    0      1      -1      -1  1000 0.024000000 0.16400000 0.25300000 0.11000000 0.13000000 0.12100000 0.04800000 0.02500000 0.03200000 0.024000000 0.017000000 0.010000000 0.007000000 0.007000000 0.0070000000 0.0070000000 0.0020000000 0.0050000000 0.0010000000 1.000000e-03 0.000000e+00 1.000000e-03 1.000000e-03 0.000000e+00 0.0030000000
   69    1      2      0    0      1      -1      -1  1000 0.092000000 0.11200000 0.16700000 0.20200000 0.08100000 0.12000000 0.07600000 0.03800000 0.02000000 0.019000000 0.018000000 0.015000000 0.008000000 0.004000000 0.0080000000 0.0060000000 0.0020000000 0.0040000000 0.0040000000 1.000000e-03 1.000000e-03 0.000000e+00 1.000000e-03 1.000000e-03 0.0000000000
   70    1      2      0    0      1      -1      -1  1000 0.036000000 0.34600000 0.07700000 0.12100000 0.13000000 0.05200000 0.06400000 0.06400000 0.02000000 0.013000000 0.019000000 0.015000000 0.009000000 0.007000000 0.0030000000 0.0080000000 0.0080000000 0.0010000000 0.0000000000 4.000000e-03 0.000000e+00 0.000000e+00 1.000000e-03 0.000000e+00 0.0020000000
   71    1      2      0    0      1      -1      -1  1000 0.017000000 0.16100000 0.30600000 0.07300000 0.08200000 0.12900000 0.03900000 0.06700000 0.05300000 0.018000000 0.011000000 0.008000000 0.012000000 0.004000000 0.0030000000 0.0060000000 0.0040000000 0.0000000000 0.0020000000 0.000000e+00 1.000000e-03 1.000000e-03 2.000000e-03 0.000000e+00 0.0010000000
   72    1      2      0    0      1      -1      -1  1000 0.023000000 0.10800000 0.16500000 0.26500000 0.06100000 0.09700000 0.08000000 0.04100000 0.04700000 0.046000000 0.018000000 0.009000000 0.005000000 0.011000000 0.0080000000 0.0050000000 0.0020000000 0.0050000000 0.0030000000 1.000000e-03 0.000000e+00 0.000000e+00 0.000000e+00 0.000000e+00 0.0000000000
   73    1      2      0    0      1      -1      -1  1000 0.034000000 0.15500000 0.12100000 0.12900000 0.20400000 0.05900000 0.06800000 0.07000000 0.02800000 0.039000000 0.041000000 0.009000000 0.009000000 0.008000000 0.0070000000 0.0070000000 0.0010000000 0.0010000000 0.0020000000 1.000000e-03 0.000000e+00 4.000000e-03 1.000000e-03 1.000000e-03 0.0010000000
   74    1      2      0    0      1      -1      -1  1000 0.033000000 0.23700000 0.12300000 0.08600000 0.09000000 0.15700000 0.04300000 0.04700000 0.06300000 0.017000000 0.031000000 0.032000000 0.010000000 0.007000000 0.0100000000 0.0040000000 0.0030000000 0.0020000000 0.0000000000 1.000000e-03 1.000000e-03 0.000000e+00 0.000000e+00 0.000000e+00 0.0030000000
   75    1      2      0    0      1      -1      -1  1000 0.039000000 0.12200000 0.21900000 0.11500000 0.07500000 0.09300000 0.12800000 0.03300000 0.04000000 0.042000000 0.013000000 0.018000000 0.022000000 0.010000000 0.0070000000 0.0070000000 0.0050000000 0.0070000000 0.0000000000 1.000000e-03 1.000000e-03 1.000000e-03 0.000000e+00 0.000000e+00 0.0020000000
   76    1      2      0    0      1      -1      -1  1000 0.054000000 0.17200000 0.12800000 0.15800000 0.07400000 0.06800000 0.07100000 0.08900000 0.01900000 0.040000000 0.040000000 0.013000000 0.026000000 0.025000000 0.0030000000 0.0050000000 0.0030000000 0.0040000000 0.0010000000 0.000000e+00 1.000000e-03 2.000000e-03 2.000000e-03 0.000000e+00 0.0020000000
   77    1      2      0    0      1      -1      -1  1000 0.072000000 0.23300000 0.17300000 0.09100000 0.11100000 0.05700000 0.04500000 0.04300000 0.07900000 0.008000000 0.014000000 0.019000000 0.005000000 0.018000000 0.0080000000 0.0030000000 0.0030000000 0.0050000000 0.0030000000 1.000000e-03 1.000000e-03 1.000000e-03 0.000000e+00 1.000000e-03 0.0060000000
   78    1      2      0    0      1      -1      -1  1000 0.035000000 0.31600000 0.18500000 0.09400000 0.05700000 0.07500000 0.04400000 0.02100000 0.02500000 0.053000000 0.016000000 0.022000000 0.020000000 0.009000000 0.0090000000 0.0030000000 0.0020000000 0.0060000000 0.0020000000 2.000000e-03 0.000000e+00 0.000000e+00 1.000000e-03 0.000000e+00 0.0030000000
   79    1      2      0    0      1      -1      -1  1000 0.037000000 0.15700000 0.26400000 0.16900000 0.09700000 0.05000000 0.05500000 0.02600000 0.02900000 0.018000000 0.032000000 0.007000000 0.016000000 0.017000000 0.0080000000 0.0060000000 0.0040000000 0.0020000000 0.0010000000 2.000000e-03 2.000000e-03 0.000000e+00 0.000000e+00 0.000000e+00 0.0010000000
   80    1      2      0    0      1      -1      -1  1000 0.027000000 0.16400000 0.16400000 0.23000000 0.10900000 0.06600000 0.03600000 0.05700000 0.02200000 0.023000000 0.018000000 0.028000000 0.009000000 0.011000000 0.0100000000 0.0040000000 0.0060000000 0.0060000000 0.0030000000 1.000000e-03 0.000000e+00 2.000000e-03 4.000000e-03 0.000000e+00 0.0000000000
   81    1      2      0    0      1      -1      -1  1000 0.046000000 0.18700000 0.15000000 0.12000000 0.16800000 0.09500000 0.05100000 0.02200000 0.04100000 0.023000000 0.014000000 0.019000000 0.021000000 0.008000000 0.0080000000 0.0050000000 0.0010000000 0.0070000000 0.0050000000 0.000000e+00 1.000000e-03 3.000000e-03 1.000000e-03 3.000000e-03 0.0010000000
   82    1      2      0    0      1      -1      -1  1000 0.041000000 0.20600000 0.17000000 0.11700000 0.09000000 0.12300000 0.07000000 0.04200000 0.02100000 0.029000000 0.010000000 0.015000000 0.007000000 0.019000000 0.0030000000 0.0090000000 0.0050000000 0.0040000000 0.0050000000 5.000000e-03 2.000000e-03 1.000000e-03 1.000000e-03 3.000000e-03 0.0020000000
   83    1      2      0    0      1      -1      -1  1000 0.032000000 0.18200000 0.17900000 0.13700000 0.10400000 0.07400000 0.11000000 0.04900000 0.02700000 0.021000000 0.020000000 0.017000000 0.005000000 0.009000000 0.0170000000 0.0010000000 0.0040000000 0.0060000000 0.0010000000 2.000000e-03 2.000000e-03 0.000000e+00 1.000000e-03 0.000000e+00 0.0000000000
   84    1      2      0    0      1      -1      -1  1000 0.045000000 0.17900000 0.16600000 0.15100000 0.10600000 0.07600000 0.05800000 0.07600000 0.04400000 0.024000000 0.011000000 0.017000000 0.009000000 0.008000000 0.0100000000 0.0060000000 0.0010000000 0.0030000000 0.0030000000 0.000000e+00 3.000000e-03 3.000000e-03 1.000000e-03 0.000000e+00 0.0000000000
   85    1      2      0    0      1      -1      -1  1000 0.081000000 0.25000000 0.14300000 0.10600000 0.09900000 0.07500000 0.05100000 0.04800000 0.04700000 0.024000000 0.014000000 0.009000000 0.010000000 0.000000000 0.0060000000 0.0040000000 0.0110000000 0.0040000000 0.0030000000 6.000000e-03 1.000000e-03 2.000000e-03 3.000000e-03 1.000000e-03 0.0020000000
   86    1      2      0    0      1      -1      -1  1000 0.024000000 0.31900000 0.19500000 0.10000000 0.07700000 0.07900000 0.05600000 0.03000000 0.02500000 0.029000000 0.016000000 0.004000000 0.003000000 0.013000000 0.0030000000 0.0040000000 0.0030000000 0.0080000000 0.0030000000 1.000000e-03 3.000000e-03 1.000000e-03 3.000000e-03 0.000000e+00 0.0010000000
   87    1      2      0    0      1      -1      -1  1000 0.053000000 0.14000000 0.27900000 0.15300000 0.08000000 0.07000000 0.05100000 0.03200000 0.01900000 0.025000000 0.032000000 0.016000000 0.008000000 0.010000000 0.0080000000 0.0060000000 0.0020000000 0.0040000000 0.0010000000 2.000000e-03 2.000000e-03 2.000000e-03 1.000000e-03 0.000000e+00 0.0040000000
   88    1      2      0    0      1      -1      -1  1000 0.079000000 0.19600000 0.11900000 0.20100000 0.11000000 0.05300000 0.05900000 0.04200000 0.03200000 0.022000000 0.021000000 0.022000000 0.008000000 0.013000000 0.0000000000 0.0090000000 0.0000000000 0.0020000000 0.0020000000 5.000000e-03 1.000000e-03 0.000000e+00 1.000000e-03 0.000000e+00 0.0030000000
   89    1      2      0    0      1      -1      -1  1000 0.022000000 0.32300000 0.16300000 0.07200000 0.13700000 0.08600000 0.03200000 0.04400000 0.02900000 0.022000000 0.011000000 0.007000000 0.018000000 0.010000000 0.0040000000 0.0030000000 0.0060000000 0.0010000000 0.0030000000 0.000000e+00 3.000000e-03 1.000000e-03 0.000000e+00 2.000000e-03 0.0010000000
   90    1      2      0    0      1      -1      -1  1000 0.023000000 0.11800000 0.29100000 0.14100000 0.09600000 0.11600000 0.06900000 0.03700000 0.01700000 0.030000000 0.017000000 0.008000000 0.006000000 0.017000000 0.0040000000 0.0020000000 0.0000000000 0.0010000000 0.0000000000 1.000000e-03 1.000000e-03 1.000000e-03 1.000000e-03 0.000000e+00 0.0030000000
   91    1      2      0    0      1      -1      -1  1000 0.042000000 0.14700000 0.12300000 0.24200000 0.11800000 0.04900000 0.10800000 0.05400000 0.02800000 0.024000000 0.014000000 0.011000000 0.011000000 0.008000000 0.0090000000 0.0050000000 0.0000000000 0.0000000000 0.0010000000 1.000000e-03 0.000000e+00 1.000000e-03 3.000000e-03 0.000000e+00 0.0010000000
   92    1      2      0    0      1      -1      -1  1000 0.037000000 0.21100000 0.13400000 0.08700000 0.19400000 0.07100000 0.05400000 0.08000000 0.03700000 0.020000000 0.015000000 0.011000000 0.012000000 0.008000000 0.0080000000 0.0070000000 0.0030000000 0.0000000000 0.0010000000 4.000000e-03 1.000000e-03 2.000000e-03 1.000000e-03 1.000000e-03 0.0010000000
   93    1      2      0    0      1      -1      -1  1000 0.039000000 0.20800000 0.20700000 0.09700000 0.05600000 0.12900000 0.06700000 0.03100000 0.05300000 0.038000000 0.022000000 0.012000000 0.015000000 0.009000000 0.0020000000 0.0040000000 0.0040000000 0.0000000000 0.0020000000 1.000000e-03 2.000000e-03 0.000000e+00 0.000000e+00 0.000000e+00 0.0020000000
   94    1      2      0    0      1      -1      -1  1000 0.039000000 0.17700000 0.21300000 0.13600000 0.08100000 0.05500000 0.09600000 0.05000000 0.02800000 0.046000000 0.026000000 0.015000000 0.005000000 0.007000000 0.0050000000 0.0040000000 0.0060000000 0.0020000000 0.0020000000 2.000000e-03 1.000000e-03 1.000000e-03 2.000000e-03 0.000000e+00 0.0010000000
   95    1      2      0    0      1      -1      -1  1000 0.062000000 0.15900000 0.17900000 0.16500000 0.10300000 0.07000000 0.03100000 0.08500000 0.03400000 0.017000000 0.034000000 0.022000000 0.009000000 0.010000000 0.0030000000 0.0040000000 0.0030000000 0.0000000000 0.0050000000 4.000000e-03 0.000000e+00 0.000000e+00 0.000000e+00 0.000000e+00 0.0010000000
   96    1      2      0    0      1      -1      -1  1000 0.038000000 0.26400000 0.13800000 0.13200000 0.11400000 0.07700000 0.04100000 0.02300000 0.06700000 0.020000000 0.019000000 0.027000000 0.009000000 0.006000000 0.0040000000 0.0040000000 0.0060000000 0.0020000000 0.0020000000 3.000000e-03 0.000000e+00 0.000000e+00 0.000000e+00 1.000000e-03 0.0030000000
   97    1      2      0    0      1      -1      -1  1000 0.020000000 0.15600000 0.27000000 0.10600000 0.11500000 0.08100000 0.06200000 0.03300000 0.02000000 0.054000000 0.019000000 0.010000000 0.020000000 0.009000000 0.0050000000 0.0040000000 0.0000000000 0.0050000000 0.0030000000 1.000000e-03 3.000000e-03 1.000000e-03 1.000000e-03 0.000000e+00 0.0020000000
   98    1      2      0    0      1      -1      -1  1000 0.048000000 0.12700000 0.15800000 0.20800000 0.09400000 0.08500000 0.07200000 0.04600000 0.03200000 0.008000000 0.038000000 0.031000000 0.012000000 0.015000000 0.0070000000 0.0040000000 0.0030000000 0.0020000000 0.0030000000 2.000000e-03 0.000000e+00 2.000000e-03 0.000000e+00 1.000000e-03 0.0020000000
   99    1      2      0    0      1      -1      -1  1000 0.037000000 0.20500000 0.12700000 0.14500000 0.15800000 0.07300000 0.06100000 0.05000000 0.04500000 0.018000000 0.008000000 0.019000000 0.014000000 0.005000000 0.0080000000 0.0050000000 0.0090000000 0.0040000000 0.0000000000 4.000000e-03 2.000000e-03 0.000000e+00 1.000000e-03 0.000000e+00 0.0020000000
  100    1      2      0    0      1      -1      -1  1000 0.067000000 0.19300000 0.17800000 0.07500000 0.09900000 0.12300000 0.05700000 0.05200000 0.04700000 0.021000000 0.015000000 0.008000000 0.018000000 0.014000000 0.0040000000 0.0070000000 0.0070000000 0.0010000000 0.0060000000 1.000000e-03 0.000000e+00 2.000000e-03 0.000000e+00 3.000000e-03 0.0020000000
0 #_N_MeanSize_at_Age_obs
0 #_N_environ_variables
0 #_N_environ_obs
0 #_N_sizefreq_methods
0 #_do_tags
0 #_morphcomp_data
#
999
