#C data file created using the SS_writedat function in the R package r4ss
#C should work with SS version: 
#C file write time: 2014-11-05 23:46:59
#
1 #_styr
100 #_endyr
1 #_nseas
12 #_months_per_seas
1 #_spawn_seas
1 #_Nfleet
2 #_Nsurveys
1 #_N_areas
Fishery%Survey%CPUE #_fleetnames
0.5 0.5 0.5 #_surveytiming_in_season
1 1 1 #_area_assignments_for_each_fishery_and_survey
1 #_units of catch:  1=bio; 2=num
0.01 #_se of log(catch) only used for init_eq_catch and for Fmethod 2 and 3
1 #_Ngenders
25 #_Nages
0 #_init_equil_catch_for_each_fishery
100 #_N_lines_of_catch_to_read
 #_Fishery year seas
         0    1    1
         0    2    1
         0    3    1
         0    4    1
         0    5    1
         0    6    1
         0    7    1
         0    8    1
         0    9    1
         0   10    1
         0   11    1
         0   12    1
         0   13    1
         0   14    1
         0   15    1
         0   16    1
         0   17    1
         0   18    1
         0   19    1
         0   20    1
         0   21    1
         0   22    1
         0   23    1
         0   24    1
         0   25    1
 286096000   26    1
 267572000   27    1
 250796000   28    1
 233529000   29    1
 223273000   30    1
 219444000   31    1
 210697000   32    1
 201793000   33    1
 194950000   34    1
 189969000   35    1
 183580000   36    1
 179051000   37    1
 174865000   38    1
 170190000   39    1
 164848000   40    1
 159765000   41    1
 157773000   42    1
 156834000   43    1
 153925000   44    1
 154050000   45    1
 155337000   46    1
 155676000   47    1
 153898000   48    1
 152397000   49    1
 152296000   50    1
 155534000   51    1
 161488000   52    1
 164058000   53    1
 167265000   54    1
 169915000   55    1
 169778000   56    1
 169033000   57    1
 169607000   58    1
 171377000   59    1
 170936000   60    1
 170008000   61    1
 168334000   62    1
 165691000   63    1
 164837000   64    1
 160796000   65    1
 152435000   66    1
 144885000   67    1
 141366000   68    1
 140884000   69    1
 141920000   70    1
 141551000   71    1
 143663000   72    1
 145674000   73    1
 149821000   74    1
 154051000   75    1
 155455000   76    1
 154415000   77    1
 153961000   78    1
 154348000   79    1
 152041000   80    1
 147867000   81    1
 143077000   82    1
 136742000   83    1
 133247000   84    1
 135192000   85    1
 136522000   86    1
 135936000   87    1
 135142000   88    1
 136230000   89    1
 138225000   90    1
 143472000   91    1
 146155000   92    1
 146981000   93    1
 149062000   94    1
 149576000   95    1
 149165000   96    1
 148472000   97    1
 146555000   98    1
 144350000   99    1
 144295000  100    1
13 #_N_cpue
 #_Fleet Units Errtype
       1     1       0
       2     1       0
       3     1       0
 #_year seas index        obs se_log
     76    1     2 2470823450    0.2
     78    1     2 2061348436    0.2
     80    1     2 2227801206    0.2
     82    1     2 1347640180    0.2
     84    1     2 2298524142    0.2
     86    1     2 1943803979    0.2
     88    1     2 1863129556    0.2
     90    1     2 1577284093    0.2
     92    1     2 2347766183    0.2
     94    1     2 1883454723    0.2
     96    1     2 2510914929    0.2
     98    1     2 1718033083    0.2
    100    1     2 1778940974    0.2
0 #_N_discard_fleets
#_discard_units (1=same_as_catchunits(bio/num); 2=fraction; 3=numbers)
#_discard_errtype:  >0 for DF of T-dist(read CV below); 0 for normal with CV; -1 for normal with se; -2 for lognormal
0 #_N_discard
0 #_N_meanbodywt
1 #_DF_for_meanbodywt_T-distribution_like
2 # length bin method: 1=use databins; 2=generate from binwidth,min,max below; 3=read vector
1 # binwidth for population size comp
10 # minimum size in the population (lower edge of first bin and size at age 0.00)
200 # maximum size in the population (lower edge of last bin)
-0.001 #_comp_tail_compression
1e-05 #_add_to_comp
0 #_combine males into females at or below this bin number
21 #_N_lbins
#_lbin_vector
10 53 70 83 94 101 107 111 114 117 120 123 125 127 130 132 135 138 142 148 200
0 #_N_Length_comp_observations
25 #_N_agebins
#_agebin_vector
1 2 3 4 5 6 7 8 9 10 11 12 13 14 15 16 17 18 19 20 21 22 23 24 25
1 #_N_ageerror_definitions
 #_age0   age1   age2   age3   age4   age5   age6   age7   age8   age9  age10  age11  age12  age13  age14  age15  age16  age17  age18  age19  age20  age21  age22  age23  age24  age25
 -1.000 -1.000 -1.000 -1.000 -1.000 -1.000 -1.000 -1.000 -1.000 -1.000 -1.000 -1.000 -1.000 -1.000 -1.000 -1.000 -1.000 -1.000 -1.000 -1.000 -1.000 -1.000 -1.000 -1.000 -1.000 -1.000
  0.001  0.001  0.001  0.001  0.001  0.001  0.001  0.001  0.001  0.001  0.001  0.001  0.001  0.001  0.001  0.001  0.001  0.001  0.001  0.001  0.001  0.001  0.001  0.001  0.001  0.001
34 #_N_agecomp
1 #_Lbin_method: 1=poplenbins; 2=datalenbins; 3=lengths
-1 #_combine males into females at or below this bin number
 #_Yr Seas FltSvy Gender Part Ageerr Lbin_lo Lbin_hi Nsamp          a1         a2        a3         a4         a5         a6         a7         a8         a9         a10         a11         a12          a13          a14          a15          a16          a17          a18          a19          a20          a21          a22          a23          a24          a25
   50    1      1      0    0      1      -1      -1   200 0.023007421 0.17945115 0.2243229 0.08223386 0.07392447 0.07187971 0.09273673 0.07145898 0.01525224 0.073313844 0.012570281 0.006207182 0.0205774651 0.0091071376 0.0143284485 5.795368e-03 1.077041e-03 0.0019153626 1.322191e-02 7.107579e-07 3.341222e-07 2.257218e-03 4.637709e-03 8.267203e-07 0.0007216942
   60    1      1      0    0      1      -1      -1   200 0.025443789 0.08451621 0.1690995 0.22014843 0.14726031 0.06617716 0.07260866 0.05277171 0.05535042 0.011335241 0.037950087 0.019578322 0.0122691982 0.0052427410 0.0076116368 3.312038e-03 5.316693e-03 0.0002312158 3.062121e-05 1.174982e-03 6.297252e-05 2.374140e-03 1.061454e-06 1.803412e-07 0.0001327218
   70    1      1      0    0      1      -1      -1   200 0.022605579 0.05611905 0.3031234 0.15357139 0.16243748 0.06399641 0.03847410 0.06017741 0.04798166 0.009392679 0.017538433 0.009183004 0.0059849183 0.0049418315 0.0129414682 1.231815e-02 2.330797e-03 0.0064592442 4.120172e-06 5.594766e-05 1.445842e-03 7.700750e-03 8.806841e-04 3.931007e-05 0.0002963106
   75    1      1      0    0      1      -1      -1   200 0.009254695 0.16364939 0.2686394 0.13626374 0.10795415 0.10945210 0.03858427 0.05753056 0.02903572 0.027277222 0.001802227 0.006987929 0.0013134488 0.0145836632 0.0042077231 7.084621e-03 1.356906e-03 0.0044717627 3.131432e-03 2.312655e-03 4.155025e-04 1.054791e-04 1.252045e-04 2.697592e-05 0.0044332301
   76    1      1      0    0      1      -1      -1   200 0.038544312 0.08330580 0.2119324 0.22869183 0.13135121 0.07716519 0.06353111 0.01943912 0.08262362 0.016134909 0.024014287 0.005064469 0.0023266452 0.0074859902 0.0004690976 4.494269e-05 3.377345e-03 0.0001042610 1.002857e-03 3.190514e-03 6.122332e-05 4.640238e-07 1.134561e-05 1.956849e-05 0.0001075306
   79    1      1      0    0      1      -1      -1   200 0.009215371 0.14522203 0.2548159 0.16402084 0.06746470 0.06994539 0.10282513 0.06407881 0.03826641 0.012734383 0.004766656 0.010218557 0.0130054504 0.0095391557 0.0031743302 1.597944e-03 1.621364e-02 0.0042503101 2.945345e-09 2.466272e-03 2.678748e-03 1.016538e-04 8.104308e-05 3.507926e-05 0.0032821483
   82    1      1      0    0      1      -1      -1   200 0.008901136 0.12972775 0.1604028 0.10509296 0.15694452 0.12573012 0.06614269 0.06543586 0.04276394 0.034122796 0.051150783 0.012284170 0.0095332586 0.0002479640 0.0137003895 1.258339e-03 1.294405e-02 0.0001748106 1.713648e-04 8.267615e-04 2.669102e-04 1.053169e-03 3.322008e-04 1.069126e-07 0.0007911590
   85    1      1      0    0      1      -1      -1   200 0.017283025 0.21999853 0.3202319 0.06673342 0.05591029 0.07377652 0.03519823 0.03599125 0.03239074 0.035552305 0.008488387 0.025662176 0.0066870105 0.0121480855 0.0209063930 5.656167e-03 1.821360e-04 0.0021468398 3.905987e-03 6.717159e-06 2.534198e-04 6.398907e-36 2.770383e-03 1.472751e-02 0.0033925937
   88    1      1      0    0      1      -1      -1   200 0.009932688 0.19531032 0.1346344 0.13368299 0.12796617 0.18770051 0.04045537 0.03204493 0.03507592 0.019916732 0.005569303 0.027285185 0.0175560458 0.0093164547 0.0047639667 8.214841e-03 3.677285e-03 0.0003730976 3.559908e-04 1.415403e-03 1.741799e-03 1.577521e-04 1.169910e-12 7.500605e-12 0.0028528828
   89    1      1      0    0      1      -1      -1   200 0.024617658 0.10937149 0.2751822 0.10797344 0.13180442 0.04294554 0.13143681 0.01741556 0.04683798 0.013983975 0.024965041 0.017930315 0.0221561333 0.0061142316 0.0019591274 1.520167e-03 1.686666e-03 0.0008248107 1.098271e-02 9.918924e-06 9.146317e-03 9.646150e-05 3.078568e-04 1.922280e-05 0.0007119623
   91    1      1      0    0      1      -1      -1   200 0.007728636 0.13743687 0.3074076 0.09041482 0.13473228 0.02851783 0.04633262 0.05325803 0.08628021 0.021681894 0.016056064 0.012622263 0.0085136141 0.0066485311 0.0131623305 1.552441e-03 4.790698e-03 0.0016462830 1.180017e-02 6.682210e-05 4.076610e-03 2.437822e-03 1.808846e-03 4.439096e-08 0.0010267192
   93    1      1      0    0      1      -1      -1   200 0.009505446 0.10652245 0.1383326 0.19356043 0.20843261 0.03322171 0.10482988 0.02815429 0.03607055 0.038866733 0.068671817 0.009749250 0.0026590528 0.0018792573 0.0047859615 4.373073e-03 4.048930e-04 0.0003154310 3.012469e-03 1.459592e-06 4.895110e-03 1.007762e-04 1.150159e-06 1.602768e-03 0.0000507871
   95    1      1      0    0      1      -1      -1   200 0.037986619 0.12224713 0.1761214 0.24287245 0.05772729 0.12091740 0.09795384 0.02474697 0.03477663 0.018557065 0.019054454 0.007898618 0.0050692826 0.0006433153 0.0023105579 1.287470e-03 2.614909e-03 0.0012487015 1.777123e-02 3.296587e-03 1.795533e-04 3.365701e-03 1.506210e-06 3.065007e-05 0.0013207175
   97    1      1      0    0      1      -1      -1   200 0.004719443 0.11290581 0.2352890 0.10662433 0.14672555 0.09836089 0.02269896 0.07904782 0.06712874 0.028832031 0.048131622 0.008787980 0.0126648262 0.0012214973 0.0077456466 5.358557e-03 4.345980e-04 0.0092453300 3.299170e-05 1.831917e-03 1.772825e-04 1.307920e-07 1.334192e-06 1.784466e-03 0.0002492562
   98    1      1      0    0      1      -1      -1   200 0.016940497 0.14984828 0.1495942 0.13693649 0.11231605 0.08411935 0.11229006 0.05634630 0.06410301 0.059749340 0.004980322 0.021152627 0.0004237691 0.0116659713 0.0036866215 1.002700e-02 3.684833e-05 0.0011077182 2.897628e-03 1.357364e-04 4.534106e-04 8.159437e-04 1.083832e-04 2.243562e-04 0.0000400350
   99    1      1      0    0      1      -1      -1   200 0.028027106 0.12842414 0.1826062 0.15550151 0.11551271 0.05704643 0.05852014 0.04254845 0.02488537 0.038114317 0.045396849 0.039858260 0.0265977534 0.0079663803 0.0005103054 2.049623e-02 8.513006e-03 0.0001326343 1.121727e-02 5.350763e-03 7.592424e-04 6.476943e-05 1.047805e-09 9.640589e-04 0.0009861381
  100    1      1      0    0      1      -1      -1   200 0.016425929 0.17298552 0.1917864 0.17046901 0.10849175 0.05947305 0.03662769 0.06079714 0.05935854 0.029772923 0.023058041 0.017925234 0.0086508847 0.0206612933 0.0017846504 2.176533e-03 3.457916e-03 0.0127922050 1.283024e-06 3.037670e-05 1.878640e-04 5.401185e-05 8.716291e-05 2.556916e-03 0.0003877264
   50    1      2      0    0      1      -1      -1   200 0.085000000 0.20500000 0.2600000 0.07500000 0.08500000 0.07000000 0.05000000 0.05000000 0.01000000 0.045000000 0.025000000 0.000000000 0.0100000000 0.0050000000 0.0050000000 5.000000e-03 0.000000e+00 0.0050000000 0.000000e+00 0.000000e+00 5.000000e-03 5.000000e-03 0.000000e+00 0.000000e+00 0.0000000000
   60    1      2      0    0      1      -1      -1   200 0.035000000 0.17500000 0.1700000 0.20500000 0.11500000 0.06000000 0.03000000 0.07500000 0.02500000 0.020000000 0.035000000 0.010000000 0.0200000000 0.0050000000 0.0000000000 1.500000e-02 0.000000e+00 0.0050000000 0.000000e+00 0.000000e+00 0.000000e+00 0.000000e+00 0.000000e+00 0.000000e+00 0.0000000000
   70    1      2      0    0      1      -1      -1   200 0.050000000 0.06000000 0.3300000 0.12000000 0.10000000 0.03000000 0.01500000 0.06500000 0.06500000 0.020000000 0.045000000 0.025000000 0.0250000000 0.0200000000 0.0050000000 0.000000e+00 5.000000e-03 0.0050000000 0.000000e+00 0.000000e+00 1.000000e-02 5.000000e-03 0.000000e+00 0.000000e+00 0.0000000000
   75    1      2      0    0      1      -1      -1   200 0.025000000 0.19000000 0.2350000 0.19000000 0.05500000 0.10500000 0.04500000 0.04500000 0.04000000 0.020000000 0.010000000 0.005000000 0.0150000000 0.0050000000 0.0050000000 0.000000e+00 5.000000e-03 0.0000000000 0.000000e+00 0.000000e+00 5.000000e-03 0.000000e+00 0.000000e+00 0.000000e+00 0.0000000000
   76    1      2      0    0      1      -1      -1   200 0.040000000 0.15500000 0.1800000 0.18500000 0.16500000 0.06000000 0.07500000 0.01000000 0.03500000 0.035000000 0.010000000 0.005000000 0.0000000000 0.0150000000 0.0050000000 5.000000e-03 1.000000e-02 0.0000000000 0.000000e+00 0.000000e+00 5.000000e-03 0.000000e+00 0.000000e+00 0.000000e+00 0.0050000000
   79    1      2      0    0      1      -1      -1   200 0.015000000 0.20500000 0.2200000 0.10500000 0.08000000 0.10500000 0.09000000 0.05000000 0.03500000 0.050000000 0.005000000 0.015000000 0.0050000000 0.0100000000 0.0000000000 0.000000e+00 5.000000e-03 0.0050000000 0.000000e+00 0.000000e+00 0.000000e+00 0.000000e+00 0.000000e+00 0.000000e+00 0.0000000000
   82    1      2      0    0      1      -1      -1   200 0.010000000 0.15000000 0.1500000 0.10500000 0.14000000 0.13000000 0.07000000 0.05500000 0.03500000 0.050000000 0.030000000 0.010000000 0.0100000000 0.0100000000 0.0100000000 1.000000e-02 1.000000e-02 0.0000000000 0.000000e+00 5.000000e-03 5.000000e-03 0.000000e+00 0.000000e+00 0.000000e+00 0.0050000000
   85    1      2      0    0      1      -1      -1   200 0.030000000 0.17000000 0.2900000 0.07000000 0.09500000 0.05000000 0.04000000 0.06000000 0.05500000 0.045000000 0.015000000 0.020000000 0.0350000000 0.0000000000 0.0050000000 1.500000e-02 0.000000e+00 0.0000000000 0.000000e+00 0.000000e+00 0.000000e+00 0.000000e+00 0.000000e+00 0.000000e+00 0.0050000000
   88    1      2      0    0      1      -1      -1   200 0.040000000 0.30500000 0.1250000 0.11500000 0.10000000 0.11500000 0.03500000 0.04500000 0.04500000 0.010000000 0.015000000 0.020000000 0.0050000000 0.0200000000 0.0000000000 5.000000e-03 0.000000e+00 0.0000000000 0.000000e+00 0.000000e+00 0.000000e+00 0.000000e+00 0.000000e+00 0.000000e+00 0.0000000000
   89    1      2      0    0      1      -1      -1   200 0.035000000 0.15500000 0.2700000 0.06500000 0.09000000 0.11000000 0.14000000 0.04000000 0.02000000 0.005000000 0.015000000 0.010000000 0.0150000000 0.0050000000 0.0100000000 0.000000e+00 5.000000e-03 0.0000000000 0.000000e+00 5.000000e-03 5.000000e-03 0.000000e+00 0.000000e+00 0.000000e+00 0.0000000000
   91    1      2      0    0      1      -1      -1   200 0.040000000 0.24500000 0.2700000 0.08000000 0.10500000 0.04000000 0.04000000 0.05000000 0.04500000 0.010000000 0.025000000 0.020000000 0.0000000000 0.0100000000 0.0050000000 0.000000e+00 0.000000e+00 0.0050000000 5.000000e-03 0.000000e+00 0.000000e+00 0.000000e+00 0.000000e+00 5.000000e-03 0.0000000000
   93    1      2      0    0      1      -1      -1   200 0.025000000 0.18000000 0.1200000 0.21500000 0.17500000 0.06500000 0.06500000 0.02000000 0.02500000 0.045000000 0.025000000 0.010000000 0.0050000000 0.0050000000 0.0000000000 0.000000e+00 1.500000e-02 0.0000000000 0.000000e+00 0.000000e+00 0.000000e+00 0.000000e+00 0.000000e+00 5.000000e-03 0.0000000000
   95    1      2      0    0      1      -1      -1   200 0.060000000 0.19500000 0.1550000 0.16000000 0.06500000 0.06500000 0.09000000 0.03000000 0.07500000 0.015000000 0.005000000 0.015000000 0.0200000000 0.0050000000 0.0100000000 5.000000e-03 5.000000e-03 0.0100000000 5.000000e-03 0.000000e+00 5.000000e-03 0.000000e+00 0.000000e+00 0.000000e+00 0.0050000000
   97    1      2      0    0      1      -1      -1   200 0.025000000 0.14000000 0.2050000 0.13000000 0.08500000 0.15500000 0.02500000 0.05000000 0.06500000 0.035000000 0.015000000 0.025000000 0.0100000000 0.0200000000 0.0050000000 0.000000e+00 0.000000e+00 0.0000000000 0.000000e+00 5.000000e-03 5.000000e-03 0.000000e+00 0.000000e+00 0.000000e+00 0.0000000000
   98    1      2      0    0      1      -1      -1   200 0.055000000 0.18500000 0.1650000 0.13000000 0.10500000 0.08500000 0.10500000 0.04500000 0.04000000 0.030000000 0.015000000 0.015000000 0.0000000000 0.0100000000 0.0050000000 0.000000e+00 0.000000e+00 0.0000000000 0.000000e+00 0.000000e+00 1.000000e-02 0.000000e+00 0.000000e+00 0.000000e+00 0.0000000000
   99    1      2      0    0      1      -1      -1   200 0.065000000 0.18500000 0.1400000 0.10000000 0.11500000 0.06500000 0.07000000 0.08500000 0.03000000 0.040000000 0.020000000 0.015000000 0.0350000000 0.0000000000 0.0050000000 5.000000e-03 0.000000e+00 0.0000000000 1.000000e-02 5.000000e-03 0.000000e+00 5.000000e-03 0.000000e+00 0.000000e+00 0.0050000000
  100    1      2      0    0      1      -1      -1   200 0.060000000 0.23500000 0.1250000 0.10000000 0.11500000 0.09500000 0.07000000 0.08500000 0.03000000 0.025000000 0.020000000 0.020000000 0.0100000000 0.0050000000 0.0050000000 0.000000e+00 0.000000e+00 0.0000000000 0.000000e+00 0.000000e+00 0.000000e+00 0.000000e+00 0.000000e+00 0.000000e+00 0.0000000000
0 #_N_MeanSize_at_Age_obs
0 #_N_environ_variables
0 #_N_environ_obs
0 #_N_sizefreq_methods
0 #_do_tags
0 #_morphcomp_data
#
999
