#C data file created using the SS_writedat function in the R package r4ss
#C should work with SS version: 
#C file write time: 2014-11-06 00:53:44
#
1 #_styr
100 #_endyr
1 #_nseas
12 #_months_per_seas
1 #_spawn_seas
1 #_Nfleet
2 #_Nsurveys
1 #_N_areas
Fishery%Survey%CPUE #_fleetnames
0.5 0.5 0.5 #_surveytiming_in_season
1 1 1 #_area_assignments_for_each_fishery_and_survey
1 #_units of catch:  1=bio; 2=num
0.01 #_se of log(catch) only used for init_eq_catch and for Fmethod 2 and 3
1 #_Ngenders
25 #_Nages
0 #_init_equil_catch_for_each_fishery
100 #_N_lines_of_catch_to_read
 #_Fishery year seas
         0    1    1
         0    2    1
         0    3    1
         0    4    1
         0    5    1
         0    6    1
         0    7    1
         0    8    1
         0    9    1
         0   10    1
         0   11    1
         0   12    1
         0   13    1
         0   14    1
         0   15    1
         0   16    1
         0   17    1
         0   18    1
         0   19    1
         0   20    1
         0   21    1
         0   22    1
         0   23    1
         0   24    1
         0   25    1
 256579000   26    1
 242163000   27    1
 227745000   28    1
 215696000   29    1
 206572000   30    1
 201031000   31    1
 200270000   32    1
 196722000   33    1
 191803000   34    1
 187525000   35    1
 189355000   36    1
 191677000   37    1
 194453000   38    1
 193520000   39    1
 190824000   40    1
 188950000   41    1
 184686000   42    1
 180115000   43    1
 173844000   44    1
 167316000   45    1
 162401000   46    1
 156881000   47    1
 154779000   48    1
 157174000   49    1
 160718000   50    1
 166760000   51    1
 172355000   52    1
 172816000   53    1
 171932000   54    1
 172227000   55    1
 172091000   56    1
 169248000   57    1
 165522000   58    1
 157778000   59    1
 151170000   60    1
 147854000   61    1
 145587000   62    1
 140427000   63    1
 137883000   64    1
 139393000   65    1
 138734000   66    1
 138241000   67    1
 138210000   68    1
 141046000   69    1
 144937000   70    1
 145753000   71    1
 144285000   72    1
 141505000   73    1
 139805000   74    1
 144927000   75    1
 154098000   76    1
 158977000   77    1
 162072000   78    1
 163831000   79    1
 163747000   80    1
 162056000   81    1
 158085000   82    1
 156775000   83    1
 163006000   84    1
 168543000   85    1
 170066000   86    1
 168945000   87    1
 166605000   88    1
 164775000   89    1
 159729000   90    1
 156277000   91    1
 155045000   92    1
 155603000   93    1
 155679000   94    1
 157323000   95    1
 164929000   96    1
 177760000   97    1
 193791000   98    1
 206427000   99    1
 216205000  100    1
13 #_N_cpue
 #_Fleet Units Errtype
       1     1       0
       2     1       0
       3     1       0
 #_year seas index        obs se_log
     76    1     2 2830447513    0.2
     78    1     2 2744059466    0.2
     80    1     2 1872211168    0.2
     82    1     2 2131780672    0.2
     84    1     2 1809012505    0.2
     86    1     2 1591877091    0.2
     88    1     2 2813622275    0.2
     90    1     2 3038680470    0.2
     92    1     2 2601278772    0.2
     94    1     2 2041114634    0.2
     96    1     2 1978137485    0.2
     98    1     2 2074968949    0.2
    100    1     2 3602721174    0.2
0 #_N_discard_fleets
#_discard_units (1=same_as_catchunits(bio/num); 2=fraction; 3=numbers)
#_discard_errtype:  >0 for DF of T-dist(read CV below); 0 for normal with CV; -1 for normal with se; -2 for lognormal
0 #_N_discard
0 #_N_meanbodywt
1 #_DF_for_meanbodywt_T-distribution_like
2 # length bin method: 1=use databins; 2=generate from binwidth,min,max below; 3=read vector
1 # binwidth for population size comp
10 # minimum size in the population (lower edge of first bin and size at age 0.00)
200 # maximum size in the population (lower edge of last bin)
-0.001 #_comp_tail_compression
1e-05 #_add_to_comp
0 #_combine males into females at or below this bin number
21 #_N_lbins
#_lbin_vector
10 53 70 83 94 101 107 111 114 117 120 123 125 127 130 132 135 138 142 148 200
0 #_N_Length_comp_observations
25 #_N_agebins
#_agebin_vector
1 2 3 4 5 6 7 8 9 10 11 12 13 14 15 16 17 18 19 20 21 22 23 24 25
1 #_N_ageerror_definitions
 #_age0   age1   age2   age3   age4   age5   age6   age7   age8   age9  age10  age11  age12  age13  age14  age15  age16  age17  age18  age19  age20  age21  age22  age23  age24  age25
 -1.000 -1.000 -1.000 -1.000 -1.000 -1.000 -1.000 -1.000 -1.000 -1.000 -1.000 -1.000 -1.000 -1.000 -1.000 -1.000 -1.000 -1.000 -1.000 -1.000 -1.000 -1.000 -1.000 -1.000 -1.000 -1.000
  0.001  0.001  0.001  0.001  0.001  0.001  0.001  0.001  0.001  0.001  0.001  0.001  0.001  0.001  0.001  0.001  0.001  0.001  0.001  0.001  0.001  0.001  0.001  0.001  0.001  0.001
22 #_N_agecomp
1 #_Lbin_method: 1=poplenbins; 2=datalenbins; 3=lengths
-1 #_combine males into females at or below this bin number
 #_Yr Seas FltSvy Gender Part Ageerr Lbin_lo Lbin_hi Nsamp           a1         a2         a3         a4         a5         a6         a7          a8          a9         a10        a11          a12         a13          a14          a15          a16          a17          a18          a19          a20          a21          a22          a23          a24          a25
   50    1      1      0    0      1      -1      -1    50 0.0058302073 0.33294180 0.17559140 0.16691676 0.07188428 0.06688818 0.05514306 0.007675384 0.010987567 0.006862067 0.03250090 0.0088647798 0.014163892 0.0254824334 3.782032e-03 1.113292e-05 4.554303e-05 1.800683e-07 1.388258e-02 3.820311e-05 2.495592e-08 4.498773e-10 5.074763e-04 1.413686e-09 9.766861e-08
   55    1      1      0    0      1      -1      -1    50 0.0074014345 0.21350554 0.13215566 0.17700634 0.11238292 0.12670969 0.04668067 0.050858979 0.078133275 0.007554712 0.03655572 0.0022031855 0.001092009 0.0015117523 5.268356e-09 3.806350e-04 1.561735e-03 2.632961e-08 4.004838e-03 1.723970e-04 1.257815e-05 7.035478e-12 2.839038e-11 1.260898e-18 1.158900e-04
   60    1      1      0    0      1      -1      -1    50 0.0512871278 0.17246069 0.10126857 0.04595052 0.25387562 0.02134029 0.09047647 0.034830513 0.099116749 0.011684018 0.04906453 0.0121087230 0.005646941 0.0360772304 3.227402e-06 1.975347e-05 1.015598e-02 4.590130e-03 4.141253e-05 1.029335e-07 9.290927e-10 2.238596e-09 1.743048e-77 4.736183e-43 1.402171e-06
   65    1      1      0    0      1      -1      -1    50 0.0005488035 0.11382456 0.27155255 0.04629367 0.10659178 0.12934060 0.05579398 0.039878166 0.010795080 0.100471513 0.04186969 0.0227840801 0.038351092 0.0057008226 2.840138e-05 2.897446e-05 3.621310e-09 3.726431e-09 2.882167e-08 1.614379e-02 4.398142e-17 5.775361e-10 4.424908e-14 3.071778e-15 2.414686e-06
   70    1      1      0    0      1      -1      -1    50 0.0017881618 0.18006474 0.26896812 0.14461793 0.09014153 0.06183112 0.04419124 0.072341647 0.002005138 0.024936525 0.04293189 0.0360826494 0.006431960 0.0035652506 1.835029e-03 1.468920e-04 1.102275e-02 2.424071e-03 1.719335e-11 1.807233e-03 2.058483e-04 1.034030e-05 2.647300e-03 2.598300e-06 2.622761e-08
   75    1      1      0    0      1      -1      -1    50 0.0036621588 0.25836436 0.18727425 0.06529825 0.08349383 0.13170724 0.06163327 0.046410362 0.024912020 0.061419826 0.02750892 0.0005947566 0.031413725 0.0036184138 7.232297e-04 2.227262e-03 2.670604e-04 9.773286e-08 5.144555e-05 7.203165e-04 6.759735e-08 1.737664e-04 9.237875e-21 8.317004e-07 8.524531e-03
   80    1      1      0    0      1      -1      -1    50 0.0150264801 0.13818461 0.07633452 0.23516682 0.14752829 0.08110264 0.18605735 0.015722558 0.026690144 0.020852527 0.01856048 0.0058464750 0.007820590 0.0009560176 1.651811e-02 2.009944e-03 1.802808e-08 2.166511e-03 2.873100e-09 6.655600e-05 2.386926e-03 1.820776e-09 2.027243e-12 9.972767e-09 1.002425e-03
   85    1      1      0    0      1      -1      -1    50 0.0044534582 0.07127575 0.22099108 0.29598750 0.05013398 0.14747660 0.01485529 0.074603875 0.035461387 0.019685896 0.00457406 0.0261154747 0.001470672 0.0025610769 1.947354e-03 1.840329e-04 5.394985e-04 2.516435e-02 3.187006e-04 3.247497e-08 1.213979e-05 2.605709e-50 2.056162e-03 1.128306e-56 1.316298e-04
   90    1      1      0    0      1      -1      -1    50 0.0138868390 0.17171331 0.04750827 0.29248072 0.06976856 0.13546315 0.03852693 0.074175666 0.064790924 0.007311117 0.04676292 0.0044227615 0.002837737 0.0012987454 1.797674e-04 3.665235e-04 2.837244e-02 1.259780e-04 1.341607e-16 3.334269e-19 5.921660e-27 1.908466e-07 1.317979e-18 1.221423e-06 6.240081e-06
   95    1      1      0    0      1      -1      -1    50 0.0024763267 0.27698124 0.07835193 0.19089808 0.18815714 0.14577531 0.01713081 0.024379284 0.023376555 0.003083275 0.02164264 0.0069235936 0.002848420 0.0045788759 7.519142e-04 1.254066e-02 4.606577e-05 1.339206e-05 4.449477e-05 1.328934e-09 1.744223e-12 1.449180e-09 1.292430e-11 1.003560e-19 1.808374e-10
  100    1      1      0    0      1      -1      -1    50 0.0248438475 0.24174727 0.10863472 0.12471356 0.30950107 0.05862213 0.03427026 0.014330745 0.023937220 0.030646779 0.01140811 0.0004785185 0.003222745 0.0067675144 1.409069e-05 2.151430e-03 1.057691e-06 7.478435e-06 4.694655e-03 5.085622e-15 2.413972e-29 9.123512e-07 2.496842e-18 2.838628e-08 5.848397e-06
   50    1      2      0    0      1      -1      -1    50 0.0600000000 0.32000000 0.30000000 0.14000000 0.04000000 0.02000000 0.04000000 0.000000000 0.020000000 0.020000000 0.00000000 0.0200000000 0.000000000 0.0200000000 0.000000e+00 0.000000e+00 0.000000e+00 0.000000e+00 0.000000e+00 0.000000e+00 0.000000e+00 0.000000e+00 0.000000e+00 0.000000e+00 0.000000e+00
   55    1      2      0    0      1      -1      -1    50 0.0200000000 0.40000000 0.12000000 0.02000000 0.08000000 0.12000000 0.02000000 0.040000000 0.060000000 0.000000000 0.02000000 0.0400000000 0.000000000 0.0000000000 0.000000e+00 2.000000e-02 0.000000e+00 0.000000e+00 2.000000e-02 2.000000e-02 0.000000e+00 0.000000e+00 0.000000e+00 0.000000e+00 0.000000e+00
   60    1      2      0    0      1      -1      -1    50 0.0600000000 0.36000000 0.12000000 0.02000000 0.06000000 0.06000000 0.12000000 0.080000000 0.000000000 0.020000000 0.02000000 0.0200000000 0.020000000 0.0000000000 0.000000e+00 2.000000e-02 0.000000e+00 0.000000e+00 0.000000e+00 0.000000e+00 0.000000e+00 0.000000e+00 0.000000e+00 0.000000e+00 2.000000e-02
   65    1      2      0    0      1      -1      -1    50 0.0200000000 0.14000000 0.28000000 0.02000000 0.18000000 0.08000000 0.12000000 0.020000000 0.040000000 0.040000000 0.00000000 0.0200000000 0.000000000 0.0000000000 0.000000e+00 2.000000e-02 0.000000e+00 2.000000e-02 0.000000e+00 0.000000e+00 0.000000e+00 0.000000e+00 0.000000e+00 0.000000e+00 0.000000e+00
   70    1      2      0    0      1      -1      -1    50 0.0000000000 0.16000000 0.30000000 0.16000000 0.10000000 0.06000000 0.06000000 0.060000000 0.000000000 0.000000000 0.04000000 0.0000000000 0.000000000 0.0000000000 2.000000e-02 0.000000e+00 2.000000e-02 0.000000e+00 0.000000e+00 2.000000e-02 0.000000e+00 0.000000e+00 0.000000e+00 0.000000e+00 0.000000e+00
   75    1      2      0    0      1      -1      -1    50 0.0600000000 0.30000000 0.16000000 0.06000000 0.08000000 0.06000000 0.10000000 0.020000000 0.080000000 0.020000000 0.04000000 0.0000000000 0.020000000 0.0000000000 0.000000e+00 0.000000e+00 0.000000e+00 0.000000e+00 0.000000e+00 0.000000e+00 0.000000e+00 0.000000e+00 0.000000e+00 0.000000e+00 0.000000e+00
   80    1      2      0    0      1      -1      -1    50 0.0400000000 0.12000000 0.18000000 0.16000000 0.10000000 0.10000000 0.06000000 0.060000000 0.060000000 0.020000000 0.00000000 0.0200000000 0.020000000 0.0200000000 2.000000e-02 0.000000e+00 0.000000e+00 2.000000e-02 0.000000e+00 0.000000e+00 0.000000e+00 0.000000e+00 0.000000e+00 0.000000e+00 0.000000e+00
   85    1      2      0    0      1      -1      -1    50 0.0600000000 0.08000000 0.26000000 0.16000000 0.02000000 0.12000000 0.10000000 0.100000000 0.020000000 0.040000000 0.00000000 0.0000000000 0.000000000 0.0200000000 2.000000e-02 0.000000e+00 0.000000e+00 0.000000e+00 0.000000e+00 0.000000e+00 0.000000e+00 0.000000e+00 0.000000e+00 0.000000e+00 0.000000e+00
   90    1      2      0    0      1      -1      -1    50 0.0000000000 0.16000000 0.12000000 0.28000000 0.04000000 0.06000000 0.02000000 0.040000000 0.100000000 0.080000000 0.02000000 0.0200000000 0.020000000 0.0200000000 0.000000e+00 0.000000e+00 0.000000e+00 0.000000e+00 0.000000e+00 0.000000e+00 0.000000e+00 0.000000e+00 2.000000e-02 0.000000e+00 0.000000e+00
   95    1      2      0    0      1      -1      -1    50 0.0800000000 0.30000000 0.12000000 0.10000000 0.14000000 0.04000000 0.00000000 0.020000000 0.100000000 0.000000000 0.02000000 0.0000000000 0.020000000 0.0000000000 2.000000e-02 2.000000e-02 0.000000e+00 0.000000e+00 0.000000e+00 0.000000e+00 2.000000e-02 0.000000e+00 0.000000e+00 0.000000e+00 0.000000e+00
  100    1      2      0    0      1      -1      -1    50 0.0200000000 0.16000000 0.24000000 0.10000000 0.14000000 0.20000000 0.04000000 0.000000000 0.020000000 0.020000000 0.00000000 0.0200000000 0.020000000 0.0200000000 0.000000e+00 0.000000e+00 0.000000e+00 0.000000e+00 0.000000e+00 0.000000e+00 0.000000e+00 0.000000e+00 0.000000e+00 0.000000e+00 0.000000e+00
0 #_N_MeanSize_at_Age_obs
0 #_N_environ_variables
0 #_N_environ_obs
0 #_N_sizefreq_methods
0 #_do_tags
0 #_morphcomp_data
#
999
