#C data file created using the SS_writedat function in the R package r4ss
#C should work with SS version: 
#C file write time: 2014-11-06 00:45:22
#
1 #_styr
100 #_endyr
1 #_nseas
12 #_months_per_seas
1 #_spawn_seas
1 #_Nfleet
2 #_Nsurveys
1 #_N_areas
Fishery%Survey%CPUE #_fleetnames
0.5 0.5 0.5 #_surveytiming_in_season
1 1 1 #_area_assignments_for_each_fishery_and_survey
1 #_units of catch:  1=bio; 2=num
0.01 #_se of log(catch) only used for init_eq_catch and for Fmethod 2 and 3
1 #_Ngenders
25 #_Nages
0 #_init_equil_catch_for_each_fishery
100 #_N_lines_of_catch_to_read
 #_Fishery year seas
         0    1    1
         0    2    1
         0    3    1
         0    4    1
         0    5    1
         0    6    1
         0    7    1
         0    8    1
         0    9    1
         0   10    1
         0   11    1
         0   12    1
         0   13    1
         0   14    1
         0   15    1
         0   16    1
         0   17    1
         0   18    1
         0   19    1
         0   20    1
         0   21    1
         0   22    1
         0   23    1
         0   24    1
         0   25    1
 264739000   26    1
 250119000   27    1
 234767000   28    1
 217566000   29    1
 199013000   30    1
 185518000   31    1
 180072000   32    1
 180289000   33    1
 182455000   34    1
 183575000   35    1
 185913000   36    1
 190225000   37    1
 190183000   38    1
 186367000   39    1
 178945000   40    1
 172080000   41    1
 168001000   42    1
 166381000   43    1
 164294000   44    1
 160985000   45    1
 154732000   46    1
 146991000   47    1
 139632000   48    1
 132686000   49    1
 124697000   50    1
 119589000   51    1
 117474000   52    1
 115779000   53    1
 114893000   54    1
 117620000   55    1
 121411000   56    1
 123632000   57    1
 123149000   58    1
 119919000   59    1
 118132000   60    1
 118702000   61    1
 120271000   62    1
 122176000   63    1
 120608000   64    1
 118820000   65    1
 116977000   66    1
 116569000   67    1
 119326000   68    1
 123223000   69    1
 128871000   70    1
 135258000   71    1
 138388000   72    1
 137874000   73    1
 136504000   74    1
 133757000   75    1
 129841000   76    1
 127898000   77    1
 130704000   78    1
 138617000   79    1
 146952000   80    1
 152666000   81    1
 158892000   82    1
 162492000   83    1
 164097000   84    1
 167774000   85    1
 167015000   86    1
 163136000   87    1
 161397000   88    1
 167364000   89    1
 170690000   90    1
 171430000   91    1
 174578000   92    1
 178344000   93    1
 179144000   94    1
 185830000   95    1
 192593000   96    1
 192509000   97    1
 187683000   98    1
 183039000   99    1
 180168000  100    1
13 #_N_cpue
 #_Fleet Units Errtype
       1     1       0
       2     1       0
       3     1       0
 #_year seas index        obs se_log
     76    1     2 1171027960    0.2
     78    1     2 2556132992    0.2
     80    1     2 2225150763    0.2
     82    1     2 1653630157    0.2
     84    1     2 2191605512    0.2
     86    1     2 2269570635    0.2
     88    1     2 1672701269    0.2
     90    1     2 1938024497    0.2
     92    1     2 1775640482    0.2
     94    1     2 2236239719    0.2
     96    1     2 2031857005    0.2
     98    1     2 4039057976    0.2
    100    1     2 2206999752    0.2
0 #_N_discard_fleets
#_discard_units (1=same_as_catchunits(bio/num); 2=fraction; 3=numbers)
#_discard_errtype:  >0 for DF of T-dist(read CV below); 0 for normal with CV; -1 for normal with se; -2 for lognormal
0 #_N_discard
0 #_N_meanbodywt
1 #_DF_for_meanbodywt_T-distribution_like
2 # length bin method: 1=use databins; 2=generate from binwidth,min,max below; 3=read vector
1 # binwidth for population size comp
10 # minimum size in the population (lower edge of first bin and size at age 0.00)
200 # maximum size in the population (lower edge of last bin)
-0.001 #_comp_tail_compression
1e-05 #_add_to_comp
0 #_combine males into females at or below this bin number
21 #_N_lbins
#_lbin_vector
10 53 70 83 94 101 107 111 114 117 120 123 125 127 130 132 135 138 142 148 200
0 #_N_Length_comp_observations
25 #_N_agebins
#_agebin_vector
1 2 3 4 5 6 7 8 9 10 11 12 13 14 15 16 17 18 19 20 21 22 23 24 25
1 #_N_ageerror_definitions
 #_age0   age1   age2   age3   age4   age5   age6   age7   age8   age9  age10  age11  age12  age13  age14  age15  age16  age17  age18  age19  age20  age21  age22  age23  age24  age25
 -1.000 -1.000 -1.000 -1.000 -1.000 -1.000 -1.000 -1.000 -1.000 -1.000 -1.000 -1.000 -1.000 -1.000 -1.000 -1.000 -1.000 -1.000 -1.000 -1.000 -1.000 -1.000 -1.000 -1.000 -1.000 -1.000
  0.001  0.001  0.001  0.001  0.001  0.001  0.001  0.001  0.001  0.001  0.001  0.001  0.001  0.001  0.001  0.001  0.001  0.001  0.001  0.001  0.001  0.001  0.001  0.001  0.001  0.001
22 #_N_agecomp
1 #_Lbin_method: 1=poplenbins; 2=datalenbins; 3=lengths
-1 #_combine males into females at or below this bin number
 #_Yr Seas FltSvy Gender Part Ageerr Lbin_lo Lbin_hi Nsamp          a1         a2         a3         a4         a5         a6          a7          a8          a9          a10         a11         a12          a13          a14          a15          a16          a17          a18          a19          a20          a21          a22          a23          a24          a25
   50    1      1      0    0      1      -1      -1    50 0.026510660 0.13451764 0.06303644 0.27301817 0.03847160 0.03971166 0.047345998 0.045212774 0.051161102 0.0478892020 0.060676788 0.013788128 0.0204592787 5.958384e-03 1.542936e-02 3.591765e-02 9.573013e-03 6.673257e-02 3.104427e-04 1.587846e-03 2.302653e-04 5.360115e-08 2.681403e-05 1.393051e-04 2.294857e-03
   55    1      1      0    0      1      -1      -1    50 0.044742907 0.19292509 0.29323536 0.03741211 0.18075010 0.04436675 0.051562092 0.012181831 0.014957892 0.0263343428 0.011540931 0.043831220 0.0029263567 7.134333e-03 3.146198e-03 2.165622e-02 4.819854e-04 3.067437e-12 1.077819e-03 3.280518e-04 2.627896e-03 1.897891e-22 2.429576e-04 6.521451e-03 1.610386e-05
   60    1      1      0    0      1      -1      -1    50 0.035320389 0.24528153 0.13644362 0.09615583 0.09052106 0.03633715 0.089621634 0.062679480 0.025362642 0.1031533443 0.008074994 0.013434141 0.0336914018 7.282490e-03 3.667385e-04 3.016627e-04 9.128766e-07 1.102737e-02 2.798248e-04 2.503404e-07 5.108544e-05 4.610905e-03 5.405402e-17 3.471705e-07 1.194529e-06
   65    1      1      0    0      1      -1      -1    50 0.022799034 0.08590697 0.19765113 0.08021567 0.12824022 0.09806489 0.130177521 0.063276462 0.001376378 0.0368769819 0.001884572 0.035407608 0.0046651949 5.120898e-03 5.894367e-02 1.558026e-02 1.260734e-03 9.023333e-08 1.929935e-04 1.260295e-09 6.471186e-23 3.235872e-02 1.575855e-22 1.769481e-18 1.638471e-14
   70    1      1      0    0      1      -1      -1    50 0.001162067 0.19302809 0.27539551 0.20956656 0.05365044 0.08810839 0.057335129 0.008027231 0.037902829 0.0413424682 0.016867445 0.003687309 0.0037337710 3.243851e-03 6.244504e-04 2.644455e-03 1.207495e-03 7.794421e-13 1.613558e-06 2.450260e-03 2.062166e-05 3.995478e-11 7.546533e-27 2.651918e-28 4.923594e-11
   75    1      1      0    0      1      -1      -1    50 0.029317094 0.17443177 0.18694416 0.07892133 0.01920609 0.15950574 0.075331932 0.088515686 0.088575757 0.0090964322 0.011727898 0.012933881 0.0018916521 2.391509e-02 3.519112e-02 2.057709e-03 1.868165e-03 7.263420e-05 6.315608e-08 1.920023e-06 1.647757e-13 5.900145e-05 5.188099e-08 4.280533e-04 6.777090e-06
   80    1      1      0    0      1      -1      -1    50 0.002135158 0.05843529 0.30733491 0.21938882 0.18444263 0.05697933 0.025735143 0.068778158 0.015206185 0.0002588495 0.014760302 0.002278895 0.0011137943 4.700968e-03 4.895203e-04 1.357052e-04 1.669489e-05 6.342075e-09 7.420587e-07 1.045393e-02 2.735106e-02 2.763345e-08 1.663175e-11 1.325746e-32 3.885113e-06
   85    1      1      0    0      1      -1      -1    50 0.004771677 0.14347610 0.28945045 0.07832941 0.14127562 0.10539752 0.052117355 0.071934395 0.030002030 0.0371621563 0.019594871 0.014713375 0.0009716929 4.198487e-06 9.738988e-03 9.437585e-07 8.551858e-04 2.180924e-07 7.177106e-06 1.587366e-11 1.722708e-04 3.219074e-06 1.041136e-11 2.296399e-97 2.114150e-05
   90    1      1      0    0      1      -1      -1    50 0.002784855 0.15516061 0.13455834 0.28726349 0.11292814 0.04155483 0.049352724 0.036453714 0.049523240 0.0226597624 0.006961966 0.093976675 0.0006485443 1.801875e-03 2.910177e-03 4.383133e-07 2.569191e-09 3.746934e-07 6.845037e-10 1.438932e-09 3.300423e-11 1.346499e-03 2.608065e-05 6.673737e-10 8.766528e-05
   95    1      1      0    0      1      -1      -1    50 0.005362859 0.25910285 0.19196403 0.06920514 0.16695594 0.02041932 0.007207943 0.084638886 0.070602843 0.0151854791 0.036586121 0.004113527 0.0132006200 7.117743e-03 1.046974e-03 7.159737e-03 1.457650e-04 3.734235e-02 6.916012e-06 4.607072e-05 3.066272e-08 3.525511e-12 3.482003e-13 5.912014e-17 2.588858e-03
  100    1      1      0    0      1      -1      -1    50 0.001148207 0.07713242 0.35565885 0.12687496 0.04829906 0.12367110 0.099911121 0.067018358 0.003257634 0.0360778773 0.025264445 0.019503614 0.0001826123 5.224458e-03 9.766701e-08 5.034025e-03 2.281000e-06 3.824788e-05 1.694375e-05 5.208503e-03 4.242600e-04 5.092813e-05 8.127736e-13 4.575840e-13 6.622759e-11
   50    1      2      0    0      1      -1      -1    50 0.040000000 0.14000000 0.04000000 0.20000000 0.10000000 0.08000000 0.060000000 0.060000000 0.020000000 0.0600000000 0.100000000 0.000000000 0.0200000000 2.000000e-02 0.000000e+00 0.000000e+00 2.000000e-02 0.000000e+00 2.000000e-02 2.000000e-02 0.000000e+00 0.000000e+00 0.000000e+00 0.000000e+00 0.000000e+00
   55    1      2      0    0      1      -1      -1    50 0.020000000 0.22000000 0.20000000 0.16000000 0.08000000 0.14000000 0.040000000 0.020000000 0.040000000 0.0200000000 0.000000000 0.000000000 0.0200000000 0.000000e+00 4.000000e-02 0.000000e+00 0.000000e+00 0.000000e+00 0.000000e+00 0.000000e+00 0.000000e+00 0.000000e+00 0.000000e+00 0.000000e+00 0.000000e+00
   60    1      2      0    0      1      -1      -1    50 0.080000000 0.28000000 0.10000000 0.08000000 0.16000000 0.06000000 0.040000000 0.080000000 0.020000000 0.0600000000 0.040000000 0.000000000 0.0000000000 0.000000e+00 0.000000e+00 0.000000e+00 0.000000e+00 0.000000e+00 0.000000e+00 0.000000e+00 0.000000e+00 0.000000e+00 0.000000e+00 0.000000e+00 0.000000e+00
   65    1      2      0    0      1      -1      -1    50 0.060000000 0.18000000 0.04000000 0.12000000 0.22000000 0.08000000 0.060000000 0.080000000 0.020000000 0.0600000000 0.040000000 0.000000000 0.0200000000 0.000000e+00 0.000000e+00 0.000000e+00 0.000000e+00 0.000000e+00 0.000000e+00 2.000000e-02 0.000000e+00 0.000000e+00 0.000000e+00 0.000000e+00 0.000000e+00
   70    1      2      0    0      1      -1      -1    50 0.040000000 0.26000000 0.16000000 0.16000000 0.12000000 0.06000000 0.080000000 0.000000000 0.040000000 0.0600000000 0.000000000 0.000000000 0.0000000000 0.000000e+00 0.000000e+00 0.000000e+00 0.000000e+00 2.000000e-02 0.000000e+00 0.000000e+00 0.000000e+00 0.000000e+00 0.000000e+00 0.000000e+00 0.000000e+00
   75    1      2      0    0      1      -1      -1    50 0.060000000 0.18000000 0.18000000 0.14000000 0.00000000 0.04000000 0.080000000 0.100000000 0.060000000 0.0200000000 0.040000000 0.020000000 0.0000000000 0.000000e+00 2.000000e-02 2.000000e-02 0.000000e+00 0.000000e+00 0.000000e+00 0.000000e+00 0.000000e+00 4.000000e-02 0.000000e+00 0.000000e+00 0.000000e+00
   80    1      2      0    0      1      -1      -1    50 0.040000000 0.10000000 0.36000000 0.24000000 0.08000000 0.02000000 0.040000000 0.060000000 0.000000000 0.0000000000 0.000000000 0.040000000 0.0000000000 0.000000e+00 0.000000e+00 0.000000e+00 2.000000e-02 0.000000e+00 0.000000e+00 0.000000e+00 0.000000e+00 0.000000e+00 0.000000e+00 0.000000e+00 0.000000e+00
   85    1      2      0    0      1      -1      -1    50 0.040000000 0.26000000 0.30000000 0.04000000 0.04000000 0.08000000 0.000000000 0.040000000 0.080000000 0.0400000000 0.000000000 0.020000000 0.0200000000 2.000000e-02 2.000000e-02 0.000000e+00 0.000000e+00 0.000000e+00 0.000000e+00 0.000000e+00 0.000000e+00 0.000000e+00 0.000000e+00 0.000000e+00 0.000000e+00
   90    1      2      0    0      1      -1      -1    50 0.040000000 0.06000000 0.22000000 0.38000000 0.06000000 0.04000000 0.040000000 0.040000000 0.020000000 0.0400000000 0.020000000 0.000000000 0.0200000000 0.000000e+00 0.000000e+00 0.000000e+00 0.000000e+00 0.000000e+00 0.000000e+00 0.000000e+00 0.000000e+00 2.000000e-02 0.000000e+00 0.000000e+00 0.000000e+00
   95    1      2      0    0      1      -1      -1    50 0.000000000 0.30000000 0.16000000 0.06000000 0.20000000 0.08000000 0.040000000 0.040000000 0.060000000 0.0000000000 0.000000000 0.020000000 0.0400000000 0.000000e+00 0.000000e+00 0.000000e+00 0.000000e+00 0.000000e+00 0.000000e+00 0.000000e+00 0.000000e+00 0.000000e+00 0.000000e+00 0.000000e+00 0.000000e+00
  100    1      2      0    0      1      -1      -1    50 0.020000000 0.22000000 0.30000000 0.12000000 0.06000000 0.06000000 0.060000000 0.060000000 0.020000000 0.0400000000 0.000000000 0.000000000 0.0200000000 0.000000e+00 0.000000e+00 2.000000e-02 0.000000e+00 0.000000e+00 0.000000e+00 0.000000e+00 0.000000e+00 0.000000e+00 0.000000e+00 0.000000e+00 0.000000e+00
0 #_N_MeanSize_at_Age_obs
0 #_N_environ_variables
0 #_N_environ_obs
0 #_N_sizefreq_methods
0 #_do_tags
0 #_morphcomp_data
#
999
