#C data file created using the SS_writedat function in the R package r4ss
#C should work with SS version: 
#C file write time: 2014-11-06 00:19:14
#
1 #_styr
100 #_endyr
1 #_nseas
12 #_months_per_seas
1 #_spawn_seas
1 #_Nfleet
2 #_Nsurveys
1 #_N_areas
Fishery%Survey%CPUE #_fleetnames
0.5 0.5 0.5 #_surveytiming_in_season
1 1 1 #_area_assignments_for_each_fishery_and_survey
1 #_units of catch:  1=bio; 2=num
0.01 #_se of log(catch) only used for init_eq_catch and for Fmethod 2 and 3
1 #_Ngenders
25 #_Nages
0 #_init_equil_catch_for_each_fishery
100 #_N_lines_of_catch_to_read
 #_Fishery year seas
         0    1    1
         0    2    1
         0    3    1
         0    4    1
         0    5    1
         0    6    1
         0    7    1
         0    8    1
         0    9    1
         0   10    1
         0   11    1
         0   12    1
         0   13    1
         0   14    1
         0   15    1
         0   16    1
         0   17    1
         0   18    1
         0   19    1
         0   20    1
         0   21    1
         0   22    1
         0   23    1
         0   24    1
         0   25    1
 276190000   26    1
 258170000   27    1
 238909000   28    1
 220887000   29    1
 205167000   30    1
 192771000   31    1
 181448000   32    1
 173837000   33    1
 171822000   34    1
 169556000   35    1
 167315000   36    1
 162963000   37    1
 155603000   38    1
 148821000   39    1
 144086000   40    1
 142049000   41    1
 144537000   42    1
 149104000   43    1
 155963000   44    1
 159799000   45    1
 158642000   46    1
 155715000   47    1
 151470000   48    1
 146701000   49    1
 140939000   50    1
 134585000   51    1
 130817000   52    1
 131071000   53    1
 130851000   54    1
 129337000   55    1
 128903000   56    1
 128024000   57    1
 132733000   58    1
 144244000   59    1
 150950000   60    1
 159033000   61    1
 166535000   62    1
 168441000   63    1
 169847000   64    1
 172613000   65    1
 171454000   66    1
 167589000   67    1
 161951000   68    1
 156971000   69    1
 154873000   70    1
 153089000   71    1
 153107000   72    1
 151953000   73    1
 150432000   74    1
 148801000   75    1
 152935000   76    1
 161769000   77    1
 168420000   78    1
 172860000   79    1
 171298000   80    1
 168414000   81    1
 164288000   82    1
 157392000   83    1
 151015000   84    1
 145102000   85    1
 144124000   86    1
 143695000   87    1
 141347000   88    1
 138596000   89    1
 136289000   90    1
 135855000   91    1
 137067000   92    1
 136926000   93    1
 134254000   94    1
 130304000   95    1
 131168000   96    1
 137268000   97    1
 142454000   98    1
 144820000   99    1
 146300000  100    1
13 #_N_cpue
 #_Fleet Units Errtype
       1     1       0
       2     1       0
       3     1       0
 #_year seas index        obs se_log
     76    1     2 1558004321    0.2
     78    1     2 2208038848    0.2
     80    1     2 2246096399    0.2
     82    1     2 2860336315    0.2
     84    1     2 1804645373    0.2
     86    1     2 1637602452    0.2
     88    1     2 2331193433    0.2
     90    1     2 2460066214    0.2
     92    1     2 2457386366    0.2
     94    1     2 2222575721    0.2
     96    1     2 2281230195    0.2
     98    1     2 2514167060    0.2
    100    1     2 1528578292    0.2
0 #_N_discard_fleets
#_discard_units (1=same_as_catchunits(bio/num); 2=fraction; 3=numbers)
#_discard_errtype:  >0 for DF of T-dist(read CV below); 0 for normal with CV; -1 for normal with se; -2 for lognormal
0 #_N_discard
0 #_N_meanbodywt
1 #_DF_for_meanbodywt_T-distribution_like
2 # length bin method: 1=use databins; 2=generate from binwidth,min,max below; 3=read vector
1 # binwidth for population size comp
10 # minimum size in the population (lower edge of first bin and size at age 0.00)
200 # maximum size in the population (lower edge of last bin)
-0.001 #_comp_tail_compression
1e-05 #_add_to_comp
0 #_combine males into females at or below this bin number
21 #_N_lbins
#_lbin_vector
10 53 70 83 94 101 107 111 114 117 120 123 125 127 130 132 135 138 142 148 200
0 #_N_Length_comp_observations
25 #_N_agebins
#_agebin_vector
1 2 3 4 5 6 7 8 9 10 11 12 13 14 15 16 17 18 19 20 21 22 23 24 25
1 #_N_ageerror_definitions
 #_age0   age1   age2   age3   age4   age5   age6   age7   age8   age9  age10  age11  age12  age13  age14  age15  age16  age17  age18  age19  age20  age21  age22  age23  age24  age25
 -1.000 -1.000 -1.000 -1.000 -1.000 -1.000 -1.000 -1.000 -1.000 -1.000 -1.000 -1.000 -1.000 -1.000 -1.000 -1.000 -1.000 -1.000 -1.000 -1.000 -1.000 -1.000 -1.000 -1.000 -1.000 -1.000
  0.001  0.001  0.001  0.001  0.001  0.001  0.001  0.001  0.001  0.001  0.001  0.001  0.001  0.001  0.001  0.001  0.001  0.001  0.001  0.001  0.001  0.001  0.001  0.001  0.001  0.001
34 #_N_agecomp
1 #_Lbin_method: 1=poplenbins; 2=datalenbins; 3=lengths
-1 #_combine males into females at or below this bin number
 #_Yr Seas FltSvy Gender Part Ageerr Lbin_lo Lbin_hi Nsamp         a1         a2        a3         a4         a5         a6         a7         a8         a9        a10         a11         a12         a13         a14          a15          a16          a17          a18          a19          a20          a21          a22          a23          a24          a25
   50    1      1      0    0      1      -1      -1   500 0.01162791 0.09411076 0.1792171 0.11593455 0.09261060 0.07856896 0.06689893 0.09956537 0.08836511 0.05742687 0.037056136 0.018362368 0.021274798 0.007358556 0.0057702258 0.0051809678 0.0079156015 3.954714e-03 0.0017869097 0.0022614663 8.694561e-04 7.218278e-04 4.493565e-05 1.500959e-06 3.114412e-03
   60    1      1      0    0      1      -1      -1   500 0.02485216 0.15737479 0.1325897 0.33216304 0.05501676 0.04793459 0.06437407 0.02482153 0.05674701 0.03188754 0.005068563 0.012769459 0.010217767 0.009353899 0.0039975240 0.0049083105 0.0003653842 6.898625e-03 0.0068142994 0.0040173165 5.700550e-03 6.382302e-04 6.617459e-04 1.961182e-04 6.309973e-04
   70    1      1      0    0      1      -1      -1   500 0.03494233 0.13409928 0.2726694 0.08648520 0.10164342 0.05288704 0.06265751 0.07228147 0.02447862 0.02690699 0.039409626 0.020702770 0.023712948 0.029896624 0.0030246855 0.0049984986 0.0009268644 3.836603e-04 0.0007868103 0.0008609528 1.796374e-03 6.483415e-04 9.869966e-06 6.891088e-04 3.101614e-03
   75    1      1      0    0      1      -1      -1   500 0.03769810 0.17999738 0.1441974 0.16021514 0.08860925 0.13671954 0.04893664 0.06558598 0.02144587 0.01771830 0.015193484 0.019372631 0.012679822 0.005621106 0.0115203707 0.0090391788 0.0079749433 1.630369e-03 0.0136806512 0.0001175327 6.147056e-04 2.643595e-04 1.097685e-03 3.420929e-05 3.536933e-05
   76    1      1      0    0      1      -1      -1   500 0.01330639 0.26400307 0.1978860 0.13011161 0.08775298 0.05186667 0.07374306 0.04470000 0.05289125 0.01329671 0.007285291 0.005888055 0.009010044 0.007736886 0.0052302023 0.0008865757 0.0086483443 7.724631e-03 0.0120100544 0.0049810949 5.661090e-05 4.568662e-10 2.464863e-06 3.711777e-06 9.783257e-04
   79    1      1      0    0      1      -1      -1   500 0.01896481 0.06703439 0.2643892 0.14129454 0.20378336 0.08665010 0.03613349 0.04222062 0.02711823 0.03289848 0.008895911 0.019767270 0.009275786 0.004076148 0.0003181517 0.0077894516 0.0056374994 9.026651e-05 0.0108444000 0.0097864649 6.798234e-04 4.830300e-04 9.632059e-04 2.562025e-05 8.797905e-04
   82    1      1      0    0      1      -1      -1   500 0.02218149 0.05921831 0.2602088 0.08382972 0.06020311 0.13339512 0.08682778 0.11287359 0.04668124 0.02851722 0.026560673 0.019608704 0.020293802 0.018061857 0.0077301329 0.0009018326 0.0008457150 8.353700e-05 0.0041855756 0.0036908029 7.490941e-04 3.147945e-03 8.336021e-05 4.062585e-07 1.202184e-04
   85    1      1      0    0      1      -1      -1   500 0.02203545 0.23012139 0.1083484 0.18229451 0.04616931 0.09734111 0.03657797 0.03356951 0.07838810 0.03097677 0.072123180 0.010607887 0.010497023 0.003635831 0.0094289294 0.0120931713 0.0046447265 2.116707e-03 0.0008793056 0.0001844361 3.280715e-05 7.545611e-05 7.892633e-04 3.507137e-03 3.561584e-03
   88    1      1      0    0      1      -1      -1   500 0.01369291 0.10900213 0.1520342 0.20875873 0.15837915 0.04536449 0.10572169 0.01791757 0.05604163 0.01932853 0.024206323 0.025542715 0.011223592 0.022156674 0.0103822796 0.0015599387 0.0043671807 5.185878e-03 0.0056563283 0.0012336920 4.361100e-04 6.456437e-04 9.404791e-04 5.354746e-06 2.168106e-04
   89    1      1      0    0      1      -1      -1   500 0.01080656 0.14183589 0.1508742 0.13169117 0.12912656 0.13555242 0.03809032 0.08743180 0.02295246 0.04753466 0.019223629 0.012583105 0.016018836 0.018099239 0.0098977363 0.0065886068 0.0023760066 7.372932e-03 0.0038101181 0.0024808816 2.888410e-04 5.462758e-04 1.976943e-03 2.458308e-05 2.816214e-03
   91    1      1      0    0      1      -1      -1   500 0.01106019 0.20334855 0.2119610 0.11415000 0.08350429 0.07565035 0.07067926 0.09520096 0.01207555 0.03505498 0.015656301 0.018601598 0.008834130 0.002471197 0.0223528157 0.0039133793 0.0030992355 4.726651e-03 0.0042767529 0.0004664705 2.280921e-03 1.956424e-04 5.927094e-07 1.077916e-05 4.283974e-04
   93    1      1      0    0      1      -1      -1   500 0.01202872 0.13252895 0.1895509 0.19005381 0.12817756 0.07223952 0.05387736 0.04166357 0.07003462 0.01895327 0.004958005 0.032325537 0.003338324 0.015228819 0.0027491145 0.0036347100 0.0062712869 5.897027e-03 0.0089451318 0.0037707469 1.955679e-03 2.008744e-04 4.021731e-04 2.323032e-05 1.191085e-03
   95    1      1      0    0      1      -1      -1   500 0.04029978 0.17224935 0.1106161 0.10973157 0.13132247 0.15118079 0.05382556 0.04223949 0.03378356 0.02400612 0.046189282 0.037758089 0.003943434 0.006930120 0.0043927604 0.0094261613 0.0052872029 2.046688e-03 0.0013740322 0.0028343435 6.028171e-03 5.356223e-04 1.009366e-05 3.468282e-04 3.642384e-03
   97    1      1      0    0      1      -1      -1   500 0.02415635 0.14917302 0.3636570 0.12922069 0.04144257 0.04660380 0.06109483 0.05322546 0.03349069 0.02846185 0.015180376 0.013873048 0.012485356 0.012600706 0.0034402377 0.0043689452 0.0005980903 3.224799e-03 0.0006353570 0.0006584465 7.745145e-04 3.270146e-04 1.108779e-03 1.415989e-05 1.839107e-04
   98    1      1      0    0      1      -1      -1   500 0.01202946 0.11776302 0.2406390 0.27825788 0.09095025 0.06018291 0.04777496 0.03374363 0.02508047 0.01809569 0.014374601 0.012298922 0.005548265 0.009311802 0.0112062798 0.0006983296 0.0102143618 1.011893e-03 0.0011625880 0.0017424078 3.459059e-04 2.164924e-05 1.229879e-03 4.231134e-03 2.084739e-03
   99    1      1      0    0      1      -1      -1   500 0.01443059 0.08734211 0.1650685 0.21527232 0.20333181 0.06731361 0.03558353 0.04044840 0.04124335 0.03401101 0.027031805 0.014780025 0.011148819 0.007192469 0.0087718679 0.0158418207 0.0009063462 2.666305e-03 0.0001027362 0.0025460075 1.784750e-03 1.936957e-04 8.317243e-04 7.713327e-06 2.148719e-03
  100    1      1      0    0      1      -1      -1   500 0.02488797 0.21552698 0.1006422 0.14010791 0.13618349 0.15758695 0.06259292 0.02339964 0.02931399 0.04105999 0.023324470 0.005025095 0.010228525 0.008100396 0.0043612677 0.0073215425 0.0040038519 2.127834e-04 0.0011479711 0.0000267945 3.993484e-04 2.378185e-06 3.659395e-04 3.080180e-04 3.869622e-03
   50    1      2      0    0      1      -1      -1   500 0.03800000 0.11800000 0.1520000 0.13200000 0.14400000 0.07800000 0.03600000 0.09000000 0.06800000 0.04000000 0.040000000 0.002000000 0.014000000 0.006000000 0.0080000000 0.0080000000 0.0080000000 1.000000e-02 0.0000000000 0.0020000000 0.000000e+00 0.000000e+00 0.000000e+00 0.000000e+00 6.000000e-03
   60    1      2      0    0      1      -1      -1   500 0.06200000 0.18200000 0.1300000 0.32000000 0.05600000 0.05000000 0.03800000 0.03400000 0.01800000 0.03800000 0.014000000 0.008000000 0.014000000 0.008000000 0.0060000000 0.0040000000 0.0060000000 2.000000e-03 0.0000000000 0.0020000000 4.000000e-03 2.000000e-03 2.000000e-03 0.000000e+00 0.000000e+00
   70    1      2      0    0      1      -1      -1   500 0.06200000 0.13400000 0.2820000 0.08000000 0.08600000 0.05800000 0.06600000 0.06000000 0.02800000 0.03000000 0.036000000 0.016000000 0.016000000 0.022000000 0.0080000000 0.0020000000 0.0040000000 4.000000e-03 0.0040000000 0.0000000000 2.000000e-03 0.000000e+00 0.000000e+00 0.000000e+00 0.000000e+00
   75    1      2      0    0      1      -1      -1   500 0.08800000 0.23200000 0.1100000 0.13200000 0.08800000 0.09800000 0.05400000 0.05000000 0.03800000 0.02200000 0.010000000 0.004000000 0.016000000 0.004000000 0.0060000000 0.0180000000 0.0060000000 0.000000e+00 0.0120000000 0.0000000000 6.000000e-03 0.000000e+00 4.000000e-03 0.000000e+00 2.000000e-03
   76    1      2      0    0      1      -1      -1   500 0.04600000 0.37000000 0.1540000 0.09400000 0.08000000 0.06000000 0.04800000 0.02000000 0.05600000 0.00600000 0.014000000 0.006000000 0.008000000 0.008000000 0.0020000000 0.0040000000 0.0100000000 2.000000e-03 0.0060000000 0.0020000000 0.000000e+00 4.000000e-03 0.000000e+00 0.000000e+00 0.000000e+00
   79    1      2      0    0      1      -1      -1   500 0.02200000 0.11400000 0.2240000 0.13000000 0.21800000 0.08400000 0.04600000 0.03800000 0.03400000 0.02000000 0.014000000 0.020000000 0.006000000 0.004000000 0.0060000000 0.0060000000 0.0040000000 4.000000e-03 0.0020000000 0.0020000000 2.000000e-03 0.000000e+00 0.000000e+00 0.000000e+00 0.000000e+00
   82    1      2      0    0      1      -1      -1   500 0.03600000 0.07600000 0.2500000 0.07200000 0.07600000 0.14600000 0.07200000 0.11600000 0.03000000 0.02400000 0.020000000 0.010000000 0.024000000 0.018000000 0.0060000000 0.0020000000 0.0020000000 6.000000e-03 0.0000000000 0.0080000000 0.000000e+00 2.000000e-03 2.000000e-03 0.000000e+00 2.000000e-03
   85    1      2      0    0      1      -1      -1   500 0.04000000 0.30000000 0.1160000 0.15600000 0.03200000 0.07800000 0.04600000 0.03400000 0.04600000 0.02600000 0.050000000 0.016000000 0.018000000 0.010000000 0.0040000000 0.0120000000 0.0000000000 4.000000e-03 0.0020000000 0.0040000000 0.000000e+00 0.000000e+00 6.000000e-03 0.000000e+00 0.000000e+00
   88    1      2      0    0      1      -1      -1   500 0.03800000 0.12200000 0.1260000 0.19000000 0.16800000 0.05000000 0.09000000 0.02000000 0.05200000 0.02600000 0.022000000 0.018000000 0.018000000 0.022000000 0.0140000000 0.0040000000 0.0080000000 0.000000e+00 0.0020000000 0.0000000000 2.000000e-03 2.000000e-03 2.000000e-03 2.000000e-03 2.000000e-03
   89    1      2      0    0      1      -1      -1   500 0.05000000 0.20600000 0.0980000 0.13200000 0.15000000 0.12600000 0.03600000 0.05800000 0.01600000 0.04000000 0.016000000 0.000000000 0.018000000 0.004000000 0.0240000000 0.0100000000 0.0040000000 2.000000e-03 0.0040000000 0.0040000000 0.000000e+00 0.000000e+00 0.000000e+00 0.000000e+00 2.000000e-03
   91    1      2      0    0      1      -1      -1   500 0.03800000 0.26200000 0.1580000 0.10400000 0.07200000 0.05400000 0.07600000 0.08400000 0.01800000 0.02400000 0.008000000 0.022000000 0.008000000 0.014000000 0.0200000000 0.0080000000 0.0160000000 6.000000e-03 0.0000000000 0.0020000000 0.000000e+00 4.000000e-03 0.000000e+00 2.000000e-03 0.000000e+00
   93    1      2      0    0      1      -1      -1   500 0.02800000 0.16200000 0.1800000 0.19800000 0.08600000 0.06600000 0.07000000 0.02600000 0.05000000 0.04800000 0.014000000 0.014000000 0.002000000 0.008000000 0.0120000000 0.0060000000 0.0040000000 4.000000e-03 0.0080000000 0.0080000000 2.000000e-03 2.000000e-03 0.000000e+00 0.000000e+00 2.000000e-03
   95    1      2      0    0      1      -1      -1   500 0.09400000 0.21800000 0.0780000 0.12800000 0.09200000 0.09800000 0.06400000 0.05400000 0.02400000 0.03200000 0.030000000 0.024000000 0.004000000 0.018000000 0.0040000000 0.0140000000 0.0000000000 4.000000e-03 0.0040000000 0.0020000000 6.000000e-03 2.000000e-03 2.000000e-03 0.000000e+00 4.000000e-03
   97    1      2      0    0      1      -1      -1   500 0.04400000 0.23200000 0.2760000 0.11400000 0.04800000 0.04600000 0.04600000 0.05800000 0.03600000 0.02400000 0.004000000 0.012000000 0.018000000 0.012000000 0.0000000000 0.0020000000 0.0040000000 6.000000e-03 0.0060000000 0.0020000000 2.000000e-03 6.000000e-03 2.000000e-03 0.000000e+00 0.000000e+00
   98    1      2      0    0      1      -1      -1   500 0.02000000 0.15200000 0.2180000 0.22200000 0.10200000 0.04600000 0.04800000 0.03000000 0.05000000 0.02400000 0.026000000 0.010000000 0.016000000 0.008000000 0.0100000000 0.0000000000 0.0060000000 0.000000e+00 0.0040000000 0.0000000000 0.000000e+00 0.000000e+00 4.000000e-03 0.000000e+00 4.000000e-03
   99    1      2      0    0      1      -1      -1   500 0.05800000 0.11800000 0.1900000 0.16000000 0.18600000 0.08600000 0.03000000 0.03200000 0.04400000 0.02800000 0.014000000 0.014000000 0.006000000 0.008000000 0.0120000000 0.0040000000 0.0040000000 0.000000e+00 0.0000000000 0.0040000000 0.000000e+00 0.000000e+00 2.000000e-03 0.000000e+00 0.000000e+00
  100    1      2      0    0      1      -1      -1   500 0.03600000 0.26400000 0.0980000 0.14000000 0.12800000 0.13400000 0.04400000 0.02400000 0.02400000 0.02600000 0.024000000 0.016000000 0.004000000 0.004000000 0.0020000000 0.0060000000 0.0080000000 4.000000e-03 0.0040000000 0.0020000000 6.000000e-03 0.000000e+00 0.000000e+00 0.000000e+00 2.000000e-03
0 #_N_MeanSize_at_Age_obs
0 #_N_environ_variables
0 #_N_environ_obs
0 #_N_sizefreq_methods
0 #_do_tags
0 #_morphcomp_data
#
999
