#C data file created using the SS_writedat function in the R package r4ss
#C should work with SS version: 
#C file write time: 2014-11-05 23:40:26
#
1 #_styr
100 #_endyr
1 #_nseas
12 #_months_per_seas
1 #_spawn_seas
1 #_Nfleet
2 #_Nsurveys
1 #_N_areas
Fishery%Survey%CPUE #_fleetnames
0.5 0.5 0.5 #_surveytiming_in_season
1 1 1 #_area_assignments_for_each_fishery_and_survey
1 #_units of catch:  1=bio; 2=num
0.01 #_se of log(catch) only used for init_eq_catch and for Fmethod 2 and 3
1 #_Ngenders
25 #_Nages
0 #_init_equil_catch_for_each_fishery
100 #_N_lines_of_catch_to_read
 #_Fishery year seas
         0    1    1
         0    2    1
         0    3    1
         0    4    1
         0    5    1
         0    6    1
         0    7    1
         0    8    1
         0    9    1
         0   10    1
         0   11    1
         0   12    1
         0   13    1
         0   14    1
         0   15    1
         0   16    1
         0   17    1
         0   18    1
         0   19    1
         0   20    1
         0   21    1
         0   22    1
         0   23    1
         0   24    1
         0   25    1
 272618000   26    1
 254714000   27    1
 238598000   28    1
 223456000   29    1
 207973000   30    1
 194323000   31    1
 186996000   32    1
 188404000   33    1
 188223000   34    1
 189627000   35    1
 188207000   36    1
 187396000   37    1
 183928000   38    1
 176013000   39    1
 167606000   40    1
 159348000   41    1
 156328000   42    1
 154543000   43    1
 150304000   44    1
 147391000   45    1
 141901000   46    1
 136733000   47    1
 134839000   48    1
 134367000   49    1
 132764000   50    1
 132712000   51    1
 137748000   52    1
 143656000   53    1
 145018000   54    1
 142678000   55    1
 140176000   56    1
 141019000   57    1
 144029000   58    1
 144414000   59    1
 145260000   60    1
 145942000   61    1
 146693000   62    1
 145255000   63    1
 142228000   64    1
 139540000   65    1
 137559000   66    1
 137148000   67    1
 138403000   68    1
 136254000   69    1
 132830000   70    1
 133892000   71    1
 143933000   72    1
 149897000   73    1
 151758000   74    1
 150899000   75    1
 146906000   76    1
 144362000   77    1
 145337000   78    1
 147932000   79    1
 147896000   80    1
 147141000   81    1
 149624000   82    1
 152419000   83    1
 151620000   84    1
 149504000   85    1
 146479000   86    1
 143939000   87    1
 140993000   88    1
 138097000   89    1
 134655000   90    1
 131287000   91    1
 126255000   92    1
 121858000   93    1
 120006000   94    1
 120301000   95    1
 121387000   96    1
 123487000   97    1
 126422000   98    1
 128243000   99    1
 127559000  100    1
13 #_N_cpue
 #_Fleet Units Errtype
       1     1       0
       2     1       0
       3     1       0
 #_year seas index        obs se_log
     76    1     2 1867479050    0.2
     78    1     2 1737628675    0.2
     80    1     2 1497025811    0.2
     82    1     2 2600108108    0.2
     84    1     2 2147098434    0.2
     86    1     2 2076171061    0.2
     88    1     2 1657133721    0.2
     90    1     2 1339177466    0.2
     92    1     2 2195268345    0.2
     94    1     2 1192058459    0.2
     96    1     2 1273521052    0.2
     98    1     2 1795432756    0.2
    100    1     2 2060314840    0.2
0 #_N_discard_fleets
#_discard_units (1=same_as_catchunits(bio/num); 2=fraction; 3=numbers)
#_discard_errtype:  >0 for DF of T-dist(read CV below); 0 for normal with CV; -1 for normal with se; -2 for lognormal
0 #_N_discard
0 #_N_meanbodywt
1 #_DF_for_meanbodywt_T-distribution_like
2 # length bin method: 1=use databins; 2=generate from binwidth,min,max below; 3=read vector
1 # binwidth for population size comp
10 # minimum size in the population (lower edge of first bin and size at age 0.00)
200 # maximum size in the population (lower edge of last bin)
-0.001 #_comp_tail_compression
1e-05 #_add_to_comp
0 #_combine males into females at or below this bin number
21 #_N_lbins
#_lbin_vector
10 53 70 83 94 101 107 111 114 117 120 123 125 127 130 132 135 138 142 148 200
0 #_N_Length_comp_observations
25 #_N_agebins
#_agebin_vector
1 2 3 4 5 6 7 8 9 10 11 12 13 14 15 16 17 18 19 20 21 22 23 24 25
1 #_N_ageerror_definitions
 #_age0   age1   age2   age3   age4   age5   age6   age7   age8   age9  age10  age11  age12  age13  age14  age15  age16  age17  age18  age19  age20  age21  age22  age23  age24  age25
 -1.000 -1.000 -1.000 -1.000 -1.000 -1.000 -1.000 -1.000 -1.000 -1.000 -1.000 -1.000 -1.000 -1.000 -1.000 -1.000 -1.000 -1.000 -1.000 -1.000 -1.000 -1.000 -1.000 -1.000 -1.000 -1.000
  0.001  0.001  0.001  0.001  0.001  0.001  0.001  0.001  0.001  0.001  0.001  0.001  0.001  0.001  0.001  0.001  0.001  0.001  0.001  0.001  0.001  0.001  0.001  0.001  0.001  0.001
34 #_N_agecomp
1 #_Lbin_method: 1=poplenbins; 2=datalenbins; 3=lengths
-1 #_combine males into females at or below this bin number
 #_Yr Seas FltSvy Gender Part Ageerr Lbin_lo Lbin_hi Nsamp           a1         a2        a3         a4         a5         a6         a7          a8          a9         a10          a11          a12          a13          a14          a15          a16          a17          a18          a19          a20          a21          a22          a23          a24          a25
   50    1      1      0    0      1      -1      -1    50 0.0397714648 0.12229352 0.1168025 0.23258697 0.15474301 0.02219809 0.07064457 0.074546476 0.028330970 0.014847547 0.0101097334 1.557462e-03 5.247633e-02 1.201646e-02 2.207776e-03 4.078533e-02 1.759853e-03 2.238483e-03 8.676734e-06 1.055207e-05 3.808349e-12 1.013860e-17 5.055638e-10 6.425858e-05 1.351926e-09
   60    1      1      0    0      1      -1      -1    50 0.0378173141 0.14873025 0.2096694 0.04254490 0.15314123 0.04083941 0.04646075 0.030574287 0.023689220 0.075504803 0.0563622029 2.985759e-02 2.143293e-02 2.919119e-02 1.295189e-02 1.092904e-02 9.783561e-03 8.070644e-08 3.019400e-23 1.423244e-04 6.845817e-09 1.794571e-05 5.230700e-16 2.019470e-02 1.650017e-04
   70    1      1      0    0      1      -1      -1    50 0.2113081807 0.04137509 0.1519959 0.14291889 0.11146120 0.04700366 0.09168574 0.046686382 0.016516154 0.037556534 0.0272032772 2.405406e-02 2.198182e-02 9.244737e-05 8.897672e-03 3.565025e-04 5.508636e-04 1.154911e-02 3.308194e-05 6.634818e-03 1.362630e-04 7.412987e-11 8.018830e-27 9.268779e-08 2.256822e-06
   75    1      1      0    0      1      -1      -1    50 0.0028578097 0.07153734 0.1446981 0.10214321 0.12239277 0.22794619 0.02591532 0.044441547 0.024676348 0.159100661 0.0187874195 1.139598e-02 4.936440e-03 3.015139e-04 4.478506e-06 1.618972e-03 1.333172e-03 1.401090e-05 3.932296e-04 2.540084e-02 3.419414e-03 4.665492e-05 4.910011e-63 6.452885e-03 1.857054e-04
   76    1      1      0    0      1      -1      -1    50 0.0693427195 0.10527741 0.1041987 0.13323231 0.06079169 0.18973858 0.18679104 0.013284390 0.074364683 0.003078098 0.0311439623 5.297278e-03 1.720748e-04 9.683374e-03 7.161102e-04 7.606983e-10 1.025887e-03 6.893777e-06 9.683214e-03 8.002756e-04 1.321239e-03 1.764318e-05 2.394395e-05 4.392290e-37 8.487038e-06
   79    1      1      0    0      1      -1      -1    50 0.0066996172 0.12297604 0.2195532 0.22832653 0.04008663 0.05068557 0.01106573 0.009699675 0.116880854 0.067752419 0.0447465867 1.232934e-02 1.282387e-05 1.733445e-02 6.245592e-06 1.009810e-02 2.663627e-03 2.118510e-05 3.876738e-02 2.362042e-04 5.934422e-36 1.989337e-11 5.779925e-05 1.789884e-15 2.181687e-17
   82    1      1      0    0      1      -1      -1    50 0.0141399712 0.23000383 0.2047745 0.12709177 0.13370542 0.11392140 0.04553937 0.012760910 0.007850204 0.034810779 0.0057542389 5.161449e-02 9.007231e-03 2.339677e-08 6.420238e-03 6.303579e-05 8.924493e-05 2.306916e-03 1.806436e-13 6.349745e-08 1.125135e-17 4.141656e-08 4.467463e-09 7.570880e-08 1.462647e-04
   85    1      1      0    0      1      -1      -1    50 0.0476055592 0.08617760 0.1739898 0.06472173 0.14840461 0.15606353 0.12365370 0.086944638 0.034908354 0.018944853 0.0287349213 5.093569e-05 7.470005e-03 4.534711e-03 8.535514e-03 3.166600e-04 2.363388e-03 4.589651e-03 1.012534e-05 5.475411e-04 7.559294e-12 4.051214e-11 9.618822e-51 1.432127e-03 5.391247e-20
   88    1      1      0    0      1      -1      -1    50 0.0002277690 0.18721859 0.1106998 0.13976686 0.13461523 0.06708035 0.07668351 0.027274728 0.071674678 0.005526231 0.0137817807 5.167729e-02 2.903313e-02 7.840703e-03 2.709851e-02 2.357101e-04 4.606284e-02 1.294326e-03 7.580073e-06 5.673457e-10 9.299164e-04 5.413335e-07 9.375635e-11 1.584957e-04 1.111398e-03
   89    1      1      0    0      1      -1      -1    50 0.0020098754 0.11098187 0.3392283 0.08589998 0.13850560 0.03672808 0.06840839 0.041569547 0.044113403 0.018118580 0.0252718953 1.677934e-02 4.197728e-03 9.055567e-03 8.327916e-05 3.155611e-03 1.181926e-03 5.001038e-03 4.574323e-02 3.867506e-03 2.195406e-08 5.488609e-31 5.564416e-28 1.077778e-13 9.926949e-05
   91    1      1      0    0      1      -1      -1    50 0.0015277378 0.20840860 0.1471972 0.11412017 0.03887629 0.08528293 0.08783435 0.043312191 0.054312982 0.066134211 0.0371693337 1.084783e-02 1.111260e-02 2.001651e-03 9.632770e-03 7.212535e-02 2.242185e-03 1.103205e-03 6.867921e-04 1.967603e-11 1.835420e-05 5.876815e-03 1.660672e-04 5.422528e-20 1.034588e-05
   93    1      1      0    0      1      -1      -1    50 0.0301324802 0.22165621 0.1000010 0.09359415 0.12911007 0.06139132 0.06881593 0.057844793 0.046159355 0.036269683 0.0875293186 1.241805e-04 9.162648e-03 9.301347e-03 2.503398e-05 1.342391e-03 2.143388e-02 5.258906e-03 3.941554e-11 7.931847e-03 3.320230e-08 4.545278e-09 3.606169e-22 2.930179e-03 9.985224e-03
   95    1      1      0    0      1      -1      -1    50 0.1165429150 0.16191377 0.1791264 0.20885237 0.03939367 0.04771031 0.04299965 0.083671923 0.033451455 0.006464213 0.0289841118 1.067719e-03 1.008832e-03 4.779202e-03 8.733608e-03 2.367941e-02 1.204220e-06 9.583496e-04 1.220916e-03 6.423395e-03 3.727074e-18 4.190197e-07 2.166995e-03 2.390821e-13 8.491702e-04
   97    1      1      0    0      1      -1      -1    50 0.0076541303 0.15895848 0.3016358 0.24843531 0.07776919 0.05341084 0.01744110 0.005649571 0.031686064 0.015812009 0.0341962014 9.214005e-03 9.745833e-04 1.225431e-02 5.849924e-05 3.291777e-05 1.881977e-02 1.364795e-03 1.019970e-09 2.527414e-08 1.692998e-14 4.620077e-03 8.378215e-06 1.333954e-80 3.924477e-06
   98    1      1      0    0      1      -1      -1    50 0.0093125486 0.13181120 0.2022755 0.17327342 0.21285985 0.03085606 0.06250661 0.098391742 0.025676212 0.029803275 0.0014412104 7.409131e-04 1.070735e-03 1.645371e-03 1.113016e-02 7.171800e-06 3.761887e-08 1.423414e-04 6.588197e-07 3.249249e-04 8.711938e-11 2.120866e-07 8.155273e-04 1.958948e-07 5.914081e-03
   99    1      1      0    0      1      -1      -1    50 0.0004453206 0.25730339 0.1591647 0.17692975 0.07867264 0.05469147 0.04547265 0.078765863 0.007724766 0.047662161 0.0004780848 1.223868e-05 2.571339e-04 2.842834e-02 2.315505e-02 5.438550e-06 3.074049e-03 1.000736e-05 3.752128e-02 1.833745e-04 3.052524e-05 5.970321e-10 1.142924e-05 1.432866e-09 2.889995e-07
  100    1      1      0    0      1      -1      -1    50 0.0153249510 0.05772004 0.2557067 0.09024397 0.14992120 0.08850514 0.05691139 0.016428512 0.137949525 0.091252049 0.0166550158 8.005371e-03 6.594682e-03 1.743103e-03 1.992507e-03 1.816645e-06 4.608891e-03 3.098074e-04 8.924931e-15 1.891159e-05 2.311671e-06 3.485038e-05 6.925075e-05 1.512725e-10 5.263091e-16
   50    1      2      0    0      1      -1      -1    50 0.1200000000 0.28000000 0.0600000 0.18000000 0.06000000 0.00000000 0.02000000 0.060000000 0.020000000 0.000000000 0.0200000000 0.000000e+00 2.000000e-02 0.000000e+00 2.000000e-02 4.000000e-02 4.000000e-02 2.000000e-02 0.000000e+00 2.000000e-02 0.000000e+00 0.000000e+00 0.000000e+00 0.000000e+00 2.000000e-02
   60    1      2      0    0      1      -1      -1    50 0.0400000000 0.10000000 0.2600000 0.06000000 0.22000000 0.10000000 0.08000000 0.020000000 0.020000000 0.040000000 0.0400000000 0.000000e+00 2.000000e-02 0.000000e+00 0.000000e+00 0.000000e+00 0.000000e+00 0.000000e+00 0.000000e+00 0.000000e+00 0.000000e+00 0.000000e+00 0.000000e+00 0.000000e+00 0.000000e+00
   70    1      2      0    0      1      -1      -1    50 0.1000000000 0.12000000 0.1600000 0.10000000 0.26000000 0.10000000 0.02000000 0.020000000 0.000000000 0.060000000 0.0200000000 0.000000e+00 0.000000e+00 0.000000e+00 2.000000e-02 0.000000e+00 0.000000e+00 0.000000e+00 0.000000e+00 0.000000e+00 2.000000e-02 0.000000e+00 0.000000e+00 0.000000e+00 0.000000e+00
   75    1      2      0    0      1      -1      -1    50 0.0400000000 0.10000000 0.2000000 0.14000000 0.08000000 0.30000000 0.00000000 0.040000000 0.000000000 0.060000000 0.0000000000 2.000000e-02 0.000000e+00 0.000000e+00 2.000000e-02 0.000000e+00 0.000000e+00 0.000000e+00 0.000000e+00 0.000000e+00 0.000000e+00 0.000000e+00 0.000000e+00 0.000000e+00 0.000000e+00
   76    1      2      0    0      1      -1      -1    50 0.0200000000 0.12000000 0.1800000 0.28000000 0.08000000 0.06000000 0.18000000 0.000000000 0.040000000 0.000000000 0.0000000000 0.000000e+00 2.000000e-02 2.000000e-02 0.000000e+00 0.000000e+00 0.000000e+00 0.000000e+00 0.000000e+00 0.000000e+00 0.000000e+00 0.000000e+00 0.000000e+00 0.000000e+00 0.000000e+00
   79    1      2      0    0      1      -1      -1    50 0.0400000000 0.32000000 0.2200000 0.22000000 0.02000000 0.02000000 0.06000000 0.000000000 0.040000000 0.040000000 0.0000000000 0.000000e+00 0.000000e+00 0.000000e+00 2.000000e-02 0.000000e+00 0.000000e+00 0.000000e+00 0.000000e+00 0.000000e+00 0.000000e+00 0.000000e+00 0.000000e+00 0.000000e+00 0.000000e+00
   82    1      2      0    0      1      -1      -1    50 0.0600000000 0.34000000 0.0800000 0.10000000 0.14000000 0.14000000 0.00000000 0.060000000 0.020000000 0.020000000 0.0000000000 0.000000e+00 2.000000e-02 0.000000e+00 0.000000e+00 2.000000e-02 0.000000e+00 0.000000e+00 0.000000e+00 0.000000e+00 0.000000e+00 0.000000e+00 0.000000e+00 0.000000e+00 0.000000e+00
   85    1      2      0    0      1      -1      -1    50 0.0400000000 0.20000000 0.2200000 0.10000000 0.22000000 0.08000000 0.02000000 0.020000000 0.020000000 0.040000000 0.0000000000 0.000000e+00 0.000000e+00 0.000000e+00 0.000000e+00 4.000000e-02 0.000000e+00 0.000000e+00 0.000000e+00 0.000000e+00 0.000000e+00 0.000000e+00 0.000000e+00 0.000000e+00 0.000000e+00
   88    1      2      0    0      1      -1      -1    50 0.0000000000 0.22000000 0.1000000 0.20000000 0.06000000 0.18000000 0.00000000 0.100000000 0.000000000 0.000000000 0.0600000000 4.000000e-02 0.000000e+00 0.000000e+00 0.000000e+00 2.000000e-02 0.000000e+00 0.000000e+00 0.000000e+00 0.000000e+00 0.000000e+00 0.000000e+00 0.000000e+00 2.000000e-02 0.000000e+00
   89    1      2      0    0      1      -1      -1    50 0.0000000000 0.18000000 0.2800000 0.16000000 0.12000000 0.04000000 0.02000000 0.060000000 0.040000000 0.000000000 0.0200000000 2.000000e-02 0.000000e+00 4.000000e-02 2.000000e-02 0.000000e+00 0.000000e+00 0.000000e+00 0.000000e+00 0.000000e+00 0.000000e+00 0.000000e+00 0.000000e+00 0.000000e+00 0.000000e+00
   91    1      2      0    0      1      -1      -1    50 0.0000000000 0.10000000 0.3000000 0.08000000 0.18000000 0.08000000 0.08000000 0.000000000 0.020000000 0.000000000 0.0400000000 6.000000e-02 0.000000e+00 0.000000e+00 2.000000e-02 0.000000e+00 2.000000e-02 2.000000e-02 0.000000e+00 0.000000e+00 0.000000e+00 0.000000e+00 0.000000e+00 0.000000e+00 0.000000e+00
   93    1      2      0    0      1      -1      -1    50 0.0600000000 0.20000000 0.1200000 0.10000000 0.10000000 0.04000000 0.16000000 0.060000000 0.060000000 0.000000000 0.0200000000 0.000000e+00 4.000000e-02 0.000000e+00 0.000000e+00 2.000000e-02 2.000000e-02 0.000000e+00 0.000000e+00 0.000000e+00 0.000000e+00 0.000000e+00 0.000000e+00 0.000000e+00 0.000000e+00
   95    1      2      0    0      1      -1      -1    50 0.0400000000 0.20000000 0.2200000 0.14000000 0.08000000 0.02000000 0.08000000 0.040000000 0.100000000 0.020000000 0.0000000000 4.000000e-02 0.000000e+00 2.000000e-02 0.000000e+00 0.000000e+00 0.000000e+00 0.000000e+00 0.000000e+00 0.000000e+00 0.000000e+00 0.000000e+00 0.000000e+00 0.000000e+00 0.000000e+00
   97    1      2      0    0      1      -1      -1    50 0.0200000000 0.28000000 0.2000000 0.14000000 0.10000000 0.08000000 0.04000000 0.020000000 0.060000000 0.000000000 0.0000000000 0.000000e+00 4.000000e-02 0.000000e+00 0.000000e+00 0.000000e+00 0.000000e+00 0.000000e+00 0.000000e+00 0.000000e+00 0.000000e+00 0.000000e+00 0.000000e+00 0.000000e+00 2.000000e-02
   98    1      2      0    0      1      -1      -1    50 0.0200000000 0.20000000 0.2200000 0.18000000 0.08000000 0.08000000 0.10000000 0.040000000 0.000000000 0.020000000 0.0000000000 2.000000e-02 2.000000e-02 2.000000e-02 0.000000e+00 0.000000e+00 0.000000e+00 0.000000e+00 0.000000e+00 0.000000e+00 0.000000e+00 0.000000e+00 0.000000e+00 0.000000e+00 0.000000e+00
   99    1      2      0    0      1      -1      -1    50 0.0000000000 0.16000000 0.2600000 0.20000000 0.10000000 0.04000000 0.00000000 0.060000000 0.060000000 0.020000000 0.0400000000 0.000000e+00 2.000000e-02 2.000000e-02 0.000000e+00 2.000000e-02 0.000000e+00 0.000000e+00 0.000000e+00 0.000000e+00 0.000000e+00 0.000000e+00 0.000000e+00 0.000000e+00 0.000000e+00
  100    1      2      0    0      1      -1      -1    50 0.0800000000 0.12000000 0.2600000 0.14000000 0.14000000 0.02000000 0.06000000 0.120000000 0.020000000 0.000000000 0.0000000000 0.000000e+00 0.000000e+00 0.000000e+00 0.000000e+00 2.000000e-02 0.000000e+00 0.000000e+00 0.000000e+00 0.000000e+00 0.000000e+00 0.000000e+00 0.000000e+00 2.000000e-02 0.000000e+00
0 #_N_MeanSize_at_Age_obs
0 #_N_environ_variables
0 #_N_environ_obs
0 #_N_sizefreq_methods
0 #_do_tags
0 #_morphcomp_data
#
999
