#C data file created using the SS_writedat function in the R package r4ss
#C should work with SS version: 
#C file write time: 2014-11-06 10:50:05
#
1 #_styr
100 #_endyr
1 #_nseas
12 #_months_per_seas
1 #_spawn_seas
1 #_Nfleet
2 #_Nsurveys
1 #_N_areas
Fishery%Survey%CPUE #_fleetnames
0.5 0.5 0.5 #_surveytiming_in_season
1 1 1 #_area_assignments_for_each_fishery_and_survey
1 #_units of catch:  1=bio; 2=num
0.01 #_se of log(catch) only used for init_eq_catch and for Fmethod 2 and 3
1 #_Ngenders
25 #_Nages
0 #_init_equil_catch_for_each_fishery
100 #_N_lines_of_catch_to_read
 #_Fishery year seas
         0    1    1
         0    2    1
         0    3    1
         0    4    1
         0    5    1
         0    6    1
         0    7    1
         0    8    1
         0    9    1
         0   10    1
         0   11    1
         0   12    1
         0   13    1
         0   14    1
         0   15    1
         0   16    1
         0   17    1
         0   18    1
         0   19    1
         0   20    1
         0   21    1
         0   22    1
         0   23    1
         0   24    1
         0   25    1
 217215000   26    1
 204173000   27    1
 195835000   28    1
 189466000   29    1
 183180000   30    1
 179182000   31    1
 177767000   32    1
 174355000   33    1
 168749000   34    1
 165273000   35    1
 164434000   36    1
 160986000   37    1
 153848000   38    1
 146477000   39    1
 144674000   40    1
 149013000   41    1
 151394000   42    1
 152173000   43    1
 151136000   44    1
 150689000   45    1
 149865000   46    1
 152176000   47    1
 151370000   48    1
 148171000   49    1
 144921000   50    1
 143371000   51    1
 145993000   52    1
 150415000   53    1
 155058000   54    1
 162398000   55    1
 170743000   56    1
 175646000   57    1
 177250000   58    1
 174018000   59    1
 170108000   60    1
 166409000   61    1
 161789000   62    1
 159489000   63    1
 158164000   64    1
 156820000   65    1
 153386000   66    1
 151456000   67    1
 153628000   68    1
 156450000   69    1
 157071000   70    1
 160285000   71    1
 162288000   72    1
 165910000   73    1
 170497000   74    1
 171684000   75    1
 170456000   76    1
 167257000   77    1
 164799000   78    1
 161573000   79    1
 157192000   80    1
 154830000   81    1
 153416000   82    1
 154285000   83    1
 158996000   84    1
 159754000   85    1
 158420000   86    1
 155409000   87    1
 154541000   88    1
 155674000   89    1
 156154000   90    1
 159341000   91    1
 164136000   92    1
 166194000   93    1
 165169000   94    1
 166251000   95    1
 168086000   96    1
 167573000   97    1
 168377000   98    1
 165917000   99    1
 164501000  100    1
13 #_N_cpue
 #_Fleet Units Errtype
       1     1       0
       2     1       0
       3     1       0
 #_year seas index        obs se_log
     76    1     2 1932266672    0.2
     78    1     2 2303220475    0.2
     80    1     2 2243881893    0.2
     82    1     2 1806240367    0.2
     84    1     2 2064337044    0.2
     86    1     2 2133232422    0.2
     88    1     2 1570762873    0.2
     90    1     2 2503442686    0.2
     92    1     2 1738976988    0.2
     94    1     2 1876423753    0.2
     96    1     2 2492161011    0.2
     98    1     2 3398867534    0.2
    100    1     2 1776262563    0.2
0 #_N_discard_fleets
#_discard_units (1=same_as_catchunits(bio/num); 2=fraction; 3=numbers)
#_discard_errtype:  >0 for DF of T-dist(read CV below); 0 for normal with CV; -1 for normal with se; -2 for lognormal
0 #_N_discard
0 #_N_meanbodywt
1 #_DF_for_meanbodywt_T-distribution_like
2 # length bin method: 1=use databins; 2=generate from binwidth,min,max below; 3=read vector
1 # binwidth for population size comp
10 # minimum size in the population (lower edge of first bin and size at age 0.00)
200 # maximum size in the population (lower edge of last bin)
-0.001 #_comp_tail_compression
1e-05 #_add_to_comp
0 #_combine males into females at or below this bin number
21 #_N_lbins
#_lbin_vector
10 53 70 83 94 101 107 111 114 117 120 123 125 127 130 132 135 138 142 148 200
0 #_N_Length_comp_observations
25 #_N_agebins
#_agebin_vector
1 2 3 4 5 6 7 8 9 10 11 12 13 14 15 16 17 18 19 20 21 22 23 24 25
1 #_N_ageerror_definitions
 #_age0   age1   age2   age3   age4   age5   age6   age7   age8   age9  age10  age11  age12  age13  age14  age15  age16  age17  age18  age19  age20  age21  age22  age23  age24  age25
 -1.000 -1.000 -1.000 -1.000 -1.000 -1.000 -1.000 -1.000 -1.000 -1.000 -1.000 -1.000 -1.000 -1.000 -1.000 -1.000 -1.000 -1.000 -1.000 -1.000 -1.000 -1.000 -1.000 -1.000 -1.000 -1.000
  0.001  0.001  0.001  0.001  0.001  0.001  0.001  0.001  0.001  0.001  0.001  0.001  0.001  0.001  0.001  0.001  0.001  0.001  0.001  0.001  0.001  0.001  0.001  0.001  0.001  0.001
198 #_N_agecomp
1 #_Lbin_method: 1=poplenbins; 2=datalenbins; 3=lengths
-1 #_combine males into females at or below this bin number
 #_Yr Seas FltSvy Gender Part Ageerr Lbin_lo Lbin_hi Nsamp          a1         a2         a3         a4         a5         a6         a7         a8         a9        a10         a11         a12         a13         a14         a15         a16          a17          a18          a19          a20          a21          a22          a23          a24          a25
    2    1      1      0    0      1      -1      -1  1000 0.005529334 0.10308589 0.16737720 0.13032765 0.10667772 0.10035564 0.07347423 0.05996422 0.04634673 0.03856994 0.025220577 0.026979257 0.023421489 0.018981863 0.012981165 0.014413755 0.0096297097 7.919380e-03 5.357688e-03 0.0042207546 2.800160e-03 8.420514e-04 6.138394e-03 2.596010e-03 0.0067892035
    3    1      1      0    0      1      -1      -1  1000 0.010215936 0.07017439 0.16635736 0.13488589 0.10010772 0.09948156 0.07141089 0.05885970 0.03925419 0.04738905 0.029946812 0.026035780 0.023241928 0.014709786 0.024881956 0.019917405 0.0141226651 1.042507e-02 1.001329e-02 0.0064546372 3.731773e-03 3.315981e-03 2.691044e-03 1.511476e-04 0.0122240310
    4    1      1      0    0      1      -1      -1  1000 0.015349805 0.08843958 0.10322722 0.13352514 0.11178482 0.11236294 0.06146213 0.05873582 0.04030206 0.06214970 0.040593786 0.024241142 0.026648629 0.019937304 0.018402103 0.012850636 0.0197033114 9.918043e-03 7.843023e-03 0.0052156704 4.612044e-03 4.685361e-03 3.840523e-03 3.729188e-03 0.0104400268
    5    1      1      0    0      1      -1      -1  1000 0.011201262 0.11165683 0.11503384 0.07835251 0.13540359 0.08847427 0.07261743 0.06433011 0.04959581 0.04085711 0.039014676 0.021735561 0.029151450 0.018728366 0.026946296 0.018669005 0.0137435382 1.454512e-02 1.092213e-02 0.0070560070 8.961402e-03 3.530351e-03 2.806359e-03 3.552953e-03 0.0131140309
    6    1      1      0    0      1      -1      -1  1000 0.009800814 0.11988291 0.18156349 0.10395223 0.06615237 0.10033103 0.08315607 0.05284054 0.04770932 0.04128099 0.030812942 0.029998151 0.015007460 0.014053618 0.011703692 0.015383531 0.0196101532 7.907876e-03 5.112863e-03 0.0052879916 3.067499e-03 1.016155e-02 3.491895e-03 6.214655e-03 0.0155163596
    7    1      1      0    0      1      -1      -1  1000 0.009940289 0.10252064 0.17402210 0.12318047 0.10388118 0.05717178 0.06438668 0.06854960 0.04382523 0.04396469 0.032313286 0.027166084 0.025116038 0.024262485 0.019520317 0.016298755 0.0166249467 1.014284e-02 3.282245e-03 0.0112098917 2.030475e-03 2.515629e-03 4.678672e-03 2.012056e-03 0.0113836219
    8    1      1      0    0      1      -1      -1  1000 0.022875376 0.10862990 0.13326824 0.14456709 0.12133863 0.07041927 0.04861766 0.06049118 0.05134769 0.04263383 0.032507618 0.032357561 0.022247668 0.015873541 0.015887709 0.014334810 0.0121153167 7.771209e-03 7.942181e-03 0.0026429747 3.156670e-03 6.058769e-03 4.752576e-03 3.218248e-03 0.0149442786
    9    1      1      0    0      1      -1      -1  1000 0.008598512 0.16495746 0.11625035 0.14575471 0.10301518 0.10649437 0.04817477 0.02322525 0.04917549 0.05147939 0.031391357 0.029115198 0.024052879 0.012147429 0.016413094 0.011700888 0.0119059129 7.391217e-03 1.112092e-02 0.0031591317 2.683532e-03 1.896098e-03 1.692011e-03 2.384768e-03 0.0158200874
   10    1      1      0    0      1      -1      -1  1000 0.013650092 0.07599642 0.23366914 0.08971658 0.09083780 0.11651325 0.07986911 0.04322180 0.02549079 0.03026727 0.037708870 0.034789734 0.018269268 0.023440684 0.019673573 0.010589962 0.0089304720 6.938537e-03 4.791611e-03 0.0038236939 1.353069e-03 5.477400e-03 4.983699e-03 3.796430e-03 0.0162007524
   11    1      1      0    0      1      -1      -1  1000 0.008909214 0.12107015 0.12008286 0.17489855 0.09147922 0.07894765 0.10148792 0.06525731 0.04859177 0.02250538 0.031724148 0.027809031 0.020153809 0.012497200 0.014096054 0.008412782 0.0092571794 1.208762e-02 5.889723e-03 0.0020472176 4.789477e-03 5.525152e-03 3.419300e-03 2.302804e-03 0.0067584630
   12    1      1      0    0      1      -1      -1  1000 0.009182721 0.09441954 0.14903989 0.09374472 0.16894440 0.07631792 0.05656441 0.06111861 0.06016918 0.03813612 0.018224424 0.028258908 0.026325860 0.021549351 0.024920294 0.014738523 0.0098469901 7.409928e-03 8.021654e-03 0.0052775197 5.712259e-03 5.838911e-03 2.447232e-03 2.696092e-03 0.0110945434
   13    1      1      0    0      1      -1      -1  1000 0.035836242 0.07077032 0.12520227 0.12689081 0.08540778 0.12265514 0.06266142 0.06883352 0.05559415 0.04483146 0.025065627 0.019302036 0.029888523 0.027241718 0.020756978 0.013738132 0.0144462960 8.601037e-03 1.035204e-02 0.0059560781 6.720331e-03 5.747196e-03 4.902866e-03 2.259725e-03 0.0063383065
   14    1      1      0    0      1      -1      -1  1000 0.014587948 0.23366493 0.09710495 0.09532952 0.11104114 0.06475511 0.10111018 0.04744800 0.03954669 0.04476718 0.031925376 0.013998905 0.009843087 0.022207906 0.011905037 0.007623733 0.0083376943 1.404714e-02 8.919471e-03 0.0059960310 2.218450e-03 2.204661e-03 2.633407e-04 1.209521e-03 0.0099439936
   15    1      1      0    0      1      -1      -1  1000 0.007213655 0.11595618 0.29205594 0.06839158 0.08587953 0.07923993 0.04801230 0.06809263 0.04240498 0.03066974 0.029268206 0.030801786 0.008761386 0.010604356 0.013023657 0.015244582 0.0087113463 7.850280e-03 6.921116e-03 0.0099693646 3.170071e-03 3.830007e-03 7.944475e-04 2.824396e-03 0.0103085357
   16    1      1      0    0      1      -1      -1  1000 0.012971422 0.06735383 0.15747788 0.26396191 0.06741775 0.05628210 0.07304604 0.03069717 0.07802965 0.03431224 0.019177408 0.026091881 0.022921082 0.010773740 0.008646281 0.016474161 0.0103566770 9.690427e-03 6.382936e-03 0.0030400767 5.337988e-03 2.954301e-03 3.224196e-03 3.912600e-03 0.0094662508
   17    1      1      0    0      1      -1      -1  1000 0.006375674 0.14733801 0.10173844 0.11209815 0.22457534 0.05238162 0.06044629 0.05657987 0.03813650 0.04850709 0.027626187 0.028790731 0.011643125 0.015493031 0.011369279 0.008866092 0.0059766066 6.281637e-03 5.565482e-03 0.0037471255 5.914958e-03 5.492816e-03 1.284552e-03 1.619341e-03 0.0121520568
   18    1      1      0    0      1      -1      -1  1000 0.004270574 0.05142667 0.17288419 0.08497347 0.11212887 0.17852757 0.05736702 0.04940613 0.03573616 0.04088067 0.056973752 0.024770134 0.023747949 0.022926652 0.020396432 0.008867035 0.0079286922 9.981856e-03 5.793408e-03 0.0089782692 4.244028e-03 1.339662e-03 2.196201e-03 1.149711e-03 0.0131049070
   19    1      1      0    0      1      -1      -1  1000 0.005509484 0.06247217 0.06068993 0.14760973 0.10037218 0.09299129 0.17625697 0.05707867 0.05535943 0.05050327 0.022756636 0.044117962 0.017289330 0.020180118 0.024875602 0.012051995 0.0056783536 4.924183e-03 5.713247e-03 0.0052624932 2.332164e-03 2.571738e-03 9.246047e-03 2.682844e-03 0.0114741567
   20    1      1      0    0      1      -1      -1  1000 0.007767475 0.08034665 0.09045737 0.06128314 0.14077336 0.07675341 0.09466367 0.15115689 0.04435087 0.04546670 0.040792900 0.023840517 0.035293440 0.014689168 0.014488914 0.017218868 0.0089440648 7.364413e-03 8.464157e-03 0.0021015504 4.691788e-03 9.145965e-03 3.558472e-03 3.952176e-03 0.0124340840
   21    1      1      0    0      1      -1      -1  1000 0.023299140 0.08880206 0.12177722 0.06333037 0.05993528 0.11387605 0.05472383 0.08623555 0.11545299 0.04236987 0.032568737 0.042203433 0.020407295 0.037653526 0.015855431 0.013803011 0.0138862046 1.058973e-02 4.016665e-03 0.0040211618 4.190567e-03 2.469146e-03 4.728875e-03 3.313252e-03 0.0204906045
   22    1      1      0    0      1      -1      -1  1000 0.012997215 0.22159987 0.10823962 0.07720241 0.06945839 0.03991499 0.10508854 0.04938063 0.04364441 0.10174534 0.026582843 0.017063583 0.023346196 0.015568238 0.023734426 0.012688877 0.0090395012 7.560477e-03 7.483501e-03 0.0028218865 1.187587e-03 6.979437e-03 3.269868e-03 4.713648e-03 0.0086885055
   23    1      1      0    0      1      -1      -1  1000 0.015257354 0.09933707 0.30008092 0.09084702 0.06667176 0.05539515 0.02491537 0.05551726 0.03427798 0.04658049 0.072035189 0.016836013 0.020109831 0.016143568 0.010993071 0.021336189 0.0078885457 4.533005e-03 7.712073e-03 0.0071181345 4.302280e-03 3.130796e-03 2.733691e-03 3.415571e-03 0.0128316610
   24    1      1      0    0      1      -1      -1  1000 0.013628496 0.12794791 0.12791155 0.24963784 0.08389227 0.05632026 0.03316968 0.02763770 0.04981844 0.02514616 0.036842679 0.046384099 0.016165185 0.019792202 0.015864690 0.009437734 0.0177067818 7.127701e-03 5.344477e-03 0.0025749985 3.246753e-03 5.581262e-03 1.975112e-03 2.623682e-03 0.0142223398
   25    1      1      0    0      1      -1      -1  1000 0.021291631 0.08851657 0.17068712 0.09867280 0.20726173 0.06849990 0.04756541 0.03257021 0.02966379 0.03995349 0.025866300 0.028059171 0.048147236 0.008316057 0.013863554 0.008197186 0.0021612330 1.385531e-02 8.625718e-03 0.0051148662 6.573448e-03 6.667430e-03 2.775573e-03 2.887384e-03 0.0142068819
   26    1      1      0    0      1      -1      -1  1000 0.016608200 0.14927373 0.11579973 0.10794354 0.08018932 0.16039518 0.04862037 0.04463472 0.02385206 0.02043869 0.047389305 0.026954730 0.031538599 0.043202924 0.008272006 0.011510412 0.0113189694 6.251885e-03 1.173577e-02 0.0060935972 1.892178e-03 3.827122e-03 6.194313e-03 2.406699e-03 0.0136559507
   27    1      1      0    0      1      -1      -1  1000 0.025076701 0.17374130 0.19386043 0.07945212 0.08389664 0.06628776 0.11919218 0.04833476 0.03083960 0.01793201 0.008663265 0.030703670 0.016692812 0.013238206 0.029297524 0.012086642 0.0082032684 4.636212e-03 1.007490e-02 0.0046695096 3.719423e-03 2.620150e-03 2.949345e-03 4.160934e-03 0.0096706419
   28    1      1      0    0      1      -1      -1  1000 0.011980502 0.17589228 0.22540959 0.12923450 0.06240545 0.06191046 0.03808250 0.08820278 0.03962057 0.01895301 0.013912894 0.008076520 0.023139197 0.011322370 0.008353203 0.027901824 0.0047705469 7.376445e-03 9.803337e-03 0.0063728069 6.342567e-03 4.340015e-03 2.495553e-03 1.888124e-03 0.0122129558
   29    1      1      0    0      1      -1      -1  1000 0.019176611 0.11703130 0.22534329 0.16905050 0.10153773 0.05321196 0.06381994 0.03056747 0.06520457 0.02112068 0.012590404 0.009805235 0.010023805 0.023743117 0.009499615 0.011078992 0.0157353996 5.233201e-03 6.695863e-03 0.0020706792 6.084160e-03 3.953102e-03 4.715884e-03 1.982356e-04 0.0125082562
   30    1      1      0    0      1      -1      -1  1000 0.022105645 0.13298768 0.17710041 0.17324183 0.11858230 0.08571235 0.04182871 0.04481424 0.03485233 0.04958473 0.018492522 0.012736805 0.011324433 0.008443981 0.013133577 0.010880139 0.0083933332 5.806925e-03 4.426167e-03 0.0080740612 2.146540e-03 4.175408e-03 3.534941e-03 1.167741e-03 0.0064532082
   31    1      1      0    0      1      -1      -1  1000 0.013052386 0.18684111 0.15990311 0.12181120 0.12136965 0.10208618 0.05979119 0.02686607 0.03132480 0.02755988 0.047068336 0.014401317 0.012760506 0.007187354 0.006163084 0.011764254 0.0044109167 1.128420e-02 8.301230e-03 0.0031937879 2.848912e-03 2.449463e-03 7.858878e-04 3.879298e-03 0.0128958806
   32    1      1      0    0      1      -1      -1  1000 0.008893576 0.14452946 0.24182466 0.12791103 0.09127736 0.10851380 0.06809716 0.04717756 0.01465548 0.02059948 0.016419474 0.031523646 0.014438798 0.010452180 0.004084596 0.002065854 0.0061638286 4.394374e-03 4.896187e-03 0.0080991644 1.862523e-03 8.960818e-04 1.173215e-03 2.573658e-04 0.0197931526
   33    1      1      0    0      1      -1      -1  1000 0.010091254 0.09437777 0.20352567 0.19690427 0.10140412 0.07560053 0.08245834 0.05668731 0.03927983 0.01756841 0.025849614 0.012990030 0.025111888 0.005891977 0.003876381 0.002633903 0.0053197126 6.860389e-03 3.097814e-03 0.0035163938 1.123456e-02 1.783522e-03 3.622171e-03 4.997304e-04 0.0098144041
   34    1      1      0    0      1      -1      -1  1000 0.023939977 0.11558951 0.13779807 0.15024714 0.17213601 0.07398624 0.05515900 0.06008948 0.04273274 0.04131962 0.021266552 0.019768365 0.009629071 0.027557644 0.004649396 0.008859677 0.0022698502 1.333072e-03 7.898864e-03 0.0010623524 1.870755e-03 6.990182e-03 2.669017e-03 7.318064e-04 0.0104456081
   35    1      1      0    0      1      -1      -1  1000 0.023231771 0.20767600 0.14885493 0.08845021 0.10754815 0.12491990 0.05472251 0.04126086 0.05033442 0.04820561 0.028124913 0.006661922 0.010982290 0.008274027 0.015720106 0.003300683 0.0034915462 6.887588e-03 2.105900e-04 0.0040913803 1.686115e-03 4.555009e-03 1.897457e-03 7.468362e-04 0.0081651880
   36    1      1      0    0      1      -1      -1  1000 0.005948652 0.15740792 0.26613141 0.10553971 0.07032585 0.08198498 0.09486237 0.04651541 0.02688973 0.02950132 0.033181521 0.016538863 0.009510022 0.018846330 0.005640833 0.009009295 0.0037790746 1.550296e-03 2.342408e-04 0.0005001145 4.118976e-03 1.129825e-03 1.719859e-03 1.452514e-03 0.0076808777
   37    1      1      0    0      1      -1      -1  1000 0.012268603 0.05088563 0.21116652 0.22098379 0.12331990 0.05734308 0.06221532 0.08448856 0.03577317 0.03282884 0.032674330 0.020807856 0.016016192 0.004983755 0.005984781 0.005067317 0.0065645533 9.176725e-04 2.132171e-03 0.0005960749 2.790468e-03 1.578538e-03 1.356698e-03 1.844144e-03 0.0054120309
   38    1      1      0    0      1      -1      -1  1000 0.013885744 0.08243528 0.09896828 0.17490362 0.20641522 0.09178244 0.04594994 0.06657500 0.06866155 0.03705676 0.016862722 0.024351994 0.020751413 0.015096572 0.004088651 0.004099597 0.0055994871 1.052291e-02 1.336351e-03 0.0003960876 5.220311e-07 3.752652e-04 4.215364e-03 8.443756e-04 0.0048248786
   39    1      1      0    0      1      -1      -1  1000 0.043912784 0.11830478 0.13654685 0.06624929 0.13706165 0.14150202 0.08265531 0.04063750 0.04730480 0.04182867 0.025464966 0.019345470 0.028666110 0.022376532 0.008640893 0.001954816 0.0029006665 9.437210e-03 4.392832e-03 0.0050861646 2.006227e-03 6.797283e-04 9.119719e-05 1.597518e-03 0.0113560212
   40    1      1      0    0      1      -1      -1  1000 0.010500220 0.31202243 0.13937518 0.08525039 0.04682588 0.09144188 0.10012010 0.04378029 0.02179514 0.03789187 0.027804454 0.018185021 0.013908940 0.009927358 0.009644619 0.007786279 0.0055973315 2.072195e-03 3.432893e-03 0.0040519222 1.072337e-03 1.066095e-03 1.801819e-04 5.659025e-05 0.0062103978
   41    1      1      0    0      1      -1      -1  1000 0.021361074 0.13228977 0.36669107 0.11247034 0.05621505 0.02591588 0.05454517 0.07595690 0.04024857 0.02114089 0.019782220 0.018530396 0.012751456 0.004258960 0.011557434 0.005651610 0.0078974860 9.317190e-04 1.876642e-03 0.0030316519 1.382563e-03 2.642693e-05 6.051825e-04 5.270642e-05 0.0048288409
   42    1      1      0    0      1      -1      -1  1000 0.007650485 0.16692484 0.16663053 0.29381501 0.07122842 0.05117321 0.01488899 0.05047675 0.05270658 0.02881347 0.009423874 0.014728639 0.024073014 0.010895984 0.006983475 0.009329781 0.0065624975 7.519863e-04 3.107540e-03 0.0010459582 1.889123e-04 8.809018e-04 9.626948e-04 1.462535e-03 0.0052939285
   43    1      1      0    0      1      -1      -1  1000 0.019713295 0.08146652 0.21759283 0.14248776 0.23785801 0.06084462 0.02915954 0.01692035 0.03987595 0.04981668 0.024337637 0.009351239 0.006711330 0.018537855 0.012775340 0.003040866 0.0055443546 9.562151e-03 1.237391e-03 0.0007304503 1.030174e-03 1.126518e-03 4.432541e-03 4.161905e-04 0.0054304188
   44    1      1      0    0      1      -1      -1  1000 0.021939658 0.19233110 0.09613944 0.17079119 0.09903820 0.20248932 0.05140170 0.02612054 0.01304699 0.03327105 0.038069776 0.007418641 0.004503294 0.004928500 0.013581142 0.004033422 0.0040854588 4.551684e-03 1.094454e-03 0.0015226196 2.246627e-03 8.359242e-04 9.722398e-05 4.420946e-03 0.0020411021
   45    1      1      0    0      1      -1      -1  1000 0.027990341 0.08801538 0.24654264 0.07350987 0.14457585 0.08753999 0.13532086 0.03744287 0.02080481 0.02579741 0.021231170 0.028016939 0.018279345 0.006878163 0.005890663 0.009140720 0.0046171335 3.527317e-03 8.984018e-03 0.0023838327 6.767333e-04 1.717789e-04 1.339826e-03 8.576160e-04 0.0004647141
   46    1      1      0    0      1      -1      -1  1000 0.018543140 0.24620362 0.10417449 0.17897153 0.04886535 0.09473953 0.07219321 0.10192853 0.02847387 0.01091633 0.013999210 0.016799184 0.018056404 0.005839469 0.006162430 0.005830603 0.0103451386 7.581903e-03 1.834485e-03 0.0003207371 7.643491e-04 3.851299e-03 1.103781e-03 1.458116e-04 0.0023555949
   47    1      1      0    0      1      -1      -1  1000 0.007647820 0.14897914 0.27785615 0.08202204 0.15057324 0.04920858 0.08326633 0.03463978 0.07781377 0.02200262 0.008770251 0.003965335 0.013327260 0.013918453 0.007187533 0.004398037 0.0014227802 6.139132e-03 2.171565e-04 0.0003205859 7.118314e-04 1.167872e-03 1.670770e-03 5.787426e-05 0.0027156664
   48    1      1      0    0      1      -1      -1  1000 0.013476597 0.08363670 0.16791681 0.23245636 0.06667940 0.14200309 0.03504743 0.06292526 0.03749834 0.05929280 0.012806914 0.008302032 0.014755007 0.019030351 0.015344581 0.003361414 0.0014226535 1.030560e-02 6.071493e-03 0.0002613808 5.513447e-04 3.066327e-03 7.610262e-04 1.308728e-03 0.0017183538
   49    1      1      0    0      1      -1      -1  1000 0.012982722 0.13554523 0.11837479 0.17364489 0.19286330 0.05306988 0.09744263 0.03305003 0.04689661 0.02724279 0.046614613 0.011040117 0.008817921 0.005428343 0.005248549 0.004541427 0.0057013777 6.526525e-03 6.573250e-03 0.0018803366 8.038306e-04 1.046057e-03 1.681896e-03 4.007611e-04 0.0025821216
   50    1      1      0    0      1      -1      -1  1000 0.022424617 0.14487676 0.16535231 0.11838704 0.09715020 0.16510059 0.04488624 0.07870177 0.01633131 0.03199633 0.020326393 0.048818934 0.013287755 0.007983631 0.003050844 0.003849968 0.0061918423 1.167952e-03 4.423353e-03 0.0005114286 1.446226e-03 2.611751e-03 6.816020e-05 3.360681e-04 0.0007185325
   51    1      1      0    0      1      -1      -1  1000 0.023779325 0.20333841 0.14367366 0.12156992 0.05662413 0.07656675 0.12959898 0.02595626 0.05954186 0.01819711 0.029192465 0.019209658 0.050292645 0.010137783 0.003055178 0.002483567 0.0045623105 8.812529e-03 3.741390e-03 0.0010309816 2.034588e-04 2.558383e-03 3.512860e-03 8.386040e-04 0.0015217923
   52    1      1      0    0      1      -1      -1  1000 0.018650947 0.20807908 0.27479657 0.09948095 0.07186324 0.04358293 0.06913572 0.07491931 0.02488601 0.03502024 0.011450578 0.020257019 0.008696375 0.018834000 0.003083722 0.002227613 0.0005381649 2.943442e-03 3.593470e-03 0.0007984300 3.035943e-03 5.062475e-04 2.087390e-03 1.427311e-04 0.0013898687
   53    1      1      0    0      1      -1      -1  1000 0.017702542 0.14266876 0.26930202 0.17529610 0.09662361 0.06417144 0.02694075 0.04531706 0.05564155 0.01953376 0.026104987 0.005279408 0.013237564 0.007231875 0.014797527 0.004894815 0.0019202556 1.016604e-03 2.245169e-03 0.0022725487 4.036403e-04 1.226565e-03 5.066339e-04 2.581482e-03 0.0030833411
   54    1      1      0    0      1      -1      -1  1000 0.041017137 0.19025622 0.19484514 0.16241811 0.11725377 0.06082207 0.05411695 0.02396862 0.03180346 0.05363749 0.013589318 0.013624355 0.003207639 0.006206908 0.006934131 0.013457745 0.0039893645 1.932066e-03 2.853086e-05 0.0021531445 1.661448e-03 3.004655e-04 5.853648e-05 5.936402e-04 0.0021237443
   55    1      1      0    0      1      -1      -1  1000 0.020499708 0.22258441 0.19942642 0.14037811 0.13136336 0.08565390 0.03548405 0.02781799 0.02409183 0.03076104 0.030605451 0.008196890 0.013444597 0.003721765 0.011453828 0.002171562 0.0074069116 1.503827e-03 7.466784e-04 0.0004273320 8.895292e-04 4.809875e-04 1.846426e-04 4.065396e-04 0.0002986435
   56    1      1      0    0      1      -1      -1  1000 0.013324696 0.11664991 0.26507085 0.14117014 0.13050746 0.12181434 0.07196838 0.02238056 0.02182096 0.01417725 0.017161089 0.020509939 0.006261182 0.011530270 0.002701387 0.005520803 0.0049639966 1.668071e-03 4.022554e-03 0.0030975080 1.206598e-03 1.797582e-04 1.582067e-03 2.325212e-04 0.0004777010
   57    1      1      0    0      1      -1      -1  1000 0.005386558 0.16093881 0.16008341 0.22358781 0.13619566 0.06879749 0.08517326 0.04961091 0.02282992 0.01110958 0.010361696 0.010266899 0.021510824 0.004742671 0.007209279 0.005320450 0.0027000382 1.646754e-03 6.293104e-03 0.0013301039 4.942599e-04 2.590609e-05 1.561973e-04 1.495947e-03 0.0027324540
   58    1      1      0    0      1      -1      -1  1000 0.010356482 0.08747560 0.21730892 0.13878002 0.19415798 0.10136891 0.05297472 0.06041150 0.04043588 0.01814222 0.009832554 0.009803511 0.009421956 0.014523489 0.003833013 0.010128154 0.0060847712 1.050128e-03 2.447334e-03 0.0065766424 8.466194e-04 1.985551e-04 3.238627e-04 2.067329e-03 0.0014498651
   59    1      1      0    0      1      -1      -1  1000 0.026983706 0.10338555 0.13741920 0.18747791 0.10802036 0.14752007 0.08452173 0.04609703 0.04192239 0.03527507 0.016508947 0.015925818 0.010770039 0.007708260 0.010213578 0.002643402 0.0113853787 9.136085e-06 1.873782e-03 0.0003240335 1.847803e-03 9.190125e-04 1.084297e-04 2.581230e-05 0.0011135399
   60    1      1      0    0      1      -1      -1  1000 0.010542772 0.18502939 0.15679697 0.09958548 0.14018183 0.08175993 0.11752061 0.06583406 0.02954664 0.03795049 0.022449336 0.010485583 0.010179032 0.002064471 0.004756845 0.014980818 0.0013255545 2.193688e-03 3.300355e-04 0.0013904638 1.486568e-03 1.173436e-03 8.819069e-06 5.300809e-04 0.0018971015
   61    1      1      0    0      1      -1      -1  1000 0.017368356 0.10580843 0.24600502 0.09191957 0.08708890 0.09993706 0.07645222 0.10145557 0.04722162 0.02975590 0.028955072 0.025550477 0.004938537 0.009843862 0.006029764 0.005419777 0.0052700867 1.871364e-03 3.799723e-03 0.0019877536 4.872528e-04 1.071446e-03 1.207151e-03 2.221009e-04 0.0003329948
   62    1      1      0    0      1      -1      -1  1000 0.012412601 0.17801929 0.10710500 0.18807656 0.06298129 0.06391918 0.08315909 0.04889391 0.07333912 0.04386443 0.025784363 0.032667580 0.024890815 0.013245906 0.006861874 0.004772212 0.0101785429 4.224424e-03 7.313687e-04 0.0032423383 2.229949e-05 2.331771e-03 2.685990e-03 3.208272e-03 0.0033817638
   63    1      1      0    0      1      -1      -1  1000 0.021913141 0.14857435 0.22131378 0.09007047 0.15497143 0.04642717 0.05303728 0.05531510 0.03478472 0.05300160 0.023234930 0.028242349 0.020498813 0.017833848 0.009643106 0.007427578 0.0026885116 2.124333e-03 2.048297e-03 0.0008745267 2.986963e-03 3.476547e-05 3.326557e-04 5.256872e-04 0.0020945855
   64    1      1      0    0      1      -1      -1  1000 0.008942582 0.17393583 0.19717088 0.19644796 0.05974332 0.10191698 0.03557396 0.03414671 0.04600926 0.03345221 0.043011652 0.018510316 0.011112077 0.014551917 0.007799431 0.001380867 0.0065270867 6.834248e-04 2.208702e-03 0.0025711277 4.714418e-04 1.548038e-03 2.086176e-04 4.045158e-04 0.0016711052
   65    1      1      0    0      1      -1      -1  1000 0.013351441 0.08646197 0.23570042 0.16158461 0.14641732 0.06735664 0.07945295 0.03615941 0.03015056 0.03482721 0.027679554 0.024350882 0.014882752 0.013017347 0.008939090 0.005245673 0.0019845410 3.685335e-03 2.124156e-03 0.0017866800 1.611375e-03 1.127700e-03 8.691569e-04 5.808200e-04 0.0006523960
   66    1      1      0    0      1      -1      -1  1000 0.014890099 0.14967859 0.13395729 0.17635811 0.13607478 0.10227453 0.04464654 0.06889919 0.04156406 0.01550056 0.035833248 0.013669134 0.021788456 0.013809452 0.003878479 0.007506726 0.0061035215 2.533378e-03 8.154822e-04 0.0008606059 6.533323e-04 2.411781e-03 2.122909e-04 1.743424e-03 0.0043369281
   67    1      1      0    0      1      -1      -1  1000 0.041900011 0.20948664 0.16770916 0.09139851 0.14024645 0.08043830 0.07204114 0.03472054 0.04082369 0.02108187 0.012162008 0.016818277 0.018627416 0.018411747 0.005113887 0.006086185 0.0054001375 4.684027e-03 3.113410e-03 0.0006641462 2.186245e-03 7.640653e-04 4.571091e-03 1.540703e-08 0.0015510251
   68    1      1      0    0      1      -1      -1  1000 0.009946282 0.25694731 0.21064560 0.09632516 0.07554979 0.08526047 0.05421582 0.05620289 0.02492749 0.03665489 0.013394301 0.005667147 0.012955073 0.014017097 0.016375138 0.008555736 0.0041951797 3.961310e-03 6.097990e-03 0.0009500941 2.046739e-03 4.288734e-04 2.658993e-04 7.146838e-04 0.0036990399
   69    1      1      0    0      1      -1      -1  1000 0.025971990 0.05668715 0.29711841 0.17750546 0.11325731 0.03971704 0.07647706 0.05675196 0.04750888 0.02332166 0.025363279 0.008246089 0.009740373 0.011282374 0.004168299 0.010676666 0.0040831999 2.653308e-03 3.415464e-03 0.0032077973 4.340319e-04 9.175104e-04 5.402739e-04 1.078899e-04 0.0008465181
   70    1      1      0    0      1      -1      -1  1000 0.012713911 0.21029716 0.08011756 0.25023505 0.13307108 0.07849306 0.03265321 0.04615262 0.03887589 0.02601703 0.009069089 0.023047160 0.006269595 0.010769364 0.011543128 0.005915380 0.0059619853 5.793680e-03 4.419153e-03 0.0016846504 1.496634e-03 2.267146e-03 3.236589e-05 4.490475e-05 0.0030592030
   71    1      1      0    0      1      -1      -1  1000 0.010801748 0.16843567 0.24923937 0.07263466 0.15543283 0.10128543 0.04649271 0.03660965 0.04569024 0.02284915 0.026496024 0.009820498 0.012972933 0.009565042 0.004601734 0.003178022 0.0036546985 7.238024e-03 4.252870e-03 0.0009701400 3.002116e-03 2.476174e-03 9.262125e-04 7.835594e-04 0.0005904880
   72    1      1      0    0      1      -1      -1  1000 0.019593695 0.15229541 0.16430956 0.20297352 0.05133759 0.14890637 0.07434880 0.04266684 0.02881247 0.03403923 0.020455324 0.019286587 0.006471702 0.008820349 0.003733353 0.003328879 0.0025880072 2.804900e-03 2.999842e-03 0.0046384729 1.375399e-03 2.153291e-03 1.420140e-03 1.361294e-05 0.0006266602
   73    1      1      0    0      1      -1      -1  1000 0.011452883 0.22144260 0.17396692 0.12898081 0.14929745 0.03919331 0.09824505 0.05185966 0.02600368 0.01986791 0.021842318 0.014879050 0.013443449 0.003282538 0.005869812 0.004809106 0.0011002796 3.958777e-03 9.265191e-04 0.0041430431 2.511608e-04 1.532513e-03 2.422624e-04 1.366590e-03 0.0020423094
   74    1      1      0    0      1      -1      -1  1000 0.019072783 0.13399028 0.27167528 0.15187662 0.08407805 0.10441473 0.02741699 0.06752872 0.04098238 0.01591823 0.012317835 0.016632367 0.013343061 0.009130324 0.005206032 0.008027822 0.0028016789 6.583651e-03 1.136259e-03 0.0019434428 4.952745e-04 2.960091e-03 2.150832e-05 1.989831e-04 0.0022476178
   75    1      1      0    0      1      -1      -1  1000 0.014404965 0.13705568 0.14368039 0.21666965 0.13199925 0.08227787 0.09217702 0.02194796 0.05432598 0.02289101 0.017569023 0.016875085 0.011331864 0.007504720 0.012356787 0.004998341 0.0044376596 1.876771e-03 1.703890e-03 0.0001859984 1.789628e-05 2.247842e-03 2.666070e-04 4.754779e-04 0.0007222635
   76    1      1      0    0      1      -1      -1  1000 0.026907812 0.10615806 0.18428379 0.12321443 0.18118745 0.09373255 0.04998904 0.08234217 0.01830028 0.04520469 0.025805509 0.016921960 0.004701223 0.009511009 0.007839457 0.003216574 0.0034837218 5.006826e-03 1.588051e-03 0.0005669768 2.146699e-03 1.736018e-03 1.561040e-03 2.518889e-04 0.0043427709
   77    1      1      0    0      1      -1      -1  1000 0.015138473 0.15323420 0.15189034 0.13944237 0.10849696 0.14539808 0.06457160 0.04865907 0.06117962 0.01240472 0.037204632 0.016522186 0.009160726 0.004975036 0.010284516 0.007135215 0.0025227148 2.088077e-03 3.785137e-03 0.0002610136 5.288612e-04 6.563536e-05 1.439359e-03 1.264748e-03 0.0023467058
   78    1      1      0    0      1      -1      -1  1000 0.008494227 0.14873167 0.22322598 0.10330703 0.11762305 0.08826110 0.09947230 0.05777548 0.03819321 0.04283066 0.009209721 0.021760117 0.011464948 0.006614490 0.008602338 0.004042830 0.0046427479 2.395191e-03 1.979779e-04 0.0010457597 6.621467e-05 2.744624e-05 1.930727e-04 1.019396e-04 0.0017205038
   79    1      1      0    0      1      -1      -1  1000 0.015827947 0.09970407 0.22388306 0.15033264 0.08977079 0.08828789 0.07285878 0.08235804 0.03888752 0.03364313 0.031944208 0.006949581 0.026895817 0.013585088 0.006644366 0.002768354 0.0031142826 5.025784e-03 1.507421e-03 0.0002068055 1.386100e-03 1.263444e-03 7.322282e-04 1.924275e-04 0.0022302267
   80    1      1      0    0      1      -1      -1  1000 0.024738433 0.15826022 0.13441932 0.16425618 0.13358212 0.06745381 0.07759443 0.04226295 0.06056397 0.03223944 0.019388863 0.028577311 0.009152609 0.016055802 0.009740415 0.005816494 0.0011341436 3.237736e-03 1.427362e-03 0.0014658767 2.464060e-04 5.708666e-03 4.890790e-04 2.156603e-05 0.0021667898
   81    1      1      0    0      1      -1      -1  1000 0.017437514 0.19692492 0.18736100 0.11201609 0.10700545 0.09999642 0.03727106 0.04413485 0.03735611 0.05109649 0.026992159 0.024928316 0.019725742 0.004161063 0.013314891 0.004608958 0.0034341249 2.807015e-03 1.648681e-03 0.0019163408 2.447998e-03 8.071140e-04 8.180604e-05 1.516884e-03 0.0010090050
   82    1      1      0    0      1      -1      -1  1000 0.037891821 0.11484732 0.22838369 0.14244764 0.10210919 0.08071972 0.07724215 0.03568823 0.04301998 0.02211180 0.031474991 0.019841497 0.016847966 0.011108928 0.004814803 0.009991116 0.0089173406 2.363719e-03 1.011256e-03 0.0047610871 1.833006e-03 5.274428e-04 9.554115e-05 4.923541e-04 0.0014574049
   83    1      1      0    0      1      -1      -1  1000 0.012837844 0.28825265 0.12412145 0.15977039 0.08075266 0.04985556 0.05950592 0.04510542 0.03937295 0.02594563 0.020299079 0.035381660 0.015693489 0.010677898 0.009159151 0.001387921 0.0090934999 6.117897e-03 2.604554e-03 0.0016312083 1.153898e-03 9.203879e-06 3.135600e-04 3.041596e-04 0.0006523453
   84    1      1      0    0      1      -1      -1  1000 0.018238928 0.10237326 0.36765260 0.08723267 0.11373627 0.06888695 0.04023683 0.03957482 0.04235292 0.01857871 0.021184134 0.019813113 0.023380186 0.009879087 0.003853603 0.008737124 0.0026349798 2.593611e-03 3.639443e-03 0.0019556073 1.601178e-03 6.899132e-04 9.358253e-05 8.849328e-05 0.0009919861
   85    1      1      0    0      1      -1      -1  1000 0.008158588 0.11734548 0.13586518 0.27683717 0.07295134 0.12691186 0.06284810 0.03105611 0.03871948 0.03243448 0.027237514 0.009731926 0.012314216 0.018053582 0.006973337 0.002858689 0.0071870946 2.211818e-03 1.555316e-03 0.0039013489 6.342096e-04 7.470891e-04 1.724022e-03 6.250838e-04 0.0011169749
   86    1      1      0    0      1      -1      -1  1000 0.021248350 0.11598469 0.17911332 0.12744933 0.22337487 0.05699969 0.06918475 0.04664537 0.02514737 0.04025852 0.024225559 0.011893969 0.015340351 0.006258574 0.011873177 0.007464836 0.0048745755 2.951253e-03 1.381664e-03 0.0018450437 5.297400e-04 1.910434e-03 1.231464e-03 1.458868e-03 0.0013542289
   87    1      1      0    0      1      -1      -1  1000 0.030525168 0.14711492 0.14365502 0.11085718 0.10750569 0.18929400 0.04371714 0.06810379 0.04145859 0.02274831 0.024662071 0.016518506 0.006017500 0.007646603 0.008393105 0.006071855 0.0049129670 6.813786e-03 3.556700e-03 0.0001160543 2.756957e-03 2.938632e-03 2.295030e-03 1.125475e-04 0.0022078827
   88    1      1      0    0      1      -1      -1  1000 0.024451773 0.22698190 0.16281729 0.10988161 0.09584350 0.07580290 0.11861877 0.03116479 0.04783538 0.02571086 0.009084250 0.016981965 0.008312984 0.006849196 0.009444173 0.008549219 0.0086868990 4.197144e-03 8.540644e-04 0.0016986176 3.406064e-05 3.841698e-03 1.029350e-03 5.536624e-04 0.0007739568
   89    1      1      0    0      1      -1      -1  1000 0.023303680 0.12159333 0.26266222 0.14956502 0.07413366 0.07648982 0.05073513 0.09344792 0.02669205 0.03185704 0.022590290 0.009468314 0.011586898 0.013324874 0.003514428 0.005530284 0.0040457732 5.528804e-03 7.854765e-03 0.0020245542 2.231161e-03 2.753657e-04 4.188234e-04 5.769082e-04 0.0005488819
   90    1      1      0    0      1      -1      -1  1000 0.029689600 0.16731591 0.16196168 0.20717710 0.09879247 0.04937187 0.05973690 0.03776882 0.08718197 0.01697047 0.017274144 0.020043664 0.009414010 0.010751444 0.004334747 0.003215136 0.0026471614 1.249856e-03 6.197072e-03 0.0027452026 5.032110e-04 1.938496e-03 8.704203e-06 4.841605e-04 0.0032262064
   91    1      1      0    0      1      -1      -1  1000 0.017408116 0.19727365 0.21135706 0.12916046 0.14986417 0.06904537 0.03055376 0.03737339 0.03204503 0.05272544 0.007177696 0.016456394 0.015126802 0.007263259 0.005765894 0.004397374 0.0017532518 5.892988e-03 1.021531e-03 0.0013607109 2.046127e-03 2.703960e-05 2.177803e-03 2.195063e-05 0.0027047194
   92    1      1      0    0      1      -1      -1  1000 0.008654914 0.16496110 0.25144945 0.15708402 0.09147334 0.10738232 0.05357855 0.02707156 0.02466310 0.02363686 0.029754584 0.011622405 0.016168995 0.009497954 0.001983000 0.005787623 0.0032467572 3.021065e-03 1.569277e-03 0.0007484814 1.724839e-03 8.365422e-04 3.160089e-04 2.210266e-04 0.0035462179
   93    1      1      0    0      1      -1      -1  1000 0.011953999 0.09861641 0.22451725 0.20428939 0.12034792 0.07071696 0.08179271 0.04177682 0.02253848 0.02312511 0.018158475 0.044202214 0.005230650 0.010173790 0.002667616 0.001547623 0.0042886503 4.657879e-03 1.655881e-04 0.0016823441 1.602883e-03 2.545645e-03 6.270658e-04 1.138464e-04 0.0026606974
   94    1      1      0    0      1      -1      -1  1000 0.025890945 0.13703604 0.12823917 0.14906760 0.17500377 0.09111034 0.05614852 0.08181547 0.04108900 0.02152545 0.020331924 0.013944567 0.024723985 0.005446781 0.002317322 0.008909653 0.0030099498 5.373676e-03 1.701567e-03 0.0010312689 2.300926e-04 2.579973e-03 1.271498e-03 8.073087e-04 0.0013941332
   95    1      1      0    0      1      -1      -1  1000 0.008197399 0.23664306 0.14972591 0.10417455 0.11655954 0.11535476 0.07863245 0.04317384 0.05660035 0.02102432 0.018522008 0.008715083 0.008899827 0.013447330 0.004098761 0.004764126 0.0007453335 2.664510e-03 1.639069e-03 0.0008581743 1.339783e-03 2.075225e-03 3.516009e-04 1.545929e-03 0.0002470655
   96    1      1      0    0      1      -1      -1  1000 0.024639287 0.06886412 0.32050619 0.10276081 0.06991074 0.08736195 0.10060885 0.05994073 0.03231518 0.04719325 0.016090105 0.013795427 0.014331398 0.008360653 0.012582268 0.002532532 0.0039622756 5.754132e-03 7.115423e-05 0.0013491826 1.333883e-03 4.546937e-04 1.655993e-03 1.984600e-04 0.0034267300
   97    1      1      0    0      1      -1      -1  1000 0.006150863 0.23905876 0.10236283 0.21785315 0.11207946 0.05565323 0.06681088 0.06445455 0.03972942 0.02242469 0.024665657 0.010529038 0.006487321 0.006904541 0.002564654 0.009933655 0.0013395069 3.630323e-03 4.258318e-03 0.0004466457 7.629761e-04 3.363183e-04 1.657571e-04 3.036047e-04 0.0010938491
   98    1      1      0    0      1      -1      -1  1000 0.016114785 0.10074716 0.28326847 0.08239743 0.16523052 0.07165615 0.04013797 0.06543122 0.05899865 0.03191064 0.017690395 0.019762347 0.009616068 0.002611874 0.005083130 0.003913163 0.0031382119 5.015374e-03 6.333992e-03 0.0019261814 5.015241e-04 6.318400e-04 3.126284e-04 1.619017e-04 0.0074083633
   99    1      1      0    0      1      -1      -1  1000 0.018513684 0.15943396 0.13043685 0.23122524 0.05051233 0.14003943 0.05487428 0.02980516 0.04731909 0.04167002 0.027293325 0.016422364 0.014279435 0.012205498 0.003475696 0.003146107 0.0037426745 2.888555e-03 9.217024e-04 0.0022038742 2.566437e-03 2.144485e-03 2.709724e-03 6.296637e-04 0.0015404197
  100    1      1      0    0      1      -1      -1  1000 0.022473931 0.18189949 0.16298553 0.10408209 0.17503749 0.03885100 0.09168432 0.04560541 0.02552874 0.03527684 0.034163138 0.014876434 0.015709672 0.013169564 0.011349124 0.001943711 0.0024638588 3.556023e-03 7.050110e-03 0.0009985371 4.835733e-03 3.347396e-03 2.077572e-04 4.303533e-04 0.0024737332
    2    1      2      0    0      1      -1      -1  1000 0.022000000 0.14200000 0.13600000 0.12400000 0.09700000 0.07500000 0.07600000 0.05800000 0.05100000 0.04100000 0.028000000 0.026000000 0.019000000 0.012000000 0.016000000 0.011000000 0.0110000000 8.000000e-03 6.000000e-03 0.0020000000 7.000000e-03 7.000000e-03 5.000000e-03 6.000000e-03 0.0140000000
    3    1      2      0    0      1      -1      -1  1000 0.022000000 0.09500000 0.15900000 0.12100000 0.08900000 0.08000000 0.08100000 0.05900000 0.05300000 0.04100000 0.041000000 0.023000000 0.021000000 0.017000000 0.017000000 0.019000000 0.0090000000 1.000000e-02 8.000000e-03 0.0090000000 4.000000e-03 5.000000e-03 3.000000e-03 2.000000e-03 0.0120000000
    4    1      2      0    0      1      -1      -1  1000 0.045000000 0.12500000 0.08400000 0.14500000 0.11500000 0.09200000 0.06000000 0.05000000 0.05400000 0.04300000 0.034000000 0.028000000 0.026000000 0.012000000 0.018000000 0.010000000 0.0110000000 3.000000e-03 1.100000e-02 0.0060000000 4.000000e-03 3.000000e-03 4.000000e-03 6.000000e-03 0.0110000000
    5    1      2      0    0      1      -1      -1  1000 0.037000000 0.16700000 0.11800000 0.06800000 0.10300000 0.10800000 0.07500000 0.06600000 0.04400000 0.03300000 0.037000000 0.028000000 0.021000000 0.017000000 0.013000000 0.011000000 0.0130000000 8.000000e-03 9.000000e-03 0.0060000000 2.000000e-03 3.000000e-03 3.000000e-03 0.000000e+00 0.0100000000
    6    1      2      0    0      1      -1      -1  1000 0.038000000 0.18600000 0.17800000 0.10200000 0.05900000 0.07700000 0.06200000 0.05300000 0.04600000 0.03800000 0.022000000 0.023000000 0.023000000 0.016000000 0.013000000 0.015000000 0.0090000000 7.000000e-03 7.000000e-03 0.0060000000 4.000000e-03 4.000000e-03 3.000000e-03 1.000000e-03 0.0080000000
    7    1      2      0    0      1      -1      -1  1000 0.025000000 0.13900000 0.18200000 0.13300000 0.08900000 0.05000000 0.06900000 0.05800000 0.04500000 0.04000000 0.035000000 0.030000000 0.014000000 0.016000000 0.013000000 0.008000000 0.0070000000 1.400000e-02 9.000000e-03 0.0020000000 4.000000e-03 3.000000e-03 4.000000e-03 1.000000e-03 0.0100000000
    8    1      2      0    0      1      -1      -1  1000 0.046000000 0.12200000 0.13900000 0.14100000 0.11500000 0.07400000 0.03100000 0.06100000 0.04300000 0.05100000 0.040000000 0.029000000 0.020000000 0.014000000 0.011000000 0.013000000 0.0080000000 6.000000e-03 4.000000e-03 0.0070000000 6.000000e-03 2.000000e-03 4.000000e-03 4.000000e-03 0.0090000000
    9    1      2      0    0      1      -1      -1  1000 0.023000000 0.20300000 0.10500000 0.09700000 0.13800000 0.10600000 0.03700000 0.03100000 0.04700000 0.03800000 0.039000000 0.029000000 0.020000000 0.023000000 0.012000000 0.017000000 0.0090000000 7.000000e-03 3.000000e-03 0.0030000000 1.000000e-03 1.000000e-03 3.000000e-03 1.000000e-03 0.0070000000
   10    1      2      0    0      1      -1      -1  1000 0.042000000 0.10800000 0.21900000 0.10300000 0.08200000 0.08800000 0.06800000 0.03300000 0.02500000 0.04000000 0.037000000 0.022000000 0.021000000 0.017000000 0.018000000 0.019000000 0.0130000000 7.000000e-03 3.000000e-03 0.0090000000 6.000000e-03 1.000000e-03 5.000000e-03 2.000000e-03 0.0120000000
   11    1      2      0    0      1      -1      -1  1000 0.029000000 0.16500000 0.11400000 0.17100000 0.07500000 0.06700000 0.08300000 0.05500000 0.03500000 0.02400000 0.028000000 0.022000000 0.021000000 0.015000000 0.020000000 0.016000000 0.0120000000 1.000000e-02 6.000000e-03 0.0060000000 3.000000e-03 3.000000e-03 4.000000e-03 4.000000e-03 0.0120000000
   12    1      2      0    0      1      -1      -1  1000 0.022000000 0.13200000 0.14300000 0.08300000 0.17100000 0.07400000 0.07300000 0.06100000 0.04900000 0.02700000 0.020000000 0.024000000 0.022000000 0.018000000 0.019000000 0.008000000 0.0060000000 3.000000e-03 9.000000e-03 0.0050000000 4.000000e-03 5.000000e-03 1.000000e-03 6.000000e-03 0.0150000000
   13    1      2      0    0      1      -1      -1  1000 0.069000000 0.10300000 0.12500000 0.14400000 0.08100000 0.11700000 0.06600000 0.04700000 0.04400000 0.04500000 0.018000000 0.018000000 0.025000000 0.020000000 0.012000000 0.015000000 0.0090000000 9.000000e-03 8.000000e-03 0.0040000000 5.000000e-03 2.000000e-03 1.000000e-03 2.000000e-03 0.0110000000
   14    1      2      0    0      1      -1      -1  1000 0.027000000 0.27400000 0.09100000 0.09300000 0.08200000 0.05500000 0.09700000 0.05200000 0.03900000 0.04100000 0.021000000 0.017000000 0.015000000 0.013000000 0.014000000 0.011000000 0.0070000000 1.000000e-02 6.000000e-03 0.0060000000 4.000000e-03 4.000000e-03 3.000000e-03 3.000000e-03 0.0150000000
   15    1      2      0    0      1      -1      -1  1000 0.016000000 0.14400000 0.27100000 0.07600000 0.06600000 0.07700000 0.04200000 0.07900000 0.04900000 0.03200000 0.030000000 0.026000000 0.015000000 0.007000000 0.015000000 0.009000000 0.0090000000 5.000000e-03 1.100000e-02 0.0010000000 2.000000e-03 2.000000e-03 1.000000e-03 2.000000e-03 0.0130000000
   16    1      2      0    0      1      -1      -1  1000 0.030000000 0.10000000 0.15800000 0.23700000 0.06200000 0.06300000 0.07200000 0.04500000 0.05100000 0.02700000 0.025000000 0.034000000 0.021000000 0.010000000 0.009000000 0.008000000 0.0060000000 7.000000e-03 3.000000e-03 0.0030000000 8.000000e-03 4.000000e-03 3.000000e-03 2.000000e-03 0.0120000000
   17    1      2      0    0      1      -1      -1  1000 0.010000000 0.17400000 0.09700000 0.11600000 0.22000000 0.04900000 0.04600000 0.04700000 0.03300000 0.04600000 0.023000000 0.026000000 0.031000000 0.018000000 0.014000000 0.007000000 0.0080000000 5.000000e-03 2.000000e-03 0.0030000000 4.000000e-03 3.000000e-03 3.000000e-03 5.000000e-03 0.0100000000
   18    1      2      0    0      1      -1      -1  1000 0.023000000 0.06700000 0.18100000 0.10200000 0.12000000 0.15800000 0.05200000 0.04200000 0.04000000 0.03300000 0.055000000 0.017000000 0.012000000 0.020000000 0.015000000 0.012000000 0.0070000000 1.100000e-02 1.200000e-02 0.0040000000 4.000000e-03 2.000000e-03 3.000000e-03 2.000000e-03 0.0060000000
   19    1      2      0    0      1      -1      -1  1000 0.024000000 0.09400000 0.05900000 0.15500000 0.07800000 0.10200000 0.16100000 0.03500000 0.05800000 0.03800000 0.017000000 0.044000000 0.017000000 0.024000000 0.014000000 0.014000000 0.0080000000 9.000000e-03 5.000000e-03 0.0090000000 7.000000e-03 3.000000e-03 3.000000e-03 4.000000e-03 0.0180000000
   20    1      2      0    0      1      -1      -1  1000 0.026000000 0.09200000 0.08400000 0.05000000 0.15800000 0.07000000 0.08800000 0.16400000 0.03500000 0.03400000 0.036000000 0.026000000 0.033000000 0.028000000 0.017000000 0.012000000 0.0130000000 4.000000e-03 3.000000e-03 0.0010000000 3.000000e-03 3.000000e-03 1.000000e-03 2.000000e-03 0.0170000000
   21    1      2      0    0      1      -1      -1  1000 0.061000000 0.12400000 0.11100000 0.07700000 0.04600000 0.11300000 0.04900000 0.07400000 0.11100000 0.02700000 0.032000000 0.034000000 0.019000000 0.033000000 0.022000000 0.008000000 0.0100000000 1.000000e-02 6.000000e-03 0.0060000000 7.000000e-03 6.000000e-03 1.000000e-03 3.000000e-03 0.0100000000
   22    1      2      0    0      1      -1      -1  1000 0.007000000 0.31100000 0.11800000 0.07900000 0.04400000 0.02800000 0.07600000 0.04500000 0.04800000 0.08600000 0.018000000 0.025000000 0.023000000 0.010000000 0.022000000 0.008000000 0.0080000000 7.000000e-03 8.000000e-03 0.0050000000 3.000000e-03 3.000000e-03 3.000000e-03 4.000000e-03 0.0110000000
   23    1      2      0    0      1      -1      -1  1000 0.027000000 0.11400000 0.28200000 0.08700000 0.07300000 0.03400000 0.03100000 0.07300000 0.03900000 0.03000000 0.060000000 0.015000000 0.014000000 0.019000000 0.019000000 0.021000000 0.0110000000 5.000000e-03 9.000000e-03 0.0070000000 6.000000e-03 2.000000e-03 4.000000e-03 3.000000e-03 0.0150000000
   24    1      2      0    0      1      -1      -1  1000 0.025000000 0.15100000 0.12400000 0.22500000 0.08800000 0.05300000 0.02400000 0.01600000 0.06500000 0.02500000 0.040000000 0.049000000 0.021000000 0.011000000 0.012000000 0.007000000 0.0230000000 7.000000e-03 4.000000e-03 0.0080000000 3.000000e-03 3.000000e-03 1.000000e-03 0.000000e+00 0.0150000000
   25    1      2      0    0      1      -1      -1  1000 0.039000000 0.08500000 0.14900000 0.08900000 0.22500000 0.06700000 0.04600000 0.02200000 0.01200000 0.04000000 0.024000000 0.030000000 0.056000000 0.014000000 0.008000000 0.023000000 0.0090000000 9.000000e-03 9.000000e-03 0.0120000000 5.000000e-03 5.000000e-03 2.000000e-03 3.000000e-03 0.0170000000
   26    1      2      0    0      1      -1      -1  1000 0.051000000 0.17500000 0.09700000 0.11600000 0.08300000 0.16500000 0.05300000 0.03100000 0.01500000 0.01200000 0.038000000 0.020000000 0.024000000 0.044000000 0.009000000 0.008000000 0.0100000000 9.000000e-03 1.300000e-02 0.0020000000 5.000000e-03 0.000000e+00 3.000000e-03 2.000000e-03 0.0150000000
   27    1      2      0    0      1      -1      -1  1000 0.030000000 0.22000000 0.18000000 0.07500000 0.07700000 0.05900000 0.11300000 0.04300000 0.03900000 0.01900000 0.014000000 0.029000000 0.014000000 0.010000000 0.032000000 0.006000000 0.0070000000 2.000000e-03 4.000000e-03 0.0070000000 1.000000e-03 2.000000e-03 3.000000e-03 3.000000e-03 0.0110000000
   28    1      2      0    0      1      -1      -1  1000 0.044000000 0.18900000 0.20500000 0.12100000 0.06000000 0.07200000 0.04100000 0.07300000 0.02800000 0.02100000 0.015000000 0.012000000 0.023000000 0.012000000 0.014000000 0.023000000 0.0050000000 6.000000e-03 1.100000e-02 0.0000000000 7.000000e-03 3.000000e-03 2.000000e-03 2.000000e-03 0.0110000000
   29    1      2      0    0      1      -1      -1  1000 0.028000000 0.15100000 0.20900000 0.16500000 0.09700000 0.03500000 0.05100000 0.03600000 0.06600000 0.02700000 0.020000000 0.011000000 0.005000000 0.021000000 0.009000000 0.011000000 0.0160000000 6.000000e-03 8.000000e-03 0.0030000000 4.000000e-03 5.000000e-03 3.000000e-03 3.000000e-03 0.0100000000
   30    1      2      0    0      1      -1      -1  1000 0.050000000 0.17100000 0.14800000 0.16600000 0.13100000 0.08300000 0.04100000 0.04700000 0.02800000 0.04100000 0.018000000 0.008000000 0.005000000 0.002000000 0.011000000 0.006000000 0.0090000000 8.000000e-03 5.000000e-03 0.0010000000 8.000000e-03 2.000000e-03 2.000000e-03 2.000000e-03 0.0070000000
   31    1      2      0    0      1      -1      -1  1000 0.041000000 0.22600000 0.14000000 0.12500000 0.12800000 0.08300000 0.05700000 0.02200000 0.01700000 0.02200000 0.048000000 0.015000000 0.010000000 0.007000000 0.010000000 0.012000000 0.0100000000 7.000000e-03 3.000000e-03 0.0020000000 3.000000e-03 0.000000e+00 2.000000e-03 2.000000e-03 0.0080000000
   32    1      2      0    0      1      -1      -1  1000 0.025000000 0.24500000 0.21600000 0.10700000 0.06600000 0.08700000 0.07500000 0.04000000 0.02200000 0.02000000 0.012000000 0.031000000 0.008000000 0.005000000 0.004000000 0.003000000 0.0020000000 4.000000e-03 5.000000e-03 0.0090000000 3.000000e-03 1.000000e-03 1.000000e-03 1.000000e-03 0.0080000000
   33    1      2      0    0      1      -1      -1  1000 0.038000000 0.11600000 0.19400000 0.21300000 0.08100000 0.07000000 0.08100000 0.06900000 0.02700000 0.01400000 0.013000000 0.010000000 0.024000000 0.004000000 0.010000000 0.005000000 0.0040000000 8.000000e-03 3.000000e-03 0.0030000000 4.000000e-03 1.000000e-03 0.000000e+00 1.000000e-03 0.0070000000
   34    1      2      0    0      1      -1      -1  1000 0.066000000 0.17200000 0.11300000 0.14200000 0.15500000 0.08100000 0.04500000 0.05600000 0.04000000 0.02800000 0.011000000 0.017000000 0.007000000 0.024000000 0.004000000 0.004000000 0.0020000000 4.000000e-03 6.000000e-03 0.0030000000 0.000000e+00 7.000000e-03 4.000000e-03 1.000000e-03 0.0080000000
   35    1      2      0    0      1      -1      -1  1000 0.048000000 0.24300000 0.14800000 0.06700000 0.10000000 0.11700000 0.06100000 0.04100000 0.04800000 0.03200000 0.020000000 0.011000000 0.008000000 0.004000000 0.023000000 0.003000000 0.0010000000 3.000000e-03 1.000000e-03 0.0050000000 1.000000e-03 1.000000e-03 5.000000e-03 0.000000e+00 0.0090000000
   36    1      2      0    0      1      -1      -1  1000 0.013000000 0.19900000 0.25000000 0.10900000 0.05500000 0.07900000 0.07800000 0.04000000 0.03200000 0.03800000 0.028000000 0.021000000 0.015000000 0.005000000 0.006000000 0.015000000 0.0040000000 2.000000e-03 0.000000e+00 0.0020000000 1.000000e-03 1.000000e-03 1.000000e-03 3.000000e-03 0.0030000000
   37    1      2      0    0      1      -1      -1  1000 0.018000000 0.07500000 0.19700000 0.22400000 0.10700000 0.05900000 0.05700000 0.07200000 0.04400000 0.02900000 0.035000000 0.023000000 0.013000000 0.007000000 0.007000000 0.007000000 0.0080000000 3.000000e-03 0.000000e+00 0.0010000000 0.000000e+00 1.000000e-03 3.000000e-03 3.000000e-03 0.0070000000
   38    1      2      0    0      1      -1      -1  1000 0.026000000 0.14800000 0.07800000 0.16700000 0.15600000 0.09300000 0.03600000 0.07100000 0.05800000 0.03500000 0.031000000 0.022000000 0.023000000 0.015000000 0.007000000 0.007000000 0.0030000000 8.000000e-03 1.000000e-03 0.0030000000 2.000000e-03 1.000000e-03 1.000000e-03 2.000000e-03 0.0060000000
   39    1      2      0    0      1      -1      -1  1000 0.109000000 0.17000000 0.11400000 0.05900000 0.12900000 0.12700000 0.06000000 0.03000000 0.04300000 0.04500000 0.029000000 0.016000000 0.019000000 0.011000000 0.011000000 0.004000000 0.0050000000 3.000000e-03 5.000000e-03 0.0000000000 1.000000e-03 4.000000e-03 0.000000e+00 0.000000e+00 0.0060000000
   40    1      2      0    0      1      -1      -1  1000 0.038000000 0.36300000 0.11800000 0.07900000 0.04900000 0.07500000 0.08900000 0.04200000 0.01900000 0.03500000 0.024000000 0.007000000 0.010000000 0.010000000 0.008000000 0.012000000 0.0040000000 2.000000e-03 2.000000e-03 0.0040000000 2.000000e-03 2.000000e-03 1.000000e-03 0.000000e+00 0.0050000000
   41    1      2      0    0      1      -1      -1  1000 0.048000000 0.16900000 0.35500000 0.09800000 0.05300000 0.03700000 0.05500000 0.04400000 0.03600000 0.01600000 0.024000000 0.020000000 0.009000000 0.007000000 0.008000000 0.008000000 0.0040000000 1.000000e-03 2.000000e-03 0.0010000000 1.000000e-03 1.000000e-03 1.000000e-03 0.000000e+00 0.0020000000
   42    1      2      0    0      1      -1      -1  1000 0.022000000 0.21200000 0.16100000 0.30000000 0.06300000 0.04000000 0.02000000 0.03700000 0.03800000 0.02900000 0.014000000 0.011000000 0.016000000 0.008000000 0.003000000 0.008000000 0.0040000000 3.000000e-03 1.000000e-03 0.0020000000 0.000000e+00 3.000000e-03 1.000000e-03 0.000000e+00 0.0040000000
   43    1      2      0    0      1      -1      -1  1000 0.060000000 0.08700000 0.18700000 0.13600000 0.24700000 0.06500000 0.03400000 0.02000000 0.03300000 0.03800000 0.021000000 0.012000000 0.021000000 0.015000000 0.002000000 0.005000000 0.0040000000 2.000000e-03 3.000000e-03 0.0020000000 1.000000e-03 0.000000e+00 2.000000e-03 0.000000e+00 0.0030000000
   44    1      2      0    0      1      -1      -1  1000 0.029000000 0.26300000 0.08300000 0.14900000 0.08900000 0.16700000 0.05700000 0.02600000 0.01800000 0.03600000 0.020000000 0.016000000 0.007000000 0.007000000 0.010000000 0.005000000 0.0010000000 6.000000e-03 1.000000e-03 0.0020000000 2.000000e-03 3.000000e-03 0.000000e+00 1.000000e-03 0.0020000000
   45    1      2      0    0      1      -1      -1  1000 0.062000000 0.10800000 0.24700000 0.07100000 0.13900000 0.08000000 0.13600000 0.03000000 0.00800000 0.00900000 0.024000000 0.021000000 0.008000000 0.007000000 0.008000000 0.008000000 0.0070000000 6.000000e-03 7.000000e-03 0.0030000000 2.000000e-03 1.000000e-03 1.000000e-03 0.000000e+00 0.0070000000
   46    1      2      0    0      1      -1      -1  1000 0.043000000 0.28200000 0.11300000 0.18900000 0.04000000 0.09500000 0.06600000 0.08900000 0.01800000 0.00800000 0.007000000 0.010000000 0.015000000 0.007000000 0.000000000 0.008000000 0.0030000000 1.000000e-03 1.000000e-03 0.0020000000 0.000000e+00 3.000000e-03 0.000000e+00 0.000000e+00 0.0000000000
   47    1      2      0    0      1      -1      -1  1000 0.032000000 0.19500000 0.28000000 0.07900000 0.12700000 0.04100000 0.05400000 0.03900000 0.07200000 0.01400000 0.010000000 0.004000000 0.016000000 0.009000000 0.010000000 0.003000000 0.0030000000 0.000000e+00 3.000000e-03 0.0010000000 2.000000e-03 3.000000e-03 0.000000e+00 0.000000e+00 0.0030000000
   48    1      2      0    0      1      -1      -1  1000 0.031000000 0.11200000 0.19600000 0.22900000 0.06300000 0.11000000 0.02800000 0.06000000 0.03900000 0.06400000 0.016000000 0.007000000 0.007000000 0.008000000 0.011000000 0.002000000 0.0010000000 3.000000e-03 4.000000e-03 0.0030000000 1.000000e-03 2.000000e-03 1.000000e-03 0.000000e+00 0.0020000000
   49    1      2      0    0      1      -1      -1  1000 0.030000000 0.19400000 0.09600000 0.15300000 0.17700000 0.04600000 0.09200000 0.02800000 0.05700000 0.02500000 0.045000000 0.013000000 0.006000000 0.001000000 0.010000000 0.007000000 0.0030000000 2.000000e-03 4.000000e-03 0.0020000000 1.000000e-03 2.000000e-03 1.000000e-03 0.000000e+00 0.0050000000
   50    1      2      0    0      1      -1      -1  1000 0.066000000 0.17500000 0.16800000 0.09800000 0.11000000 0.13600000 0.03000000 0.06900000 0.02100000 0.02700000 0.023000000 0.032000000 0.010000000 0.004000000 0.005000000 0.005000000 0.0060000000 4.000000e-03 0.000000e+00 0.0020000000 1.000000e-03 0.000000e+00 2.000000e-03 4.000000e-03 0.0020000000
   51    1      2      0    0      1      -1      -1  1000 0.056000000 0.26400000 0.15800000 0.09700000 0.06500000 0.08700000 0.09200000 0.02700000 0.04000000 0.01200000 0.022000000 0.015000000 0.028000000 0.007000000 0.005000000 0.002000000 0.0060000000 6.000000e-03 2.000000e-03 0.0020000000 1.000000e-03 0.000000e+00 1.000000e-03 0.000000e+00 0.0050000000
   52    1      2      0    0      1      -1      -1  1000 0.043000000 0.26200000 0.21000000 0.09500000 0.08200000 0.05900000 0.04600000 0.05500000 0.01300000 0.04000000 0.010000000 0.020000000 0.011000000 0.017000000 0.008000000 0.004000000 0.0050000000 2.000000e-03 4.000000e-03 0.0020000000 2.000000e-03 2.000000e-03 1.000000e-03 2.000000e-03 0.0050000000
   53    1      2      0    0      1      -1      -1  1000 0.048000000 0.20200000 0.23800000 0.16600000 0.08500000 0.05900000 0.02600000 0.03100000 0.05900000 0.02500000 0.013000000 0.006000000 0.012000000 0.006000000 0.010000000 0.003000000 0.0030000000 2.000000e-03 2.000000e-03 0.0020000000 0.000000e+00 0.000000e+00 1.000000e-03 0.000000e+00 0.0010000000
   54    1      2      0    0      1      -1      -1  1000 0.057000000 0.23900000 0.16700000 0.16800000 0.11700000 0.05200000 0.04700000 0.02400000 0.02500000 0.03300000 0.013000000 0.020000000 0.004000000 0.006000000 0.003000000 0.012000000 0.0000000000 3.000000e-03 0.000000e+00 0.0010000000 0.000000e+00 1.000000e-03 2.000000e-03 2.000000e-03 0.0040000000
   55    1      2      0    0      1      -1      -1  1000 0.042000000 0.29500000 0.19000000 0.11800000 0.09700000 0.08900000 0.04100000 0.02600000 0.01100000 0.02500000 0.025000000 0.001000000 0.013000000 0.004000000 0.007000000 0.001000000 0.0040000000 2.000000e-03 0.000000e+00 0.0000000000 3.000000e-03 2.000000e-03 1.000000e-03 0.000000e+00 0.0030000000
   56    1      2      0    0      1      -1      -1  1000 0.037000000 0.14500000 0.26400000 0.16500000 0.09600000 0.09100000 0.05400000 0.03700000 0.02100000 0.01300000 0.014000000 0.026000000 0.003000000 0.014000000 0.003000000 0.003000000 0.0020000000 4.000000e-03 3.000000e-03 0.0010000000 0.000000e+00 3.000000e-03 0.000000e+00 1.000000e-03 0.0000000000
   57    1      2      0    0      1      -1      -1  1000 0.025000000 0.20600000 0.15500000 0.21400000 0.11500000 0.06500000 0.06100000 0.05400000 0.02200000 0.02800000 0.009000000 0.010000000 0.014000000 0.005000000 0.003000000 0.001000000 0.0020000000 2.000000e-03 5.000000e-03 0.0020000000 0.000000e+00 1.000000e-03 1.000000e-03 0.000000e+00 0.0000000000
   58    1      2      0    0      1      -1      -1  1000 0.020000000 0.11400000 0.18900000 0.14300000 0.17400000 0.08900000 0.06700000 0.05600000 0.04800000 0.01700000 0.019000000 0.010000000 0.014000000 0.014000000 0.002000000 0.006000000 0.0030000000 5.000000e-03 1.000000e-03 0.0030000000 0.000000e+00 1.000000e-03 2.000000e-03 0.000000e+00 0.0030000000
   59    1      2      0    0      1      -1      -1  1000 0.044000000 0.14700000 0.11400000 0.15000000 0.12600000 0.13400000 0.07100000 0.05600000 0.06300000 0.02900000 0.013000000 0.013000000 0.007000000 0.009000000 0.010000000 0.002000000 0.0030000000 1.000000e-03 3.000000e-03 0.0000000000 2.000000e-03 2.000000e-03 1.000000e-03 0.000000e+00 0.0000000000
   60    1      2      0    0      1      -1      -1  1000 0.031000000 0.24800000 0.11600000 0.09100000 0.11300000 0.09100000 0.08900000 0.05700000 0.03900000 0.03100000 0.022000000 0.018000000 0.004000000 0.008000000 0.010000000 0.015000000 0.0020000000 3.000000e-03 0.000000e+00 0.0060000000 1.000000e-03 3.000000e-03 0.000000e+00 0.000000e+00 0.0020000000
   61    1      2      0    0      1      -1      -1  1000 0.042000000 0.15000000 0.20700000 0.10300000 0.07700000 0.09400000 0.07400000 0.09000000 0.04400000 0.02500000 0.031000000 0.022000000 0.013000000 0.006000000 0.005000000 0.001000000 0.0070000000 2.000000e-03 1.000000e-03 0.0000000000 2.000000e-03 0.000000e+00 3.000000e-03 0.000000e+00 0.0010000000
   62    1      2      0    0      1      -1      -1  1000 0.043000000 0.24000000 0.11600000 0.16700000 0.07700000 0.05000000 0.07800000 0.04500000 0.05800000 0.03300000 0.016000000 0.025000000 0.019000000 0.004000000 0.006000000 0.003000000 0.0040000000 6.000000e-03 0.000000e+00 0.0030000000 0.000000e+00 2.000000e-03 2.000000e-03 0.000000e+00 0.0030000000
   63    1      2      0    0      1      -1      -1  1000 0.050000000 0.18200000 0.19700000 0.10400000 0.12300000 0.05800000 0.03900000 0.06000000 0.04300000 0.05300000 0.015000000 0.021000000 0.021000000 0.005000000 0.005000000 0.006000000 0.0030000000 3.000000e-03 5.000000e-03 0.0000000000 2.000000e-03 1.000000e-03 1.000000e-03 0.000000e+00 0.0030000000
   64    1      2      0    0      1      -1      -1  1000 0.029000000 0.25300000 0.20600000 0.14700000 0.05000000 0.07900000 0.04300000 0.02100000 0.04500000 0.02700000 0.035000000 0.015000000 0.015000000 0.010000000 0.005000000 0.007000000 0.0020000000 0.000000e+00 2.000000e-03 0.0040000000 1.000000e-03 1.000000e-03 1.000000e-03 0.000000e+00 0.0020000000
   65    1      2      0    0      1      -1      -1  1000 0.036000000 0.14100000 0.23400000 0.12600000 0.13700000 0.04700000 0.08500000 0.03800000 0.01600000 0.03700000 0.019000000 0.023000000 0.020000000 0.008000000 0.011000000 0.004000000 0.0020000000 2.000000e-03 2.000000e-03 0.0040000000 4.000000e-03 1.000000e-03 1.000000e-03 0.000000e+00 0.0020000000
   66    1      2      0    0      1      -1      -1  1000 0.048000000 0.18500000 0.11200000 0.17500000 0.10400000 0.09200000 0.03700000 0.06900000 0.03100000 0.02500000 0.025000000 0.014000000 0.024000000 0.018000000 0.009000000 0.008000000 0.0050000000 3.000000e-03 1.000000e-03 0.0000000000 1.000000e-03 2.000000e-03 3.000000e-03 3.000000e-03 0.0060000000
   67    1      2      0    0      1      -1      -1  1000 0.082000000 0.21700000 0.16100000 0.09000000 0.09500000 0.08100000 0.06900000 0.03700000 0.05300000 0.02000000 0.015000000 0.017000000 0.010000000 0.017000000 0.009000000 0.002000000 0.0090000000 5.000000e-03 0.000000e+00 0.0020000000 0.000000e+00 2.000000e-03 2.000000e-03 2.000000e-03 0.0030000000
   68    1      2      0    0      1      -1      -1  1000 0.017000000 0.30500000 0.17600000 0.11800000 0.05500000 0.09500000 0.05800000 0.05500000 0.01700000 0.02500000 0.010000000 0.009000000 0.019000000 0.008000000 0.006000000 0.008000000 0.0080000000 5.000000e-03 0.000000e+00 0.0010000000 2.000000e-03 0.000000e+00 2.000000e-03 0.000000e+00 0.0010000000
   69    1      2      0    0      1      -1      -1  1000 0.066000000 0.09500000 0.27600000 0.15200000 0.11100000 0.04300000 0.07900000 0.04000000 0.03700000 0.02100000 0.027000000 0.007000000 0.009000000 0.005000000 0.010000000 0.007000000 0.0050000000 1.000000e-03 4.000000e-03 0.0010000000 0.000000e+00 1.000000e-03 0.000000e+00 2.000000e-03 0.0010000000
   70    1      2      0    0      1      -1      -1  1000 0.046000000 0.27200000 0.07900000 0.20100000 0.12500000 0.05600000 0.03800000 0.04900000 0.03400000 0.03300000 0.008000000 0.012000000 0.005000000 0.005000000 0.005000000 0.007000000 0.0090000000 2.000000e-03 5.000000e-03 0.0050000000 0.000000e+00 0.000000e+00 1.000000e-03 0.000000e+00 0.0030000000
   71    1      2      0    0      1      -1      -1  1000 0.031000000 0.20700000 0.24000000 0.05600000 0.16500000 0.09400000 0.04400000 0.02700000 0.03100000 0.03200000 0.023000000 0.005000000 0.016000000 0.006000000 0.002000000 0.002000000 0.0040000000 7.000000e-03 3.000000e-03 0.0010000000 0.000000e+00 2.000000e-03 2.000000e-03 0.000000e+00 0.0000000000
   72    1      2      0    0      1      -1      -1  1000 0.053000000 0.19800000 0.16500000 0.19000000 0.06300000 0.12500000 0.05100000 0.03700000 0.02400000 0.02900000 0.018000000 0.018000000 0.004000000 0.007000000 0.003000000 0.004000000 0.0000000000 1.000000e-03 2.000000e-03 0.0030000000 1.000000e-03 1.000000e-03 1.000000e-03 0.000000e+00 0.0020000000
   73    1      2      0    0      1      -1      -1  1000 0.030000000 0.28300000 0.15600000 0.12100000 0.13800000 0.03100000 0.07100000 0.05400000 0.02000000 0.01600000 0.017000000 0.018000000 0.011000000 0.002000000 0.006000000 0.007000000 0.0050000000 6.000000e-03 1.000000e-03 0.0020000000 1.000000e-03 1.000000e-03 1.000000e-03 1.000000e-03 0.0010000000
   74    1      2      0    0      1      -1      -1  1000 0.040000000 0.17100000 0.26800000 0.11800000 0.11600000 0.09900000 0.02000000 0.05900000 0.02300000 0.01700000 0.012000000 0.015000000 0.012000000 0.010000000 0.003000000 0.006000000 0.0020000000 0.000000e+00 0.000000e+00 0.0030000000 2.000000e-03 1.000000e-03 2.000000e-03 1.000000e-03 0.0000000000
   75    1      2      0    0      1      -1      -1  1000 0.025000000 0.17800000 0.13900000 0.19600000 0.09300000 0.09600000 0.08200000 0.01200000 0.05100000 0.03200000 0.014000000 0.014000000 0.012000000 0.007000000 0.017000000 0.008000000 0.0050000000 2.000000e-03 2.000000e-03 0.0010000000 4.000000e-03 2.000000e-03 1.000000e-03 1.000000e-03 0.0060000000
   76    1      2      0    0      1      -1      -1  1000 0.045000000 0.13100000 0.16700000 0.12000000 0.16600000 0.09500000 0.06800000 0.05600000 0.01800000 0.05500000 0.019000000 0.010000000 0.007000000 0.013000000 0.003000000 0.006000000 0.0030000000 4.000000e-03 4.000000e-03 0.0010000000 3.000000e-03 0.000000e+00 1.000000e-03 2.000000e-03 0.0030000000
   77    1      2      0    0      1      -1      -1  1000 0.049000000 0.18000000 0.14300000 0.12800000 0.09700000 0.13400000 0.07000000 0.04400000 0.04600000 0.00900000 0.032000000 0.016000000 0.011000000 0.008000000 0.009000000 0.003000000 0.0070000000 1.000000e-03 2.000000e-03 0.0020000000 2.000000e-03 4.000000e-03 0.000000e+00 1.000000e-03 0.0020000000
   78    1      2      0    0      1      -1      -1  1000 0.019000000 0.22100000 0.17400000 0.09200000 0.09700000 0.06400000 0.10400000 0.06500000 0.02900000 0.04800000 0.013000000 0.027000000 0.008000000 0.010000000 0.005000000 0.009000000 0.0080000000 2.000000e-03 1.000000e-03 0.0010000000 1.000000e-03 1.000000e-03 0.000000e+00 0.000000e+00 0.0010000000
   79    1      2      0    0      1      -1      -1  1000 0.039000000 0.11600000 0.21100000 0.16500000 0.07000000 0.08100000 0.05400000 0.07900000 0.04300000 0.03500000 0.030000000 0.013000000 0.025000000 0.017000000 0.002000000 0.004000000 0.0040000000 2.000000e-03 2.000000e-03 0.0020000000 2.000000e-03 0.000000e+00 0.000000e+00 1.000000e-03 0.0030000000
   80    1      2      0    0      1      -1      -1  1000 0.058000000 0.19300000 0.15100000 0.14900000 0.10800000 0.05600000 0.05400000 0.05600000 0.05500000 0.02900000 0.025000000 0.017000000 0.006000000 0.016000000 0.010000000 0.002000000 0.0010000000 7.000000e-03 1.000000e-03 0.0010000000 2.000000e-03 1.000000e-03 0.000000e+00 0.000000e+00 0.0020000000
   81    1      2      0    0      1      -1      -1  1000 0.027000000 0.22900000 0.17700000 0.11900000 0.09500000 0.07100000 0.04500000 0.04900000 0.04000000 0.04700000 0.034000000 0.015000000 0.013000000 0.005000000 0.010000000 0.005000000 0.0060000000 3.000000e-03 2.000000e-03 0.0020000000 3.000000e-03 1.000000e-03 0.000000e+00 0.000000e+00 0.0020000000
   82    1      2      0    0      1      -1      -1  1000 0.069000000 0.14000000 0.22500000 0.12200000 0.07600000 0.09200000 0.06700000 0.03300000 0.04000000 0.02700000 0.050000000 0.012000000 0.016000000 0.011000000 0.002000000 0.005000000 0.0030000000 1.000000e-03 2.000000e-03 0.0010000000 1.000000e-03 2.000000e-03 1.000000e-03 0.000000e+00 0.0020000000
   83    1      2      0    0      1      -1      -1  1000 0.034000000 0.34900000 0.12000000 0.12100000 0.09600000 0.04600000 0.06200000 0.03800000 0.02400000 0.02800000 0.013000000 0.029000000 0.008000000 0.008000000 0.006000000 0.004000000 0.0080000000 2.000000e-03 1.000000e-03 0.0010000000 0.000000e+00 0.000000e+00 0.000000e+00 0.000000e+00 0.0020000000
   84    1      2      0    0      1      -1      -1  1000 0.027000000 0.14500000 0.33600000 0.09000000 0.11100000 0.06900000 0.04000000 0.03900000 0.03800000 0.01500000 0.019000000 0.013000000 0.023000000 0.005000000 0.003000000 0.010000000 0.0030000000 1.000000e-03 6.000000e-03 0.0010000000 1.000000e-03 2.000000e-03 0.000000e+00 0.000000e+00 0.0030000000
   85    1      2      0    0      1      -1      -1  1000 0.023000000 0.15300000 0.12800000 0.27200000 0.07200000 0.11200000 0.04900000 0.02900000 0.04800000 0.02400000 0.017000000 0.010000000 0.012000000 0.018000000 0.004000000 0.005000000 0.0050000000 0.000000e+00 5.000000e-03 0.0050000000 1.000000e-03 2.000000e-03 2.000000e-03 1.000000e-03 0.0030000000
   86    1      2      0    0      1      -1      -1  1000 0.046000000 0.14700000 0.16900000 0.12700000 0.22000000 0.04300000 0.08300000 0.03400000 0.02200000 0.02600000 0.018000000 0.010000000 0.005000000 0.007000000 0.012000000 0.010000000 0.0020000000 5.000000e-03 3.000000e-03 0.0030000000 2.000000e-03 0.000000e+00 1.000000e-03 0.000000e+00 0.0050000000
   87    1      2      0    0      1      -1      -1  1000 0.065000000 0.17600000 0.13100000 0.11700000 0.09100000 0.17200000 0.05500000 0.05200000 0.03100000 0.02300000 0.020000000 0.017000000 0.007000000 0.004000000 0.011000000 0.011000000 0.0070000000 5.000000e-03 2.000000e-03 0.0000000000 0.000000e+00 0.000000e+00 0.000000e+00 1.000000e-03 0.0020000000
   88    1      2      0    0      1      -1      -1  1000 0.036000000 0.26200000 0.17100000 0.08600000 0.08200000 0.05400000 0.13000000 0.02300000 0.04600000 0.02300000 0.013000000 0.013000000 0.016000000 0.005000000 0.012000000 0.007000000 0.0070000000 2.000000e-03 3.000000e-03 0.0050000000 1.000000e-03 0.000000e+00 2.000000e-03 0.000000e+00 0.0010000000
   89    1      2      0    0      1      -1      -1  1000 0.057000000 0.15300000 0.26300000 0.12000000 0.06700000 0.06600000 0.04700000 0.07100000 0.02600000 0.04500000 0.017000000 0.014000000 0.014000000 0.011000000 0.003000000 0.005000000 0.0070000000 2.000000e-03 1.000000e-03 0.0030000000 0.000000e+00 1.000000e-03 2.000000e-03 2.000000e-03 0.0030000000
   90    1      2      0    0      1      -1      -1  1000 0.061000000 0.20000000 0.14800000 0.20100000 0.08400000 0.05500000 0.04800000 0.04600000 0.06700000 0.01600000 0.022000000 0.018000000 0.007000000 0.008000000 0.002000000 0.003000000 0.0020000000 3.000000e-03 4.000000e-03 0.0020000000 0.000000e+00 1.000000e-03 0.000000e+00 0.000000e+00 0.0020000000
   91    1      2      0    0      1      -1      -1  1000 0.047000000 0.24800000 0.18900000 0.09500000 0.14200000 0.06600000 0.03300000 0.03300000 0.02600000 0.04300000 0.018000000 0.016000000 0.012000000 0.003000000 0.006000000 0.007000000 0.0020000000 5.000000e-03 1.000000e-03 0.0010000000 0.000000e+00 0.000000e+00 4.000000e-03 0.000000e+00 0.0030000000
   92    1      2      0    0      1      -1      -1  1000 0.025000000 0.19200000 0.22200000 0.13700000 0.08200000 0.11300000 0.04100000 0.03000000 0.03200000 0.02600000 0.035000000 0.010000000 0.017000000 0.006000000 0.005000000 0.005000000 0.0070000000 4.000000e-03 1.000000e-03 0.0020000000 3.000000e-03 0.000000e+00 1.000000e-03 1.000000e-03 0.0030000000
   93    1      2      0    0      1      -1      -1  1000 0.040000000 0.12900000 0.19100000 0.19000000 0.12300000 0.06800000 0.08700000 0.03300000 0.02300000 0.02000000 0.023000000 0.027000000 0.011000000 0.012000000 0.005000000 0.004000000 0.0050000000 5.000000e-03 0.000000e+00 0.0000000000 2.000000e-03 1.000000e-03 0.000000e+00 0.000000e+00 0.0010000000
   94    1      2      0    0      1      -1      -1  1000 0.069000000 0.17600000 0.12600000 0.13600000 0.14300000 0.10200000 0.04800000 0.07300000 0.02800000 0.01500000 0.014000000 0.011000000 0.023000000 0.005000000 0.015000000 0.004000000 0.0020000000 3.000000e-03 2.000000e-03 0.0000000000 2.000000e-03 0.000000e+00 1.000000e-03 1.000000e-03 0.0010000000
   95    1      2      0    0      1      -1      -1  1000 0.022000000 0.31300000 0.15900000 0.07700000 0.10400000 0.09200000 0.06000000 0.03200000 0.03700000 0.01900000 0.012000000 0.020000000 0.007000000 0.016000000 0.004000000 0.008000000 0.0040000000 2.000000e-03 4.000000e-03 0.0020000000 1.000000e-03 2.000000e-03 0.000000e+00 0.000000e+00 0.0030000000
   96    1      2      0    0      1      -1      -1  1000 0.068000000 0.10600000 0.30400000 0.11300000 0.06300000 0.07700000 0.09600000 0.04500000 0.02900000 0.03000000 0.013000000 0.009000000 0.004000000 0.005000000 0.016000000 0.006000000 0.0060000000 2.000000e-03 1.000000e-03 0.0020000000 2.000000e-03 0.000000e+00 0.000000e+00 1.000000e-03 0.0020000000
   97    1      2      0    0      1      -1      -1  1000 0.028000000 0.25700000 0.09900000 0.22000000 0.09000000 0.04800000 0.06000000 0.04500000 0.03900000 0.02900000 0.026000000 0.015000000 0.004000000 0.009000000 0.004000000 0.010000000 0.0010000000 7.000000e-03 4.000000e-03 0.0000000000 0.000000e+00 2.000000e-03 0.000000e+00 1.000000e-03 0.0020000000
   98    1      2      0    0      1      -1      -1  1000 0.030000000 0.14500000 0.29800000 0.07900000 0.14700000 0.07300000 0.03300000 0.04400000 0.03000000 0.03700000 0.020000000 0.017000000 0.009000000 0.005000000 0.004000000 0.007000000 0.0070000000 2.000000e-03 3.000000e-03 0.0020000000 1.000000e-03 2.000000e-03 1.000000e-03 0.000000e+00 0.0040000000
   99    1      2      0    0      1      -1      -1  1000 0.045000000 0.15500000 0.12000000 0.22500000 0.05100000 0.13500000 0.06000000 0.04100000 0.03900000 0.04800000 0.027000000 0.013000000 0.010000000 0.009000000 0.005000000 0.003000000 0.0010000000 5.000000e-03 1.000000e-03 0.0010000000 1.000000e-03 0.000000e+00 1.000000e-03 2.000000e-03 0.0020000000
  100    1      2      0    0      1      -1      -1  1000 0.037000000 0.25200000 0.14600000 0.10200000 0.14200000 0.03800000 0.08700000 0.04100000 0.02100000 0.04200000 0.028000000 0.012000000 0.012000000 0.015000000 0.007000000 0.000000000 0.0020000000 4.000000e-03 6.000000e-03 0.0020000000 0.000000e+00 1.000000e-03 0.000000e+00 0.000000e+00 0.0030000000
0 #_N_MeanSize_at_Age_obs
0 #_N_environ_variables
0 #_N_environ_obs
0 #_N_sizefreq_methods
0 #_do_tags
0 #_morphcomp_data
#
999
