#C data file created using the SS_writedat function in the R package r4ss
#C should work with SS version: 
#C file write time: 2014-11-06 20:07:13
#
1 #_styr
100 #_endyr
1 #_nseas
12 #_months_per_seas
1 #_spawn_seas
1 #_Nfleet
2 #_Nsurveys
1 #_N_areas
Fishery%Survey%CPUE #_fleetnames
0.5 0.5 0.5 #_surveytiming_in_season
1 1 1 #_area_assignments_for_each_fishery_and_survey
1 #_units of catch:  1=bio; 2=num
0.01 #_se of log(catch) only used for init_eq_catch and for Fmethod 2 and 3
1 #_Ngenders
25 #_Nages
0 #_init_equil_catch_for_each_fishery
100 #_N_lines_of_catch_to_read
 #_Fishery year seas
         0    1    1
         0    2    1
         0    3    1
         0    4    1
         0    5    1
         0    6    1
         0    7    1
         0    8    1
         0    9    1
         0   10    1
         0   11    1
         0   12    1
         0   13    1
         0   14    1
         0   15    1
         0   16    1
         0   17    1
         0   18    1
         0   19    1
         0   20    1
         0   21    1
         0   22    1
         0   23    1
         0   24    1
         0   25    1
 264615000   26    1
 250350000   27    1
 236917000   28    1
 224219000   29    1
 210239000   30    1
 197856000   31    1
 188833000   32    1
 184600000   33    1
 182698000   34    1
 182169000   35    1
 179450000   36    1
 175982000   37    1
 173574000   38    1
 172243000   39    1
 172455000   40    1
 174275000   41    1
 170644000   42    1
 164998000   43    1
 161731000   44    1
 163590000   45    1
 165068000   46    1
 167570000   47    1
 170666000   48    1
 171411000   49    1
 169825000   50    1
 164610000   51    1
 158930000   52    1
 152107000   53    1
 146766000   54    1
 144524000   55    1
 149291000   56    1
 160370000   57    1
 167426000   58    1
 168630000   59    1
 168817000   60    1
 169999000   61    1
 172996000   62    1
 171362000   63    1
 167417000   64    1
 162242000   65    1
 156542000   66    1
 152647000   67    1
 153981000   68    1
 152409000   69    1
 149713000   70    1
 147446000   71    1
 144530000   72    1
 141497000   73    1
 140552000   74    1
 140304000   75    1
 138547000   76    1
 136436000   77    1
 136750000   78    1
 139179000   79    1
 139373000   80    1
 136125000   81    1
 131337000   82    1
 127184000   83    1
 126157000   84    1
 124395000   85    1
 121474000   86    1
 120216000   87    1
 119901000   88    1
 120662000   89    1
 124770000   90    1
 129419000   91    1
 134780000   92    1
 144202000   93    1
 156130000   94    1
 159824000   95    1
 158702000   96    1
 157825000   97    1
 163364000   98    1
 167166000   99    1
 165782000  100    1
76 #_N_cpue
 #_Fleet Units Errtype
       1     1       0
       2     1       0
       3     1       0
 #_year seas index        obs se_log
     25    1     2 3053455894    0.2
     26    1     2 4243585853    0.2
     27    1     2 2916560006    0.2
     28    1     2 3130708173    0.2
     29    1     2 2523637785    0.2
     30    1     2 3194419018    0.2
     31    1     2 3551847524    0.2
     32    1     2 2907266710    0.2
     33    1     2 4122256433    0.2
     34    1     2 2794838118    0.2
     35    1     2 2891446448    0.2
     36    1     2 2987274499    0.2
     37    1     2 2179522121    0.2
     38    1     2 2050108993    0.2
     39    1     2 2589789277    0.2
     40    1     2 2957767114    0.2
     41    1     2 2071044561    0.2
     42    1     2 3131480088    0.2
     43    1     2 2576929659    0.2
     44    1     2 2028640012    0.2
     45    1     2 2180577814    0.2
     46    1     2 1628644539    0.2
     47    1     2 2132959721    0.2
     48    1     2 2368035051    0.2
     49    1     2 2611829136    0.2
     50    1     2 2596212910    0.2
     51    1     2 2155655089    0.2
     52    1     2 2075227039    0.2
     53    1     2 1420631496    0.2
     54    1     2 1909623217    0.2
     55    1     2 1837933389    0.2
     56    1     2 1865036944    0.2
     57    1     2 2520013196    0.2
     58    1     2 2587401942    0.2
     59    1     2 1458208458    0.2
     60    1     2 2391337923    0.2
     61    1     2 2309981423    0.2
     62    1     2 1957878243    0.2
     63    1     2 2156080423    0.2
     64    1     2 3162996229    0.2
     65    1     2 2257677316    0.2
     66    1     2 2702792046    0.2
     67    1     2 2532596540    0.2
     68    1     2 2099391205    0.2
     69    1     2 2182775146    0.2
     70    1     2 1896849447    0.2
     71    1     2 1970396450    0.2
     72    1     2 1817930498    0.2
     73    1     2 2448913674    0.2
     74    1     2 1877632539    0.2
     75    1     2 1755355657    0.2
     76    1     2 2086868510    0.2
     77    1     2 1604013927    0.2
     78    1     2 2241106994    0.2
     79    1     2 1940934852    0.2
     80    1     2 1685836811    0.2
     81    1     2 1910910505    0.2
     82    1     2 1853831847    0.2
     83    1     2 2213920284    0.2
     84    1     2 1918157948    0.2
     85    1     2 2223740074    0.2
     86    1     2 1875762352    0.2
     87    1     2 1586832533    0.2
     88    1     2 1974192062    0.2
     89    1     2 1567971607    0.2
     90    1     2 1768491702    0.2
     91    1     2 1536142103    0.2
     92    1     2 2233488801    0.2
     93    1     2 1880322158    0.2
     94    1     2 1897423190    0.2
     95    1     2 2583807723    0.2
     96    1     2 1793021227    0.2
     97    1     2 1847567972    0.2
     98    1     2 2437921409    0.2
     99    1     2 2291273356    0.2
    100    1     2 2799255162    0.2
0 #_N_discard_fleets
#_discard_units (1=same_as_catchunits(bio/num); 2=fraction; 3=numbers)
#_discard_errtype:  >0 for DF of T-dist(read CV below); 0 for normal with CV; -1 for normal with se; -2 for lognormal
0 #_N_discard
0 #_N_meanbodywt
1 #_DF_for_meanbodywt_T-distribution_like
2 # length bin method: 1=use databins; 2=generate from binwidth,min,max below; 3=read vector
1 # binwidth for population size comp
10 # minimum size in the population (lower edge of first bin and size at age 0.00)
200 # maximum size in the population (lower edge of last bin)
-0.001 #_comp_tail_compression
1e-05 #_add_to_comp
0 #_combine males into females at or below this bin number
21 #_N_lbins
#_lbin_vector
10 53 70 83 94 101 107 111 114 117 120 123 125 127 130 132 135 138 142 148 200
0 #_N_Length_comp_observations
25 #_N_agebins
#_agebin_vector
1 2 3 4 5 6 7 8 9 10 11 12 13 14 15 16 17 18 19 20 21 22 23 24 25
1 #_N_ageerror_definitions
 #_age0   age1   age2   age3   age4   age5   age6   age7   age8   age9  age10  age11  age12  age13  age14  age15  age16  age17  age18  age19  age20  age21  age22  age23  age24  age25
 -1.000 -1.000 -1.000 -1.000 -1.000 -1.000 -1.000 -1.000 -1.000 -1.000 -1.000 -1.000 -1.000 -1.000 -1.000 -1.000 -1.000 -1.000 -1.000 -1.000 -1.000 -1.000 -1.000 -1.000 -1.000 -1.000
  0.001  0.001  0.001  0.001  0.001  0.001  0.001  0.001  0.001  0.001  0.001  0.001  0.001  0.001  0.001  0.001  0.001  0.001  0.001  0.001  0.001  0.001  0.001  0.001  0.001  0.001
198 #_N_agecomp
1 #_Lbin_method: 1=poplenbins; 2=datalenbins; 3=lengths
-1 #_combine males into females at or below this bin number
 #_Yr Seas FltSvy Gender Part Ageerr Lbin_lo Lbin_hi Nsamp          a1         a2         a3         a4         a5         a6         a7          a8          a9         a10         a11         a12         a13          a14          a15          a16          a17          a18          a19          a20          a21          a22          a23          a24          a25
    2    1      1      0    0      1      -1      -1   500 0.026720095 0.11057222 0.17029298 0.11575325 0.11369973 0.07848892 0.07950956 0.054962433 0.036756396 0.034959892 0.031666159 0.028113485 0.026572821 0.0245064259 0.0124162380 0.0097479338 0.0059696372 6.153016e-03 0.0022264119 8.068560e-04 5.924030e-03 8.414742e-03 3.418541e-03 4.077510e-04 1.194048e-02
    3    1      1      0    0      1      -1      -1   500 0.021940456 0.13884833 0.14388699 0.12266977 0.10656646 0.08084529 0.07462311 0.054914769 0.054890032 0.041144504 0.037943904 0.028645740 0.012085806 0.0176129742 0.0133114271 0.0083529579 0.0157504969 1.036690e-03 0.0055676691 2.361344e-03 3.709690e-03 1.104109e-03 5.362464e-03 2.781721e-03 4.043294e-03
    4    1      1      0    0      1      -1      -1   500 0.010235418 0.13278550 0.19362759 0.13888050 0.11603960 0.05902711 0.05439482 0.068497758 0.048833816 0.032705008 0.022226424 0.028713473 0.019539105 0.0143870363 0.0103917587 0.0079143873 0.0062872982 8.757077e-03 0.0038370809 8.408246e-04 1.882781e-03 6.338921e-03 2.007008e-03 1.770365e-03 1.007934e-02
    5    1      1      0    0      1      -1      -1   500 0.007996562 0.08224503 0.16329478 0.15508789 0.10368384 0.10306800 0.08332723 0.058230389 0.053994344 0.023014915 0.035363342 0.036711198 0.022354633 0.0098983719 0.0048982603 0.0054345350 0.0095934548 8.402128e-03 0.0109785769 7.462443e-03 2.004084e-03 8.937732e-04 1.096586e-03 8.936514e-04 1.007198e-02
    6    1      1      0    0      1      -1      -1   500 0.012630941 0.07644666 0.12551414 0.14135018 0.12319735 0.07985845 0.08244828 0.056765848 0.051261834 0.041517445 0.045531061 0.019853489 0.031267698 0.0120220397 0.0178233207 0.0204855298 0.0133914958 3.129885e-03 0.0094859889 3.767183e-03 6.664300e-03 2.037569e-03 6.349988e-03 3.848338e-03 1.335100e-02
    7    1      1      0    0      1      -1      -1   500 0.008621672 0.18461762 0.08818535 0.08451549 0.12678460 0.10733457 0.07455862 0.053894461 0.045809496 0.055793296 0.024506148 0.026989671 0.029045544 0.0205180422 0.0144444684 0.0199482016 0.0068056936 6.421367e-03 0.0043218091 1.796125e-03 3.848736e-03 2.683146e-03 7.340011e-04 3.513053e-04 7.470562e-03
    8    1      1      0    0      1      -1      -1   500 0.019525246 0.15259690 0.20062568 0.06442643 0.06828315 0.10148980 0.09962477 0.057845041 0.050268618 0.025779644 0.028865369 0.023740407 0.014702789 0.0294185221 0.0096776440 0.0108925255 0.0086800612 2.775918e-03 0.0040704334 1.008540e-02 2.296707e-03 2.666829e-03 9.413425e-04 3.362632e-03 7.358135e-03
    9    1      1      0    0      1      -1      -1   500 0.010635060 0.12072630 0.14163519 0.15464325 0.07702753 0.06472997 0.09632509 0.071700489 0.051397412 0.038968804 0.026280081 0.024969780 0.026748118 0.0089378877 0.0175689108 0.0243839661 0.0061908413 1.132290e-02 0.0041754639 1.568692e-03 4.186477e-03 1.887398e-03 3.319266e-03 3.003500e-03 7.667609e-03
   10    1      1      0    0      1      -1      -1   500 0.008314245 0.06141221 0.14674748 0.13445022 0.19321177 0.06567492 0.05997061 0.061379564 0.040818196 0.032428741 0.046243754 0.022630954 0.023143166 0.0188875617 0.0187100375 0.0140996805 0.0111963761 6.269370e-03 0.0079720169 6.201438e-03 8.628119e-04 9.355873e-03 3.317389e-04 1.885193e-04 9.498757e-03
   11    1      1      0    0      1      -1      -1   500 0.001765982 0.11485355 0.10993770 0.15057027 0.10149613 0.13316776 0.05916976 0.035731772 0.070370743 0.062603892 0.025582194 0.032844485 0.035403839 0.0095483284 0.0094121490 0.0086935885 0.0102756513 2.286700e-03 0.0066947210 2.116524e-03 1.286001e-03 1.525562e-03 4.333240e-03 1.301313e-03 9.028155e-03
   12    1      1      0    0      1      -1      -1   500 0.013235523 0.02651384 0.20768535 0.08944756 0.14781899 0.10786358 0.10903641 0.048208373 0.025731456 0.045717240 0.030548241 0.026233732 0.025500731 0.0199551225 0.0151898231 0.0110057415 0.0110838108 5.896189e-03 0.0016191034 2.687625e-03 1.910003e-03 4.171280e-03 1.604004e-03 1.055561e-03 2.028072e-02
   13    1      1      0    0      1      -1      -1   500 0.012282184 0.14865176 0.03859672 0.17540558 0.06886103 0.10053778 0.06705040 0.104045446 0.039113428 0.035864225 0.050801307 0.035829138 0.019552996 0.0154470514 0.0131110062 0.0066770308 0.0114937861 1.224471e-02 0.0130129999 5.042408e-03 1.287612e-03 4.563839e-03 2.525714e-03 4.529488e-04 1.754891e-02
   14    1      1      0    0      1      -1      -1   500 0.020270414 0.08056800 0.18263575 0.03193102 0.12698287 0.06227590 0.09370145 0.060855770 0.092593800 0.032627693 0.035380194 0.041856853 0.029436251 0.0150607534 0.0069056588 0.0242338918 0.0054941566 9.360784e-03 0.0075222183 1.444278e-03 4.182723e-03 5.085962e-03 3.401860e-03 7.602361e-03 1.858939e-02
   15    1      1      0    0      1      -1      -1   500 0.011307432 0.11309345 0.15046935 0.18435862 0.02794118 0.09771242 0.04669691 0.103330739 0.040192321 0.054055684 0.024866614 0.016617855 0.022948325 0.0157772660 0.0161326413 0.0214507058 0.0097616688 6.962203e-03 0.0038187274 3.339236e-03 5.149274e-03 5.796528e-03 3.520623e-03 1.450800e-03 1.324943e-02
   16    1      1      0    0      1      -1      -1   500 0.007633884 0.13854067 0.17955842 0.11641082 0.11834608 0.01579895 0.08973316 0.047643561 0.048860195 0.050789107 0.045732662 0.013444581 0.008902295 0.0111074445 0.0152107304 0.0095208492 0.0183908608 1.195400e-02 0.0064368720 6.847796e-03 1.024981e-02 1.247917e-02 3.424294e-03 3.080789e-03 9.902990e-03
   17    1      1      0    0      1      -1      -1   500 0.005108963 0.06952345 0.18123819 0.12427140 0.11689003 0.12376570 0.01456547 0.057701790 0.055135782 0.049790021 0.038577317 0.033965197 0.016200682 0.0140328302 0.0084603564 0.0129346356 0.0186524068 5.924703e-03 0.0098607326 6.308452e-03 4.655378e-03 5.195554e-03 9.109671e-03 6.120665e-03 1.201062e-02
   18    1      1      0    0      1      -1      -1   500 0.012864137 0.12650040 0.11672744 0.16956534 0.12215967 0.08232810 0.08663454 0.008171543 0.064111723 0.018502230 0.038637172 0.045430639 0.021690408 0.0101260363 0.0126760735 0.0134521701 0.0086562896 3.166740e-03 0.0076229343 9.724294e-03 1.783378e-03 1.747379e-03 6.641456e-04 4.892403e-03 1.216481e-02
   19    1      1      0    0      1      -1      -1   500 0.005221829 0.07061609 0.18659669 0.11413601 0.14762881 0.08679524 0.06911441 0.069469601 0.002104915 0.033557904 0.024869911 0.030312895 0.032880719 0.0380665271 0.0102703316 0.0100757136 0.0142670146 1.350953e-02 0.0041400428 6.273418e-03 7.722877e-03 3.021656e-04 4.785055e-04 3.333853e-04 2.125548e-02
   20    1      1      0    0      1      -1      -1   500 0.015482423 0.05976520 0.12863250 0.16042885 0.10304911 0.07912774 0.09183581 0.064938461 0.093871370 0.010984210 0.036776511 0.023818859 0.025459721 0.0089717300 0.0403629745 0.0018291046 0.0073282611 9.906045e-03 0.0063735056 4.184188e-03 4.315535e-03 6.872524e-04 5.868724e-03 5.003446e-03 1.099847e-02
   21    1      1      0    0      1      -1      -1   500 0.016903084 0.15762118 0.12752112 0.08162732 0.13898249 0.05574121 0.07170717 0.054277166 0.058718731 0.054538656 0.003586730 0.044122846 0.009784021 0.0251172299 0.0177054014 0.0296794128 0.0055271626 7.560802e-03 0.0064571362 3.185095e-03 4.859544e-03 1.835481e-03 9.582055e-04 4.575764e-03 1.740704e-02
   22    1      1      0    0      1      -1      -1   500 0.015226060 0.16918499 0.20422169 0.06441785 0.08705930 0.08223091 0.05225009 0.074998160 0.067245564 0.031120507 0.035703474 0.007456830 0.026149246 0.0132483422 0.0163222932 0.0071394801 0.0118729990 7.126838e-03 0.0022309414 1.132480e-02 4.014163e-03 3.512270e-03 2.094235e-03 6.879162e-04 3.161039e-03
   23    1      1      0    0      1      -1      -1   500 0.015640589 0.11855093 0.25222710 0.16218367 0.06223283 0.05411483 0.05991718 0.045531906 0.057872449 0.032360882 0.029012636 0.025892455 0.004241902 0.0196134446 0.0059483670 0.0092608311 0.0160927557 1.215302e-02 0.0013682751 9.160453e-04 4.368445e-03 4.076453e-04 4.924846e-04 5.522847e-04 9.047051e-03
   24    1      1      0    0      1      -1      -1   500 0.015306469 0.10222281 0.16402227 0.17526228 0.13892949 0.04230863 0.04780378 0.077799226 0.030133730 0.047435910 0.033969095 0.045573936 0.018031887 0.0038724522 0.0111747535 0.0028511303 0.0042293602 7.767951e-03 0.0052271777 2.217938e-03 1.786029e-03 4.406132e-03 5.979617e-04 9.478008e-03 7.591606e-03
   25    1      1      0    0      1      -1      -1   500 0.014915003 0.12552363 0.11287610 0.16467231 0.16595305 0.09898406 0.04165061 0.053346842 0.037335808 0.036241213 0.019432631 0.023696626 0.012232620 0.0084833366 0.0023347421 0.0149281875 0.0046060998 1.336085e-02 0.0075328636 1.168264e-02 2.274578e-03 6.203604e-03 8.187884e-04 6.709397e-03 1.420442e-02
   26    1      1      0    0      1      -1      -1   500 0.009509116 0.11328868 0.15489096 0.10398478 0.12544864 0.13182662 0.08339048 0.025197100 0.027281630 0.056810788 0.023105956 0.045486286 0.026103123 0.0044314357 0.0196531839 0.0013081371 0.0103061723 4.048803e-03 0.0060277164 2.191351e-03 4.350438e-03 6.176936e-03 8.460468e-04 4.010911e-03 1.032470e-02
   27    1      1      0    0      1      -1      -1   500 0.011031471 0.10527754 0.17782407 0.13193441 0.07977253 0.11268193 0.10333016 0.074587909 0.026882175 0.013728437 0.035940392 0.016825785 0.021906897 0.0129332437 0.0144163293 0.0117153420 0.0004954802 9.783365e-03 0.0035079982 1.490890e-03 9.034980e-03 5.116484e-03 1.348911e-04 2.420048e-03 1.722723e-02
   28    1      1      0    0      1      -1      -1   500 0.008872451 0.14883709 0.16274847 0.13820401 0.10248517 0.06319552 0.11065835 0.076286558 0.049404103 0.016932767 0.018226005 0.015508815 0.017765283 0.0056891436 0.0164933532 0.0056234953 0.0083308891 2.008475e-04 0.0038115544 5.683475e-03 1.486128e-03 7.609453e-03 5.179463e-03 2.859123e-03 7.908483e-03
   29    1      1      0    0      1      -1      -1   500 0.011679265 0.09933926 0.21608482 0.10618890 0.09729426 0.07861331 0.04628225 0.062241826 0.086772636 0.044897876 0.017642426 0.020607551 0.017792653 0.0104490870 0.0125728732 0.0195910790 0.0059799510 8.285392e-03 0.0040507861 4.182014e-03 1.366236e-03 2.826747e-03 4.996789e-03 1.135759e-02 8.904412e-03
   30    1      1      0    0      1      -1      -1   500 0.012612160 0.10569722 0.10380054 0.18394106 0.10704782 0.10318322 0.05786506 0.047564170 0.042561233 0.060404976 0.044793321 0.015200502 0.015425479 0.0271276478 0.0027791406 0.0156119930 0.0089269138 1.250243e-02 0.0028995656 6.389436e-03 3.091155e-03 4.622915e-03 1.502921e-03 2.539626e-03 1.190950e-02
   31    1      1      0    0      1      -1      -1   500 0.023834320 0.14779784 0.18051816 0.08174733 0.13603545 0.07813141 0.08908051 0.050587094 0.027821393 0.034401920 0.046715967 0.024923164 0.006584268 0.0177615359 0.0081681506 0.0011596944 0.0129690776 3.312257e-03 0.0015431762 3.549863e-03 1.302468e-04 3.325342e-03 6.649341e-03 2.225053e-03 1.102743e-02
   32    1      1      0    0      1      -1      -1   500 0.023789674 0.19559323 0.14391746 0.12356480 0.06662317 0.07689648 0.05291287 0.059919081 0.050238574 0.021415383 0.033595668 0.049848833 0.026458385 0.0119421472 0.0052405419 0.0080775521 0.0021336420 8.028544e-03 0.0072630017 1.790174e-03 9.322857e-03 3.292467e-03 6.005233e-03 3.481164e-05 1.209543e-02
   33    1      1      0    0      1      -1      -1   500 0.022336600 0.16071058 0.22510749 0.12989198 0.09870803 0.07266267 0.06044417 0.042663183 0.033613524 0.019047223 0.028212826 0.010255853 0.026197168 0.0194071578 0.0052588572 0.0027412960 0.0084947082 4.163605e-03 0.0023974687 9.494341e-03 3.490899e-04 3.995269e-03 2.320247e-03 3.807282e-04 1.114593e-02
   34    1      1      0    0      1      -1      -1   500 0.016980544 0.20437586 0.20156108 0.16498807 0.08894398 0.05539184 0.02895674 0.053070172 0.033012445 0.026511565 0.034797829 0.007573181 0.028154596 0.0174936338 0.0169536017 0.0043500072 0.0017526382 4.026492e-03 0.0010985656 2.354436e-03 2.749050e-03 7.231353e-06 3.255040e-04 6.526064e-06 4.564418e-03
   35    1      1      0    0      1      -1      -1   500 0.021525339 0.09988909 0.25973512 0.16106788 0.13832466 0.05891852 0.05234677 0.023453469 0.033472086 0.035871636 0.024661977 0.013279073 0.011645564 0.0065757103 0.0129072757 0.0148924990 0.0044420504 3.659894e-03 0.0066545721 8.938300e-04 3.756855e-03 2.262043e-03 2.290293e-03 1.610207e-04 7.312776e-03
   36    1      1      0    0      1      -1      -1   500 0.023153767 0.15397774 0.14425022 0.17630839 0.11576194 0.12705957 0.04073784 0.059618971 0.013025960 0.019681396 0.034345169 0.016773116 0.021531354 0.0089580488 0.0061078099 0.0067484268 0.0118366657 9.419655e-04 0.0031330011 7.806788e-04 3.047430e-03 2.496305e-03 5.735199e-03 3.573127e-05 3.953303e-03
   37    1      1      0    0      1      -1      -1   500 0.026260455 0.12521012 0.17749195 0.14880065 0.14598046 0.07331575 0.09119324 0.029654978 0.035609624 0.025055921 0.020712829 0.012574286 0.014128860 0.0180358887 0.0090275388 0.0148987553 0.0107125769 3.442882e-03 0.0023228639 1.840728e-03 1.879527e-03 1.502467e-03 4.871400e-03 2.581878e-03 2.894357e-03
   38    1      1      0    0      1      -1      -1   500 0.012725078 0.17989752 0.14711945 0.10873553 0.12648803 0.10229979 0.08834847 0.082469345 0.031054322 0.024660157 0.010884697 0.012043089 0.017912077 0.0095402713 0.0107132061 0.0087796995 0.0052224325 2.469001e-03 0.0092259736 4.415928e-04 3.409518e-04 2.826439e-03 1.119381e-03 1.550192e-03 3.133303e-03
   39    1      1      0    0      1      -1      -1   500 0.031466664 0.11263280 0.21232269 0.14213232 0.11030835 0.06605834 0.10411994 0.033840185 0.070847931 0.019329184 0.032640889 0.012240288 0.013648878 0.0051111267 0.0058082334 0.0037107496 0.0028918671 3.167828e-03 0.0031818644 2.771360e-03 2.164796e-03 1.730458e-03 3.870019e-04 1.741955e-03 5.744310e-03
   40    1      1      0    0      1      -1      -1   500 0.008345228 0.26931988 0.15258385 0.14519257 0.08038652 0.08373659 0.04296665 0.068051876 0.032288136 0.051253003 0.012682955 0.017295307 0.005665569 0.0049446839 0.0050522321 0.0030007559 0.0018106744 4.783758e-03 0.0076972331 3.970320e-04 2.930395e-04 6.669162e-04 1.847938e-05 2.523369e-04 1.314732e-03
   41    1      1      0    0      1      -1      -1   500 0.008129125 0.07028099 0.32511885 0.13779402 0.11523580 0.06446084 0.04646028 0.059021029 0.047698927 0.023953420 0.042933842 0.017844313 0.010906057 0.0010343744 0.0102410377 0.0017161076 0.0017126294 4.484514e-03 0.0005418640 5.330815e-04 2.150410e-03 1.824871e-03 3.537011e-05 1.493922e-06 5.886754e-03
   42    1      1      0    0      1      -1      -1   500 0.006006199 0.08350716 0.13292020 0.28837149 0.07973550 0.10860806 0.06928443 0.048341953 0.037656368 0.050380954 0.022687180 0.019530798 0.007053969 0.0035435228 0.0014798374 0.0076490279 0.0083698150 3.199184e-03 0.0019457143 3.985472e-03 3.963837e-03 7.620514e-03 1.517729e-03 2.278407e-04 2.413245e-03
   43    1      1      0    0      1      -1      -1   500 0.031217152 0.10684717 0.13774128 0.07049666 0.19651485 0.08556117 0.10493135 0.070085090 0.052081211 0.023779601 0.028388744 0.029738903 0.022906157 0.0074451565 0.0119763121 0.0015027449 0.0008567153 2.577761e-03 0.0003559390 1.694676e-03 1.820162e-04 1.133370e-03 2.599695e-03 3.020851e-03 6.365431e-03
   44    1      1      0    0      1      -1      -1   500 0.035112503 0.24631562 0.12171043 0.08068265 0.06862822 0.14046984 0.09149252 0.053862926 0.039837191 0.009806386 0.010926595 0.021911049 0.017971723 0.0217230742 0.0070618983 0.0045750361 0.0049956271 9.082366e-03 0.0039798876 2.788816e-03 9.286859e-04 9.142494e-04 2.395953e-03 8.138494e-04 2.012897e-03
   45    1      1      0    0      1      -1      -1   500 0.011678652 0.16854342 0.35109385 0.09069993 0.06089066 0.04446318 0.08559503 0.032040110 0.039381286 0.025583100 0.017525624 0.013663448 0.016481899 0.0025544216 0.0154300200 0.0057039151 0.0047698687 8.488068e-05 0.0070698759 2.093265e-03 2.001283e-03 6.802845e-04 1.440515e-03 3.308106e-04 2.006723e-04
   46    1      1      0    0      1      -1      -1   500 0.026520553 0.13775633 0.25594964 0.20078913 0.04585820 0.05825661 0.03236958 0.084858430 0.033815846 0.047452948 0.014699948 0.014370479 0.004890409 0.0155989382 0.0078709078 0.0035939077 0.0026710990 4.434886e-04 0.0048143862 3.405755e-03 1.033422e-05 9.099279e-04 1.499947e-04 2.067048e-03 8.761118e-04
   47    1      1      0    0      1      -1      -1   500 0.013919668 0.18716086 0.21532942 0.14353561 0.17313327 0.05786895 0.03315926 0.016359665 0.038359000 0.015590068 0.031434887 0.034399389 0.007249393 0.0024252309 0.0123231316 0.0079926448 0.0054135231 5.679679e-04 0.0017729082 4.479388e-07 1.604583e-04 5.704930e-05 3.082450e-05 2.109637e-04 1.545412e-03
   48    1      1      0    0      1      -1      -1   500 0.011680407 0.11631982 0.26484300 0.14600599 0.10154009 0.12078354 0.04524733 0.019755252 0.017926325 0.056194303 0.020270275 0.019646388 0.010890593 0.0062836659 0.0015050218 0.0098503166 0.0141728872 1.504945e-03 0.0017331692 3.088508e-03 8.899119e-03 1.639634e-03 5.198492e-05 9.973178e-05 6.771156e-05
   49    1      1      0    0      1      -1      -1   500 0.004629808 0.15252427 0.16527854 0.21232991 0.11258246 0.10596457 0.08118111 0.031828665 0.036053602 0.011091713 0.030080335 0.010412400 0.010467004 0.0095401151 0.0088167822 0.0029053566 0.0008124321 1.640553e-03 0.0029680226 7.291272e-06 3.179471e-03 7.099649e-06 1.211924e-05 1.623709e-04 5.523992e-03
   50    1      1      0    0      1      -1      -1   500 0.020241797 0.06646309 0.23581440 0.11433167 0.16434805 0.07609636 0.08347511 0.081641804 0.018168901 0.017721151 0.011450912 0.036557251 0.015285054 0.0112515878 0.0043617564 0.0036894319 0.0029803594 1.106235e-02 0.0034864959 6.269243e-03 5.428753e-03 1.601168e-03 5.339842e-04 5.076813e-03 2.662515e-03
   51    1      1      0    0      1      -1      -1   500 0.009777752 0.12942533 0.07820097 0.15995479 0.11620911 0.14490996 0.05652778 0.076355471 0.061523028 0.016256270 0.033968208 0.024725897 0.027549186 0.0165099053 0.0136244964 0.0071174249 0.0031387668 5.423112e-03 0.0012763535 6.668462e-04 2.218676e-03 7.044405e-05 5.488663e-04 2.269024e-03 1.175233e-02
   52    1      1      0    0      1      -1      -1   500 0.025638220 0.09489212 0.20374102 0.07753698 0.16728134 0.08298082 0.09455452 0.045362643 0.059480892 0.052454167 0.013310429 0.012257170 0.011423812 0.0183894017 0.0121299345 0.0048830835 0.0123531730 4.647846e-03 0.0010739680 2.848521e-03 6.808632e-04 1.152263e-04 4.587500e-04 7.573689e-07 1.504344e-03
   53    1      1      0    0      1      -1      -1   500 0.010727783 0.15969602 0.14749079 0.14799117 0.04942816 0.11821249 0.07816378 0.088426568 0.039470794 0.043134373 0.042144111 0.008048484 0.007675151 0.0027149026 0.0263805019 0.0018592672 0.0136871492 2.814262e-03 0.0017641409 2.730986e-03 4.192922e-04 1.147363e-03 2.331343e-03 7.085499e-05 3.470271e-03
   54    1      1      0    0      1      -1      -1   500 0.020498895 0.18675852 0.20029824 0.08368232 0.11927916 0.03791149 0.09309066 0.034402717 0.071235491 0.031285028 0.033707263 0.040885333 0.008257808 0.0025313425 0.0033094587 0.0046843743 0.0059898011 1.255765e-02 0.0006189336 4.722720e-04 7.291498e-04 2.946892e-03 6.761271e-04 1.267567e-03 2.923500e-03
   55    1      1      0    0      1      -1      -1   500 0.030254063 0.20402551 0.19539460 0.11745518 0.06928513 0.08340775 0.03407336 0.077276731 0.038199342 0.028207210 0.033188462 0.036894027 0.018665956 0.0035608150 0.0023223457 0.0029231689 0.0082154771 1.059094e-05 0.0007022545 2.333095e-03 5.053824e-03 4.437378e-03 2.395182e-03 1.373540e-04 1.581197e-03
   56    1      1      0    0      1      -1      -1   500 0.027325143 0.33954861 0.19435449 0.11886868 0.07574902 0.03445109 0.05492944 0.020748473 0.035726271 0.020406848 0.032375964 0.013605577 0.008623877 0.0102875575 0.0002527277 0.0004020664 0.0001484335 8.488695e-03 0.0018705063 4.927005e-04 3.844932e-06 1.784112e-05 3.188083e-07 9.715424e-06 1.312098e-03
   57    1      1      0    0      1      -1      -1   500 0.010989778 0.19250568 0.35559817 0.13904482 0.08279073 0.04069223 0.04193837 0.031743007 0.015047023 0.019302171 0.008787109 0.013633127 0.011743836 0.0058364719 0.0125630505 0.0008174348 0.0069424534 1.236866e-03 0.0024046271 4.992315e-03 4.701841e-04 7.556346e-04 5.902134e-07 3.249018e-06 1.610766e-04
   58    1      1      0    0      1      -1      -1   500 0.019976912 0.05392205 0.25541019 0.28455010 0.15570728 0.07030828 0.03064832 0.026599032 0.025803269 0.006244526 0.012392776 0.008520790 0.017910941 0.0037094314 0.0053998186 0.0116285815 0.0027773869 5.785362e-04 0.0002714052 2.002262e-03 2.532615e-04 2.942083e-03 1.977995e-04 3.133829e-08 2.244943e-03
   59    1      1      0    0      1      -1      -1   500 0.009517973 0.15610411 0.07715677 0.22139664 0.23852108 0.08289521 0.03849836 0.032464449 0.017598533 0.031715916 0.011136847 0.034212890 0.013306832 0.0094729363 0.0067304703 0.0025143632 0.0065365632 3.227349e-04 0.0008206931 8.825433e-04 2.163436e-03 1.468199e-03 3.000903e-03 2.370048e-04 1.324529e-03
   60    1      1      0    0      1      -1      -1   500 0.024067026 0.12024639 0.19723574 0.05480731 0.17386924 0.19789783 0.06583669 0.053385519 0.023419544 0.021517943 0.016482313 0.014429942 0.017087446 0.0047205183 0.0028818948 0.0025634359 0.0062283240 1.722043e-03 0.0005513197 6.127439e-05 2.390419e-05 4.082420e-04 1.713058e-05 2.126045e-04 3.263682e-04
   61    1      1      0    0      1      -1      -1   500 0.007998620 0.27296118 0.16994048 0.12223699 0.04080500 0.10286538 0.11516990 0.050787445 0.036325519 0.018502817 0.016048365 0.009998443 0.005271666 0.0021806512 0.0010465934 0.0082235781 0.0039145998 2.556124e-03 0.0046518551 8.214692e-04 3.510841e-03 3.879364e-04 1.171457e-03 1.960210e-03 6.628752e-04
   62    1      1      0    0      1      -1      -1   500 0.009001054 0.11737443 0.32418846 0.10909547 0.07772915 0.04894839 0.10198278 0.097078618 0.037293157 0.016619311 0.022502991 0.009286663 0.006432819 0.0002500518 0.0052889056 0.0015828602 0.0072561009 5.652525e-04 0.0010109119 2.236475e-03 2.976477e-07 4.924242e-05 7.741826e-05 1.026843e-03 3.122346e-03
   63    1      1      0    0      1      -1      -1   500 0.006895125 0.11051479 0.16813671 0.25506931 0.08359085 0.08294407 0.02276594 0.070907244 0.077525902 0.029871073 0.023810238 0.025157315 0.009925167 0.0019096273 0.0007564882 0.0027048836 0.0033375227 2.760100e-03 0.0058120080 8.491895e-03 1.179300e-03 1.329270e-03 1.995486e-04 7.188615e-06 4.398427e-03
   64    1      1      0    0      1      -1      -1   500 0.011276046 0.06641549 0.15809616 0.13139074 0.23423197 0.07385968 0.07032861 0.024137240 0.047668013 0.072849343 0.033247818 0.018855807 0.012032368 0.0041940350 0.0043493005 0.0134587405 0.0027039132 9.104118e-04 0.0065654535 1.577441e-03 3.301289e-03 2.182069e-03 7.524893e-04 7.771258e-06 5.607794e-03
   65    1      1      0    0      1      -1      -1   500 0.015852038 0.18168773 0.13212378 0.12820328 0.07121482 0.15191615 0.07184754 0.065473630 0.013334082 0.058108578 0.045664600 0.013553849 0.017740284 0.0061368468 0.0028365295 0.0048234440 0.0023486102 3.538413e-03 0.0013516507 4.472346e-04 3.252247e-03 6.674997e-05 1.422878e-04 1.797766e-05 8.317647e-03
   66    1      1      0    0      1      -1      -1   500 0.021143401 0.06937627 0.24910987 0.09023105 0.09219672 0.07901379 0.14978877 0.052608764 0.033098091 0.011788717 0.036504378 0.043455847 0.011693127 0.0192688776 0.0049441342 0.0041999441 0.0142280990 2.460039e-03 0.0031370570 3.123052e-03 5.393301e-04 3.719104e-04 2.609221e-04 8.308191e-05 7.374750e-03
   67    1      1      0    0      1      -1      -1   500 0.008151985 0.27917212 0.07865539 0.16032576 0.05780667 0.08116490 0.04798846 0.132742650 0.041720935 0.021204477 0.009217728 0.030947393 0.022292710 0.0041862750 0.0046917297 0.0041054443 0.0009483695 3.748186e-03 0.0013954686 7.939613e-04 2.272226e-03 5.651511e-04 1.237219e-05 3.436609e-05 5.855264e-03
   68    1      1      0    0      1      -1      -1   500 0.009469847 0.14776498 0.32634454 0.05995150 0.10135535 0.06280854 0.05345181 0.031721351 0.089464672 0.018384878 0.024462818 0.011640568 0.017071466 0.0195360419 0.0036389786 0.0035921253 0.0039819214 4.202362e-03 0.0050681432 4.170261e-06 1.491755e-03 2.025169e-06 2.604240e-03 1.847333e-04 1.801192e-03
   69    1      1      0    0      1      -1      -1   500 0.010807197 0.10887292 0.18946976 0.27069780 0.04844700 0.07237922 0.04495978 0.047515636 0.040648437 0.050538839 0.017558364 0.021285273 0.007083079 0.0303891512 0.0194423643 0.0025233421 0.0025316430 5.293071e-03 0.0019637217 7.128266e-04 1.284497e-04 4.802222e-03 6.236141e-05 3.522226e-04 1.535310e-03
   70    1      1      0    0      1      -1      -1   500 0.015694312 0.15887904 0.13597818 0.12519221 0.22259388 0.02886442 0.06993546 0.031945986 0.037111877 0.030357957 0.064255517 0.010980164 0.006779214 0.0056023046 0.0179558128 0.0192960124 0.0068125355 4.424021e-03 0.0008675350 3.306547e-05 1.254199e-03 1.942589e-05 1.123165e-03 2.386613e-03 1.657088e-03
   71    1      1      0    0      1      -1      -1   500 0.007251904 0.15249038 0.19673199 0.10901158 0.10994344 0.16525670 0.03965832 0.060737620 0.025374650 0.023965094 0.018778343 0.036020438 0.007064291 0.0072409976 0.0007923819 0.0103383993 0.0052270137 1.213628e-02 0.0039082701 2.238869e-03 7.617555e-04 3.443310e-05 6.432221e-06 1.799437e-03 3.230982e-03
   72    1      1      0    0      1      -1      -1   500 0.020089699 0.11820216 0.17810742 0.15380055 0.07279602 0.09150518 0.10985765 0.032258069 0.050826363 0.027381765 0.026092407 0.012592914 0.036916320 0.0139860833 0.0135499127 0.0089956317 0.0079961643 1.046274e-02 0.0064573001 7.044141e-03 2.072634e-04 5.772349e-06 7.391780e-05 1.128366e-06 7.934196e-04
   73    1      1      0    0      1      -1      -1   500 0.032843125 0.15222113 0.14201242 0.16413792 0.13192497 0.05604323 0.07520082 0.104897828 0.016849085 0.032415452 0.015481585 0.009190955 0.005050992 0.0244628219 0.0040866389 0.0111897937 0.0063478185 6.610043e-03 0.0038026624 1.615710e-03 8.857275e-04 2.499685e-03 5.472495e-05 5.331529e-07 1.743329e-04
   74    1      1      0    0      1      -1      -1   500 0.016708680 0.20659386 0.21965208 0.08185995 0.14753458 0.08193284 0.02834628 0.045219402 0.063367351 0.017137375 0.015028151 0.013583662 0.017412752 0.0058255536 0.0096500085 0.0077132012 0.0012383996 4.650350e-03 0.0036915817 3.517659e-03 1.637625e-04 3.579821e-05 9.018890e-04 4.306104e-06 8.230533e-03
   75    1      1      0    0      1      -1      -1   500 0.009837170 0.16020686 0.25073416 0.13748904 0.09132311 0.08359848 0.06130197 0.019396440 0.034942827 0.071623676 0.005434559 0.021564773 0.007818454 0.0062147306 0.0106414823 0.0062662911 0.0045826647 7.321699e-03 0.0006952118 1.691191e-03 1.315634e-03 2.400002e-03 1.658023e-03 5.441006e-04 1.397458e-03
   76    1      1      0    0      1      -1      -1   500 0.014503914 0.11900278 0.18712445 0.20676683 0.11671659 0.06923810 0.05693503 0.038337108 0.021819959 0.020270082 0.068638094 0.010615221 0.003891379 0.0067399712 0.0085879378 0.0074200479 0.0161884902 1.221801e-02 0.0004727264 9.933595e-05 7.818410e-03 4.045884e-03 2.744475e-04 8.466087e-04 1.428595e-03
   77    1      1      0    0      1      -1      -1   500 0.019840594 0.14037063 0.18231782 0.11935956 0.18010859 0.08705606 0.04646617 0.051194085 0.035070361 0.024364893 0.020302120 0.040829377 0.006473866 0.0136001642 0.0107991285 0.0079896285 0.0023043631 5.463647e-03 0.0023079115 4.378544e-04 1.873745e-05 1.669762e-03 6.891200e-04 2.068002e-04 7.587405e-04
   78    1      1      0    0      1      -1      -1   500 0.009451679 0.22509940 0.18220209 0.10720151 0.09508993 0.09848300 0.07524110 0.034971696 0.028860286 0.024315213 0.012363783 0.031510856 0.037413777 0.0053198907 0.0117706122 0.0056291645 0.0011701850 3.594524e-03 0.0056836682 1.764364e-03 1.558059e-03 1.340731e-09 5.492674e-04 1.731241e-04 5.828210e-04
   79    1      1      0    0      1      -1      -1   500 0.010528171 0.17784644 0.31428317 0.14570559 0.08300733 0.05117187 0.05507049 0.059332195 0.021480286 0.027115912 0.010994961 0.014691684 0.009751211 0.0083750776 0.0033878963 0.0013564420 0.0005543941 1.246085e-03 0.0015268701 6.892991e-04 5.930256e-05 1.445568e-04 4.902480e-05 2.975542e-05 1.601989e-03
   80    1      1      0    0      1      -1      -1   500 0.014264248 0.09521135 0.23607968 0.18816013 0.12955344 0.05487291 0.05785084 0.064712479 0.035854647 0.022797165 0.020121673 0.018008640 0.012687857 0.0034090531 0.0170793554 0.0015105672 0.0027419895 7.162734e-04 0.0078295484 6.402785e-04 8.235157e-03 4.868893e-04 5.618069e-03 1.316395e-04 1.426127e-03
   81    1      1      0    0      1      -1      -1   500 0.003761864 0.13747673 0.10309040 0.14795691 0.19627809 0.09062616 0.06799855 0.061664652 0.057651452 0.041669035 0.024846452 0.024545105 0.007827383 0.0051456156 0.0046443719 0.0183116411 0.0014007793 1.477596e-03 0.0005431230 1.021559e-03 1.883941e-04 1.025184e-03 6.189632e-04 2.006349e-04 2.935884e-05
   82    1      1      0    0      1      -1      -1   500 0.035534470 0.11186239 0.15058320 0.09321092 0.14488824 0.14631372 0.08670504 0.040836572 0.064333413 0.027414606 0.018545286 0.027280908 0.016949006 0.0063365156 0.0061235245 0.0032420951 0.0049215778 2.123544e-03 0.0046405076 6.162642e-04 2.970992e-05 1.157489e-03 1.752903e-03 7.549889e-05 4.522618e-03
   83    1      1      0    0      1      -1      -1   500 0.014996937 0.25483946 0.10432134 0.10452531 0.07607491 0.10947221 0.10690747 0.068315261 0.032867737 0.021905264 0.028856862 0.011413171 0.015137458 0.0102345464 0.0053415540 0.0070008299 0.0032637245 7.136698e-03 0.0070771272 1.414356e-03 3.407167e-05 2.772996e-04 5.178328e-06 1.111649e-03 7.469565e-03
   84    1      1      0    0      1      -1      -1   500 0.004899721 0.16509312 0.23974214 0.10879245 0.09361272 0.03992632 0.10047480 0.057766334 0.038283396 0.024251897 0.026033831 0.038357240 0.014629877 0.0127787378 0.0090066987 0.0048900888 0.0037626885 1.925008e-03 0.0028168462 2.657139e-06 1.839145e-04 1.220526e-03 1.014166e-03 2.670639e-04 1.026777e-02
   85    1      1      0    0      1      -1      -1   500 0.013056603 0.12129218 0.21714605 0.21810880 0.05303108 0.08645561 0.04179607 0.050361968 0.061546971 0.028472418 0.015123571 0.018195429 0.020101014 0.0077189213 0.0072364772 0.0050294632 0.0047351756 7.664666e-04 0.0097820000 1.512512e-02 9.242917e-04 9.781535e-04 1.679475e-03 2.157019e-04 1.121005e-03
   86    1      1      0    0      1      -1      -1   500 0.013803621 0.16554651 0.13208893 0.14427721 0.15115083 0.05231046 0.06440006 0.023553970 0.065297822 0.061028407 0.024110053 0.023488893 0.019416998 0.0151534741 0.0074296126 0.0097987818 0.0162552337 1.815254e-03 0.0016952725 6.050901e-04 3.258452e-03 9.989288e-04 2.774163e-05 9.410914e-04 1.547301e-03
   87    1      1      0    0      1      -1      -1   500 0.014926750 0.20169432 0.19989260 0.07467362 0.13764458 0.11655131 0.04359890 0.046665507 0.015174758 0.035478146 0.036644131 0.018089721 0.010092410 0.0113102289 0.0113368129 0.0029492075 0.0061735591 1.629714e-03 0.0073287925 1.157182e-03 2.050500e-03 2.589296e-03 1.310293e-06 1.187883e-03 1.158757e-03
   88    1      1      0    0      1      -1      -1   500 0.037646302 0.10539294 0.25247253 0.13680783 0.06776736 0.06820463 0.11639810 0.028619995 0.049848234 0.014139713 0.030957900 0.025774172 0.017833630 0.0077630422 0.0129269606 0.0118370509 0.0019705100 4.052095e-03 0.0016989545 1.284940e-03 3.677206e-04 4.579230e-04 3.959536e-03 1.148431e-08 1.817918e-03
   89    1      1      0    0      1      -1      -1   500 0.023594301 0.25370262 0.15725264 0.15319090 0.07974061 0.04982570 0.08483488 0.068559143 0.012751508 0.029535790 0.009438765 0.023320352 0.023447852 0.0131253954 0.0011379942 0.0018475017 0.0029616013 2.317036e-03 0.0025829155 1.206595e-03 4.330412e-04 1.018532e-03 6.771487e-05 1.841463e-03 2.265140e-03
   90    1      1      0    0      1      -1      -1   500 0.020817657 0.19148488 0.26398792 0.11752183 0.13358993 0.05348837 0.02268138 0.050999397 0.046439835 0.013222373 0.020958948 0.008860234 0.015181769 0.0049463229 0.0141711759 0.0050794919 0.0023844850 3.050074e-03 0.0023310201 1.808987e-03 2.695297e-04 5.710740e-03 1.241896e-04 1.552388e-06 8.879179e-04
   91    1      1      0    0      1      -1      -1   500 0.026182427 0.23915629 0.18398827 0.18207731 0.05664531 0.08952263 0.05723696 0.021963436 0.037367285 0.035549095 0.013051821 0.018005488 0.007423907 0.0120440395 0.0038697318 0.0028379016 0.0043800753 1.125688e-03 0.0005969267 5.715729e-04 6.433649e-04 3.384730e-04 1.600906e-04 4.469147e-04 4.814994e-03
   92    1      1      0    0      1      -1      -1   500 0.050743115 0.14675832 0.24318597 0.15801594 0.13398771 0.05663138 0.05383139 0.034036290 0.027276118 0.029950209 0.014673023 0.002896288 0.003998973 0.0031523220 0.0034049399 0.0096651244 0.0095057922 9.869098e-04 0.0055415532 1.280922e-03 1.053774e-03 2.104655e-04 1.117721e-03 5.969021e-03 2.126745e-03
   93    1      1      0    0      1      -1      -1   500 0.006248363 0.31433225 0.18126724 0.14998520 0.07449847 0.08685732 0.04305273 0.036619771 0.028133320 0.007362887 0.023290560 0.018348756 0.004023904 0.0051085470 0.0029394793 0.0013737044 0.0087851963 1.437362e-03 0.0011242484 1.836536e-03 1.437450e-03 1.523819e-03 3.810332e-05 1.021577e-05 3.645617e-04
   94    1      1      0    0      1      -1      -1   500 0.008636035 0.07192949 0.43711228 0.12460207 0.10060117 0.04893783 0.06401393 0.030416760 0.026221375 0.028614134 0.008625819 0.016704038 0.010851051 0.0011960784 0.0026644018 0.0008474211 0.0021941547 7.073025e-03 0.0043981370 6.911720e-04 9.214244e-04 1.578238e-04 3.129335e-04 1.767410e-03 5.100370e-04
   95    1      1      0    0      1      -1      -1   500 0.001747366 0.10913638 0.09907717 0.34265504 0.10927223 0.10257416 0.05114176 0.078966703 0.024219847 0.021420395 0.015178973 0.003262207 0.007753027 0.0198332927 0.0012279830 0.0023065707 0.0002114023 1.960327e-03 0.0024555222 5.901484e-05 2.511899e-05 1.085633e-04 1.563335e-03 3.306958e-04 3.512912e-03
   96    1      1      0    0      1      -1      -1   500 0.034353628 0.09145377 0.12347343 0.10488089 0.26588521 0.09829775 0.06629330 0.054849905 0.044919486 0.019355144 0.034108270 0.016131723 0.008270982 0.0158605107 0.0162269796 0.0002838399 0.0026373650 5.092951e-05 0.0005387251 4.711896e-04 1.092100e-04 5.133494e-04 2.679785e-04 1.336449e-05 7.530672e-04
   97    1      1      0    0      1      -1      -1   500 0.033657674 0.26383389 0.07529815 0.09162295 0.08790729 0.17500053 0.08371889 0.055313030 0.042314819 0.027123561 0.010949632 0.014470394 0.011421372 0.0016152081 0.0099999017 0.0053503093 0.0006307099 8.887779e-04 0.0045533782 1.518175e-03 1.338521e-03 6.327642e-05 1.031632e-04 4.289799e-07 1.305957e-03
   98    1      1      0    0      1      -1      -1   500 0.014669285 0.19423095 0.29520795 0.05369867 0.06394972 0.05521284 0.14336398 0.042418996 0.036014226 0.022162333 0.027128894 0.007895149 0.009576305 0.0057502502 0.0008004193 0.0081327303 0.0042968657 4.702970e-04 0.0013550337 3.429617e-03 7.305715e-04 6.497062e-03 6.155726e-04 1.479554e-05 2.377482e-03
   99    1      1      0    0      1      -1      -1   500 0.003556420 0.08823408 0.27737743 0.24359787 0.05269082 0.05285194 0.03124200 0.106652834 0.037053818 0.027506397 0.012236314 0.018880101 0.008708312 0.0135414285 0.0038264002 0.0019748974 0.0021797360 9.087426e-03 0.0009616084 1.867308e-03 4.279786e-06 2.488158e-05 1.671983e-03 6.666340e-05 4.205051e-03
  100    1      1      0    0      1      -1      -1   500 0.007000249 0.09171894 0.11225466 0.23138967 0.21844446 0.03829098 0.05150777 0.020224136 0.090252335 0.032703560 0.022981761 0.016220477 0.025684643 0.0075044627 0.0141452038 0.0102540382 0.0001489900 1.245576e-03 0.0059096627 7.610118e-05 9.704549e-05 5.802500e-05 4.237323e-05 3.530315e-06 1.841343e-03
    2    1      2      0    0      1      -1      -1   500 0.038000000 0.13800000 0.15000000 0.10800000 0.12200000 0.08600000 0.07800000 0.072000000 0.042000000 0.028000000 0.018000000 0.022000000 0.014000000 0.0160000000 0.0140000000 0.0060000000 0.0120000000 4.000000e-03 0.0080000000 4.000000e-03 6.000000e-03 0.000000e+00 0.000000e+00 2.000000e-03 1.200000e-02
    3    1      2      0    0      1      -1      -1   500 0.054000000 0.18400000 0.13200000 0.13200000 0.07000000 0.05000000 0.06600000 0.054000000 0.042000000 0.038000000 0.034000000 0.026000000 0.024000000 0.0140000000 0.0180000000 0.0140000000 0.0140000000 6.000000e-03 0.0060000000 1.000000e-02 2.000000e-03 0.000000e+00 0.000000e+00 2.000000e-03 8.000000e-03
    4    1      2      0    0      1      -1      -1   500 0.026000000 0.16600000 0.18400000 0.15200000 0.09000000 0.06200000 0.05000000 0.042000000 0.030000000 0.050000000 0.028000000 0.024000000 0.024000000 0.0140000000 0.0120000000 0.0040000000 0.0060000000 6.000000e-03 0.0020000000 8.000000e-03 4.000000e-03 2.000000e-03 6.000000e-03 2.000000e-03 6.000000e-03
    5    1      2      0    0      1      -1      -1   500 0.012000000 0.11000000 0.15600000 0.12200000 0.11400000 0.10000000 0.07200000 0.054000000 0.042000000 0.028000000 0.048000000 0.028000000 0.020000000 0.0220000000 0.0140000000 0.0040000000 0.0140000000 4.000000e-03 0.0060000000 4.000000e-03 6.000000e-03 2.000000e-03 4.000000e-03 4.000000e-03 1.000000e-02
    6    1      2      0    0      1      -1      -1   500 0.068000000 0.10600000 0.11600000 0.13400000 0.09200000 0.06000000 0.06200000 0.054000000 0.042000000 0.058000000 0.040000000 0.042000000 0.022000000 0.0220000000 0.0160000000 0.0220000000 0.0040000000 4.000000e-03 0.0060000000 4.000000e-03 8.000000e-03 0.000000e+00 2.000000e-03 6.000000e-03 1.000000e-02
    7    1      2      0    0      1      -1      -1   500 0.016000000 0.23800000 0.11400000 0.07200000 0.12000000 0.07800000 0.05000000 0.056000000 0.064000000 0.038000000 0.020000000 0.020000000 0.022000000 0.0180000000 0.0200000000 0.0120000000 0.0080000000 8.000000e-03 0.0020000000 6.000000e-03 6.000000e-03 2.000000e-03 6.000000e-03 0.000000e+00 4.000000e-03
    8    1      2      0    0      1      -1      -1   500 0.028000000 0.15400000 0.21200000 0.08200000 0.07000000 0.08000000 0.07800000 0.060000000 0.056000000 0.032000000 0.038000000 0.014000000 0.016000000 0.0140000000 0.0200000000 0.0120000000 0.0040000000 4.000000e-03 0.0060000000 2.000000e-03 4.000000e-03 4.000000e-03 2.000000e-03 8.000000e-03 0.000000e+00
    9    1      2      0    0      1      -1      -1   500 0.020000000 0.14400000 0.13800000 0.14600000 0.06600000 0.07200000 0.08800000 0.060000000 0.064000000 0.034000000 0.028000000 0.014000000 0.030000000 0.0140000000 0.0180000000 0.0120000000 0.0060000000 8.000000e-03 0.0060000000 4.000000e-03 6.000000e-03 2.000000e-03 6.000000e-03 4.000000e-03 1.000000e-02
   10    1      2      0    0      1      -1      -1   500 0.032000000 0.09200000 0.15400000 0.13200000 0.14200000 0.05200000 0.03600000 0.072000000 0.068000000 0.038000000 0.032000000 0.024000000 0.028000000 0.0200000000 0.0200000000 0.0160000000 0.0140000000 4.000000e-03 0.0060000000 6.000000e-03 0.000000e+00 2.000000e-03 2.000000e-03 0.000000e+00 8.000000e-03
   11    1      2      0    0      1      -1      -1   500 0.012000000 0.18200000 0.09800000 0.14600000 0.10400000 0.11400000 0.05400000 0.032000000 0.052000000 0.030000000 0.044000000 0.016000000 0.014000000 0.0200000000 0.0160000000 0.0160000000 0.0100000000 4.000000e-03 0.0080000000 8.000000e-03 0.000000e+00 8.000000e-03 2.000000e-03 0.000000e+00 1.000000e-02
   12    1      2      0    0      1      -1      -1   500 0.058000000 0.03400000 0.17400000 0.08200000 0.11800000 0.10400000 0.10600000 0.036000000 0.046000000 0.058000000 0.034000000 0.022000000 0.010000000 0.0260000000 0.0240000000 0.0120000000 0.0160000000 1.000000e-02 0.0080000000 6.000000e-03 2.000000e-03 4.000000e-03 2.000000e-03 4.000000e-03 4.000000e-03
   13    1      2      0    0      1      -1      -1   500 0.032000000 0.22400000 0.04400000 0.14400000 0.06200000 0.08200000 0.06600000 0.110000000 0.030000000 0.040000000 0.036000000 0.018000000 0.026000000 0.0060000000 0.0140000000 0.0120000000 0.0080000000 1.000000e-02 0.0040000000 2.000000e-03 2.000000e-03 2.000000e-03 8.000000e-03 4.000000e-03 1.400000e-02
   14    1      2      0    0      1      -1      -1   500 0.032000000 0.15200000 0.19600000 0.02400000 0.09800000 0.04600000 0.08800000 0.076000000 0.064000000 0.026000000 0.020000000 0.046000000 0.030000000 0.0160000000 0.0220000000 0.0060000000 0.0120000000 8.000000e-03 0.0100000000 2.000000e-03 8.000000e-03 4.000000e-03 2.000000e-03 2.000000e-03 1.000000e-02
   15    1      2      0    0      1      -1      -1   500 0.036000000 0.18400000 0.13800000 0.15800000 0.01200000 0.09200000 0.04800000 0.052000000 0.060000000 0.040000000 0.022000000 0.016000000 0.030000000 0.0180000000 0.0180000000 0.0140000000 0.0080000000 6.000000e-03 0.0080000000 4.000000e-03 1.400000e-02 4.000000e-03 6.000000e-03 2.000000e-03 1.000000e-02
   16    1      2      0    0      1      -1      -1   500 0.026000000 0.16800000 0.16800000 0.12800000 0.11600000 0.02200000 0.07200000 0.048000000 0.048000000 0.040000000 0.034000000 0.014000000 0.016000000 0.0160000000 0.0180000000 0.0060000000 0.0100000000 6.000000e-03 0.0100000000 8.000000e-03 4.000000e-03 6.000000e-03 4.000000e-03 2.000000e-03 1.000000e-02
   17    1      2      0    0      1      -1      -1   500 0.034000000 0.10600000 0.17800000 0.15400000 0.08600000 0.10200000 0.01600000 0.074000000 0.026000000 0.048000000 0.030000000 0.038000000 0.014000000 0.0140000000 0.0140000000 0.0140000000 0.0120000000 8.000000e-03 0.0100000000 2.000000e-03 0.000000e+00 2.000000e-03 0.000000e+00 4.000000e-03 1.400000e-02
   18    1      2      0    0      1      -1      -1   500 0.018000000 0.14200000 0.14800000 0.12800000 0.10200000 0.08400000 0.09600000 0.008000000 0.060000000 0.028000000 0.032000000 0.024000000 0.028000000 0.0080000000 0.0140000000 0.0100000000 0.0080000000 1.000000e-02 0.0100000000 2.000000e-03 6.000000e-03 6.000000e-03 6.000000e-03 8.000000e-03 1.400000e-02
   19    1      2      0    0      1      -1      -1   500 0.022000000 0.11800000 0.18200000 0.08200000 0.12400000 0.09000000 0.04600000 0.072000000 0.014000000 0.062000000 0.018000000 0.020000000 0.028000000 0.0360000000 0.0080000000 0.0080000000 0.0060000000 1.000000e-02 0.0100000000 1.400000e-02 2.000000e-03 0.000000e+00 6.000000e-03 6.000000e-03 1.600000e-02
   20    1      2      0    0      1      -1      -1   500 0.056000000 0.07200000 0.11800000 0.15000000 0.07800000 0.10800000 0.06200000 0.050000000 0.078000000 0.012000000 0.062000000 0.028000000 0.020000000 0.0200000000 0.0220000000 0.0160000000 0.0040000000 1.200000e-02 0.0080000000 8.000000e-03 0.000000e+00 6.000000e-03 0.000000e+00 2.000000e-03 8.000000e-03
   21    1      2      0    0      1      -1      -1   500 0.066000000 0.21000000 0.07600000 0.07400000 0.13800000 0.07200000 0.07800000 0.058000000 0.036000000 0.044000000 0.000000000 0.032000000 0.010000000 0.0140000000 0.0140000000 0.0160000000 0.0120000000 2.000000e-03 0.0020000000 1.200000e-02 8.000000e-03 1.200000e-02 4.000000e-03 0.000000e+00 1.000000e-02
   22    1      2      0    0      1      -1      -1   500 0.050000000 0.22200000 0.17200000 0.07400000 0.05200000 0.11200000 0.04400000 0.058000000 0.036000000 0.042000000 0.036000000 0.004000000 0.028000000 0.0080000000 0.0060000000 0.0060000000 0.0220000000 4.000000e-03 0.0020000000 4.000000e-03 2.000000e-03 4.000000e-03 0.000000e+00 0.000000e+00 1.200000e-02
   23    1      2      0    0      1      -1      -1   500 0.038000000 0.15400000 0.22800000 0.17000000 0.03800000 0.06400000 0.06000000 0.038000000 0.054000000 0.046000000 0.026000000 0.010000000 0.004000000 0.0060000000 0.0040000000 0.0040000000 0.0120000000 1.400000e-02 0.0020000000 2.000000e-03 4.000000e-03 6.000000e-03 2.000000e-03 0.000000e+00 1.400000e-02
   24    1      2      0    0      1      -1      -1   500 0.028000000 0.10800000 0.16400000 0.21200000 0.12600000 0.05000000 0.03400000 0.064000000 0.034000000 0.048000000 0.034000000 0.014000000 0.034000000 0.0020000000 0.0100000000 0.0060000000 0.0140000000 1.000000e-02 0.0020000000 0.000000e+00 0.000000e+00 4.000000e-03 0.000000e+00 0.000000e+00 2.000000e-03
   25    1      2      0    0      1      -1      -1   500 0.042000000 0.16200000 0.10800000 0.12400000 0.16400000 0.11400000 0.04600000 0.026000000 0.040000000 0.012000000 0.038000000 0.022000000 0.024000000 0.0280000000 0.0020000000 0.0120000000 0.0060000000 6.000000e-03 0.0040000000 6.000000e-03 4.000000e-03 2.000000e-03 0.000000e+00 4.000000e-03 4.000000e-03
   26    1      2      0    0      1      -1      -1   500 0.036000000 0.19400000 0.11400000 0.10800000 0.13600000 0.09600000 0.09200000 0.040000000 0.018000000 0.030000000 0.008000000 0.022000000 0.016000000 0.0060000000 0.0340000000 0.0080000000 0.0060000000 0.000000e+00 0.0060000000 4.000000e-03 2.000000e-03 0.000000e+00 2.000000e-03 2.000000e-03 2.000000e-02
   27    1      2      0    0      1      -1      -1   500 0.040000000 0.14200000 0.17800000 0.10200000 0.08200000 0.10000000 0.09800000 0.064000000 0.026000000 0.016000000 0.034000000 0.014000000 0.026000000 0.0040000000 0.0160000000 0.0180000000 0.0000000000 8.000000e-03 0.0020000000 4.000000e-03 6.000000e-03 2.000000e-03 2.000000e-03 4.000000e-03 1.200000e-02
   28    1      2      0    0      1      -1      -1   500 0.024000000 0.21800000 0.13800000 0.14400000 0.08600000 0.05600000 0.06400000 0.062000000 0.048000000 0.010000000 0.010000000 0.024000000 0.010000000 0.0240000000 0.0120000000 0.0080000000 0.0100000000 8.000000e-03 0.0060000000 2.000000e-03 1.200000e-02 4.000000e-03 1.000000e-02 0.000000e+00 1.000000e-02
   29    1      2      0    0      1      -1      -1   500 0.038000000 0.12200000 0.20000000 0.12400000 0.08600000 0.07600000 0.06600000 0.064000000 0.072000000 0.030000000 0.028000000 0.012000000 0.016000000 0.0080000000 0.0140000000 0.0040000000 0.0020000000 1.000000e-02 0.0060000000 6.000000e-03 2.000000e-03 4.000000e-03 2.000000e-03 0.000000e+00 8.000000e-03
   30    1      2      0    0      1      -1      -1   500 0.028000000 0.13600000 0.08800000 0.15400000 0.09800000 0.07000000 0.08600000 0.056000000 0.076000000 0.056000000 0.042000000 0.008000000 0.016000000 0.0100000000 0.0160000000 0.0120000000 0.0080000000 0.000000e+00 0.0140000000 0.000000e+00 6.000000e-03 0.000000e+00 4.000000e-03 4.000000e-03 1.200000e-02
   31    1      2      0    0      1      -1      -1   500 0.050000000 0.16400000 0.19200000 0.08200000 0.10600000 0.07200000 0.06200000 0.040000000 0.032000000 0.036000000 0.040000000 0.026000000 0.010000000 0.0060000000 0.0140000000 0.0140000000 0.0040000000 8.000000e-03 0.0040000000 1.000000e-02 0.000000e+00 8.000000e-03 2.000000e-03 2.000000e-03 1.600000e-02
   32    1      2      0    0      1      -1      -1   500 0.028000000 0.30800000 0.13800000 0.09800000 0.05600000 0.10000000 0.05000000 0.058000000 0.032000000 0.022000000 0.030000000 0.022000000 0.018000000 0.0000000000 0.0040000000 0.0060000000 0.0020000000 4.000000e-03 0.0060000000 2.000000e-03 4.000000e-03 0.000000e+00 0.000000e+00 2.000000e-03 1.000000e-02
   33    1      2      0    0      1      -1      -1   500 0.056000000 0.20400000 0.25200000 0.10800000 0.07400000 0.03400000 0.08000000 0.044000000 0.022000000 0.012000000 0.028000000 0.014000000 0.016000000 0.0140000000 0.0040000000 0.0100000000 0.0020000000 0.000000e+00 0.0140000000 0.000000e+00 6.000000e-03 2.000000e-03 0.000000e+00 0.000000e+00 4.000000e-03
   34    1      2      0    0      1      -1      -1   500 0.038000000 0.22200000 0.17000000 0.18400000 0.09000000 0.05600000 0.03400000 0.046000000 0.026000000 0.020000000 0.018000000 0.008000000 0.016000000 0.0060000000 0.0200000000 0.0060000000 0.0040000000 1.200000e-02 0.0060000000 6.000000e-03 2.000000e-03 4.000000e-03 4.000000e-03 0.000000e+00 2.000000e-03
   35    1      2      0    0      1      -1      -1   500 0.026000000 0.16200000 0.22600000 0.13800000 0.11600000 0.05200000 0.06200000 0.036000000 0.038000000 0.042000000 0.020000000 0.006000000 0.008000000 0.0220000000 0.0080000000 0.0120000000 0.0020000000 2.000000e-03 0.0060000000 2.000000e-03 0.000000e+00 0.000000e+00 4.000000e-03 0.000000e+00 1.000000e-02
   36    1      2      0    0      1      -1      -1   500 0.024000000 0.15000000 0.15000000 0.16400000 0.13600000 0.10000000 0.05200000 0.036000000 0.024000000 0.040000000 0.022000000 0.026000000 0.014000000 0.0080000000 0.0100000000 0.0140000000 0.0060000000 2.000000e-03 0.0020000000 2.000000e-03 2.000000e-03 6.000000e-03 0.000000e+00 0.000000e+00 1.000000e-02
   37    1      2      0    0      1      -1      -1   500 0.056000000 0.15400000 0.13600000 0.11400000 0.14200000 0.11800000 0.06600000 0.058000000 0.022000000 0.018000000 0.020000000 0.016000000 0.006000000 0.0100000000 0.0040000000 0.0160000000 0.0080000000 8.000000e-03 0.0040000000 4.000000e-03 4.000000e-03 2.000000e-03 4.000000e-03 4.000000e-03 6.000000e-03
   38    1      2      0    0      1      -1      -1   500 0.034000000 0.22800000 0.16200000 0.10000000 0.10000000 0.13000000 0.07600000 0.042000000 0.022000000 0.024000000 0.018000000 0.028000000 0.004000000 0.0040000000 0.0080000000 0.0000000000 0.0020000000 1.200000e-02 0.0040000000 0.000000e+00 0.000000e+00 0.000000e+00 2.000000e-03 0.000000e+00 0.000000e+00
   39    1      2      0    0      1      -1      -1   500 0.064000000 0.16000000 0.24800000 0.09400000 0.08200000 0.06400000 0.06400000 0.024000000 0.054000000 0.022000000 0.026000000 0.008000000 0.024000000 0.0100000000 0.0040000000 0.0100000000 0.0080000000 6.000000e-03 0.0060000000 4.000000e-03 0.000000e+00 0.000000e+00 0.000000e+00 0.000000e+00 1.800000e-02
   40    1      2      0    0      1      -1      -1   500 0.018000000 0.31600000 0.13200000 0.16000000 0.07800000 0.06400000 0.05000000 0.044000000 0.030000000 0.032000000 0.014000000 0.018000000 0.006000000 0.0060000000 0.0040000000 0.0100000000 0.0020000000 4.000000e-03 0.0020000000 0.000000e+00 2.000000e-03 0.000000e+00 2.000000e-03 0.000000e+00 6.000000e-03
   41    1      2      0    0      1      -1      -1   500 0.022000000 0.10000000 0.31600000 0.09200000 0.11400000 0.10400000 0.05000000 0.036000000 0.054000000 0.026000000 0.040000000 0.014000000 0.012000000 0.0020000000 0.0000000000 0.0040000000 0.0060000000 0.000000e+00 0.0020000000 2.000000e-03 2.000000e-03 0.000000e+00 0.000000e+00 2.000000e-03 0.000000e+00
   42    1      2      0    0      1      -1      -1   500 0.028000000 0.11000000 0.09000000 0.28000000 0.09800000 0.09200000 0.06800000 0.052000000 0.034000000 0.038000000 0.034000000 0.024000000 0.000000000 0.0100000000 0.0040000000 0.0020000000 0.0040000000 1.600000e-02 0.0020000000 4.000000e-03 4.000000e-03 0.000000e+00 2.000000e-03 2.000000e-03 2.000000e-03
   43    1      2      0    0      1      -1      -1   500 0.058000000 0.13200000 0.13600000 0.08800000 0.20400000 0.07400000 0.08000000 0.050000000 0.036000000 0.024000000 0.050000000 0.022000000 0.006000000 0.0080000000 0.0080000000 0.0000000000 0.0040000000 4.000000e-03 0.0040000000 4.000000e-03 2.000000e-03 2.000000e-03 0.000000e+00 2.000000e-03 2.000000e-03
   44    1      2      0    0      1      -1      -1   500 0.048000000 0.32000000 0.08400000 0.08600000 0.07400000 0.13400000 0.05200000 0.056000000 0.034000000 0.022000000 0.028000000 0.032000000 0.008000000 0.0040000000 0.0120000000 0.0000000000 0.0000000000 0.000000e+00 0.0060000000 0.000000e+00 0.000000e+00 0.000000e+00 0.000000e+00 0.000000e+00 0.000000e+00
   45    1      2      0    0      1      -1      -1   500 0.048000000 0.21600000 0.26800000 0.06600000 0.05400000 0.03800000 0.11600000 0.034000000 0.052000000 0.024000000 0.016000000 0.008000000 0.022000000 0.0060000000 0.0080000000 0.0020000000 0.0020000000 6.000000e-03 0.0000000000 6.000000e-03 2.000000e-03 2.000000e-03 0.000000e+00 0.000000e+00 4.000000e-03
   46    1      2      0    0      1      -1      -1   500 0.056000000 0.21400000 0.20200000 0.18800000 0.06400000 0.03800000 0.02400000 0.072000000 0.038000000 0.034000000 0.010000000 0.020000000 0.010000000 0.0120000000 0.0040000000 0.0040000000 0.0020000000 2.000000e-03 0.0040000000 0.000000e+00 0.000000e+00 0.000000e+00 0.000000e+00 0.000000e+00 2.000000e-03
   47    1      2      0    0      1      -1      -1   500 0.042000000 0.22600000 0.15200000 0.13600000 0.16200000 0.06000000 0.03800000 0.022000000 0.054000000 0.028000000 0.022000000 0.020000000 0.010000000 0.0060000000 0.0060000000 0.0020000000 0.0020000000 2.000000e-03 0.0000000000 2.000000e-03 0.000000e+00 4.000000e-03 0.000000e+00 0.000000e+00 4.000000e-03
   48    1      2      0    0      1      -1      -1   500 0.048000000 0.17400000 0.24800000 0.13400000 0.09200000 0.13000000 0.03000000 0.026000000 0.010000000 0.026000000 0.020000000 0.016000000 0.008000000 0.0160000000 0.0040000000 0.0120000000 0.0040000000 0.000000e+00 0.0020000000 0.000000e+00 0.000000e+00 0.000000e+00 0.000000e+00 0.000000e+00 0.000000e+00
   49    1      2      0    0      1      -1      -1   500 0.020000000 0.21200000 0.13000000 0.20000000 0.08400000 0.11200000 0.09600000 0.020000000 0.018000000 0.022000000 0.026000000 0.010000000 0.010000000 0.0120000000 0.0080000000 0.0060000000 0.0020000000 6.000000e-03 0.0040000000 0.000000e+00 2.000000e-03 0.000000e+00 0.000000e+00 0.000000e+00 0.000000e+00
   50    1      2      0    0      1      -1      -1   500 0.044000000 0.09600000 0.21800000 0.09400000 0.16200000 0.09200000 0.07200000 0.072000000 0.022000000 0.014000000 0.010000000 0.034000000 0.020000000 0.0100000000 0.0100000000 0.0040000000 0.0040000000 2.000000e-03 0.0100000000 4.000000e-03 2.000000e-03 4.000000e-03 0.000000e+00 0.000000e+00 0.000000e+00
   51    1      2      0    0      1      -1      -1   500 0.018000000 0.18200000 0.09600000 0.14600000 0.12000000 0.11800000 0.06800000 0.080000000 0.056000000 0.022000000 0.024000000 0.016000000 0.018000000 0.0020000000 0.0080000000 0.0020000000 0.0040000000 2.000000e-03 0.0040000000 2.000000e-03 2.000000e-03 4.000000e-03 2.000000e-03 0.000000e+00 4.000000e-03
   52    1      2      0    0      1      -1      -1   500 0.062000000 0.16200000 0.15600000 0.06400000 0.11200000 0.07800000 0.09800000 0.072000000 0.046000000 0.048000000 0.022000000 0.020000000 0.008000000 0.0100000000 0.0120000000 0.0060000000 0.0060000000 4.000000e-03 0.0040000000 8.000000e-03 2.000000e-03 0.000000e+00 0.000000e+00 0.000000e+00 0.000000e+00
   53    1      2      0    0      1      -1      -1   500 0.030000000 0.21600000 0.14000000 0.13600000 0.05200000 0.12600000 0.04400000 0.080000000 0.052000000 0.024000000 0.028000000 0.020000000 0.006000000 0.0060000000 0.0100000000 0.0080000000 0.0080000000 2.000000e-03 0.0000000000 2.000000e-03 0.000000e+00 2.000000e-03 0.000000e+00 6.000000e-03 2.000000e-03
   54    1      2      0    0      1      -1      -1   500 0.072000000 0.24200000 0.16400000 0.09400000 0.09200000 0.04800000 0.07000000 0.028000000 0.066000000 0.022000000 0.042000000 0.018000000 0.006000000 0.0060000000 0.0040000000 0.0100000000 0.0020000000 2.000000e-03 0.0040000000 2.000000e-03 0.000000e+00 2.000000e-03 0.000000e+00 2.000000e-03 2.000000e-03
   55    1      2      0    0      1      -1      -1   500 0.098000000 0.26000000 0.14600000 0.12600000 0.06200000 0.07000000 0.02400000 0.060000000 0.030000000 0.034000000 0.014000000 0.022000000 0.024000000 0.0060000000 0.0020000000 0.0020000000 0.0140000000 0.000000e+00 0.0040000000 0.000000e+00 0.000000e+00 2.000000e-03 0.000000e+00 0.000000e+00 0.000000e+00
   56    1      2      0    0      1      -1      -1   500 0.070000000 0.32000000 0.21000000 0.10400000 0.06800000 0.02600000 0.05400000 0.010000000 0.044000000 0.016000000 0.024000000 0.018000000 0.006000000 0.0100000000 0.0020000000 0.0000000000 0.0040000000 6.000000e-03 0.0000000000 4.000000e-03 0.000000e+00 0.000000e+00 2.000000e-03 0.000000e+00 2.000000e-03
   57    1      2      0    0      1      -1      -1   500 0.014000000 0.27800000 0.30600000 0.11800000 0.07800000 0.04800000 0.02800000 0.034000000 0.012000000 0.026000000 0.018000000 0.018000000 0.004000000 0.0040000000 0.0060000000 0.0040000000 0.0040000000 0.000000e+00 0.0000000000 0.000000e+00 0.000000e+00 0.000000e+00 0.000000e+00 0.000000e+00 0.000000e+00
   58    1      2      0    0      1      -1      -1   500 0.034000000 0.04800000 0.27000000 0.23600000 0.11600000 0.08600000 0.03600000 0.024000000 0.040000000 0.006000000 0.012000000 0.012000000 0.022000000 0.0100000000 0.0080000000 0.0140000000 0.0060000000 0.000000e+00 0.0040000000 1.000000e-02 0.000000e+00 2.000000e-03 2.000000e-03 0.000000e+00 2.000000e-03
   59    1      2      0    0      1      -1      -1   500 0.030000000 0.21600000 0.08000000 0.18400000 0.21600000 0.08400000 0.05600000 0.028000000 0.012000000 0.020000000 0.010000000 0.010000000 0.012000000 0.0200000000 0.0040000000 0.0040000000 0.0080000000 0.000000e+00 0.0000000000 0.000000e+00 2.000000e-03 2.000000e-03 0.000000e+00 2.000000e-03 0.000000e+00
   60    1      2      0    0      1      -1      -1   500 0.072000000 0.13400000 0.18400000 0.05400000 0.15400000 0.17800000 0.07000000 0.052000000 0.016000000 0.014000000 0.020000000 0.002000000 0.014000000 0.0080000000 0.0080000000 0.0040000000 0.0040000000 6.000000e-03 0.0000000000 0.000000e+00 2.000000e-03 0.000000e+00 0.000000e+00 0.000000e+00 4.000000e-03
   61    1      2      0    0      1      -1      -1   500 0.044000000 0.29800000 0.11800000 0.14600000 0.03400000 0.10200000 0.10800000 0.044000000 0.036000000 0.014000000 0.006000000 0.006000000 0.006000000 0.0120000000 0.0000000000 0.0060000000 0.0040000000 0.000000e+00 0.0020000000 0.000000e+00 4.000000e-03 2.000000e-03 2.000000e-03 2.000000e-03 4.000000e-03
   62    1      2      0    0      1      -1      -1   500 0.026000000 0.12400000 0.32000000 0.07400000 0.12400000 0.02400000 0.10000000 0.088000000 0.036000000 0.024000000 0.010000000 0.000000000 0.010000000 0.0100000000 0.0000000000 0.0080000000 0.0060000000 2.000000e-03 0.0020000000 6.000000e-03 6.000000e-03 0.000000e+00 0.000000e+00 0.000000e+00 0.000000e+00
   63    1      2      0    0      1      -1      -1   500 0.020000000 0.14600000 0.15600000 0.24400000 0.06600000 0.07600000 0.03600000 0.062000000 0.088000000 0.014000000 0.014000000 0.008000000 0.020000000 0.0100000000 0.0040000000 0.0100000000 0.0040000000 0.000000e+00 0.0060000000 4.000000e-03 4.000000e-03 0.000000e+00 0.000000e+00 2.000000e-03 6.000000e-03
   64    1      2      0    0      1      -1      -1   500 0.040000000 0.13600000 0.18200000 0.12400000 0.17000000 0.06200000 0.07200000 0.012000000 0.068000000 0.068000000 0.024000000 0.008000000 0.006000000 0.0040000000 0.0040000000 0.0000000000 0.0060000000 2.000000e-03 0.0020000000 6.000000e-03 0.000000e+00 0.000000e+00 2.000000e-03 0.000000e+00 2.000000e-03
   65    1      2      0    0      1      -1      -1   500 0.026000000 0.17400000 0.14600000 0.12200000 0.09000000 0.16200000 0.06000000 0.042000000 0.010000000 0.040000000 0.040000000 0.026000000 0.018000000 0.0040000000 0.0060000000 0.0120000000 0.0000000000 6.000000e-03 0.0000000000 8.000000e-03 2.000000e-03 4.000000e-03 0.000000e+00 0.000000e+00 2.000000e-03
   66    1      2      0    0      1      -1      -1   500 0.080000000 0.07600000 0.23800000 0.09600000 0.10400000 0.07000000 0.11800000 0.042000000 0.038000000 0.010000000 0.046000000 0.034000000 0.022000000 0.0080000000 0.0040000000 0.0020000000 0.0060000000 0.000000e+00 0.0000000000 0.000000e+00 2.000000e-03 0.000000e+00 0.000000e+00 2.000000e-03 2.000000e-03
   67    1      2      0    0      1      -1      -1   500 0.028000000 0.34200000 0.08600000 0.13600000 0.07000000 0.07000000 0.04400000 0.086000000 0.030000000 0.026000000 0.002000000 0.020000000 0.024000000 0.0160000000 0.0000000000 0.0060000000 0.0020000000 4.000000e-03 0.0040000000 2.000000e-03 2.000000e-03 0.000000e+00 0.000000e+00 0.000000e+00 0.000000e+00
   68    1      2      0    0      1      -1      -1   500 0.032000000 0.18000000 0.32600000 0.04800000 0.10600000 0.04000000 0.03800000 0.030000000 0.060000000 0.026000000 0.028000000 0.014000000 0.016000000 0.0240000000 0.0040000000 0.0080000000 0.0060000000 2.000000e-03 0.0060000000 2.000000e-03 0.000000e+00 0.000000e+00 0.000000e+00 2.000000e-03 2.000000e-03
   69    1      2      0    0      1      -1      -1   500 0.046000000 0.11600000 0.16600000 0.28000000 0.06200000 0.07200000 0.03800000 0.048000000 0.036000000 0.048000000 0.022000000 0.012000000 0.010000000 0.0120000000 0.0140000000 0.0040000000 0.0000000000 6.000000e-03 0.0020000000 2.000000e-03 0.000000e+00 0.000000e+00 2.000000e-03 0.000000e+00 2.000000e-03
   70    1      2      0    0      1      -1      -1   500 0.040000000 0.18200000 0.14600000 0.15400000 0.19000000 0.05200000 0.04000000 0.034000000 0.026000000 0.016000000 0.040000000 0.012000000 0.018000000 0.0040000000 0.0140000000 0.0160000000 0.0040000000 4.000000e-03 0.0020000000 0.000000e+00 0.000000e+00 2.000000e-03 0.000000e+00 2.000000e-03 2.000000e-03
   71    1      2      0    0      1      -1      -1   500 0.024000000 0.18000000 0.18600000 0.10600000 0.11400000 0.17200000 0.02600000 0.044000000 0.028000000 0.020000000 0.022000000 0.016000000 0.004000000 0.0100000000 0.0120000000 0.0120000000 0.0100000000 4.000000e-03 0.0020000000 4.000000e-03 0.000000e+00 0.000000e+00 0.000000e+00 0.000000e+00 4.000000e-03
   72    1      2      0    0      1      -1      -1   500 0.036000000 0.18200000 0.16200000 0.17400000 0.05800000 0.08600000 0.13200000 0.018000000 0.022000000 0.020000000 0.020000000 0.020000000 0.026000000 0.0120000000 0.0060000000 0.0000000000 0.0100000000 6.000000e-03 0.0020000000 2.000000e-03 4.000000e-03 2.000000e-03 0.000000e+00 0.000000e+00 0.000000e+00
   73    1      2      0    0      1      -1      -1   500 0.050000000 0.20800000 0.14600000 0.13800000 0.12000000 0.03600000 0.06000000 0.100000000 0.012000000 0.024000000 0.024000000 0.032000000 0.006000000 0.0120000000 0.0040000000 0.0040000000 0.0000000000 6.000000e-03 0.0100000000 2.000000e-03 2.000000e-03 2.000000e-03 0.000000e+00 0.000000e+00 2.000000e-03
   74    1      2      0    0      1      -1      -1   500 0.032000000 0.23200000 0.19600000 0.10000000 0.09200000 0.09000000 0.05600000 0.032000000 0.074000000 0.016000000 0.022000000 0.006000000 0.004000000 0.0040000000 0.0140000000 0.0020000000 0.0100000000 0.000000e+00 0.0060000000 1.000000e-02 0.000000e+00 0.000000e+00 0.000000e+00 0.000000e+00 2.000000e-03
   75    1      2      0    0      1      -1      -1   500 0.028000000 0.16800000 0.23000000 0.14400000 0.08000000 0.09000000 0.06000000 0.030000000 0.036000000 0.050000000 0.008000000 0.018000000 0.010000000 0.0120000000 0.0040000000 0.0160000000 0.0020000000 4.000000e-03 0.0000000000 2.000000e-03 0.000000e+00 0.000000e+00 4.000000e-03 2.000000e-03 2.000000e-03
   76    1      2      0    0      1      -1      -1   500 0.052000000 0.16400000 0.14400000 0.17200000 0.12400000 0.07600000 0.06800000 0.054000000 0.014000000 0.026000000 0.046000000 0.014000000 0.012000000 0.0040000000 0.0040000000 0.0020000000 0.0080000000 2.000000e-03 0.0060000000 0.000000e+00 2.000000e-03 4.000000e-03 0.000000e+00 2.000000e-03 0.000000e+00
   77    1      2      0    0      1      -1      -1   500 0.050000000 0.21800000 0.11600000 0.11800000 0.14800000 0.08200000 0.03800000 0.058000000 0.032000000 0.020000000 0.022000000 0.040000000 0.010000000 0.0080000000 0.0020000000 0.0100000000 0.0020000000 8.000000e-03 0.0020000000 6.000000e-03 0.000000e+00 4.000000e-03 2.000000e-03 2.000000e-03 2.000000e-03
   78    1      2      0    0      1      -1      -1   500 0.052000000 0.23800000 0.19000000 0.10000000 0.10600000 0.10200000 0.07000000 0.024000000 0.026000000 0.008000000 0.008000000 0.006000000 0.032000000 0.0020000000 0.0160000000 0.0020000000 0.0020000000 2.000000e-03 0.0040000000 2.000000e-03 0.000000e+00 0.000000e+00 8.000000e-03 0.000000e+00 0.000000e+00
   79    1      2      0    0      1      -1      -1   500 0.020000000 0.24200000 0.23600000 0.14000000 0.07600000 0.06200000 0.05600000 0.036000000 0.036000000 0.026000000 0.016000000 0.004000000 0.010000000 0.0180000000 0.0040000000 0.0060000000 0.0040000000 0.000000e+00 0.0040000000 0.000000e+00 0.000000e+00 0.000000e+00 0.000000e+00 0.000000e+00 4.000000e-03
   80    1      2      0    0      1      -1      -1   500 0.022000000 0.08800000 0.20200000 0.20000000 0.10000000 0.08600000 0.06800000 0.068000000 0.042000000 0.028000000 0.026000000 0.010000000 0.012000000 0.0060000000 0.0160000000 0.0020000000 0.0060000000 0.000000e+00 0.0060000000 0.000000e+00 6.000000e-03 0.000000e+00 0.000000e+00 2.000000e-03 4.000000e-03
   81    1      2      0    0      1      -1      -1   500 0.022000000 0.15400000 0.09200000 0.17600000 0.19000000 0.07600000 0.04800000 0.052000000 0.044000000 0.046000000 0.026000000 0.014000000 0.018000000 0.0100000000 0.0060000000 0.0140000000 0.0000000000 2.000000e-03 0.0020000000 0.000000e+00 0.000000e+00 4.000000e-03 0.000000e+00 2.000000e-03 2.000000e-03
   82    1      2      0    0      1      -1      -1   500 0.070000000 0.11400000 0.14600000 0.07800000 0.13800000 0.17000000 0.07800000 0.040000000 0.044000000 0.032000000 0.022000000 0.012000000 0.008000000 0.0200000000 0.0040000000 0.0040000000 0.0120000000 2.000000e-03 0.0000000000 0.000000e+00 2.000000e-03 2.000000e-03 0.000000e+00 0.000000e+00 2.000000e-03
   83    1      2      0    0      1      -1      -1   500 0.044000000 0.28400000 0.10800000 0.08600000 0.06600000 0.09000000 0.12600000 0.050000000 0.024000000 0.022000000 0.034000000 0.024000000 0.010000000 0.0100000000 0.0060000000 0.0000000000 0.0000000000 8.000000e-03 0.0020000000 4.000000e-03 0.000000e+00 0.000000e+00 2.000000e-03 0.000000e+00 0.000000e+00
   84    1      2      0    0      1      -1      -1   500 0.032000000 0.21800000 0.26000000 0.07200000 0.06400000 0.04400000 0.07600000 0.082000000 0.024000000 0.032000000 0.016000000 0.018000000 0.010000000 0.0040000000 0.0100000000 0.0100000000 0.0020000000 8.000000e-03 0.0080000000 0.000000e+00 2.000000e-03 4.000000e-03 0.000000e+00 0.000000e+00 4.000000e-03
   85    1      2      0    0      1      -1      -1   500 0.030000000 0.11200000 0.23000000 0.24400000 0.06000000 0.05800000 0.04000000 0.058000000 0.066000000 0.014000000 0.022000000 0.022000000 0.004000000 0.0080000000 0.0040000000 0.0080000000 0.0040000000 4.000000e-03 0.0060000000 2.000000e-03 0.000000e+00 0.000000e+00 0.000000e+00 0.000000e+00 4.000000e-03
   86    1      2      0    0      1      -1      -1   500 0.050000000 0.21000000 0.13000000 0.15000000 0.14800000 0.06600000 0.04200000 0.030000000 0.046000000 0.036000000 0.024000000 0.006000000 0.010000000 0.0120000000 0.0120000000 0.0040000000 0.0020000000 1.000000e-02 0.0020000000 0.000000e+00 2.000000e-03 0.000000e+00 0.000000e+00 2.000000e-03 6.000000e-03
   87    1      2      0    0      1      -1      -1   500 0.028000000 0.24000000 0.19200000 0.07000000 0.13000000 0.12600000 0.02800000 0.026000000 0.030000000 0.032000000 0.032000000 0.016000000 0.006000000 0.0040000000 0.0040000000 0.0060000000 0.0080000000 4.000000e-03 0.0080000000 2.000000e-03 2.000000e-03 2.000000e-03 0.000000e+00 0.000000e+00 4.000000e-03
   88    1      2      0    0      1      -1      -1   500 0.066000000 0.15800000 0.21400000 0.12400000 0.07400000 0.09200000 0.09000000 0.028000000 0.020000000 0.016000000 0.040000000 0.032000000 0.014000000 0.0040000000 0.0080000000 0.0040000000 0.0040000000 2.000000e-03 0.0000000000 2.000000e-03 0.000000e+00 2.000000e-03 4.000000e-03 2.000000e-03 0.000000e+00
   89    1      2      0    0      1      -1      -1   500 0.042000000 0.31400000 0.15000000 0.14000000 0.06200000 0.04600000 0.06200000 0.058000000 0.020000000 0.030000000 0.008000000 0.014000000 0.020000000 0.0060000000 0.0020000000 0.0020000000 0.0040000000 2.000000e-03 0.0040000000 6.000000e-03 4.000000e-03 0.000000e+00 0.000000e+00 2.000000e-03 2.000000e-03
   90    1      2      0    0      1      -1      -1   500 0.030000000 0.22000000 0.26000000 0.09600000 0.11800000 0.07200000 0.01800000 0.048000000 0.040000000 0.018000000 0.026000000 0.004000000 0.010000000 0.0080000000 0.0080000000 0.0060000000 0.0000000000 4.000000e-03 0.0020000000 4.000000e-03 2.000000e-03 2.000000e-03 0.000000e+00 0.000000e+00 4.000000e-03
   91    1      2      0    0      1      -1      -1   500 0.056000000 0.24600000 0.18400000 0.17400000 0.09000000 0.08000000 0.03200000 0.024000000 0.034000000 0.024000000 0.006000000 0.020000000 0.000000000 0.0040000000 0.0060000000 0.0100000000 0.0020000000 2.000000e-03 0.0020000000 0.000000e+00 0.000000e+00 2.000000e-03 2.000000e-03 0.000000e+00 0.000000e+00
   92    1      2      0    0      1      -1      -1   500 0.104000000 0.18000000 0.17800000 0.14800000 0.13800000 0.04400000 0.05200000 0.036000000 0.014000000 0.026000000 0.030000000 0.010000000 0.014000000 0.0000000000 0.0080000000 0.0060000000 0.0020000000 2.000000e-03 0.0020000000 4.000000e-03 2.000000e-03 0.000000e+00 0.000000e+00 0.000000e+00 0.000000e+00
   93    1      2      0    0      1      -1      -1   500 0.018000000 0.35400000 0.16000000 0.10000000 0.10600000 0.11200000 0.03400000 0.030000000 0.014000000 0.020000000 0.020000000 0.014000000 0.002000000 0.0040000000 0.0000000000 0.0020000000 0.0060000000 2.000000e-03 0.0020000000 0.000000e+00 0.000000e+00 0.000000e+00 0.000000e+00 0.000000e+00 0.000000e+00
   94    1      2      0    0      1      -1      -1   500 0.032000000 0.08600000 0.36800000 0.13600000 0.09000000 0.07400000 0.07600000 0.028000000 0.032000000 0.016000000 0.008000000 0.006000000 0.016000000 0.0100000000 0.0040000000 0.0040000000 0.0020000000 4.000000e-03 0.0040000000 0.000000e+00 0.000000e+00 4.000000e-03 0.000000e+00 0.000000e+00 0.000000e+00
   95    1      2      0    0      1      -1      -1   500 0.020000000 0.12200000 0.11400000 0.30400000 0.10600000 0.09600000 0.08200000 0.062000000 0.012000000 0.034000000 0.010000000 0.004000000 0.006000000 0.0100000000 0.0020000000 0.0020000000 0.0020000000 6.000000e-03 0.0040000000 0.000000e+00 2.000000e-03 0.000000e+00 0.000000e+00 0.000000e+00 0.000000e+00
   96    1      2      0    0      1      -1      -1   500 0.092000000 0.09400000 0.13200000 0.10200000 0.24800000 0.08400000 0.07200000 0.056000000 0.036000000 0.014000000 0.016000000 0.010000000 0.008000000 0.0020000000 0.0060000000 0.0060000000 0.0040000000 2.000000e-03 0.0040000000 4.000000e-03 2.000000e-03 2.000000e-03 2.000000e-03 2.000000e-03 0.000000e+00
   97    1      2      0    0      1      -1      -1   500 0.072000000 0.32800000 0.06000000 0.07400000 0.06400000 0.16600000 0.06200000 0.040000000 0.046000000 0.034000000 0.012000000 0.006000000 0.010000000 0.0040000000 0.0060000000 0.0040000000 0.0020000000 2.000000e-03 0.0020000000 2.000000e-03 0.000000e+00 0.000000e+00 2.000000e-03 0.000000e+00 2.000000e-03
   98    1      2      0    0      1      -1      -1   500 0.018000000 0.26000000 0.31200000 0.04400000 0.04200000 0.03000000 0.11000000 0.040000000 0.036000000 0.032000000 0.032000000 0.010000000 0.006000000 0.0020000000 0.0060000000 0.0060000000 0.0020000000 4.000000e-03 0.0000000000 0.000000e+00 4.000000e-03 0.000000e+00 0.000000e+00 0.000000e+00 4.000000e-03
   99    1      2      0    0      1      -1      -1   500 0.022000000 0.09600000 0.27400000 0.24200000 0.04200000 0.04000000 0.03200000 0.106000000 0.036000000 0.030000000 0.022000000 0.020000000 0.004000000 0.0120000000 0.0060000000 0.0020000000 0.0100000000 2.000000e-03 0.0000000000 2.000000e-03 0.000000e+00 0.000000e+00 0.000000e+00 0.000000e+00 0.000000e+00
  100    1      2      0    0      1      -1      -1   500 0.046000000 0.12000000 0.13400000 0.21600000 0.17800000 0.03200000 0.04200000 0.030000000 0.084000000 0.032000000 0.010000000 0.022000000 0.020000000 0.0060000000 0.0060000000 0.0020000000 0.0040000000 4.000000e-03 0.0000000000 0.000000e+00 0.000000e+00 0.000000e+00 2.000000e-03 2.000000e-03 8.000000e-03
0 #_N_MeanSize_at_Age_obs
0 #_N_environ_variables
0 #_N_environ_obs
0 #_N_sizefreq_methods
0 #_do_tags
0 #_morphcomp_data
#
999
