#C data file created using the SS_writedat function in the R package r4ss
#C should work with SS version: 
#C file write time: 2014-11-06 19:17:05
#
1 #_styr
100 #_endyr
1 #_nseas
12 #_months_per_seas
1 #_spawn_seas
1 #_Nfleet
2 #_Nsurveys
1 #_N_areas
Fishery%Survey%CPUE #_fleetnames
0.5 0.5 0.5 #_surveytiming_in_season
1 1 1 #_area_assignments_for_each_fishery_and_survey
1 #_units of catch:  1=bio; 2=num
0.01 #_se of log(catch) only used for init_eq_catch and for Fmethod 2 and 3
1 #_Ngenders
25 #_Nages
0 #_init_equil_catch_for_each_fishery
100 #_N_lines_of_catch_to_read
 #_Fishery year seas
         0    1    1
         0    2    1
         0    3    1
         0    4    1
         0    5    1
         0    6    1
         0    7    1
         0    8    1
         0    9    1
         0   10    1
         0   11    1
         0   12    1
         0   13    1
         0   14    1
         0   15    1
         0   16    1
         0   17    1
         0   18    1
         0   19    1
         0   20    1
         0   21    1
         0   22    1
         0   23    1
         0   24    1
         0   25    1
 264739000   26    1
 250119000   27    1
 234767000   28    1
 217566000   29    1
 199013000   30    1
 185518000   31    1
 180072000   32    1
 180289000   33    1
 182455000   34    1
 183575000   35    1
 185913000   36    1
 190225000   37    1
 190183000   38    1
 186367000   39    1
 178945000   40    1
 172080000   41    1
 168001000   42    1
 166381000   43    1
 164294000   44    1
 160985000   45    1
 154732000   46    1
 146991000   47    1
 139632000   48    1
 132686000   49    1
 124697000   50    1
 119589000   51    1
 117474000   52    1
 115779000   53    1
 114893000   54    1
 117620000   55    1
 121411000   56    1
 123632000   57    1
 123149000   58    1
 119919000   59    1
 118132000   60    1
 118702000   61    1
 120271000   62    1
 122176000   63    1
 120608000   64    1
 118820000   65    1
 116977000   66    1
 116569000   67    1
 119326000   68    1
 123223000   69    1
 128871000   70    1
 135258000   71    1
 138388000   72    1
 137874000   73    1
 136504000   74    1
 133757000   75    1
 129841000   76    1
 127898000   77    1
 130704000   78    1
 138617000   79    1
 146952000   80    1
 152666000   81    1
 158892000   82    1
 162492000   83    1
 164097000   84    1
 167774000   85    1
 167015000   86    1
 163136000   87    1
 161397000   88    1
 167364000   89    1
 170690000   90    1
 171430000   91    1
 174578000   92    1
 178344000   93    1
 179144000   94    1
 185830000   95    1
 192593000   96    1
 192509000   97    1
 187683000   98    1
 183039000   99    1
 180168000  100    1
76 #_N_cpue
 #_Fleet Units Errtype
       1     1       0
       2     1       0
       3     1       0
 #_year seas index        obs se_log
     25    1     2 2414719523    0.2
     26    1     2 5107767457    0.2
     27    1     2 3769828027    0.2
     28    1     2 2423864341    0.2
     29    1     2 2866117387    0.2
     30    1     2 2700587803    0.2
     31    1     2 1906516892    0.2
     32    1     2 2058441812    0.2
     33    1     2 1827750136    0.2
     34    1     2 2266590604    0.2
     35    1     2 1940115454    0.2
     36    1     2 4037977207    0.2
     37    1     2 2332710064    0.2
     38    1     2 2970654518    0.2
     39    1     2 2528148189    0.2
     40    1     2 2421751027    0.2
     41    1     2 2218146635    0.2
     42    1     2 2986187382    0.2
     43    1     2 1822395247    0.2
     44    1     2 2687696176    0.2
     45    1     2 2467254688    0.2
     46    1     2 2169944769    0.2
     47    1     2 2116196975    0.2
     48    1     2 1725783195    0.2
     49    1     2 1901226039    0.2
     50    1     2 1694985051    0.2
     51    1     2 1650035645    0.2
     52    1     2 1786947669    0.2
     53    1     2 1960278061    0.2
     54    1     2 1319917470    0.2
     55    1     2 2513280692    0.2
     56    1     2 1823644883    0.2
     57    1     2 1755513616    0.2
     58    1     2 2429866813    0.2
     59    1     2 1363671935    0.2
     60    1     2 1556080029    0.2
     61    1     2 1611756029    0.2
     62    1     2 2331863300    0.2
     63    1     2 1592831889    0.2
     64    1     2 1947162722    0.2
     65    1     2 2053982895    0.2
     66    1     2 2137504048    0.2
     67    1     2 1869184930    0.2
     68    1     2 1039643918    0.2
     69    1     2 2023360869    0.2
     70    1     2 1618185142    0.2
     71    1     2 1901063245    0.2
     72    1     2 2071580282    0.2
     73    1     2 1898380936    0.2
     74    1     2 1870017278    0.2
     75    1     2 2338677045    0.2
     76    1     2 2568057981    0.2
     77    1     2 2150266586    0.2
     78    1     2 2073035573    0.2
     79    1     2 2616069286    0.2
     80    1     2 2042347604    0.2
     81    1     2 2370317290    0.2
     82    1     2 2862161010    0.2
     83    1     2 3340337154    0.2
     84    1     2 3088864759    0.2
     85    1     2 2294532916    0.2
     86    1     2 2345077346    0.2
     87    1     2 2451383871    0.2
     88    1     2 1696380535    0.2
     89    1     2 3626380683    0.2
     90    1     2 2418742141    0.2
     91    1     2 2070823918    0.2
     92    1     2 2569558027    0.2
     93    1     2 2435129595    0.2
     94    1     2 2418745521    0.2
     95    1     2 2246305211    0.2
     96    1     2 2623102309    0.2
     97    1     2 2246375701    0.2
     98    1     2 3528982456    0.2
     99    1     2 2004169121    0.2
    100    1     2 2488834535    0.2
0 #_N_discard_fleets
#_discard_units (1=same_as_catchunits(bio/num); 2=fraction; 3=numbers)
#_discard_errtype:  >0 for DF of T-dist(read CV below); 0 for normal with CV; -1 for normal with se; -2 for lognormal
0 #_N_discard
0 #_N_meanbodywt
1 #_DF_for_meanbodywt_T-distribution_like
2 # length bin method: 1=use databins; 2=generate from binwidth,min,max below; 3=read vector
1 # binwidth for population size comp
10 # minimum size in the population (lower edge of first bin and size at age 0.00)
200 # maximum size in the population (lower edge of last bin)
-0.001 #_comp_tail_compression
1e-05 #_add_to_comp
0 #_combine males into females at or below this bin number
21 #_N_lbins
#_lbin_vector
10 53 70 83 94 101 107 111 114 117 120 123 125 127 130 132 135 138 142 148 200
0 #_N_Length_comp_observations
25 #_N_agebins
#_agebin_vector
1 2 3 4 5 6 7 8 9 10 11 12 13 14 15 16 17 18 19 20 21 22 23 24 25
1 #_N_ageerror_definitions
 #_age0   age1   age2   age3   age4   age5   age6   age7   age8   age9  age10  age11  age12  age13  age14  age15  age16  age17  age18  age19  age20  age21  age22  age23  age24  age25
 -1.000 -1.000 -1.000 -1.000 -1.000 -1.000 -1.000 -1.000 -1.000 -1.000 -1.000 -1.000 -1.000 -1.000 -1.000 -1.000 -1.000 -1.000 -1.000 -1.000 -1.000 -1.000 -1.000 -1.000 -1.000 -1.000
  0.001  0.001  0.001  0.001  0.001  0.001  0.001  0.001  0.001  0.001  0.001  0.001  0.001  0.001  0.001  0.001  0.001  0.001  0.001  0.001  0.001  0.001  0.001  0.001  0.001  0.001
198 #_N_agecomp
1 #_Lbin_method: 1=poplenbins; 2=datalenbins; 3=lengths
-1 #_combine males into females at or below this bin number
 #_Yr Seas FltSvy Gender Part Ageerr Lbin_lo Lbin_hi Nsamp           a1         a2         a3         a4         a5         a6          a7          a8           a9         a10          a11          a12          a13          a14          a15          a16          a17          a18          a19          a20          a21          a22          a23          a24          a25
    2    1      1      0    0      1      -1      -1   100 0.0112595538 0.12850685 0.15420877 0.22478834 0.08455635 0.07207329 0.038081243 0.046747486 0.0481829865 0.034016791 0.0352351895 1.878439e-02 0.0183393808 1.630041e-02 6.072648e-03 1.728583e-02 1.491620e-02 1.058161e-02 4.994919e-04 2.173010e-04 2.984351e-03 1.115610e-03 2.721339e-03 1.093902e-02 1.585564e-03
    3    1      1      0    0      1      -1      -1   100 0.0122665569 0.09698314 0.14715535 0.13292035 0.17252009 0.06253608 0.068365373 0.044062724 0.0562902206 0.040205744 0.0375664422 3.261840e-02 0.0158647886 2.837501e-02 1.109153e-02 6.174142e-03 6.034938e-03 9.144155e-04 5.055290e-03 1.346349e-02 1.366615e-03 7.864509e-05 4.822857e-03 8.081472e-08 3.267711e-03
    4    1      1      0    0      1      -1      -1   100 0.0138841439 0.06051342 0.16649460 0.15874344 0.14904686 0.08709366 0.057933882 0.048857356 0.0630759801 0.018405361 0.0429155873 1.072861e-02 0.0111342381 2.426607e-02 1.174986e-02 2.623386e-02 9.527636e-03 1.019787e-02 3.637329e-04 7.286492e-04 5.695935e-07 6.440861e-06 1.383675e-03 6.760633e-03 1.995386e-02
    5    1      1      0    0      1      -1      -1   100 0.0022889036 0.24800953 0.06907079 0.13514393 0.09376695 0.05891735 0.152406785 0.050535089 0.0272038018 0.023224902 0.0289900849 1.856876e-02 0.0108118241 1.233109e-02 1.173367e-03 3.332816e-02 6.081444e-03 7.052857e-03 4.174663e-03 2.827436e-03 2.066869e-04 1.080722e-04 6.773251e-03 6.093106e-03 9.111615e-04
    6    1      1      0    0      1      -1      -1   100 0.0029324067 0.04818427 0.28264906 0.05736941 0.07908541 0.05268466 0.064285462 0.045096460 0.0655655781 0.024293759 0.0693251720 7.642452e-02 0.0234995712 2.840012e-02 3.604866e-02 6.870641e-03 8.370152e-03 2.516107e-04 2.507670e-02 1.739812e-03 4.028758e-04 1.000504e-07 3.691613e-07 1.575149e-04 1.285707e-03
    7    1      1      0    0      1      -1      -1   100 0.0015561551 0.09043027 0.04958931 0.22652388 0.14273662 0.09207303 0.037673862 0.064210145 0.0368070268 0.040225151 0.0110197337 5.103826e-02 0.0460784455 2.345746e-02 9.622324e-03 2.563990e-02 1.462095e-02 7.359531e-03 1.830236e-03 1.656249e-02 2.832482e-03 1.926889e-03 3.062549e-04 5.765614e-03 1.139904e-04
    8    1      1      0    0      1      -1      -1   100 0.0186476869 0.15667850 0.13717521 0.09557141 0.14544810 0.09285917 0.089796263 0.043436151 0.0485147744 0.024248971 0.0316502920 1.936459e-02 0.0157929981 9.122218e-03 4.101313e-03 6.550088e-03 1.439890e-02 5.384176e-04 6.165870e-03 4.097047e-04 3.778861e-06 2.862462e-02 8.168207e-06 1.340043e-05 1.087940e-02
    9    1      1      0    0      1      -1      -1   100 0.0025800512 0.23137792 0.14373124 0.18673663 0.02491039 0.11227481 0.037184748 0.066907955 0.0360834762 0.049542652 0.0286621034 6.365553e-03 0.0073374514 9.190519e-03 1.353808e-02 2.001934e-02 6.155965e-03 5.694686e-04 1.402089e-02 1.219614e-05 1.199477e-04 9.412047e-04 9.087034e-06 7.312581e-06 1.721023e-03
   10    1      1      0    0      1      -1      -1   100 0.0081486193 0.05177653 0.23555305 0.17414663 0.09537685 0.05883778 0.128226167 0.048593879 0.0397439227 0.031341521 0.0441883866 9.108087e-04 0.0041697587 8.195412e-03 6.968998e-03 1.032681e-02 4.241957e-03 6.972492e-03 8.037598e-03 3.287640e-05 1.888851e-03 3.317343e-03 8.351511e-08 5.969636e-05 2.894396e-02
   11    1      1      0    0      1      -1      -1   100 0.0223281087 0.10627058 0.13352239 0.19830622 0.06474760 0.04887412 0.062339011 0.121396276 0.0187764202 0.079463054 0.0203469028 3.017371e-02 0.0140920080 1.588407e-02 1.067965e-02 8.084806e-03 1.267215e-02 1.450511e-02 5.454866e-04 9.098948e-04 7.152712e-03 3.755720e-07 4.810066e-03 3.027079e-06 4.116256e-03
   12    1      1      0    0      1      -1      -1   100 0.0115470155 0.12391412 0.15087561 0.06713917 0.19249551 0.11063862 0.036873730 0.023753139 0.0647758302 0.046019076 0.0390546522 3.623491e-02 0.0185667459 2.932438e-03 3.521808e-03 2.392485e-03 8.098694e-03 8.329821e-03 3.335064e-02 5.417925e-04 7.148258e-03 7.325837e-05 1.879923e-04 3.015587e-04 1.123312e-02
   13    1      1      0    0      1      -1      -1   100 0.0061727341 0.05241179 0.20492764 0.09086374 0.07206748 0.17091635 0.133843655 0.058428445 0.0578331188 0.044818512 0.0084340953 2.496549e-02 0.0233484084 1.507140e-02 3.814850e-03 3.026860e-03 2.147294e-03 1.393912e-02 4.750466e-05 6.113664e-04 2.117026e-03 5.693706e-03 5.813023e-04 2.367011e-07 3.917872e-03
   14    1      1      0    0      1      -1      -1   100 0.0010339478 0.13947769 0.07142038 0.20101277 0.06271877 0.04746606 0.200089032 0.049726254 0.0092249056 0.028315172 0.0573504620 4.169525e-02 0.0228983302 1.105293e-02 9.071290e-03 8.443779e-03 8.121105e-03 3.095474e-03 1.213667e-03 7.855309e-05 1.584262e-04 1.841938e-03 4.815708e-03 7.754980e-09 1.967810e-02
   15    1      1      0    0      1      -1      -1   100 0.0294089476 0.11447160 0.25099947 0.09408416 0.15755588 0.02461998 0.050822117 0.075601950 0.0737423999 0.026694605 0.0134561817 1.096500e-02 0.0067071800 8.756202e-03 9.901463e-03 2.451918e-03 1.761773e-03 1.102688e-03 1.744439e-02 2.115954e-03 1.286277e-04 3.899028e-04 8.580977e-03 1.821180e-07 1.823645e-02
   16    1      1      0    0      1      -1      -1   100 0.0077363449 0.13659343 0.13497292 0.16562394 0.06029526 0.04771770 0.079081129 0.042879619 0.0559831844 0.076741267 0.0240334924 2.790002e-03 0.0312704093 3.563828e-02 2.794250e-02 2.616273e-03 2.277967e-02 2.596744e-02 7.433168e-04 2.846882e-03 5.775608e-04 1.859390e-03 3.264063e-03 1.340972e-09 1.004592e-02
   17    1      1      0    0      1      -1      -1   100 0.0052264084 0.11073684 0.21475571 0.07346193 0.17581993 0.03696226 0.104522345 0.012703957 0.0377325713 0.062942032 0.0381242103 3.649825e-03 0.0030810337 1.629680e-02 2.077984e-02 6.372039e-03 2.044313e-02 9.675560e-04 1.694320e-03 4.990848e-03 5.241697e-03 1.823909e-02 8.623392e-03 2.787452e-03 1.384478e-02
   18    1      1      0    0      1      -1      -1   100 0.0035331283 0.05102695 0.12396646 0.24064594 0.04947806 0.06082165 0.105181957 0.073854012 0.0152409245 0.052255903 0.0393338646 5.503131e-02 0.0448144845 4.017000e-02 2.869144e-03 2.343455e-03 8.827538e-03 7.732150e-04 2.970166e-03 3.227066e-03 5.750534e-03 5.774849e-03 6.681222e-10 1.825799e-06 1.210756e-02
   19    1      1      0    0      1      -1      -1   100 0.0081001542 0.09504341 0.14538637 0.13920372 0.09892809 0.05002748 0.133383058 0.021304940 0.0349353080 0.044735115 0.0227143077 6.266248e-02 0.0180138384 2.693797e-02 3.346154e-02 7.503193e-03 1.361605e-04 1.859044e-03 3.146097e-02 6.981400e-03 4.453582e-03 4.043349e-05 1.593322e-03 9.463726e-03 1.670390e-03
   20    1      1      0    0      1      -1      -1   100 0.0055554571 0.16333833 0.18008226 0.14028544 0.05731386 0.10414017 0.025238251 0.059290253 0.0337757951 0.052782515 0.0195528769 2.881117e-03 0.0663303523 3.526950e-02 8.257765e-03 6.502770e-03 1.202891e-02 2.973419e-03 5.973283e-03 1.701734e-03 8.263406e-04 4.426611e-03 2.557507e-05 2.162548e-04 1.123117e-02
   21    1      1      0    0      1      -1      -1   100 0.0125125184 0.14732485 0.12808213 0.15045056 0.04218580 0.04223308 0.113050164 0.077708355 0.0951155252 0.066583200 0.0159749941 2.199242e-03 0.0019764443 2.605968e-02 6.679129e-03 2.827392e-03 9.892365e-03 8.703045e-03 1.989031e-03 8.832244e-03 1.611793e-03 2.661093e-05 8.211774e-04 6.488359e-08 3.716061e-02
   22    1      1      0    0      1      -1      -1   100 0.0044620097 0.07756976 0.20417120 0.12447995 0.05827313 0.08358708 0.066936726 0.077095137 0.0517907658 0.104716774 0.0028333454 4.148257e-02 0.0004647536 1.444215e-02 3.608826e-02 2.917876e-02 1.168775e-03 2.872637e-04 8.115953e-03 3.340714e-05 2.906538e-04 4.119268e-04 4.477574e-03 1.191644e-05 7.630167e-03
   23    1      1      0    0      1      -1      -1   100 0.0355543599 0.08032673 0.06079381 0.22624320 0.13316504 0.08738690 0.068999361 0.037061134 0.0466753750 0.010174214 0.0452919936 4.588859e-02 0.0302517624 2.091274e-02 4.491578e-03 1.739300e-02 1.231638e-02 1.712203e-03 7.774405e-03 4.353789e-04 5.137313e-04 1.249640e-03 1.133785e-03 9.972864e-06 2.424473e-02
   24    1      1      0    0      1      -1      -1   100 0.0203975085 0.10517243 0.11624144 0.08228201 0.20931818 0.09629014 0.077312353 0.047221060 0.0341621534 0.045182494 0.0144455593 1.985396e-02 0.0072834447 4.854384e-02 2.715064e-03 3.124997e-03 2.307940e-02 5.991304e-03 1.145386e-02 6.357632e-03 6.108606e-03 4.913408e-03 3.381357e-03 2.295955e-06 9.165509e-03
   25    1      1      0    0      1      -1      -1   100 0.0043555432 0.26164712 0.16647552 0.09384868 0.02513103 0.11939932 0.127902563 0.024733808 0.0272100254 0.010651504 0.0272203195 1.097816e-02 0.0241587371 9.828337e-03 4.468948e-02 1.445580e-03 2.835131e-03 4.725394e-03 2.690641e-03 1.363281e-03 5.346893e-04 4.182874e-03 7.342236e-04 2.239219e-05 3.235667e-03
   26    1      1      0    0      1      -1      -1   100 0.0082063774 0.04659440 0.29365265 0.08807439 0.04323280 0.06018120 0.152648566 0.062965785 0.0443059931 0.073082012 0.0388241523 3.034426e-02 0.0082690577 1.145909e-02 1.282888e-02 6.813216e-03 8.814683e-05 1.717544e-04 2.278855e-03 4.892543e-04 8.724537e-03 6.940433e-05 3.935302e-03 3.948770e-05 2.720426e-03
   27    1      1      0    0      1      -1      -1   100 0.0122116313 0.10023099 0.10584499 0.32988991 0.12794720 0.03064919 0.010740189 0.058226301 0.0597067376 0.031915777 0.0265377493 1.014036e-02 0.0184441698 7.190313e-03 1.292166e-02 2.509865e-03 2.592650e-02 1.783800e-03 8.166552e-04 5.768807e-03 1.832621e-02 1.842879e-06 9.866412e-05 2.419785e-04 1.928507e-03
   28    1      1      0    0      1      -1      -1   100 0.0002467456 0.13231551 0.13097984 0.15463495 0.22457829 0.09038382 0.038792363 0.027700121 0.0191165861 0.021303960 0.0192406869 4.023077e-02 0.0135138659 6.319049e-03 2.356713e-03 8.719550e-03 3.978628e-03 1.963951e-02 3.269018e-03 2.068761e-05 9.016504e-03 1.125485e-02 4.430394e-07 1.442628e-03 2.094491e-02
   29    1      1      0    0      1      -1      -1   100 0.0227383379 0.04671557 0.15656684 0.09647071 0.13736683 0.12012195 0.047456579 0.036194621 0.0029043616 0.090642146 0.0480264230 3.059448e-02 0.0536137721 1.934419e-02 2.829035e-02 1.545150e-02 9.799751e-03 1.557838e-03 2.537871e-02 8.521058e-03 1.706158e-04 9.452924e-04 2.837735e-06 5.364041e-07 1.124693e-03
   30    1      1      0    0      1      -1      -1   100 0.0171848289 0.12867217 0.07856808 0.06632783 0.09666620 0.16364645 0.201101572 0.044682611 0.0516629524 0.003929335 0.0397314904 2.041363e-02 0.0014465788 2.613434e-02 8.623058e-03 2.124783e-02 3.016413e-06 1.748706e-02 8.824008e-04 4.132267e-04 5.829901e-03 2.255039e-09 3.080348e-03 3.083023e-04 1.956779e-03
   31    1      1      0    0      1      -1      -1   100 0.0447591048 0.26094534 0.15322509 0.04791356 0.04719791 0.08843981 0.075023101 0.085071072 0.0682851517 0.007669824 0.0088140253 3.014296e-02 0.0066741516 1.080513e-02 1.691066e-02 5.636402e-03 9.640363e-03 1.477890e-03 7.642252e-04 3.642455e-04 3.639429e-04 8.772021e-04 4.186586e-07 2.163399e-03 2.683502e-02
   32    1      1      0    0      1      -1      -1   100 0.0209514588 0.31787105 0.20015331 0.16620961 0.01245625 0.02630142 0.055873326 0.027180593 0.0897157646 0.009409490 0.0043717428 8.600503e-03 0.0128991956 8.087121e-03 1.263999e-02 4.410298e-03 3.093694e-03 1.924261e-04 6.421493e-05 5.554864e-04 2.230155e-03 1.780254e-04 1.692513e-04 1.081659e-10 1.638563e-02
   33    1      1      0    0      1      -1      -1   100 0.0124124940 0.15816410 0.17510432 0.20959688 0.04961002 0.01834038 0.051819540 0.021138139 0.0503215525 0.081680000 0.0113062567 4.005410e-02 0.0252633860 1.110049e-02 4.027710e-02 4.523644e-03 3.105406e-03 3.073818e-03 5.896259e-04 7.462372e-03 8.108549e-03 1.571898e-03 7.151503e-06 1.815003e-03 1.355377e-02
   34    1      1      0    0      1      -1      -1   100 0.0083754053 0.12144403 0.27896254 0.15775564 0.10543605 0.03275950 0.004545008 0.059410958 0.0380277146 0.009323400 0.0930013373 2.521960e-03 0.0006725052 2.290816e-03 1.618681e-02 7.194306e-03 9.880916e-03 4.499536e-03 2.162897e-07 7.094954e-03 1.648145e-02 4.841368e-03 1.250935e-02 2.788180e-03 3.996044e-03
   35    1      1      0    0      1      -1      -1   100 0.0127335316 0.10193698 0.20945087 0.17191976 0.14837391 0.13860860 0.037424387 0.000933878 0.0264702325 0.026158419 0.0285052598 5.252389e-02 0.0013706541 1.722926e-02 7.738099e-04 6.552894e-04 8.045252e-05 6.513789e-06 1.850129e-03 1.495391e-03 4.066160e-03 6.582332e-03 1.284525e-03 4.404361e-03 5.161410e-03
   36    1      1      0    0      1      -1      -1   100 0.0253683386 0.27176226 0.11699045 0.17872545 0.06444710 0.12431827 0.054836013 0.010952375 0.0051861681 0.033274580 0.0150881749 2.893103e-02 0.0273283879 1.321786e-03 3.632638e-03 4.981205e-03 1.061472e-02 1.391498e-04 7.924417e-03 1.023494e-02 1.646679e-04 3.116613e-03 5.842376e-11 1.272946e-05 6.485451e-04
   37    1      1      0    0      1      -1      -1   100 0.0067016270 0.10828164 0.34404384 0.15410158 0.09620020 0.09187847 0.048466109 0.013838630 0.0246506975 0.010498698 0.0157745735 1.877791e-02 0.0024828286 2.962752e-02 6.577026e-03 5.073106e-03 2.560998e-04 8.277260e-03 1.266740e-03 5.354517e-04 5.273679e-03 1.190478e-03 1.129110e-03 4.075684e-04 4.689158e-03
   38    1      1      0    0      1      -1      -1   100 0.0093119954 0.11096050 0.11793422 0.15556824 0.14417429 0.13602511 0.078135653 0.082228935 0.0272231441 0.014171891 0.0009002356 3.826345e-02 0.0003335688 6.731301e-03 2.134364e-02 8.571517e-03 1.127576e-02 4.150353e-05 3.233488e-04 2.449292e-04 9.095744e-05 1.074743e-03 3.628731e-07 1.139727e-05 3.505930e-02
   39    1      1      0    0      1      -1      -1   100 0.0050199582 0.08111862 0.17351814 0.12293404 0.13009159 0.11516219 0.131127230 0.078892003 0.0348197154 0.042974613 0.0111708463 8.695155e-03 0.0027242500 2.899002e-02 5.404007e-03 4.929767e-03 2.055737e-05 3.736359e-04 2.793193e-04 7.847315e-07 1.572773e-02 1.927343e-03 1.393574e-08 2.841452e-03 1.257018e-03
   40    1      1      0    0      1      -1      -1   100 0.0192303571 0.15127981 0.11492183 0.12182992 0.12894375 0.21462168 0.057291739 0.046742234 0.0371678005 0.043076439 0.0064299749 1.047064e-02 0.0004486220 1.559846e-03 1.115574e-02 7.293620e-03 2.433108e-02 4.589818e-05 6.562082e-05 3.456752e-06 5.875360e-04 3.735363e-04 5.143529e-05 2.797923e-04 1.797647e-03
   41    1      1      0    0      1      -1      -1   100 0.0138159883 0.14951632 0.14485655 0.07109008 0.17153667 0.07156680 0.081815352 0.083614392 0.0411186042 0.042897482 0.0197755665 5.226087e-02 0.0075404742 1.573856e-02 4.302428e-03 1.032276e-03 6.580470e-03 8.059618e-04 1.501424e-02 3.533350e-06 1.757278e-14 2.721855e-04 5.177769e-06 2.277644e-04 4.612250e-03
   42    1      1      0    0      1      -1      -1   100 0.0081828294 0.24997963 0.14717642 0.08650746 0.04769653 0.13592160 0.065878644 0.117383347 0.0158675646 0.023166577 0.0327064764 2.039605e-02 0.0040334593 1.241799e-02 7.330278e-04 6.164621e-04 2.003453e-03 2.466712e-05 9.350980e-03 1.008778e-03 1.824332e-06 3.400684e-07 1.581353e-10 4.243882e-03 1.470201e-02
   43    1      1      0    0      1      -1      -1   100 0.0333843177 0.13997175 0.21327952 0.10536621 0.10780590 0.04348376 0.041091407 0.035800512 0.1118719698 0.022275610 0.0351699078 3.273541e-02 0.0528147338 1.300890e-02 2.397260e-03 2.129189e-05 6.512511e-03 8.060925e-06 7.756322e-07 2.910409e-03 7.761114e-05 1.255477e-09 8.726849e-12 8.837256e-09 1.216486e-05
   44    1      1      0    0      1      -1      -1   100 0.0006680974 0.14420402 0.26968855 0.13245662 0.12676255 0.05873052 0.032572660 0.088062414 0.0258560626 0.043725133 0.0186945699 2.004048e-02 0.0161052403 1.172488e-02 1.619448e-04 2.177784e-03 3.011153e-05 6.133086e-04 1.319612e-03 4.939836e-04 8.284882e-08 5.686426e-03 1.168117e-06 1.079446e-07 2.236734e-04
   45    1      1      0    0      1      -1      -1   100 0.0076918418 0.08909328 0.25635565 0.16932096 0.16172811 0.06530215 0.027065307 0.059126401 0.0665526959 0.014504241 0.0411964046 2.902135e-03 0.0078086028 2.168658e-03 4.420357e-03 1.465075e-02 4.126848e-03 1.381070e-07 2.175590e-08 6.244274e-11 2.034374e-07 1.660019e-04 1.571777e-13 2.554377e-07 5.819002e-03
   46    1      1      0    0      1      -1      -1   100 0.0017812630 0.09413882 0.11799505 0.19475758 0.08222659 0.11387955 0.088244069 0.096816071 0.0617671715 0.013489122 0.0252765152 1.627022e-02 0.0047268390 5.485755e-03 6.939776e-03 1.539201e-02 1.758619e-04 1.682978e-03 3.587235e-03 4.916929e-02 1.931897e-04 2.917846e-12 2.708074e-03 2.726328e-03 5.706417e-04
   47    1      1      0    0      1      -1      -1   100 0.0311427154 0.10362772 0.14073990 0.10856406 0.13156884 0.07650441 0.137033596 0.102261272 0.0271948610 0.018774113 0.0189776686 4.218533e-02 0.0225001479 3.065590e-03 1.217634e-02 6.560049e-03 4.582262e-03 7.145823e-03 3.893095e-04 7.789305e-10 3.399981e-05 1.992918e-11 1.054831e-11 1.514448e-05 4.956853e-03
   48    1      1      0    0      1      -1      -1   100 0.0018706192 0.17489762 0.14860471 0.11260926 0.03748546 0.12645114 0.082912674 0.041711890 0.0654840023 0.073303206 0.0082606036 1.914960e-02 0.0375353236 3.402269e-02 8.935892e-03 8.340802e-03 7.221452e-03 4.908034e-03 4.996440e-03 4.000749e-13 6.367239e-06 1.606079e-11 6.992833e-09 1.150327e-12 1.292208e-03
   49    1      1      0    0      1      -1      -1   100 0.0329520655 0.09110326 0.18415297 0.09995402 0.08599856 0.05439019 0.100670551 0.098401340 0.0607668809 0.030167490 0.0291308283 4.989911e-03 0.0030417623 5.377674e-03 2.505995e-02 2.623797e-02 1.311280e-02 2.520658e-02 5.882970e-05 4.381013e-04 1.180183e-02 6.061106e-18 1.435278e-05 4.952034e-06 1.696713e-02
   50    1      1      0    0      1      -1      -1   100 0.0098585252 0.12346542 0.10711910 0.20993948 0.09657232 0.07513432 0.042698128 0.110948703 0.0868840255 0.021813270 0.0308977970 4.362453e-02 0.0014504947 4.449267e-03 9.423255e-04 3.972257e-03 2.783945e-03 1.140033e-02 8.953737e-04 4.447070e-03 3.110910e-08 1.793516e-08 8.246582e-13 8.771990e-13 1.070327e-02
   51    1      1      0    0      1      -1      -1   100 0.0116379033 0.17598093 0.14436664 0.09156578 0.14518803 0.05870909 0.057605765 0.049233730 0.0319900360 0.031673989 0.0491165705 2.437939e-02 0.0364229743 8.982986e-03 2.768071e-02 3.740929e-03 1.294473e-02 1.752492e-03 3.239762e-03 1.396642e-05 2.860347e-03 7.624611e-06 2.259216e-02 5.204104e-03 3.109360e-03
   52    1      1      0    0      1      -1      -1   100 0.0197024535 0.16842522 0.28678796 0.06586397 0.05764539 0.12959385 0.024021370 0.023270603 0.0374982417 0.039730622 0.0057831268 4.769851e-02 0.0277560390 6.953625e-03 1.265113e-02 2.273417e-02 2.478615e-03 3.635591e-04 1.198216e-02 3.688157e-04 2.348363e-03 3.787680e-03 4.386838e-04 1.809233e-07 2.115657e-03
   53    1      1      0    0      1      -1      -1   100 0.0374676646 0.16630136 0.22268796 0.16978536 0.11380946 0.01428400 0.095291106 0.023058973 0.0224544081 0.011751328 0.0361256259 2.217356e-02 0.0068478978 2.144717e-02 8.587842e-03 8.937615e-03 1.052817e-02 4.294175e-05 3.622431e-05 3.234469e-04 2.938853e-05 3.449537e-03 3.340507e-07 2.065037e-09 4.578630e-03
   54    1      1      0    0      1      -1      -1   100 0.0721133431 0.18017623 0.14073090 0.17972840 0.05626206 0.04187906 0.088115173 0.084484878 0.0042508588 0.028790603 0.0134962259 9.915822e-03 0.0314914179 1.783847e-02 2.498895e-02 1.432256e-03 5.508856e-05 8.956642e-03 4.010033e-03 3.950654e-03 1.038400e-05 1.598298e-10 3.572014e-03 1.579607e-10 3.750532e-03
   55    1      1      0    0      1      -1      -1   100 0.0040747962 0.21704222 0.21903489 0.14704520 0.08878009 0.10097630 0.051757514 0.003979253 0.0271479056 0.015388472 0.0166242337 2.336034e-03 0.0192552106 9.435707e-03 1.133902e-03 2.387305e-02 4.370482e-02 4.978149e-05 1.691845e-05 2.443729e-03 7.151315e-06 1.935508e-14 3.426600e-04 3.121355e-04 5.238018e-03
   56    1      1      0    0      1      -1      -1   100 0.0230784661 0.15869737 0.23400180 0.15028383 0.12903905 0.03688473 0.046168683 0.122514004 0.0122548104 0.009262214 0.0060379985 3.126026e-02 0.0009159576 1.241688e-02 3.041709e-04 3.062215e-04 3.649406e-04 2.448550e-03 7.477509e-05 1.908243e-03 3.129934e-05 7.540856e-04 1.191191e-09 1.821380e-03 1.917029e-02
   57    1      1      0    0      1      -1      -1   100 0.0000922805 0.11874746 0.18888557 0.29749433 0.11041089 0.05695197 0.098027555 0.040770853 0.0258934246 0.006728377 0.0068437384 1.012252e-02 0.0067476316 5.717626e-04 1.089476e-02 6.459067e-04 7.380073e-03 1.054279e-03 7.245246e-03 2.702442e-06 4.428241e-04 3.139507e-03 5.106164e-04 1.459504e-07 3.955766e-04
   58    1      1      0    0      1      -1      -1   100 0.0414324026 0.08976416 0.20116469 0.18726121 0.12535454 0.17223584 0.027605229 0.042921391 0.0213707438 0.035577833 0.0004366841 1.238342e-02 0.0117796695 2.489871e-04 1.357550e-03 1.381213e-03 1.625001e-02 2.183590e-03 1.472474e-04 3.095181e-04 1.674533e-05 3.881152e-04 3.452553e-05 4.411736e-07 8.394250e-03
   59    1      1      0    0      1      -1      -1   100 0.0132533327 0.09808282 0.09317856 0.13298970 0.14222077 0.15136532 0.065761737 0.068694449 0.0715533366 0.023948311 0.0242786933 1.881452e-02 0.0442055647 1.799944e-02 1.321169e-03 1.461564e-04 2.564791e-02 5.887348e-04 4.391632e-05 1.294404e-03 1.381296e-04 7.701701e-09 7.817748e-17 7.555360e-04 3.717494e-03
   60    1      1      0    0      1      -1      -1   100 0.0096568457 0.26254854 0.19624917 0.05316738 0.08855490 0.09921156 0.070651677 0.020223162 0.0435172905 0.018379209 0.0236405577 1.637107e-02 0.0011723990 4.605774e-02 1.853790e-03 7.250787e-04 3.347587e-03 3.531483e-03 1.028149e-02 9.570513e-03 1.095563e-05 1.352190e-07 1.103634e-03 1.974957e-02 4.242737e-04
   61    1      1      0    0      1      -1      -1   100 0.0319675089 0.16891218 0.31577157 0.09723823 0.04236679 0.06314422 0.100469310 0.045114657 0.0500307282 0.010726316 0.0315168770 7.699480e-03 0.0037034883 2.496963e-04 5.754985e-04 4.047961e-03 2.914012e-03 1.120162e-04 7.981376e-04 1.442194e-02 4.957121e-03 3.846252e-15 3.262094e-03 2.303924e-12 1.778295e-07
   62    1      1      0    0      1      -1      -1   100 0.0005868726 0.28579530 0.19496909 0.17727296 0.04843154 0.01845572 0.063112267 0.057273093 0.0379940568 0.053077218 0.0033189619 1.937795e-02 0.0078407447 2.383119e-03 2.670788e-03 4.364062e-03 1.653804e-03 1.545437e-02 1.870278e-04 2.004145e-07 4.960934e-05 5.338142e-06 5.706554e-03 1.580531e-22 1.935210e-05
   63    1      1      0    0      1      -1      -1   100 0.0201472996 0.03550061 0.29638673 0.17038272 0.19490632 0.02748571 0.014560153 0.083533996 0.0337618595 0.052897316 0.0323504930 8.687046e-03 0.0095639125 1.211863e-03 1.280486e-02 2.462756e-03 1.065738e-03 3.359745e-04 1.650828e-03 9.303912e-23 2.837534e-04 9.800689e-09 1.384361e-06 4.556611e-07 1.820972e-05
   64    1      1      0    0      1      -1      -1   100 0.0152668700 0.10764987 0.10790081 0.18888732 0.16859480 0.14355431 0.065386562 0.023799661 0.0377370263 0.035964981 0.0322208743 1.717212e-02 0.0057479171 1.955374e-02 1.370520e-02 8.163126e-03 3.371602e-04 1.279975e-04 1.093911e-04 9.828670e-08 4.639112e-03 1.799382e-03 3.278793e-04 1.235691e-03 1.181032e-04
   65    1      1      0    0      1      -1      -1   100 0.0123771533 0.18015825 0.11745605 0.07001970 0.23056799 0.10447015 0.106355900 0.029095141 0.0077718937 0.031207044 0.0358238882 2.105043e-02 0.0195606757 2.124630e-03 8.430242e-03 1.400802e-04 1.017882e-02 3.319497e-06 7.727924e-03 3.827869e-05 1.560098e-15 1.120398e-13 3.901836e-05 3.627061e-03 1.776351e-03
   66    1      1      0    0      1      -1      -1   100 0.0208976001 0.10120097 0.24396739 0.12369222 0.06083503 0.19299451 0.054792442 0.063069005 0.0348130896 0.003448445 0.0047569718 5.117080e-02 0.0225150180 4.445356e-03 2.328502e-03 6.961507e-03 6.927238e-03 2.403521e-04 5.580795e-04 2.267573e-08 6.669007e-06 6.157106e-10 8.061160e-14 1.002672e-08 3.787723e-04
   67    1      1      0    0      1      -1      -1   100 0.0253129063 0.22950688 0.12147104 0.16558273 0.11563224 0.03815864 0.092688555 0.047513893 0.0468216605 0.023848557 0.0007837730 3.630846e-02 0.0127039416 1.223303e-02 8.127293e-03 1.048513e-04 1.913146e-02 4.059769e-07 1.142813e-03 1.082166e-14 2.200328e-04 5.709840e-06 6.685878e-04 1.709011e-03 3.235332e-04
   68    1      1      0    0      1      -1      -1   100 0.0118706647 0.16423203 0.27750200 0.14554600 0.09761077 0.08451534 0.026135172 0.052883358 0.0301697481 0.035537268 0.0260114606 1.352877e-03 0.0212901270 6.980963e-03 2.410887e-03 3.351688e-03 2.379856e-03 2.203605e-06 8.344745e-06 8.557908e-07 2.654635e-07 1.001936e-02 1.649812e-08 9.442912e-12 1.887414e-04
   69    1      1      0    0      1      -1      -1   100 0.0051228729 0.11936886 0.33683087 0.17388209 0.06253202 0.08178727 0.049181180 0.027861199 0.0434716804 0.007720123 0.0408191945 8.178678e-03 0.0072703608 5.707912e-05 2.050961e-04 3.353751e-04 3.010969e-03 6.394242e-04 9.614469e-03 2.208240e-02 2.554652e-05 2.067183e-19 1.765554e-06 3.272620e-18 1.470302e-06
   70    1      1      0    0      1      -1      -1   100 0.0761966222 0.15735728 0.10275966 0.17335232 0.12796155 0.14090082 0.020334414 0.034375765 0.0196453941 0.040009660 0.0128369987 7.880850e-03 0.0342200828 4.722993e-05 1.152754e-02 2.759621e-02 1.032509e-02 2.159008e-03 1.322817e-06 8.478920e-05 3.825205e-14 1.282610e-04 4.415314e-45 2.034185e-04 9.571744e-05
   71    1      1      0    0      1      -1      -1   100 0.0004961858 0.19834122 0.27162742 0.17047558 0.08776047 0.07649188 0.047019095 0.046003986 0.0045301761 0.017240270 0.0165211835 1.208488e-02 0.0156112418 4.025488e-03 1.590809e-06 6.994110e-03 5.168649e-03 2.525422e-03 8.430958e-06 7.597853e-03 6.312683e-04 1.023828e-07 2.236310e-04 5.311798e-22 8.619875e-03
   72    1      1      0    0      1      -1      -1   100 0.0103288068 0.12929637 0.22896080 0.24868118 0.10285347 0.08867879 0.072728094 0.047927415 0.0135270192 0.012090514 0.0053739327 1.580265e-02 0.0071967219 7.608383e-03 1.839703e-03 6.424930e-04 7.020571e-05 2.754649e-03 4.163296e-05 7.272851e-04 1.047551e-14 9.704236e-09 2.055482e-03 1.680379e-29 8.143962e-04
   73    1      1      0    0      1      -1      -1   100 0.0299046956 0.11842693 0.14528786 0.13373413 0.23914796 0.07205028 0.070340217 0.069835239 0.0135429251 0.009140635 0.0124180988 3.669434e-03 0.0034940883 4.250200e-02 5.727196e-04 2.334982e-03 1.756350e-03 5.690937e-05 3.172749e-02 3.104314e-10 2.626779e-05 1.998222e-06 4.267243e-06 2.082229e-05 3.706691e-06
   74    1      1      0    0      1      -1      -1   100 0.0040920659 0.14808056 0.13371885 0.11452308 0.15329349 0.08853461 0.063423820 0.037903981 0.0944714201 0.016031406 0.0677903073 4.147655e-02 0.0043212595 4.366926e-03 6.539651e-03 6.480810e-03 4.113859e-03 4.567047e-06 3.066136e-04 3.806933e-03 1.044700e-04 4.236016e-03 1.756028e-12 6.991492e-07 2.378067e-03
   75    1      1      0    0      1      -1      -1   100 0.0172932647 0.07936862 0.20439506 0.12716213 0.08344357 0.13502503 0.109154575 0.065944623 0.0341174170 0.029398026 0.0257932270 1.722578e-03 0.0101493297 1.761478e-04 7.276436e-03 1.198585e-03 4.437938e-02 4.428462e-04 4.280146e-07 3.818641e-04 1.724921e-07 7.032668e-03 2.864840e-05 7.851549e-10 1.611539e-02
   76    1      1      0    0      1      -1      -1   100 0.0227752830 0.22156277 0.14934071 0.09306319 0.10369094 0.05279424 0.112138927 0.098217006 0.0648087524 0.018098553 0.0340903897 6.346453e-03 0.0075731107 3.062133e-03 1.158013e-03 3.088277e-03 9.528124e-05 2.901367e-04 9.523933e-08 1.599513e-05 2.051357e-04 7.534967e-03 3.026730e-18 1.399531e-12 4.963894e-05
   77    1      1      0    0      1      -1      -1   100 0.0339718705 0.25034119 0.12866279 0.08749376 0.16409196 0.04822716 0.056703773 0.041465297 0.0634493557 0.047097522 0.0125544023 6.444788e-03 0.0015752278 8.482706e-03 1.620751e-03 2.825183e-03 6.197111e-03 9.733873e-04 5.213204e-04 1.573339e-04 1.386580e-04 6.925926e-04 9.483866e-12 3.655675e-03 3.265618e-02
   78    1      1      0    0      1      -1      -1   100 0.0138409359 0.22623468 0.21149639 0.12471312 0.10326186 0.09037153 0.057803439 0.046267578 0.0280484015 0.049800978 0.0159577823 1.192517e-02 0.0016142652 1.886090e-03 7.805841e-04 5.370801e-03 1.307284e-03 3.197947e-03 4.945300e-03 6.345137e-04 7.978689e-07 2.226586e-25 3.239503e-04 1.463879e-07 2.164617e-04
   79    1      1      0    0      1      -1      -1   100 0.0045527183 0.30067378 0.22799689 0.20202390 0.05044786 0.02942966 0.032092489 0.053934891 0.0217644664 0.010801624 0.0229818328 8.853187e-04 0.0115971238 2.636393e-03 3.742494e-03 4.998853e-03 9.649864e-04 1.689446e-02 1.534060e-07 2.198974e-05 1.372394e-03 1.853062e-04 4.226394e-07 8.261992e-16 1.003512e-15
   80    1      1      0    0      1      -1      -1   100 0.0125848687 0.11260523 0.22100786 0.21028002 0.12988671 0.05908098 0.020364724 0.069578212 0.0123254779 0.026141441 0.0204317638 4.634834e-02 0.0111817358 2.816693e-02 4.922657e-03 6.423598e-06 6.518228e-04 1.345183e-02 2.469128e-17 4.967564e-08 3.617603e-06 1.400073e-16 6.303266e-13 3.081854e-13 9.793238e-04
   81    1      1      0    0      1      -1      -1   100 0.0572032956 0.14264582 0.18561986 0.21802208 0.11079813 0.09537567 0.069622635 0.029113708 0.0313264755 0.018361684 0.0032359279 4.795895e-03 0.0120787612 5.689366e-03 7.055267e-05 1.160094e-02 6.776153e-05 1.533195e-04 2.673380e-11 4.196324e-12 2.089684e-03 1.806198e-05 6.115842e-06 2.656237e-28 2.104262e-03
   82    1      1      0    0      1      -1      -1   100 0.0002863844 0.25210945 0.25293214 0.06040970 0.16255458 0.13394371 0.059222719 0.021408681 0.0007486065 0.014226745 0.0133771735 1.093032e-04 0.0019657909 4.784658e-03 3.693379e-05 4.524159e-03 2.787982e-05 7.008806e-08 1.009835e-02 4.229568e-03 1.851448e-03 8.753280e-04 1.084627e-33 2.765771e-04 4.160507e-08
   83    1      1      0    0      1      -1      -1   100 0.0584375950 0.10450996 0.27159533 0.13564365 0.12791654 0.08397798 0.047116465 0.106738054 0.0096594926 0.004149881 0.0081746606 4.684459e-03 0.0002846250 1.207620e-03 1.439655e-02 3.918668e-03 9.311871e-03 5.095633e-03 7.608681e-06 2.904319e-03 4.995617e-08 1.024613e-10 1.022192e-11 8.958505e-10 2.689837e-04
   84    1      1      0    0      1      -1      -1   100 0.0177239749 0.29231506 0.06914051 0.19381387 0.07262953 0.03994159 0.067882642 0.135094016 0.0219372498 0.019904701 0.0138866866 8.412290e-04 0.0332788743 1.046492e-02 2.474134e-03 3.255162e-03 3.199487e-03 1.403857e-03 4.208848e-04 1.765646e-05 1.166224e-08 6.888034e-08 2.383459e-04 2.472670e-11 1.355338e-04
   85    1      1      0    0      1      -1      -1   100 0.0011697646 0.07731292 0.21157398 0.12043548 0.14855477 0.12317656 0.035206023 0.154976594 0.0664727444 0.030210153 0.0104016672 2.505945e-03 0.0008400820 9.503153e-04 3.916059e-03 1.010398e-02 1.117400e-03 2.748233e-05 9.156162e-05 6.194133e-10 5.076895e-05 1.827639e-12 3.720469e-07 8.895909e-17 9.053815e-04
   86    1      1      0    0      1      -1      -1   100 0.0035563857 0.19133386 0.13208186 0.21132085 0.06115887 0.16336342 0.084590914 0.044445238 0.0516324331 0.033772858 0.0064113446 3.250768e-03 0.0070606323 2.073840e-04 2.207674e-03 1.354365e-07 7.478466e-05 1.769531e-03 1.513237e-04 3.287338e-05 1.632359e-04 1.412078e-03 8.773412e-07 3.640102e-08 6.184096e-07
   87    1      1      0    0      1      -1      -1   100 0.0356100814 0.02658729 0.18407698 0.10402143 0.22893541 0.04956753 0.088885036 0.056333415 0.0840992873 0.033581607 0.0446434934 2.891331e-02 0.0150709434 5.805112e-03 3.456735e-03 1.183747e-03 9.567160e-05 3.019901e-05 1.471803e-03 3.219491e-03 5.931369e-10 6.437084e-04 1.895713e-03 5.151201e-05 1.820492e-03
   88    1      1      0    0      1      -1      -1   100 0.0031009513 0.31690567 0.04711670 0.13832193 0.07210290 0.17505797 0.027228871 0.036882853 0.0109321097 0.032036524 0.0916060180 1.004403e-02 0.0107628350 2.098762e-02 5.289575e-05 5.153258e-04 5.092869e-03 2.758574e-04 1.245449e-04 3.446004e-04 8.572463e-06 1.737576e-04 2.229639e-12 2.082140e-11 3.245923e-04
   89    1      1      0    0      1      -1      -1   100 0.0131566634 0.17511249 0.39327091 0.03241491 0.10086250 0.02952507 0.092328922 0.010084267 0.0262132737 0.023296777 0.0228962103 3.220189e-02 0.0164469565 6.133192e-03 1.805912e-02 1.007832e-03 9.665894e-04 1.603122e-06 1.540835e-04 2.806944e-03 8.270756e-04 2.162836e-03 5.577714e-27 2.348032e-07 6.965563e-05
   90    1      1      0    0      1      -1      -1   100 0.0116479170 0.11279606 0.19752213 0.19718550 0.03619573 0.05861837 0.057482078 0.114391103 0.0485992940 0.038469426 0.0305504717 1.421245e-02 0.0480278178 1.593685e-02 1.014816e-02 1.007260e-03 1.390069e-03 2.446114e-06 1.963000e-04 5.542074e-03 4.077842e-07 6.555052e-05 3.829970e-19 9.592580e-06 2.934809e-06
   91    1      1      0    0      1      -1      -1   100 0.0246220328 0.11104791 0.14804515 0.20278946 0.20130234 0.02600362 0.102474633 0.036023945 0.0516288502 0.003214794 0.0274398466 3.666755e-02 0.0038119321 2.608988e-03 7.324082e-04 2.265772e-03 5.663578e-03 4.652823e-03 1.719258e-03 3.579821e-06 1.459574e-03 5.118808e-07 2.593306e-04 5.545766e-03 1.633807e-05
   92    1      1      0    0      1      -1      -1   100 0.0003726616 0.26709412 0.26206248 0.07554106 0.11718068 0.13378429 0.024496938 0.026266399 0.0065944091 0.033595379 0.0003137888 1.011251e-02 0.0098913851 1.091839e-02 9.663615e-05 7.088544e-03 1.976060e-05 7.336748e-06 2.539942e-06 8.189044e-15 4.590973e-12 1.321077e-39 9.221240e-04 3.030701e-16 1.363856e-02
   93    1      1      0    0      1      -1      -1   100 0.0076467068 0.06421277 0.29332017 0.09690579 0.06154701 0.14491215 0.140592968 0.008443013 0.0615111767 0.014067499 0.0310492316 3.731171e-05 0.0148987532 9.516162e-03 3.746321e-04 1.428533e-02 7.350984e-03 2.019703e-05 8.938261e-03 7.036518e-07 2.024178e-03 1.546109e-02 1.928901e-06 2.929460e-07 2.881680e-03
   94    1      1      0    0      1      -1      -1   100 0.0407230304 0.24082140 0.08121316 0.22866626 0.09138859 0.03655240 0.063987607 0.113800455 0.0127690514 0.009556234 0.0041079432 2.958445e-02 0.0141310737 1.884914e-02 1.599050e-03 3.050931e-05 4.491811e-03 5.126304e-03 1.249122e-04 1.006096e-04 2.603043e-11 5.126680e-04 1.467072e-06 7.077751e-56 1.861877e-03
   95    1      1      0    0      1      -1      -1   100 0.0145752483 0.19017247 0.21729931 0.02993653 0.18498006 0.06309559 0.047438591 0.074850367 0.0471200061 0.007390978 0.0199526427 5.739838e-02 0.0285578155 7.165121e-04 4.852718e-03 4.105471e-03 1.818904e-03 3.840772e-03 3.987902e-04 1.253829e-03 5.251560e-05 3.251097e-06 1.087779e-08 1.878976e-04 1.343587e-06
   96    1      1      0    0      1      -1      -1   100 0.0055205026 0.12770762 0.30386670 0.22573782 0.05525580 0.05988382 0.043005137 0.039122559 0.0316674917 0.043860763 0.0058833459 2.249414e-03 0.0171772162 1.715074e-02 1.553387e-06 1.061742e-03 4.324361e-04 7.156409e-04 1.034705e-02 1.044090e-06 6.256663e-25 3.833033e-07 7.539414e-27 2.691138e-04 9.082102e-03
   97    1      1      0    0      1      -1      -1   100 0.0039281545 0.04458679 0.17338219 0.27389930 0.20775534 0.05391016 0.056081290 0.049558175 0.0077797377 0.036855153 0.0479587630 1.792375e-02 0.0025326673 4.779966e-03 6.088495e-03 3.225568e-06 1.880746e-03 6.396162e-04 1.234131e-05 5.455202e-03 4.729770e-03 3.224098e-05 1.999156e-05 7.858894e-23 2.069424e-04
   98    1      1      0    0      1      -1      -1   100 0.0207336418 0.09798612 0.09333972 0.19854307 0.17689120 0.14476251 0.012605360 0.115089357 0.0156449122 0.014996761 0.0280680520 1.596205e-02 0.0006090924 7.725763e-03 2.625831e-04 3.114944e-02 1.102526e-03 7.013760e-03 1.543627e-02 5.135647e-04 2.349671e-04 3.940350e-04 2.950148e-11 5.855483e-10 9.352336e-04
   99    1      1      0    0      1      -1      -1   100 0.0030430292 0.18060081 0.10502799 0.11411173 0.14595422 0.14691056 0.108699784 0.008996149 0.0975630413 0.006172101 0.0024619814 1.831791e-02 0.0160673484 9.597975e-04 3.091417e-03 4.663050e-03 5.611208e-03 2.426336e-02 7.365142e-03 1.616525e-06 3.589866e-05 6.372838e-05 1.803535e-05 1.218850e-09 9.511640e-08
  100    1      1      0    0      1      -1      -1   100 0.0445964377 0.17319836 0.24389401 0.05476914 0.05659487 0.04967131 0.116887594 0.111923086 0.0101207539 0.038297692 0.0158442657 5.772524e-03 0.0262243881 9.132894e-03 9.822659e-06 5.601747e-03 1.433093e-03 5.836817e-03 3.083249e-08 2.981212e-02 1.236538e-09 1.351046e-06 4.569191e-05 3.320014e-04 9.622656e-12
    2    1      2      0    0      1      -1      -1   100 0.0400000000 0.15000000 0.14000000 0.11000000 0.16000000 0.09000000 0.070000000 0.030000000 0.0600000000 0.020000000 0.0200000000 3.000000e-02 0.0100000000 2.000000e-02 1.000000e-02 1.000000e-02 0.000000e+00 0.000000e+00 0.000000e+00 0.000000e+00 1.000000e-02 0.000000e+00 0.000000e+00 0.000000e+00 2.000000e-02
    3    1      2      0    0      1      -1      -1   100 0.0000000000 0.15000000 0.15000000 0.14000000 0.11000000 0.06000000 0.080000000 0.040000000 0.0600000000 0.020000000 0.0300000000 1.000000e-02 0.0100000000 3.000000e-02 2.000000e-02 0.000000e+00 1.000000e-02 0.000000e+00 2.000000e-02 1.000000e-02 1.000000e-02 2.000000e-02 2.000000e-02 0.000000e+00 0.000000e+00
    4    1      2      0    0      1      -1      -1   100 0.0500000000 0.09000000 0.13000000 0.15000000 0.10000000 0.11000000 0.070000000 0.070000000 0.0400000000 0.060000000 0.0300000000 2.000000e-02 0.0000000000 1.000000e-02 2.000000e-02 1.000000e-02 0.000000e+00 1.000000e-02 0.000000e+00 1.000000e-02 1.000000e-02 0.000000e+00 1.000000e-02 0.000000e+00 0.000000e+00
    5    1      2      0    0      1      -1      -1   100 0.0200000000 0.19000000 0.14000000 0.11000000 0.11000000 0.13000000 0.030000000 0.060000000 0.0300000000 0.050000000 0.0000000000 4.000000e-02 0.0000000000 1.000000e-02 1.000000e-02 2.000000e-02 0.000000e+00 0.000000e+00 1.000000e-02 0.000000e+00 0.000000e+00 1.000000e-02 1.000000e-02 1.000000e-02 1.000000e-02
    6    1      2      0    0      1      -1      -1   100 0.0200000000 0.13000000 0.15000000 0.12000000 0.12000000 0.08000000 0.060000000 0.080000000 0.0300000000 0.020000000 0.0300000000 2.000000e-02 0.0200000000 4.000000e-02 0.000000e+00 1.000000e-02 1.000000e-02 2.000000e-02 0.000000e+00 0.000000e+00 1.000000e-02 0.000000e+00 2.000000e-02 0.000000e+00 1.000000e-02
    7    1      2      0    0      1      -1      -1   100 0.0300000000 0.06000000 0.08000000 0.22000000 0.11000000 0.09000000 0.110000000 0.040000000 0.0400000000 0.020000000 0.0100000000 5.000000e-02 0.0200000000 0.000000e+00 7.000000e-02 2.000000e-02 0.000000e+00 0.000000e+00 1.000000e-02 0.000000e+00 0.000000e+00 1.000000e-02 0.000000e+00 1.000000e-02 0.000000e+00
    8    1      2      0    0      1      -1      -1   100 0.0500000000 0.15000000 0.12000000 0.04000000 0.13000000 0.07000000 0.050000000 0.060000000 0.1000000000 0.060000000 0.0200000000 0.000000e+00 0.0300000000 1.000000e-02 3.000000e-02 2.000000e-02 0.000000e+00 1.000000e-02 1.000000e-02 1.000000e-02 1.000000e-02 0.000000e+00 0.000000e+00 0.000000e+00 2.000000e-02
    9    1      2      0    0      1      -1      -1   100 0.0200000000 0.17000000 0.22000000 0.08000000 0.05000000 0.11000000 0.070000000 0.060000000 0.0300000000 0.050000000 0.0200000000 3.000000e-02 0.0300000000 1.000000e-02 1.000000e-02 0.000000e+00 0.000000e+00 1.000000e-02 1.000000e-02 0.000000e+00 0.000000e+00 1.000000e-02 0.000000e+00 0.000000e+00 1.000000e-02
   10    1      2      0    0      1      -1      -1   100 0.0000000000 0.06000000 0.22000000 0.17000000 0.10000000 0.06000000 0.110000000 0.060000000 0.0700000000 0.050000000 0.0000000000 2.000000e-02 0.0200000000 0.000000e+00 1.000000e-02 1.000000e-02 2.000000e-02 1.000000e-02 0.000000e+00 0.000000e+00 0.000000e+00 0.000000e+00 0.000000e+00 0.000000e+00 1.000000e-02
   11    1      2      0    0      1      -1      -1   100 0.0400000000 0.10000000 0.12000000 0.18000000 0.14000000 0.06000000 0.010000000 0.070000000 0.0400000000 0.050000000 0.0700000000 0.000000e+00 0.0200000000 2.000000e-02 0.000000e+00 2.000000e-02 0.000000e+00 3.000000e-02 0.000000e+00 0.000000e+00 2.000000e-02 1.000000e-02 0.000000e+00 0.000000e+00 0.000000e+00
   12    1      2      0    0      1      -1      -1   100 0.0400000000 0.20000000 0.08000000 0.09000000 0.15000000 0.11000000 0.060000000 0.040000000 0.0400000000 0.060000000 0.0100000000 3.000000e-02 0.0300000000 1.000000e-02 1.000000e-02 1.000000e-02 0.000000e+00 0.000000e+00 1.000000e-02 1.000000e-02 0.000000e+00 0.000000e+00 0.000000e+00 0.000000e+00 1.000000e-02
   13    1      2      0    0      1      -1      -1   100 0.1100000000 0.13000000 0.20000000 0.08000000 0.05000000 0.11000000 0.050000000 0.020000000 0.0200000000 0.060000000 0.0300000000 2.000000e-02 0.0000000000 2.000000e-02 0.000000e+00 3.000000e-02 1.000000e-02 1.000000e-02 0.000000e+00 2.000000e-02 1.000000e-02 0.000000e+00 0.000000e+00 0.000000e+00 2.000000e-02
   14    1      2      0    0      1      -1      -1   100 0.0100000000 0.18000000 0.17000000 0.15000000 0.04000000 0.08000000 0.100000000 0.040000000 0.0300000000 0.020000000 0.0300000000 0.000000e+00 0.0300000000 2.000000e-02 2.000000e-02 0.000000e+00 1.000000e-02 2.000000e-02 1.000000e-02 2.000000e-02 0.000000e+00 1.000000e-02 0.000000e+00 0.000000e+00 1.000000e-02
   15    1      2      0    0      1      -1      -1   100 0.0300000000 0.07000000 0.24000000 0.10000000 0.11000000 0.07000000 0.070000000 0.030000000 0.0400000000 0.020000000 0.0100000000 3.000000e-02 0.0100000000 3.000000e-02 3.000000e-02 4.000000e-02 2.000000e-02 1.000000e-02 1.000000e-02 0.000000e+00 0.000000e+00 0.000000e+00 0.000000e+00 0.000000e+00 3.000000e-02
   16    1      2      0    0      1      -1      -1   100 0.0000000000 0.21000000 0.07000000 0.18000000 0.07000000 0.10000000 0.040000000 0.010000000 0.0500000000 0.060000000 0.0300000000 5.000000e-02 0.0600000000 1.000000e-02 2.000000e-02 0.000000e+00 1.000000e-02 0.000000e+00 1.000000e-02 1.000000e-02 0.000000e+00 0.000000e+00 0.000000e+00 0.000000e+00 1.000000e-02
   17    1      2      0    0      1      -1      -1   100 0.0200000000 0.08000000 0.21000000 0.08000000 0.21000000 0.08000000 0.070000000 0.020000000 0.0300000000 0.070000000 0.0200000000 1.000000e-02 0.0000000000 3.000000e-02 1.000000e-02 0.000000e+00 0.000000e+00 2.000000e-02 1.000000e-02 0.000000e+00 0.000000e+00 1.000000e-02 0.000000e+00 0.000000e+00 2.000000e-02
   18    1      2      0    0      1      -1      -1   100 0.0200000000 0.12000000 0.12000000 0.19000000 0.09000000 0.16000000 0.030000000 0.040000000 0.0300000000 0.020000000 0.0400000000 3.000000e-02 0.0500000000 0.000000e+00 1.000000e-02 1.000000e-02 1.000000e-02 0.000000e+00 0.000000e+00 1.000000e-02 0.000000e+00 1.000000e-02 0.000000e+00 0.000000e+00 1.000000e-02
   19    1      2      0    0      1      -1      -1   100 0.0400000000 0.09000000 0.20000000 0.13000000 0.10000000 0.03000000 0.120000000 0.050000000 0.0600000000 0.040000000 0.0200000000 4.000000e-02 0.0000000000 0.000000e+00 2.000000e-02 1.000000e-02 1.000000e-02 0.000000e+00 1.000000e-02 0.000000e+00 0.000000e+00 0.000000e+00 1.000000e-02 0.000000e+00 2.000000e-02
   20    1      2      0    0      1      -1      -1   100 0.0500000000 0.19000000 0.08000000 0.05000000 0.14000000 0.12000000 0.070000000 0.080000000 0.0800000000 0.040000000 0.0400000000 1.000000e-02 0.0200000000 1.000000e-02 0.000000e+00 0.000000e+00 1.000000e-02 1.000000e-02 0.000000e+00 0.000000e+00 0.000000e+00 0.000000e+00 0.000000e+00 0.000000e+00 0.000000e+00
   21    1      2      0    0      1      -1      -1   100 0.0000000000 0.30000000 0.10000000 0.07000000 0.10000000 0.08000000 0.120000000 0.020000000 0.0600000000 0.000000000 0.0700000000 0.000000e+00 0.0000000000 4.000000e-02 0.000000e+00 0.000000e+00 0.000000e+00 1.000000e-02 3.000000e-02 0.000000e+00 0.000000e+00 0.000000e+00 0.000000e+00 0.000000e+00 0.000000e+00
   22    1      2      0    0      1      -1      -1   100 0.0200000000 0.03000000 0.24000000 0.15000000 0.09000000 0.11000000 0.030000000 0.070000000 0.0500000000 0.040000000 0.0300000000 1.000000e-02 0.0200000000 2.000000e-02 2.000000e-02 2.000000e-02 0.000000e+00 1.000000e-02 1.000000e-02 1.000000e-02 1.000000e-02 1.000000e-02 0.000000e+00 0.000000e+00 0.000000e+00
   23    1      2      0    0      1      -1      -1   100 0.0400000000 0.09000000 0.10000000 0.27000000 0.07000000 0.04000000 0.070000000 0.080000000 0.0400000000 0.020000000 0.0300000000 6.000000e-02 0.0100000000 1.000000e-02 4.000000e-02 0.000000e+00 0.000000e+00 0.000000e+00 0.000000e+00 0.000000e+00 1.000000e-02 0.000000e+00 0.000000e+00 0.000000e+00 2.000000e-02
   24    1      2      0    0      1      -1      -1   100 0.0700000000 0.14000000 0.15000000 0.08000000 0.12000000 0.08000000 0.050000000 0.080000000 0.0200000000 0.030000000 0.0100000000 4.000000e-02 0.0100000000 1.000000e-02 1.000000e-02 1.000000e-02 3.000000e-02 2.000000e-02 0.000000e+00 0.000000e+00 1.000000e-02 1.000000e-02 1.000000e-02 0.000000e+00 1.000000e-02
   25    1      2      0    0      1      -1      -1   100 0.0200000000 0.32000000 0.12000000 0.11000000 0.03000000 0.11000000 0.050000000 0.080000000 0.0300000000 0.020000000 0.0400000000 1.000000e-02 0.0200000000 0.000000e+00 1.000000e-02 0.000000e+00 1.000000e-02 1.000000e-02 1.000000e-02 0.000000e+00 0.000000e+00 0.000000e+00 0.000000e+00 0.000000e+00 0.000000e+00
   26    1      2      0    0      1      -1      -1   100 0.0500000000 0.15000000 0.28000000 0.08000000 0.04000000 0.08000000 0.080000000 0.040000000 0.0400000000 0.010000000 0.0500000000 3.000000e-02 0.0100000000 2.000000e-02 0.000000e+00 0.000000e+00 1.000000e-02 1.000000e-02 1.000000e-02 0.000000e+00 0.000000e+00 0.000000e+00 0.000000e+00 0.000000e+00 1.000000e-02
   27    1      2      0    0      1      -1      -1   100 0.0500000000 0.09000000 0.13000000 0.21000000 0.07000000 0.05000000 0.020000000 0.090000000 0.0500000000 0.080000000 0.0500000000 3.000000e-02 0.0400000000 0.000000e+00 1.000000e-02 1.000000e-02 0.000000e+00 0.000000e+00 1.000000e-02 1.000000e-02 0.000000e+00 0.000000e+00 0.000000e+00 0.000000e+00 0.000000e+00
   28    1      2      0    0      1      -1      -1   100 0.0000000000 0.07000000 0.11000000 0.13000000 0.25000000 0.05000000 0.060000000 0.040000000 0.0600000000 0.020000000 0.0600000000 3.000000e-02 0.0200000000 2.000000e-02 1.000000e-02 0.000000e+00 1.000000e-02 0.000000e+00 1.000000e-02 1.000000e-02 1.000000e-02 0.000000e+00 1.000000e-02 0.000000e+00 2.000000e-02
   29    1      2      0    0      1      -1      -1   100 0.0300000000 0.04000000 0.05000000 0.12000000 0.13000000 0.18000000 0.100000000 0.040000000 0.0400000000 0.090000000 0.0400000000 3.000000e-02 0.0100000000 0.000000e+00 2.000000e-02 0.000000e+00 1.000000e-02 1.000000e-02 1.000000e-02 1.000000e-02 0.000000e+00 2.000000e-02 0.000000e+00 0.000000e+00 2.000000e-02
   30    1      2      0    0      1      -1      -1   100 0.0300000000 0.16000000 0.09000000 0.10000000 0.13000000 0.07000000 0.090000000 0.080000000 0.0200000000 0.030000000 0.0700000000 5.000000e-02 0.0000000000 3.000000e-02 1.000000e-02 0.000000e+00 0.000000e+00 2.000000e-02 0.000000e+00 0.000000e+00 1.000000e-02 0.000000e+00 0.000000e+00 0.000000e+00 1.000000e-02
   31    1      2      0    0      1      -1      -1   100 0.0500000000 0.27000000 0.10000000 0.02000000 0.10000000 0.08000000 0.090000000 0.070000000 0.0700000000 0.020000000 0.0000000000 5.000000e-02 0.0200000000 1.000000e-02 2.000000e-02 0.000000e+00 3.000000e-02 0.000000e+00 0.000000e+00 0.000000e+00 0.000000e+00 0.000000e+00 0.000000e+00 0.000000e+00 0.000000e+00
   32    1      2      0    0      1      -1      -1   100 0.0300000000 0.28000000 0.25000000 0.06000000 0.02000000 0.05000000 0.030000000 0.040000000 0.0600000000 0.030000000 0.0100000000 2.000000e-02 0.0400000000 2.000000e-02 1.000000e-02 0.000000e+00 0.000000e+00 1.000000e-02 0.000000e+00 1.000000e-02 0.000000e+00 0.000000e+00 0.000000e+00 0.000000e+00 3.000000e-02
   33    1      2      0    0      1      -1      -1   100 0.0500000000 0.21000000 0.19000000 0.16000000 0.11000000 0.04000000 0.020000000 0.030000000 0.0500000000 0.050000000 0.0100000000 1.000000e-02 0.0000000000 3.000000e-02 0.000000e+00 0.000000e+00 1.000000e-02 0.000000e+00 1.000000e-02 0.000000e+00 2.000000e-02 0.000000e+00 0.000000e+00 0.000000e+00 0.000000e+00
   34    1      2      0    0      1      -1      -1   100 0.0500000000 0.20000000 0.20000000 0.21000000 0.14000000 0.01000000 0.020000000 0.020000000 0.0100000000 0.010000000 0.0300000000 2.000000e-02 0.0100000000 2.000000e-02 1.000000e-02 0.000000e+00 0.000000e+00 0.000000e+00 1.000000e-02 0.000000e+00 1.000000e-02 1.000000e-02 0.000000e+00 1.000000e-02 0.000000e+00
   35    1      2      0    0      1      -1      -1   100 0.0700000000 0.09000000 0.18000000 0.20000000 0.14000000 0.10000000 0.050000000 0.020000000 0.0200000000 0.020000000 0.0200000000 3.000000e-02 0.0300000000 1.000000e-02 0.000000e+00 0.000000e+00 1.000000e-02 0.000000e+00 0.000000e+00 0.000000e+00 0.000000e+00 0.000000e+00 1.000000e-02 0.000000e+00 0.000000e+00
   36    1      2      0    0      1      -1      -1   100 0.0700000000 0.25000000 0.09000000 0.08000000 0.19000000 0.11000000 0.060000000 0.020000000 0.0200000000 0.020000000 0.0100000000 2.000000e-02 0.0300000000 0.000000e+00 0.000000e+00 0.000000e+00 2.000000e-02 1.000000e-02 0.000000e+00 0.000000e+00 0.000000e+00 0.000000e+00 0.000000e+00 0.000000e+00 0.000000e+00
   37    1      2      0    0      1      -1      -1   100 0.0600000000 0.18000000 0.23000000 0.10000000 0.12000000 0.12000000 0.070000000 0.050000000 0.0100000000 0.000000000 0.0000000000 0.000000e+00 0.0100000000 0.000000e+00 1.000000e-02 1.000000e-02 0.000000e+00 1.000000e-02 0.000000e+00 1.000000e-02 0.000000e+00 0.000000e+00 1.000000e-02 0.000000e+00 0.000000e+00
   38    1      2      0    0      1      -1      -1   100 0.0200000000 0.15000000 0.17000000 0.24000000 0.10000000 0.09000000 0.100000000 0.040000000 0.0300000000 0.010000000 0.0000000000 1.000000e-02 0.0200000000 1.000000e-02 1.000000e-02 0.000000e+00 0.000000e+00 0.000000e+00 0.000000e+00 0.000000e+00 0.000000e+00 0.000000e+00 0.000000e+00 0.000000e+00 0.000000e+00
   39    1      2      0    0      1      -1      -1   100 0.0400000000 0.10000000 0.21000000 0.14000000 0.15000000 0.04000000 0.100000000 0.060000000 0.0200000000 0.060000000 0.0200000000 0.000000e+00 0.0100000000 1.000000e-02 1.000000e-02 0.000000e+00 1.000000e-02 1.000000e-02 0.000000e+00 0.000000e+00 0.000000e+00 0.000000e+00 0.000000e+00 0.000000e+00 1.000000e-02
   40    1      2      0    0      1      -1      -1   100 0.0300000000 0.15000000 0.08000000 0.09000000 0.11000000 0.15000000 0.030000000 0.110000000 0.0200000000 0.120000000 0.0300000000 1.000000e-02 0.0100000000 0.000000e+00 0.000000e+00 0.000000e+00 2.000000e-02 0.000000e+00 0.000000e+00 1.000000e-02 0.000000e+00 2.000000e-02 0.000000e+00 0.000000e+00 1.000000e-02
   41    1      2      0    0      1      -1      -1   100 0.0700000000 0.20000000 0.11000000 0.07000000 0.09000000 0.10000000 0.130000000 0.080000000 0.0400000000 0.030000000 0.0300000000 2.000000e-02 0.0000000000 0.000000e+00 0.000000e+00 1.000000e-02 0.000000e+00 0.000000e+00 0.000000e+00 0.000000e+00 0.000000e+00 0.000000e+00 0.000000e+00 0.000000e+00 2.000000e-02
   42    1      2      0    0      1      -1      -1   100 0.0300000000 0.25000000 0.20000000 0.11000000 0.08000000 0.04000000 0.020000000 0.070000000 0.0100000000 0.020000000 0.0200000000 5.000000e-02 0.0500000000 0.000000e+00 0.000000e+00 2.000000e-02 0.000000e+00 1.000000e-02 1.000000e-02 0.000000e+00 0.000000e+00 0.000000e+00 0.000000e+00 0.000000e+00 1.000000e-02
   43    1      2      0    0      1      -1      -1   100 0.0700000000 0.15000000 0.21000000 0.12000000 0.13000000 0.00000000 0.070000000 0.060000000 0.0100000000 0.030000000 0.0600000000 2.000000e-02 0.0000000000 3.000000e-02 0.000000e+00 1.000000e-02 0.000000e+00 1.000000e-02 1.000000e-02 0.000000e+00 0.000000e+00 0.000000e+00 0.000000e+00 0.000000e+00 1.000000e-02
   44    1      2      0    0      1      -1      -1   100 0.0200000000 0.12000000 0.19000000 0.17000000 0.08000000 0.06000000 0.020000000 0.060000000 0.0600000000 0.100000000 0.0100000000 4.000000e-02 0.0300000000 0.000000e+00 1.000000e-02 3.000000e-02 0.000000e+00 0.000000e+00 0.000000e+00 0.000000e+00 0.000000e+00 0.000000e+00 0.000000e+00 0.000000e+00 0.000000e+00
   45    1      2      0    0      1      -1      -1   100 0.0300000000 0.19000000 0.18000000 0.08000000 0.21000000 0.04000000 0.050000000 0.000000000 0.0300000000 0.010000000 0.0200000000 2.000000e-02 0.0200000000 5.000000e-02 3.000000e-02 1.000000e-02 1.000000e-02 0.000000e+00 0.000000e+00 1.000000e-02 0.000000e+00 0.000000e+00 0.000000e+00 1.000000e-02 0.000000e+00
   46    1      2      0    0      1      -1      -1   100 0.0200000000 0.15000000 0.17000000 0.15000000 0.08000000 0.15000000 0.130000000 0.050000000 0.0200000000 0.000000000 0.0000000000 3.000000e-02 0.0000000000 1.000000e-02 0.000000e+00 1.000000e-02 1.000000e-02 0.000000e+00 0.000000e+00 1.000000e-02 0.000000e+00 1.000000e-02 0.000000e+00 0.000000e+00 0.000000e+00
   47    1      2      0    0      1      -1      -1   100 0.0400000000 0.17000000 0.12000000 0.12000000 0.13000000 0.05000000 0.110000000 0.060000000 0.0500000000 0.010000000 0.0200000000 3.000000e-02 0.0400000000 2.000000e-02 2.000000e-02 0.000000e+00 0.000000e+00 0.000000e+00 1.000000e-02 0.000000e+00 0.000000e+00 0.000000e+00 0.000000e+00 0.000000e+00 0.000000e+00
   48    1      2      0    0      1      -1      -1   100 0.0400000000 0.23000000 0.15000000 0.09000000 0.09000000 0.07000000 0.060000000 0.100000000 0.0300000000 0.030000000 0.0300000000 3.000000e-02 0.0200000000 1.000000e-02 0.000000e+00 0.000000e+00 1.000000e-02 1.000000e-02 0.000000e+00 0.000000e+00 0.000000e+00 0.000000e+00 0.000000e+00 0.000000e+00 0.000000e+00
   49    1      2      0    0      1      -1      -1   100 0.0300000000 0.07000000 0.28000000 0.07000000 0.11000000 0.04000000 0.110000000 0.080000000 0.0500000000 0.030000000 0.0400000000 2.000000e-02 0.0000000000 1.000000e-02 1.000000e-02 2.000000e-02 1.000000e-02 0.000000e+00 1.000000e-02 1.000000e-02 0.000000e+00 0.000000e+00 0.000000e+00 0.000000e+00 0.000000e+00
   50    1      2      0    0      1      -1      -1   100 0.0300000000 0.18000000 0.07000000 0.14000000 0.10000000 0.08000000 0.070000000 0.100000000 0.0300000000 0.070000000 0.0300000000 1.000000e-02 0.0200000000 1.000000e-02 0.000000e+00 3.000000e-02 0.000000e+00 1.000000e-02 0.000000e+00 0.000000e+00 2.000000e-02 0.000000e+00 0.000000e+00 0.000000e+00 0.000000e+00
   51    1      2      0    0      1      -1      -1   100 0.0300000000 0.22000000 0.16000000 0.11000000 0.08000000 0.05000000 0.070000000 0.040000000 0.0900000000 0.050000000 0.0500000000 3.000000e-02 0.0000000000 0.000000e+00 0.000000e+00 0.000000e+00 1.000000e-02 0.000000e+00 0.000000e+00 0.000000e+00 1.000000e-02 0.000000e+00 0.000000e+00 0.000000e+00 0.000000e+00
   52    1      2      0    0      1      -1      -1   100 0.0500000000 0.19000000 0.20000000 0.14000000 0.03000000 0.08000000 0.040000000 0.060000000 0.0300000000 0.040000000 0.0400000000 2.000000e-02 0.0200000000 0.000000e+00 0.000000e+00 2.000000e-02 0.000000e+00 0.000000e+00 0.000000e+00 1.000000e-02 0.000000e+00 0.000000e+00 0.000000e+00 0.000000e+00 3.000000e-02
   53    1      2      0    0      1      -1      -1   100 0.0700000000 0.17000000 0.29000000 0.16000000 0.04000000 0.03000000 0.060000000 0.030000000 0.0100000000 0.040000000 0.0200000000 4.000000e-02 0.0300000000 0.000000e+00 0.000000e+00 0.000000e+00 0.000000e+00 0.000000e+00 0.000000e+00 0.000000e+00 0.000000e+00 0.000000e+00 0.000000e+00 1.000000e-02 0.000000e+00
   54    1      2      0    0      1      -1      -1   100 0.0700000000 0.24000000 0.14000000 0.11000000 0.15000000 0.11000000 0.000000000 0.070000000 0.0100000000 0.020000000 0.0300000000 1.000000e-02 0.0100000000 0.000000e+00 0.000000e+00 0.000000e+00 0.000000e+00 1.000000e-02 2.000000e-02 0.000000e+00 0.000000e+00 0.000000e+00 0.000000e+00 0.000000e+00 0.000000e+00
   55    1      2      0    0      1      -1      -1   100 0.0400000000 0.24000000 0.27000000 0.06000000 0.11000000 0.07000000 0.030000000 0.030000000 0.0300000000 0.010000000 0.0100000000 2.000000e-02 0.0100000000 1.000000e-02 2.000000e-02 1.000000e-02 0.000000e+00 0.000000e+00 0.000000e+00 0.000000e+00 0.000000e+00 1.000000e-02 0.000000e+00 0.000000e+00 2.000000e-02
   56    1      2      0    0      1      -1      -1   100 0.0600000000 0.14000000 0.28000000 0.13000000 0.12000000 0.05000000 0.060000000 0.040000000 0.0100000000 0.010000000 0.0200000000 2.000000e-02 0.0100000000 2.000000e-02 3.000000e-02 0.000000e+00 0.000000e+00 0.000000e+00 0.000000e+00 0.000000e+00 0.000000e+00 0.000000e+00 0.000000e+00 0.000000e+00 0.000000e+00
   57    1      2      0    0      1      -1      -1   100 0.0200000000 0.15000000 0.22000000 0.17000000 0.13000000 0.06000000 0.060000000 0.070000000 0.0200000000 0.010000000 0.0100000000 1.000000e-02 0.0100000000 1.000000e-02 1.000000e-02 2.000000e-02 1.000000e-02 0.000000e+00 0.000000e+00 0.000000e+00 0.000000e+00 1.000000e-02 0.000000e+00 0.000000e+00 0.000000e+00
   58    1      2      0    0      1      -1      -1   100 0.0400000000 0.08000000 0.17000000 0.20000000 0.17000000 0.06000000 0.030000000 0.070000000 0.0400000000 0.010000000 0.0000000000 3.000000e-02 0.0100000000 1.000000e-02 2.000000e-02 2.000000e-02 1.000000e-02 2.000000e-02 1.000000e-02 0.000000e+00 0.000000e+00 0.000000e+00 0.000000e+00 0.000000e+00 0.000000e+00
   59    1      2      0    0      1      -1      -1   100 0.1000000000 0.09000000 0.09000000 0.15000000 0.12000000 0.15000000 0.070000000 0.060000000 0.0300000000 0.030000000 0.0300000000 1.000000e-02 0.0200000000 0.000000e+00 1.000000e-02 1.000000e-02 0.000000e+00 1.000000e-02 0.000000e+00 0.000000e+00 0.000000e+00 0.000000e+00 0.000000e+00 0.000000e+00 2.000000e-02
   60    1      2      0    0      1      -1      -1   100 0.0500000000 0.30000000 0.11000000 0.08000000 0.10000000 0.08000000 0.060000000 0.090000000 0.0300000000 0.040000000 0.0400000000 0.000000e+00 0.0000000000 1.000000e-02 0.000000e+00 0.000000e+00 0.000000e+00 0.000000e+00 0.000000e+00 0.000000e+00 1.000000e-02 0.000000e+00 0.000000e+00 0.000000e+00 0.000000e+00
   61    1      2      0    0      1      -1      -1   100 0.0700000000 0.14000000 0.28000000 0.06000000 0.04000000 0.08000000 0.060000000 0.070000000 0.0500000000 0.020000000 0.0200000000 3.000000e-02 0.0100000000 1.000000e-02 2.000000e-02 0.000000e+00 1.000000e-02 0.000000e+00 1.000000e-02 1.000000e-02 0.000000e+00 0.000000e+00 1.000000e-02 0.000000e+00 0.000000e+00
   62    1      2      0    0      1      -1      -1   100 0.0100000000 0.20000000 0.20000000 0.16000000 0.10000000 0.04000000 0.080000000 0.050000000 0.0200000000 0.030000000 0.0100000000 0.000000e+00 0.0500000000 3.000000e-02 0.000000e+00 0.000000e+00 1.000000e-02 0.000000e+00 0.000000e+00 0.000000e+00 0.000000e+00 0.000000e+00 0.000000e+00 0.000000e+00 1.000000e-02
   63    1      2      0    0      1      -1      -1   100 0.0300000000 0.10000000 0.26000000 0.10000000 0.17000000 0.08000000 0.030000000 0.040000000 0.0600000000 0.070000000 0.0300000000 0.000000e+00 0.0000000000 1.000000e-02 0.000000e+00 0.000000e+00 1.000000e-02 0.000000e+00 0.000000e+00 0.000000e+00 0.000000e+00 0.000000e+00 1.000000e-02 0.000000e+00 0.000000e+00
   64    1      2      0    0      1      -1      -1   100 0.0300000000 0.23000000 0.14000000 0.20000000 0.09000000 0.08000000 0.030000000 0.010000000 0.0200000000 0.040000000 0.0100000000 4.000000e-02 0.0000000000 2.000000e-02 2.000000e-02 2.000000e-02 1.000000e-02 0.000000e+00 0.000000e+00 0.000000e+00 0.000000e+00 1.000000e-02 0.000000e+00 0.000000e+00 0.000000e+00
   65    1      2      0    0      1      -1      -1   100 0.0600000000 0.17000000 0.22000000 0.05000000 0.11000000 0.12000000 0.060000000 0.050000000 0.0200000000 0.000000000 0.0200000000 4.000000e-02 0.0300000000 1.000000e-02 1.000000e-02 1.000000e-02 0.000000e+00 0.000000e+00 0.000000e+00 0.000000e+00 0.000000e+00 0.000000e+00 1.000000e-02 1.000000e-02 0.000000e+00
   66    1      2      0    0      1      -1      -1   100 0.0800000000 0.12000000 0.20000000 0.08000000 0.04000000 0.11000000 0.060000000 0.120000000 0.0500000000 0.010000000 0.0300000000 2.000000e-02 0.0300000000 3.000000e-02 0.000000e+00 1.000000e-02 0.000000e+00 0.000000e+00 0.000000e+00 0.000000e+00 0.000000e+00 0.000000e+00 0.000000e+00 0.000000e+00 1.000000e-02
   67    1      2      0    0      1      -1      -1   100 0.0200000000 0.23000000 0.13000000 0.19000000 0.05000000 0.00000000 0.100000000 0.090000000 0.0300000000 0.010000000 0.0300000000 5.000000e-02 0.0000000000 1.000000e-02 1.000000e-02 2.000000e-02 2.000000e-02 0.000000e+00 0.000000e+00 0.000000e+00 1.000000e-02 0.000000e+00 0.000000e+00 0.000000e+00 0.000000e+00
   68    1      2      0    0      1      -1      -1   100 0.0100000000 0.20000000 0.29000000 0.07000000 0.10000000 0.07000000 0.030000000 0.090000000 0.0100000000 0.060000000 0.0100000000 4.000000e-02 0.0000000000 0.000000e+00 0.000000e+00 1.000000e-02 0.000000e+00 0.000000e+00 0.000000e+00 0.000000e+00 1.000000e-02 0.000000e+00 0.000000e+00 0.000000e+00 0.000000e+00
   69    1      2      0    0      1      -1      -1   100 0.0200000000 0.28000000 0.14000000 0.18000000 0.07000000 0.08000000 0.020000000 0.010000000 0.0400000000 0.080000000 0.0300000000 1.000000e-02 0.0000000000 0.000000e+00 0.000000e+00 1.000000e-02 1.000000e-02 2.000000e-02 0.000000e+00 0.000000e+00 0.000000e+00 0.000000e+00 0.000000e+00 0.000000e+00 0.000000e+00
   70    1      2      0    0      1      -1      -1   100 0.0300000000 0.26000000 0.21000000 0.11000000 0.20000000 0.02000000 0.040000000 0.030000000 0.0100000000 0.030000000 0.0300000000 1.000000e-02 0.0100000000 1.000000e-02 0.000000e+00 0.000000e+00 0.000000e+00 0.000000e+00 0.000000e+00 0.000000e+00 0.000000e+00 0.000000e+00 0.000000e+00 0.000000e+00 0.000000e+00
   71    1      2      0    0      1      -1      -1   100 0.0300000000 0.17000000 0.26000000 0.18000000 0.10000000 0.14000000 0.010000000 0.010000000 0.0200000000 0.010000000 0.0200000000 0.000000e+00 0.0200000000 0.000000e+00 1.000000e-02 1.000000e-02 0.000000e+00 1.000000e-02 0.000000e+00 0.000000e+00 0.000000e+00 0.000000e+00 0.000000e+00 0.000000e+00 0.000000e+00
   72    1      2      0    0      1      -1      -1   100 0.1000000000 0.13000000 0.15000000 0.20000000 0.03000000 0.14000000 0.090000000 0.010000000 0.0200000000 0.040000000 0.0000000000 4.000000e-02 0.0200000000 2.000000e-02 1.000000e-02 0.000000e+00 0.000000e+00 0.000000e+00 0.000000e+00 0.000000e+00 0.000000e+00 0.000000e+00 0.000000e+00 0.000000e+00 0.000000e+00
   73    1      2      0    0      1      -1      -1   100 0.0300000000 0.21000000 0.13000000 0.14000000 0.13000000 0.13000000 0.080000000 0.090000000 0.0100000000 0.000000000 0.0000000000 0.000000e+00 0.0300000000 0.000000e+00 1.000000e-02 0.000000e+00 0.000000e+00 0.000000e+00 0.000000e+00 1.000000e-02 0.000000e+00 0.000000e+00 0.000000e+00 0.000000e+00 0.000000e+00
   74    1      2      0    0      1      -1      -1   100 0.0900000000 0.15000000 0.15000000 0.08000000 0.13000000 0.13000000 0.080000000 0.050000000 0.0200000000 0.030000000 0.0300000000 1.000000e-02 0.0000000000 3.000000e-02 0.000000e+00 1.000000e-02 1.000000e-02 0.000000e+00 0.000000e+00 0.000000e+00 0.000000e+00 0.000000e+00 0.000000e+00 0.000000e+00 0.000000e+00
   75    1      2      0    0      1      -1      -1   100 0.0200000000 0.18000000 0.21000000 0.12000000 0.07000000 0.07000000 0.120000000 0.030000000 0.0700000000 0.010000000 0.0200000000 2.000000e-02 0.0000000000 0.000000e+00 4.000000e-02 2.000000e-02 0.000000e+00 0.000000e+00 0.000000e+00 0.000000e+00 0.000000e+00 0.000000e+00 0.000000e+00 0.000000e+00 0.000000e+00
   76    1      2      0    0      1      -1      -1   100 0.0400000000 0.17000000 0.13000000 0.15000000 0.15000000 0.07000000 0.050000000 0.080000000 0.0400000000 0.060000000 0.0200000000 0.000000e+00 0.0300000000 0.000000e+00 1.000000e-02 0.000000e+00 0.000000e+00 0.000000e+00 0.000000e+00 0.000000e+00 0.000000e+00 0.000000e+00 0.000000e+00 0.000000e+00 0.000000e+00
   77    1      2      0    0      1      -1      -1   100 0.0600000000 0.28000000 0.19000000 0.13000000 0.12000000 0.01000000 0.050000000 0.010000000 0.0700000000 0.020000000 0.0100000000 3.000000e-02 0.0000000000 0.000000e+00 0.000000e+00 0.000000e+00 1.000000e-02 0.000000e+00 0.000000e+00 1.000000e-02 0.000000e+00 0.000000e+00 0.000000e+00 0.000000e+00 0.000000e+00
   78    1      2      0    0      1      -1      -1   100 0.0500000000 0.34000000 0.18000000 0.07000000 0.05000000 0.06000000 0.060000000 0.030000000 0.0400000000 0.070000000 0.0100000000 1.000000e-02 0.0000000000 1.000000e-02 0.000000e+00 0.000000e+00 0.000000e+00 0.000000e+00 1.000000e-02 1.000000e-02 0.000000e+00 0.000000e+00 0.000000e+00 0.000000e+00 0.000000e+00
   79    1      2      0    0      1      -1      -1   100 0.0200000000 0.26000000 0.27000000 0.14000000 0.07000000 0.07000000 0.060000000 0.040000000 0.0000000000 0.020000000 0.0200000000 1.000000e-02 0.0100000000 0.000000e+00 0.000000e+00 0.000000e+00 0.000000e+00 0.000000e+00 0.000000e+00 0.000000e+00 0.000000e+00 0.000000e+00 0.000000e+00 0.000000e+00 1.000000e-02
   80    1      2      0    0      1      -1      -1   100 0.0400000000 0.13000000 0.29000000 0.20000000 0.10000000 0.02000000 0.020000000 0.020000000 0.0300000000 0.030000000 0.0400000000 1.000000e-02 0.0300000000 1.000000e-02 1.000000e-02 1.000000e-02 0.000000e+00 1.000000e-02 0.000000e+00 0.000000e+00 0.000000e+00 0.000000e+00 0.000000e+00 0.000000e+00 0.000000e+00
   81    1      2      0    0      1      -1      -1   100 0.0800000000 0.14000000 0.16000000 0.23000000 0.20000000 0.07000000 0.020000000 0.010000000 0.0200000000 0.030000000 0.0100000000 0.000000e+00 0.0100000000 0.000000e+00 2.000000e-02 0.000000e+00 0.000000e+00 0.000000e+00 0.000000e+00 0.000000e+00 0.000000e+00 0.000000e+00 0.000000e+00 0.000000e+00 0.000000e+00
   82    1      2      0    0      1      -1      -1   100 0.0300000000 0.29000000 0.19000000 0.10000000 0.16000000 0.11000000 0.030000000 0.020000000 0.0100000000 0.000000000 0.0000000000 1.000000e-02 0.0200000000 2.000000e-02 0.000000e+00 0.000000e+00 0.000000e+00 0.000000e+00 0.000000e+00 0.000000e+00 0.000000e+00 0.000000e+00 0.000000e+00 0.000000e+00 1.000000e-02
   83    1      2      0    0      1      -1      -1   100 0.0600000000 0.07000000 0.20000000 0.20000000 0.04000000 0.17000000 0.090000000 0.040000000 0.0000000000 0.010000000 0.0100000000 5.000000e-02 0.0100000000 1.000000e-02 1.000000e-02 2.000000e-02 0.000000e+00 0.000000e+00 0.000000e+00 1.000000e-02 0.000000e+00 0.000000e+00 0.000000e+00 0.000000e+00 0.000000e+00
   84    1      2      0    0      1      -1      -1   100 0.0500000000 0.29000000 0.04000000 0.21000000 0.12000000 0.06000000 0.060000000 0.060000000 0.0100000000 0.030000000 0.0100000000 2.000000e-02 0.0100000000 0.000000e+00 2.000000e-02 0.000000e+00 1.000000e-02 0.000000e+00 0.000000e+00 0.000000e+00 0.000000e+00 0.000000e+00 0.000000e+00 0.000000e+00 0.000000e+00
   85    1      2      0    0      1      -1      -1   100 0.0300000000 0.13000000 0.33000000 0.10000000 0.08000000 0.03000000 0.040000000 0.080000000 0.0800000000 0.020000000 0.0400000000 0.000000e+00 0.0000000000 0.000000e+00 2.000000e-02 0.000000e+00 1.000000e-02 0.000000e+00 1.000000e-02 0.000000e+00 0.000000e+00 0.000000e+00 0.000000e+00 0.000000e+00 0.000000e+00
   86    1      2      0    0      1      -1      -1   100 0.0000000000 0.17000000 0.15000000 0.29000000 0.06000000 0.12000000 0.080000000 0.030000000 0.0200000000 0.030000000 0.0300000000 1.000000e-02 0.0000000000 0.000000e+00 0.000000e+00 0.000000e+00 0.000000e+00 0.000000e+00 0.000000e+00 1.000000e-02 0.000000e+00 0.000000e+00 0.000000e+00 0.000000e+00 0.000000e+00
   87    1      2      0    0      1      -1      -1   100 0.1100000000 0.07000000 0.09000000 0.14000000 0.22000000 0.01000000 0.080000000 0.090000000 0.0400000000 0.050000000 0.0300000000 1.000000e-02 0.0100000000 1.000000e-02 0.000000e+00 0.000000e+00 2.000000e-02 0.000000e+00 0.000000e+00 1.000000e-02 0.000000e+00 0.000000e+00 0.000000e+00 0.000000e+00 1.000000e-02
   88    1      2      0    0      1      -1      -1   100 0.0700000000 0.38000000 0.08000000 0.09000000 0.08000000 0.10000000 0.020000000 0.050000000 0.0700000000 0.000000000 0.0000000000 1.000000e-02 0.0100000000 1.000000e-02 0.000000e+00 1.000000e-02 2.000000e-02 0.000000e+00 0.000000e+00 0.000000e+00 0.000000e+00 0.000000e+00 0.000000e+00 0.000000e+00 0.000000e+00
   89    1      2      0    0      1      -1      -1   100 0.0100000000 0.26000000 0.28000000 0.04000000 0.10000000 0.07000000 0.120000000 0.000000000 0.0300000000 0.020000000 0.0200000000 2.000000e-02 0.0000000000 2.000000e-02 1.000000e-02 0.000000e+00 0.000000e+00 0.000000e+00 0.000000e+00 0.000000e+00 0.000000e+00 0.000000e+00 0.000000e+00 0.000000e+00 0.000000e+00
   90    1      2      0    0      1      -1      -1   100 0.0500000000 0.14000000 0.14000000 0.27000000 0.09000000 0.02000000 0.050000000 0.100000000 0.0000000000 0.050000000 0.0300000000 1.000000e-02 0.0200000000 1.000000e-02 1.000000e-02 0.000000e+00 0.000000e+00 0.000000e+00 0.000000e+00 0.000000e+00 1.000000e-02 0.000000e+00 0.000000e+00 0.000000e+00 0.000000e+00
   91    1      2      0    0      1      -1      -1   100 0.0400000000 0.14000000 0.15000000 0.22000000 0.18000000 0.02000000 0.030000000 0.030000000 0.0400000000 0.000000000 0.0700000000 2.000000e-02 0.0100000000 2.000000e-02 1.000000e-02 1.000000e-02 1.000000e-02 0.000000e+00 0.000000e+00 0.000000e+00 0.000000e+00 0.000000e+00 0.000000e+00 0.000000e+00 0.000000e+00
   92    1      2      0    0      1      -1      -1   100 0.0400000000 0.36000000 0.14000000 0.08000000 0.07000000 0.12000000 0.040000000 0.030000000 0.0400000000 0.020000000 0.0000000000 2.000000e-02 0.0100000000 0.000000e+00 0.000000e+00 0.000000e+00 2.000000e-02 0.000000e+00 0.000000e+00 0.000000e+00 0.000000e+00 1.000000e-02 0.000000e+00 0.000000e+00 0.000000e+00
   93    1      2      0    0      1      -1      -1   100 0.0800000000 0.05000000 0.29000000 0.09000000 0.07000000 0.06000000 0.160000000 0.030000000 0.0300000000 0.030000000 0.0500000000 0.000000e+00 0.0100000000 1.000000e-02 1.000000e-02 1.000000e-02 1.000000e-02 1.000000e-02 0.000000e+00 0.000000e+00 0.000000e+00 0.000000e+00 0.000000e+00 0.000000e+00 0.000000e+00
   94    1      2      0    0      1      -1      -1   100 0.1000000000 0.20000000 0.09000000 0.24000000 0.03000000 0.04000000 0.100000000 0.110000000 0.0000000000 0.020000000 0.0000000000 1.000000e-02 0.0000000000 2.000000e-02 0.000000e+00 0.000000e+00 1.000000e-02 0.000000e+00 1.000000e-02 1.000000e-02 1.000000e-02 0.000000e+00 0.000000e+00 0.000000e+00 0.000000e+00
   95    1      2      0    0      1      -1      -1   100 0.0200000000 0.29000000 0.21000000 0.05000000 0.15000000 0.09000000 0.060000000 0.020000000 0.0600000000 0.000000000 0.0100000000 0.000000e+00 0.0300000000 0.000000e+00 0.000000e+00 0.000000e+00 0.000000e+00 0.000000e+00 1.000000e-02 0.000000e+00 0.000000e+00 0.000000e+00 0.000000e+00 0.000000e+00 0.000000e+00
   96    1      2      0    0      1      -1      -1   100 0.0400000000 0.13000000 0.20000000 0.24000000 0.03000000 0.16000000 0.030000000 0.050000000 0.0400000000 0.010000000 0.0000000000 3.000000e-02 0.0100000000 2.000000e-02 0.000000e+00 0.000000e+00 0.000000e+00 1.000000e-02 0.000000e+00 0.000000e+00 0.000000e+00 0.000000e+00 0.000000e+00 0.000000e+00 0.000000e+00
   97    1      2      0    0      1      -1      -1   100 0.0300000000 0.10000000 0.11000000 0.22000000 0.18000000 0.07000000 0.100000000 0.020000000 0.0300000000 0.010000000 0.0400000000 0.000000e+00 0.0000000000 1.000000e-02 1.000000e-02 0.000000e+00 1.000000e-02 1.000000e-02 3.000000e-02 0.000000e+00 1.000000e-02 0.000000e+00 1.000000e-02 0.000000e+00 0.000000e+00
   98    1      2      0    0      1      -1      -1   100 0.0200000000 0.10000000 0.13000000 0.11000000 0.29000000 0.12000000 0.010000000 0.090000000 0.0200000000 0.050000000 0.0300000000 1.000000e-02 0.0000000000 0.000000e+00 1.000000e-02 1.000000e-02 0.000000e+00 0.000000e+00 0.000000e+00 0.000000e+00 0.000000e+00 0.000000e+00 0.000000e+00 0.000000e+00 0.000000e+00
   99    1      2      0    0      1      -1      -1   100 0.0200000000 0.27000000 0.09000000 0.05000000 0.09000000 0.14000000 0.110000000 0.020000000 0.0900000000 0.010000000 0.0200000000 6.000000e-02 0.0200000000 0.000000e+00 0.000000e+00 0.000000e+00 0.000000e+00 0.000000e+00 0.000000e+00 0.000000e+00 1.000000e-02 0.000000e+00 0.000000e+00 0.000000e+00 0.000000e+00
  100    1      2      0    0      1      -1      -1   100 0.0300000000 0.09000000 0.33000000 0.08000000 0.06000000 0.06000000 0.170000000 0.080000000 0.0000000000 0.020000000 0.0000000000 1.000000e-02 0.0300000000 1.000000e-02 2.000000e-02 0.000000e+00 1.000000e-02 0.000000e+00 0.000000e+00 0.000000e+00 0.000000e+00 0.000000e+00 0.000000e+00 0.000000e+00 0.000000e+00
0 #_N_MeanSize_at_Age_obs
0 #_N_environ_variables
0 #_N_environ_obs
0 #_N_sizefreq_methods
0 #_do_tags
0 #_morphcomp_data
#
999
