#C data file created using the SS_writedat function in the R package r4ss
#C should work with SS version: 
#C file write time: 2014-11-06 11:12:54
#
1 #_styr
100 #_endyr
1 #_nseas
12 #_months_per_seas
1 #_spawn_seas
1 #_Nfleet
2 #_Nsurveys
1 #_N_areas
Fishery%Survey%CPUE #_fleetnames
0.5 0.5 0.5 #_surveytiming_in_season
1 1 1 #_area_assignments_for_each_fishery_and_survey
1 #_units of catch:  1=bio; 2=num
0.01 #_se of log(catch) only used for init_eq_catch and for Fmethod 2 and 3
1 #_Ngenders
25 #_Nages
0 #_init_equil_catch_for_each_fishery
100 #_N_lines_of_catch_to_read
 #_Fishery year seas
         0    1    1
         0    2    1
         0    3    1
         0    4    1
         0    5    1
         0    6    1
         0    7    1
         0    8    1
         0    9    1
         0   10    1
         0   11    1
         0   12    1
         0   13    1
         0   14    1
         0   15    1
         0   16    1
         0   17    1
         0   18    1
         0   19    1
         0   20    1
         0   21    1
         0   22    1
         0   23    1
         0   24    1
         0   25    1
 277862000   26    1
 252856000   27    1
 233660000   28    1
 220726000   29    1
 205970000   30    1
 190881000   31    1
 176861000   32    1
 163651000   33    1
 152256000   34    1
 146050000   35    1
 140361000   36    1
 133052000   37    1
 126110000   38    1
 119568000   39    1
 118444000   40    1
 120399000   41    1
 121395000   42    1
 121580000   43    1
 120894000   44    1
 119234000   45    1
 121670000   46    1
 126816000   47    1
 131495000   48    1
 135737000   49    1
 141836000   50    1
 147585000   51    1
 149973000   52    1
 152566000   53    1
 155675000   54    1
 156021000   55    1
 155380000   56    1
 157632000   57    1
 162089000   58    1
 164341000   59    1
 162039000   60    1
 158713000   61    1
 158203000   62    1
 158551000   63    1
 163134000   64    1
 173921000   65    1
 184897000   66    1
 187995000   67    1
 185947000   68    1
 180266000   69    1
 173386000   70    1
 167555000   71    1
 164486000   72    1
 161246000   73    1
 161389000   74    1
 162757000   75    1
 162259000   76    1
 158911000   77    1
 154571000   78    1
 151254000   79    1
 148595000   80    1
 145009000   81    1
 141781000   82    1
 137630000   83    1
 133591000   84    1
 131688000   85    1
 129277000   86    1
 128615000   87    1
 129495000   88    1
 127558000   89    1
 124200000   90    1
 122022000   91    1
 122257000   92    1
 122867000   93    1
 120940000   94    1
 119765000   95    1
 117446000   96    1
 113703000   97    1
 110300000   98    1
 107590000   99    1
 110244000  100    1
13 #_N_cpue
 #_Fleet Units Errtype
       1     1       0
       2     1       0
       3     1       0
 #_year seas index        obs se_log
     76    1     2 3036149906    0.2
     78    1     2 2222611002    0.2
     80    1     2 1798783779    0.2
     82    1     2 2160117452    0.2
     84    1     2 1732309951    0.2
     86    1     2 2247238033    0.2
     88    1     2 2287808860    0.2
     90    1     2 1248292336    0.2
     92    1     2 2837103225    0.2
     94    1     2 2012121932    0.2
     96    1     2 1800511491    0.2
     98    1     2 1275535233    0.2
    100    1     2 1587106128    0.2
0 #_N_discard_fleets
#_discard_units (1=same_as_catchunits(bio/num); 2=fraction; 3=numbers)
#_discard_errtype:  >0 for DF of T-dist(read CV below); 0 for normal with CV; -1 for normal with se; -2 for lognormal
0 #_N_discard
0 #_N_meanbodywt
1 #_DF_for_meanbodywt_T-distribution_like
2 # length bin method: 1=use databins; 2=generate from binwidth,min,max below; 3=read vector
1 # binwidth for population size comp
10 # minimum size in the population (lower edge of first bin and size at age 0.00)
200 # maximum size in the population (lower edge of last bin)
-0.001 #_comp_tail_compression
1e-05 #_add_to_comp
0 #_combine males into females at or below this bin number
21 #_N_lbins
#_lbin_vector
10 53 70 83 94 101 107 111 114 117 120 123 125 127 130 132 135 138 142 148 200
0 #_N_Length_comp_observations
25 #_N_agebins
#_agebin_vector
1 2 3 4 5 6 7 8 9 10 11 12 13 14 15 16 17 18 19 20 21 22 23 24 25
1 #_N_ageerror_definitions
 #_age0   age1   age2   age3   age4   age5   age6   age7   age8   age9  age10  age11  age12  age13  age14  age15  age16  age17  age18  age19  age20  age21  age22  age23  age24  age25
 -1.000 -1.000 -1.000 -1.000 -1.000 -1.000 -1.000 -1.000 -1.000 -1.000 -1.000 -1.000 -1.000 -1.000 -1.000 -1.000 -1.000 -1.000 -1.000 -1.000 -1.000 -1.000 -1.000 -1.000 -1.000 -1.000
  0.001  0.001  0.001  0.001  0.001  0.001  0.001  0.001  0.001  0.001  0.001  0.001  0.001  0.001  0.001  0.001  0.001  0.001  0.001  0.001  0.001  0.001  0.001  0.001  0.001  0.001
198 #_N_agecomp
1 #_Lbin_method: 1=poplenbins; 2=datalenbins; 3=lengths
-1 #_combine males into females at or below this bin number
 #_Yr Seas FltSvy Gender Part Ageerr Lbin_lo Lbin_hi Nsamp          a1         a2         a3         a4         a5         a6         a7         a8          a9         a10         a11         a12         a13         a14          a15          a16          a17          a18          a19          a20          a21          a22          a23          a24          a25
    2    1      1      0    0      1      -1      -1  1000 0.016623546 0.11560048 0.16147988 0.12018873 0.10595516 0.07871229 0.06745178 0.05839215 0.047550958 0.036978931 0.026868312 0.028266355 0.020792435 0.020118005 0.0145534887 0.0134923421 0.0095995477 0.0106299714 0.0148688376 6.235060e-03 5.273249e-03 8.382247e-04 2.040770e-03 2.377411e-03 0.0151120899
    3    1      1      0    0      1      -1      -1  1000 0.010456771 0.15585702 0.13441546 0.11730076 0.11634802 0.10077195 0.05687075 0.05746015 0.041098664 0.029389428 0.044018728 0.023894021 0.025019591 0.007125612 0.0179384800 0.0154072293 0.0105166096 0.0039640723 0.0026989474 3.427727e-03 5.584922e-03 2.971550e-03 4.366241e-03 3.286983e-03 0.0098103037
    4    1      1      0    0      1      -1      -1  1000 0.011115811 0.08157546 0.23821217 0.14147303 0.10265880 0.07074534 0.05563071 0.06427508 0.048278258 0.032929508 0.023715543 0.024575542 0.015806812 0.020065008 0.0106034753 0.0145668021 0.0082036969 0.0084231326 0.0029301043 3.728888e-03 8.921104e-03 9.828604e-04 2.230520e-03 1.544885e-03 0.0068074562
    5    1      1      0    0      1      -1      -1  1000 0.015573360 0.13017725 0.10607966 0.20895447 0.09990711 0.07448840 0.07043823 0.05023262 0.039991777 0.039835493 0.027877907 0.035947902 0.020715379 0.013703873 0.0146307491 0.0072373718 0.0121717408 0.0052576266 0.0060844331 3.194648e-03 2.388210e-03 2.152688e-03 2.325256e-03 1.818453e-03 0.0088153936
    6    1      1      0    0      1      -1      -1  1000 0.023830835 0.12319489 0.16075541 0.08214474 0.15914902 0.08753361 0.05325998 0.05513908 0.061893257 0.038223630 0.028067972 0.018794672 0.019424276 0.013684723 0.0148394320 0.0127115480 0.0068178503 0.0104221887 0.0125160144 4.645785e-03 1.312547e-03 8.592762e-04 1.071698e-03 2.543668e-03 0.0071638914
    7    1      1      0    0      1      -1      -1  1000 0.007922645 0.13316276 0.19134932 0.11565287 0.06447812 0.13542001 0.06382977 0.05291665 0.046870907 0.030757741 0.018051846 0.029724937 0.022402982 0.012681195 0.0126253150 0.0108527811 0.0101412561 0.0075237077 0.0088420030 9.467877e-03 1.464851e-03 3.589547e-03 4.902527e-03 1.366584e-03 0.0040017917
    8    1      1      0    0      1      -1      -1  1000 0.012376442 0.08166379 0.18175524 0.13681772 0.11127937 0.04803096 0.11445168 0.06141535 0.033250057 0.034336768 0.023574701 0.037170538 0.032653161 0.017787304 0.0108100931 0.0157049332 0.0120849483 0.0052257477 0.0038122816 8.484948e-03 4.423467e-03 2.623320e-03 9.504949e-04 3.771265e-04 0.0089395561
    9    1      1      0    0      1      -1      -1  1000 0.024453367 0.10103478 0.11828954 0.17475956 0.12191311 0.07669094 0.05489868 0.08335394 0.037102437 0.030519626 0.037095113 0.025080794 0.020323915 0.017104672 0.0172649635 0.0150399639 0.0095361423 0.0052862838 0.0055583943 3.411670e-03 2.206679e-03 4.777092e-03 3.024727e-03 3.365398e-04 0.0109370828
   10    1      1      0    0      1      -1      -1  1000 0.010837259 0.17316501 0.11232081 0.08479797 0.14111908 0.10782470 0.06606336 0.03011149 0.067919316 0.037045687 0.030161558 0.023644417 0.016917463 0.022832773 0.0125950892 0.0182052159 0.0083450952 0.0048284619 0.0049903019 7.657926e-03 2.294764e-03 2.332514e-03 2.921070e-03 1.185032e-03 0.0098836407
   11    1      1      0    0      1      -1      -1  1000 0.006255254 0.10927084 0.24539602 0.11200596 0.08205033 0.10378117 0.06194854 0.04216405 0.033159287 0.056411987 0.029767200 0.015326400 0.017417126 0.014743240 0.0165114602 0.0094096594 0.0048951102 0.0064288543 0.0045313270 3.172608e-03 2.305714e-03 2.152583e-03 4.683160e-03 4.498160e-03 0.0117139481
   12    1      1      0    0      1      -1      -1  1000 0.011233531 0.05708460 0.13784702 0.22721009 0.08134959 0.05151341 0.09387345 0.07550851 0.048209728 0.024210932 0.044919482 0.031437086 0.017381644 0.022740759 0.0182708406 0.0100967497 0.0118553631 0.0090861881 0.0043585073 2.998318e-03 2.234510e-03 2.681930e-03 1.471735e-03 2.126923e-03 0.0102991094
   13    1      1      0    0      1      -1      -1  1000 0.006167685 0.12165431 0.05390671 0.14457073 0.19054282 0.06503701 0.04197152 0.08609590 0.045980407 0.046317681 0.039929551 0.033238001 0.029518919 0.018124695 0.0167693687 0.0052805439 0.0064886258 0.0097469169 0.0076713298 5.066832e-03 5.787093e-03 1.598279e-03 2.426764e-03 4.003573e-03 0.0121047277
   14    1      1      0    0      1      -1      -1  1000 0.026553234 0.06351451 0.14193653 0.06487250 0.11737230 0.17741560 0.05275950 0.05377990 0.060218486 0.044766459 0.029750823 0.020431236 0.044655826 0.016904450 0.0114180771 0.0107571434 0.0147610712 0.0079238543 0.0065306976 8.498504e-03 3.399671e-03 6.200042e-03 2.177238e-03 2.259622e-03 0.0111427370
   15    1      1      0    0      1      -1      -1  1000 0.014349448 0.19602951 0.07821379 0.11206051 0.06466259 0.08610952 0.14732770 0.05074044 0.029950176 0.045009686 0.028502192 0.015525656 0.012444915 0.028116952 0.0221609738 0.0117493807 0.0082076454 0.0098738692 0.0088017777 7.482614e-03 2.405983e-03 1.999610e-03 2.830426e-03 2.176751e-03 0.0132678838
   16    1      1      0    0      1      -1      -1  1000 0.012077856 0.12354498 0.22136689 0.08858676 0.09003705 0.03484966 0.06723058 0.09950931 0.028885262 0.034198689 0.039331879 0.034590920 0.020752445 0.009473458 0.0276104010 0.0122406124 0.0042509873 0.0128208294 0.0040615838 5.347211e-03 6.886924e-03 4.993374e-03 2.823071e-03 1.555217e-03 0.0129740504
   17    1      1      0    0      1      -1      -1  1000 0.009103150 0.15230746 0.14795490 0.20653288 0.04623745 0.07104315 0.02692053 0.05314322 0.086766177 0.027509019 0.017544120 0.033922530 0.022951785 0.013501457 0.0149961746 0.0129214576 0.0083458562 0.0028040997 0.0082785754 8.871315e-03 1.860719e-03 5.030100e-03 4.662307e-03 4.041782e-03 0.0127497768
   18    1      1      0    0      1      -1      -1  1000 0.012634204 0.09752976 0.19228924 0.13763351 0.15773930 0.05140656 0.05800504 0.02226322 0.041402272 0.075825244 0.025212419 0.017386589 0.025808134 0.016893778 0.0239197504 0.0093118592 0.0099801414 0.0033297996 0.0041093871 2.258156e-03 1.193265e-03 2.996293e-03 1.193016e-03 2.078258e-03 0.0076008042
   19    1      1      0    0      1      -1      -1  1000 0.005821190 0.12445961 0.11533302 0.18223686 0.11335344 0.12770438 0.04372054 0.05757564 0.016566852 0.033722695 0.051217284 0.014565119 0.016902268 0.020390248 0.0131258516 0.0072716673 0.0039227806 0.0127198791 0.0104353135 3.917168e-03 3.540958e-03 2.706981e-03 4.601883e-03 1.670234e-03 0.0125181380
   20    1      1      0    0      1      -1      -1  1000 0.019490873 0.09829573 0.20429275 0.08225229 0.14716475 0.06146618 0.10931749 0.03495954 0.043116818 0.019112841 0.032959012 0.038256084 0.016440935 0.014337790 0.0226844281 0.0106454184 0.0041252578 0.0063330173 0.0099991040 3.598102e-03 3.948732e-03 3.514170e-03 1.716708e-03 1.020447e-03 0.0109515289
   21    1      1      0    0      1      -1      -1  1000 0.022065012 0.14924106 0.11474483 0.14430743 0.06742115 0.10682963 0.08382419 0.09282063 0.026755922 0.029209277 0.015442718 0.022051599 0.033209525 0.011557004 0.0100688374 0.0178284614 0.0124819911 0.0090354905 0.0059377599 8.336376e-03 1.255475e-03 1.082277e-03 5.081518e-03 8.155922e-04 0.0085962526
   22    1      1      0    0      1      -1      -1  1000 0.010207329 0.12565148 0.21035816 0.08331660 0.11111707 0.07148931 0.09087842 0.05361334 0.076243021 0.023457039 0.021222737 0.007265676 0.022368409 0.023890631 0.0115871509 0.0056171842 0.0080862485 0.0052025258 0.0086636342 2.468954e-03 3.595388e-03 7.007257e-03 3.924948e-03 2.171618e-03 0.0105958790
   23    1      1      0    0      1      -1      -1  1000 0.005418648 0.07268263 0.15690930 0.18366638 0.06823392 0.10392207 0.04909893 0.08654091 0.056943090 0.064272153 0.023554123 0.019751200 0.007621893 0.013560559 0.0292086987 0.0129486795 0.0107665429 0.0088329699 0.0076322219 2.347825e-03 3.534336e-03 1.155389e-03 5.285697e-04 1.577986e-03 0.0092909854
   24    1      1      0    0      1      -1      -1  1000 0.008309214 0.11552403 0.09508688 0.12062174 0.15896047 0.06529833 0.08635482 0.04920993 0.070438423 0.050678339 0.041837841 0.013693720 0.019352685 0.019231691 0.0149810424 0.0134195415 0.0086010662 0.0065311440 0.0080825095 7.222767e-03 6.387954e-03 3.842312e-03 7.079300e-03 1.299514e-03 0.0079547291
   25    1      1      0    0      1      -1      -1  1000 0.021006183 0.06465215 0.14315714 0.09246552 0.11481102 0.13767720 0.06132203 0.07419787 0.036953494 0.055715030 0.032581315 0.050183514 0.012625121 0.016697618 0.0097803492 0.0107089416 0.0167607457 0.0097357503 0.0122367374 6.908159e-03 5.773008e-03 2.626606e-03 1.157797e-03 2.809934e-03 0.0074567607
   26    1      1      0    0      1      -1      -1  1000 0.012325105 0.10247155 0.08312948 0.11752101 0.07467095 0.10980367 0.11855614 0.05558862 0.073931244 0.033491353 0.049930307 0.030255515 0.043754680 0.011898463 0.0114364048 0.0045606833 0.0153125788 0.0124520210 0.0058068803 3.685237e-03 7.149624e-03 8.568208e-03 2.359750e-03 2.941014e-04 0.0110464392
   27    1      1      0    0      1      -1      -1  1000 0.018776671 0.08808635 0.14152313 0.06855005 0.11949204 0.06962862 0.08585301 0.10934321 0.034014025 0.050696010 0.034157213 0.042463747 0.024658622 0.029574765 0.0178686462 0.0116886564 0.0024668232 0.0074860657 0.0144728836 4.592989e-03 2.057697e-03 2.751959e-03 3.700886e-03 1.812300e-03 0.0142836144
   28    1      1      0    0      1      -1      -1  1000 0.008360204 0.22103245 0.11112963 0.11472732 0.05322594 0.08106892 0.04788017 0.06515836 0.073665994 0.027615120 0.042416883 0.020662950 0.029669452 0.025910176 0.0129786543 0.0056430988 0.0122973310 0.0046288463 0.0091851458 1.240603e-02 1.511494e-03 2.234171e-04 4.607325e-03 3.461078e-03 0.0105340097
   29    1      1      0    0      1      -1      -1  1000 0.009054641 0.09223134 0.28098330 0.11824722 0.08237531 0.04472721 0.04778296 0.03246634 0.049534996 0.070905251 0.024721293 0.024569763 0.017017176 0.030473955 0.0216106350 0.0172003445 0.0046736232 0.0081289347 0.0032174169 2.190826e-03 6.156975e-03 1.787573e-03 1.718839e-03 6.407289e-04 0.0075833571
   30    1      1      0    0      1      -1      -1  1000 0.007771111 0.06664216 0.14575612 0.23892300 0.09806721 0.07878621 0.03848494 0.07138837 0.020478524 0.040384503 0.057707849 0.019376090 0.027907181 0.010279966 0.0169074757 0.0089151560 0.0112851769 0.0070106681 0.0092906207 1.806192e-04 2.151816e-03 6.185706e-03 2.240712e-03 2.771589e-03 0.0111072350
   31    1      1      0    0      1      -1      -1  1000 0.014693000 0.09740659 0.12644388 0.11275681 0.19903823 0.07586229 0.07241883 0.03207718 0.032843578 0.026973841 0.049969447 0.042945510 0.012323678 0.022825331 0.0090757524 0.0161943142 0.0087688730 0.0102133499 0.0060869485 6.604291e-03 3.490836e-03 3.594259e-03 4.346537e-03 3.189874e-04 0.0127276525
   32    1      1      0    0      1      -1      -1  1000 0.007207013 0.12821532 0.13770239 0.08249660 0.10158826 0.15903179 0.05861703 0.05129922 0.038972493 0.053623883 0.014819524 0.039915383 0.021048626 0.017012999 0.0179011377 0.0120544150 0.0157790117 0.0093779337 0.0051556582 4.304463e-03 1.136199e-03 3.054376e-03 3.883579e-03 5.391132e-03 0.0104115632
   33    1      1      0    0      1      -1      -1  1000 0.025924895 0.08205906 0.17055726 0.10789472 0.07624123 0.08844405 0.15753009 0.03701710 0.038829412 0.026900005 0.024782850 0.010131063 0.026996651 0.034658128 0.0146688812 0.0187214247 0.0080911161 0.0097767085 0.0056969367 1.101776e-02 5.046558e-03 3.361156e-03 1.242563e-03 4.034770e-03 0.0103756062
   34    1      1      0    0      1      -1      -1  1000 0.023689635 0.17498336 0.09872665 0.14553180 0.08951840 0.06333955 0.06993835 0.09886261 0.030456688 0.046687006 0.013634481 0.030399736 0.010789868 0.016912676 0.0222873271 0.0047978405 0.0093794379 0.0067417667 0.0101868685 4.075122e-03 5.592456e-03 1.937273e-03 1.983264e-03 2.755897e-03 0.0167919451
   35    1      1      0    0      1      -1      -1  1000 0.002123804 0.21950513 0.21597394 0.07206058 0.09755671 0.05941931 0.04797966 0.03929300 0.075270317 0.024826117 0.021989666 0.014651824 0.010267260 0.009501061 0.0128116929 0.0182735991 0.0071803269 0.0144232970 0.0057641511 3.772453e-03 2.065933e-03 8.645681e-03 9.730014e-04 2.866926e-03 0.0128045522
   36    1      1      0    0      1      -1      -1  1000 0.020050966 0.05869667 0.28976446 0.17620428 0.04811798 0.07258750 0.05339071 0.04002224 0.028192645 0.068886594 0.020675167 0.026251776 0.008768081 0.015927743 0.0118356983 0.0142241327 0.0122428417 0.0024042311 0.0076078307 2.484714e-03 6.726244e-03 4.317361e-03 1.348509e-03 7.511454e-05 0.0091965116
   37    1      1      0    0      1      -1      -1  1000 0.006043676 0.17253870 0.07736517 0.20970717 0.15695001 0.04878262 0.06115081 0.04616120 0.026191318 0.029382157 0.048463644 0.023210053 0.014155191 0.011109849 0.0096028301 0.0054374128 0.0097184886 0.0069617960 0.0081787513 8.216158e-03 2.408019e-03 4.999205e-03 1.959857e-03 5.184789e-03 0.0061211188
   38    1      1      0    0      1      -1      -1  1000 0.024080330 0.05854550 0.20250761 0.05324693 0.18509828 0.15537779 0.03965666 0.05748568 0.048239288 0.019975581 0.023297232 0.046683817 0.013033374 0.011070674 0.0039341101 0.0092198543 0.0027103546 0.0134417732 0.0067036312 3.239456e-03 3.760404e-03 1.343414e-03 1.225757e-03 6.333794e-04 0.0154891126
   39    1      1      0    0      1      -1      -1  1000 0.028682176 0.21375915 0.07423995 0.16919636 0.03473075 0.12262010 0.10514912 0.03564805 0.034193804 0.019684043 0.015551496 0.021827331 0.038151644 0.013267730 0.0089244100 0.0083206184 0.0078148867 0.0037865110 0.0036372742 1.612366e-02 2.795167e-03 3.878748e-03 5.355020e-04 3.748050e-03 0.0137334560
   40    1      1      0    0      1      -1      -1  1000 0.022441169 0.25572478 0.21485397 0.03331429 0.10919246 0.03683085 0.09647669 0.05706415 0.017755303 0.026463133 0.022092861 0.012644409 0.015554817 0.026134812 0.0089154195 0.0101969172 0.0035176245 0.0044634320 0.0036320681 2.758619e-03 6.684308e-03 2.683629e-03 9.249120e-04 3.367487e-03 0.0063118863
   41    1      1      0    0      1      -1      -1  1000 0.012838655 0.15595680 0.29417044 0.18258195 0.03913848 0.07342272 0.02624104 0.06106633 0.046169083 0.011968786 0.016784753 0.012217773 0.013016873 0.007370766 0.0175554054 0.0030916879 0.0029459556 0.0022285404 0.0026629248 3.867559e-03 1.138728e-03 2.670100e-03 2.699859e-03 2.857368e-03 0.0053374299
   42    1      1      0    0      1      -1      -1  1000 0.019561930 0.10440572 0.24424677 0.23700669 0.12573876 0.02903669 0.04680297 0.02420609 0.039278237 0.044802604 0.010686735 0.018645174 0.008984509 0.005752415 0.0095256876 0.0093457897 0.0036749602 0.0029060455 0.0017948618 5.218050e-03 1.751519e-03 1.807957e-04 9.139491e-04 2.467863e-04 0.0052862675
   43    1      1      0    0      1      -1      -1  1000 0.004674782 0.14068368 0.13262908 0.18903604 0.18688221 0.11264197 0.02416746 0.06344219 0.020243055 0.034947566 0.024594199 0.008982318 0.016630741 0.008640113 0.0058780761 0.0056592060 0.0070990088 0.0023096995 0.0032977681 1.589071e-03 2.381725e-03 3.767265e-04 3.023497e-04 3.958745e-04 0.0025150937
   44    1      1      0    0      1      -1      -1  1000 0.017346367 0.08311099 0.23219173 0.11271849 0.15242323 0.12933410 0.07515708 0.02081372 0.043498534 0.010022216 0.034342823 0.019000738 0.009282215 0.010893771 0.0106572061 0.0019626008 0.0060837570 0.0090455361 0.0065944590 1.201953e-03 2.414284e-03 2.095614e-03 4.216089e-04 3.250841e-03 0.0061361459
   45    1      1      0    0      1      -1      -1  1000 0.026319262 0.20962470 0.09794700 0.17024599 0.09259995 0.09819829 0.11672633 0.06119051 0.013657340 0.026174287 0.006656430 0.021249657 0.018956976 0.004060108 0.0113106979 0.0027068334 0.0023760528 0.0038194398 0.0062894020 9.223814e-04 3.033261e-03 1.279392e-04 1.272401e-04 3.513317e-04 0.0053285907
   46    1      1      0    0      1      -1      -1  1000 0.027968535 0.21040058 0.23438809 0.06763738 0.11443875 0.06744084 0.06575360 0.08598858 0.038559274 0.009304860 0.020007299 0.003637964 0.011992983 0.012721519 0.0039321497 0.0050083988 0.0022043464 0.0017091735 0.0017245792 4.982011e-03 7.354637e-04 1.221785e-03 2.916869e-04 2.290995e-03 0.0056591648
   47    1      1      0    0      1      -1      -1  1000 0.016433031 0.19480618 0.26608368 0.15757863 0.03888697 0.07067643 0.04019861 0.06264186 0.058629985 0.033284338 0.005897916 0.011908424 0.004808006 0.014165864 0.0105079830 0.0014011336 0.0016732209 0.0016068810 0.0002655355 1.715604e-03 1.539259e-03 8.091042e-04 1.347613e-03 2.874504e-04 0.0028462953
   48    1      1      0    0      1      -1      -1  1000 0.026137741 0.14155803 0.20151831 0.21996279 0.13856856 0.03370344 0.06287376 0.03360732 0.038581069 0.043496868 0.019092821 0.005035239 0.007422379 0.001705167 0.0083662114 0.0087102495 0.0019921090 0.0016834279 0.0009463814 1.131624e-04 2.155050e-03 6.139571e-04 1.637210e-04 1.337619e-04 0.0018584892
   49    1      1      0    0      1      -1      -1  1000 0.022090011 0.19650744 0.18242124 0.16344006 0.15290863 0.08487704 0.02442892 0.04215094 0.015163837 0.030375071 0.031859688 0.020857796 0.001484563 0.006273161 0.0019935234 0.0082315361 0.0044244026 0.0008502151 0.0033282246 1.474451e-03 1.895232e-03 1.200956e-04 7.735923e-04 3.176124e-04 0.0017527230
   50    1      1      0    0      1      -1      -1  1000 0.010395904 0.22058585 0.22459958 0.12098754 0.10198993 0.11002714 0.06595554 0.01035890 0.032080333 0.012900427 0.035967724 0.019565684 0.009215033 0.002005094 0.0021247347 0.0008823001 0.0056568265 0.0054443141 0.0044557135 8.106902e-04 5.242198e-04 4.948579e-06 1.400091e-04 3.328774e-04 0.0029886686
   51    1      1      0    0      1      -1      -1  1000 0.015229705 0.10433726 0.25917378 0.18706770 0.08351652 0.10142290 0.08593234 0.05375576 0.011646261 0.026055531 0.010892358 0.016925914 0.017690094 0.007742309 0.0024723935 0.0008946741 0.0007731553 0.0025454524 0.0063491433 3.185951e-04 6.517364e-04 2.595809e-03 2.121398e-04 2.724191e-04 0.0015260423
   52    1      1      0    0      1      -1      -1  1000 0.027130079 0.13622151 0.14808679 0.22194742 0.11885897 0.07577128 0.06988753 0.06381878 0.034135058 0.010023426 0.023468841 0.010637417 0.010153225 0.013535928 0.0142373795 0.0015184423 0.0038276223 0.0018516900 0.0024405518 1.138742e-03 1.410198e-04 5.271627e-04 1.753843e-03 4.280606e-05 0.0088444921
   53    1      1      0    0      1      -1      -1  1000 0.010953138 0.23003099 0.16612132 0.12331607 0.14040335 0.07567047 0.05738189 0.05800302 0.050011138 0.033828825 0.008402390 0.011906868 0.007536294 0.004690901 0.0093090774 0.0054206898 0.0002528742 0.0021835751 0.0003175861 1.325892e-03 5.650309e-04 1.184322e-03 3.218639e-04 1.034281e-04 0.0007589988
   54    1      1      0    0      1      -1      -1  1000 0.007116433 0.15704535 0.23221652 0.11889436 0.08740417 0.11978613 0.06877351 0.04203729 0.046362554 0.036909171 0.028092320 0.006934852 0.007427218 0.004846871 0.0066679233 0.0046376360 0.0028403304 0.0045601581 0.0022581586 1.496132e-05 2.129156e-03 5.663536e-03 3.824881e-03 5.331463e-04 0.0030233616
   55    1      1      0    0      1      -1      -1  1000 0.013256902 0.11606492 0.17402869 0.21727186 0.11236564 0.05422021 0.08159868 0.07467453 0.044372596 0.024929897 0.033339088 0.014052543 0.010231277 0.006289730 0.0046135113 0.0050463384 0.0036749621 0.0013476243 0.0004514906 2.657986e-03 1.882817e-05 1.610229e-03 1.140943e-03 8.459523e-04 0.0018955752
   56    1      1      0    0      1      -1      -1  1000 0.024195697 0.16945630 0.16252550 0.15992027 0.13823862 0.07711728 0.04935716 0.07032175 0.042348212 0.023578092 0.024965771 0.021031298 0.013189621 0.004618711 0.0053518418 0.0021154668 0.0025019451 0.0022962147 0.0023466699 1.369896e-04 2.495041e-03 1.336073e-06 1.910820e-04 3.801279e-04 0.0013190077
   57    1      1      0    0      1      -1      -1  1000 0.021598502 0.25800608 0.18291795 0.10044167 0.09106826 0.10793341 0.04884413 0.03303344 0.043967483 0.031912719 0.021694518 0.019281299 0.016602356 0.005993694 0.0005425117 0.0016118007 0.0014109994 0.0045646733 0.0040840658 1.718863e-03 1.004995e-04 7.089079e-04 1.383408e-05 2.688202e-04 0.0016795099
   58    1      1      0    0      1      -1      -1  1000 0.010037020 0.16784279 0.27284743 0.15249470 0.06217691 0.07023665 0.08127350 0.03896351 0.022456888 0.041191532 0.024884427 0.012756247 0.007783856 0.011910117 0.0081920923 0.0025534748 0.0013307554 0.0006858066 0.0013158660 2.711370e-03 1.329960e-03 2.172032e-04 8.425323e-05 1.046998e-14 0.0047236477
   59    1      1      0    0      1      -1      -1  1000 0.006813466 0.09583492 0.21165095 0.23961189 0.11586170 0.06329977 0.06186868 0.06317887 0.030886339 0.024543444 0.021562406 0.019742136 0.005020924 0.008384464 0.0143033295 0.0042897269 0.0030284555 0.0023537550 0.0002505276 5.061015e-04 1.340456e-03 9.488435e-04 3.350366e-03 7.308616e-04 0.0006376236
   60    1      1      0    0      1      -1      -1  1000 0.020121128 0.06019085 0.15915245 0.16905627 0.17782019 0.10575643 0.06933766 0.04650267 0.057932125 0.035015184 0.018542722 0.022893737 0.012116054 0.014837782 0.0055145738 0.0113165859 0.0018209265 0.0038405286 0.0013779452 7.916376e-04 4.648797e-04 2.691681e-03 1.692882e-04 2.268341e-11 0.0027366955
   61    1      1      0    0      1      -1      -1  1000 0.012745620 0.19777830 0.10506893 0.12532962 0.14474707 0.14416312 0.06665628 0.03590255 0.033145553 0.042983874 0.015767373 0.010285677 0.022681536 0.012288067 0.0047099186 0.0104010727 0.0024698832 0.0024686594 0.0006188632 1.733589e-03 3.804426e-04 4.579465e-03 2.065830e-03 6.581542e-05 0.0009628833
   62    1      1      0    0      1      -1      -1  1000 0.017273521 0.17189943 0.25891116 0.06105510 0.08369700 0.10279200 0.09712041 0.05144656 0.033042539 0.021630894 0.029527181 0.016819159 0.011970380 0.013903840 0.0075342308 0.0047863017 0.0083153632 0.0009295072 0.0010865870 7.305755e-04 9.175543e-04 1.348373e-04 6.390167e-04 2.604956e-03 0.0012318979
   63    1      1      0    0      1      -1      -1  1000 0.035126258 0.19409047 0.18401699 0.18332289 0.04767247 0.06107936 0.07345054 0.07049924 0.055037823 0.015019535 0.016466603 0.019019391 0.010296400 0.003150174 0.0103377739 0.0069387350 0.0018979868 0.0010782466 0.0029501716 8.881574e-04 1.218641e-03 1.757067e-03 8.293022e-06 7.027684e-05 0.0046064964
   64    1      1      0    0      1      -1      -1  1000 0.024320417 0.24144519 0.21527340 0.13297890 0.10889166 0.02553170 0.04151943 0.05966201 0.050010529 0.028081578 0.020589483 0.013204344 0.014504936 0.003210716 0.0035284207 0.0036761668 0.0018617973 0.0011203853 0.0010955121 3.092340e-03 1.098498e-03 1.392321e-03 6.292520e-04 7.794867e-04 0.0025015292
   65    1      1      0    0      1      -1      -1  1000 0.010389691 0.24932579 0.24299491 0.15293565 0.08925901 0.08265578 0.01853839 0.02376694 0.033927459 0.035727924 0.017316092 0.006673363 0.006563072 0.007269507 0.0029946590 0.0055715784 0.0038023064 0.0036993976 0.0005986820 3.177328e-03 3.279587e-04 1.466787e-03 4.119034e-04 3.763401e-04 0.0002294847
   66    1      1      0    0      1      -1      -1  1000 0.007718621 0.08648157 0.31150155 0.21166503 0.11701861 0.07426582 0.05872118 0.01641093 0.019226737 0.021797798 0.022006569 0.012015682 0.004052719 0.008161164 0.0093552075 0.0044673063 0.0020834103 0.0053925166 0.0029586760 2.458870e-04 6.705609e-04 2.686042e-04 2.326986e-03 1.116507e-04 0.0010752157
   67    1      1      0    0      1      -1      -1  1000 0.006339528 0.09603610 0.10275115 0.27415399 0.17667682 0.10733467 0.05507245 0.04817156 0.007907564 0.018470794 0.026168349 0.021873206 0.011126119 0.005590124 0.0078510709 0.0124150816 0.0055396054 0.0041399279 0.0022393872 5.070423e-03 5.794698e-04 6.368365e-05 3.322522e-03 2.316063e-04 0.0008747836
   68    1      1      0    0      1      -1      -1  1000 0.015065378 0.06567443 0.13760097 0.12104874 0.24133441 0.13746204 0.07381955 0.04925344 0.046509350 0.009240754 0.022298219 0.018143509 0.016039930 0.010065952 0.0067415551 0.0048913510 0.0053726699 0.0018143889 0.0015753814 3.487410e-03 2.861751e-03 1.951112e-03 2.788266e-04 1.099505e-03 0.0063693720
   69    1      1      0    0      1      -1      -1  1000 0.013660518 0.14899789 0.10506046 0.10212807 0.08351053 0.20025796 0.12304735 0.05968689 0.047356459 0.025154825 0.014125496 0.007883361 0.018556262 0.010022469 0.0140084960 0.0063977309 0.0066765153 0.0047666056 0.0014497789 1.405363e-03 1.816252e-03 3.004076e-04 1.961635e-03 4.571320e-04 0.0013115378
   70    1      1      0    0      1      -1      -1  1000 0.022379405 0.09694889 0.18408226 0.08603982 0.08299286 0.07009474 0.16891145 0.10346453 0.048809222 0.029286388 0.033610229 0.004011051 0.018800395 0.011162912 0.0152593533 0.0065912527 0.0039799507 0.0016891440 0.0040431606 6.588322e-04 2.149626e-03 1.896351e-03 1.112172e-03 1.551026e-03 0.0004749764
   71    1      1      0    0      1      -1      -1  1000 0.023285484 0.20769255 0.13356701 0.13957097 0.05680353 0.06973625 0.05332856 0.11108901 0.066922455 0.036044153 0.029532782 0.019981055 0.005119614 0.006313880 0.0097673028 0.0098904733 0.0055137753 0.0012571995 0.0010047015 2.443093e-03 5.228385e-03 1.509138e-03 1.167372e-04 2.447060e-04 0.0040371816
   72    1      1      0    0      1      -1      -1  1000 0.013520238 0.12705439 0.27707177 0.10226174 0.10560298 0.04867112 0.05814153 0.03662425 0.092193660 0.048553901 0.021191302 0.019203619 0.012709440 0.002817860 0.0065258534 0.0102356422 0.0050682263 0.0059798016 0.0007664586 2.644742e-03 7.300193e-04 2.811643e-04 4.274274e-04 3.121112e-04 0.0014107552
   73    1      1      0    0      1      -1      -1  1000 0.019782014 0.18657729 0.13720081 0.21044661 0.06809853 0.07707232 0.05677998 0.03786418 0.025109579 0.076079516 0.025370490 0.019771231 0.011286373 0.018567353 0.0034601245 0.0047269935 0.0067847104 0.0046540093 0.0026937672 7.615292e-04 9.873419e-04 2.212665e-03 2.667279e-04 1.876503e-04 0.0032581977
   74    1      1      0    0      1      -1      -1  1000 0.025521512 0.18900900 0.22108333 0.10487759 0.14223467 0.05145333 0.05858338 0.01518686 0.026337847 0.024120897 0.050318484 0.032949369 0.022149033 0.009873431 0.0102827683 0.0016343213 0.0019584266 0.0012595772 0.0019341383 1.235938e-03 1.659596e-03 1.726358e-03 1.339403e-03 2.296541e-04 0.0030410836
   75    1      1      0    0      1      -1      -1  1000 0.017458026 0.15098325 0.22228373 0.15519634 0.08279562 0.12398745 0.04181929 0.02993147 0.019194360 0.018742527 0.017640440 0.034706436 0.030634624 0.019640224 0.0075383628 0.0064009311 0.0033989088 0.0038887729 0.0029973132 3.613002e-03 2.554170e-03 3.160897e-04 2.128377e-03 9.826292e-04 0.0011676703
   76    1      1      0    0      1      -1      -1  1000 0.016044047 0.10361216 0.18100869 0.20399941 0.12315527 0.07098299 0.11185729 0.03059399 0.037534528 0.017753488 0.012080252 0.013923215 0.035894665 0.015530131 0.0080535165 0.0056986540 0.0024553844 0.0020566190 0.0006549240 2.108652e-03 1.930301e-03 9.690875e-04 4.267884e-05 7.722161e-04 0.0012878482
   77    1      1      0    0      1      -1      -1  1000 0.013484018 0.12042102 0.13845801 0.15721448 0.18409051 0.10691552 0.03924640 0.08338469 0.028135668 0.025346897 0.026107056 0.009921992 0.004225660 0.019310158 0.0188602153 0.0062039335 0.0040361643 0.0058089146 0.0018918523 2.269608e-03 1.728764e-03 1.371263e-03 5.656528e-04 2.445795e-04 0.0007569698
   78    1      1      0    0      1      -1      -1  1000 0.022460763 0.15011523 0.14583829 0.10089520 0.13714379 0.13011029 0.08449282 0.04185518 0.071623792 0.016172463 0.018739236 0.008327615 0.014022583 0.007660400 0.0242441752 0.0079502687 0.0031724355 0.0019528301 0.0050863631 4.637234e-04 3.947194e-04 1.165703e-03 2.568008e-03 2.211185e-04 0.0033229947
   79    1      1      0    0      1      -1      -1  1000 0.014650833 0.19708928 0.17977587 0.10754732 0.06886005 0.09227155 0.08842438 0.06510393 0.038172710 0.049701182 0.022306998 0.012246760 0.003125106 0.005593103 0.0045321074 0.0201381665 0.0103184831 0.0054019683 0.0061378112 4.788818e-03 6.470854e-04 1.057677e-04 6.917455e-04 6.140172e-04 0.0017549651
   80    1      1      0    0      1      -1      -1  1000 0.018531784 0.11600564 0.23095866 0.15143892 0.06497475 0.08611345 0.08581179 0.06391173 0.058434376 0.020184327 0.029174755 0.009680829 0.016006442 0.004577842 0.0050689614 0.0040671258 0.0083569300 0.0123965410 0.0031297891 3.801648e-03 1.901789e-03 1.406090e-03 2.092109e-03 5.111980e-04 0.0014625270
   81    1      1      0    0      1      -1      -1  1000 0.026967579 0.14846262 0.15823758 0.18789898 0.11137668 0.07262565 0.04371919 0.05985491 0.055132242 0.034718314 0.020810858 0.021720429 0.013553575 0.010691859 0.0058507326 0.0020775564 0.0027038127 0.0059499525 0.0025433762 8.305192e-03 2.057927e-03 3.317658e-04 3.170590e-04 2.341544e-04 0.0038580117
   82    1      1      0    0      1      -1      -1  1000 0.005662946 0.13727702 0.17650440 0.11918199 0.15830661 0.08532355 0.05363828 0.03562053 0.051409227 0.035914627 0.033145662 0.025595946 0.029415144 0.013071573 0.0085613943 0.0053226868 0.0009184557 0.0032730828 0.0068817803 3.712319e-03 2.625238e-03 2.805503e-03 1.599009e-03 9.376940e-07 0.0042320894
   83    1      1      0    0      1      -1      -1  1000 0.021099006 0.10390226 0.19516464 0.15900908 0.10721445 0.09817598 0.07011094 0.04101484 0.029045342 0.050208539 0.042949979 0.019929629 0.013199924 0.014489656 0.0068823332 0.0094915129 0.0017895484 0.0042860690 0.0006600890 3.635441e-03 1.656603e-03 9.352771e-04 2.197404e-03 3.711014e-04 0.0025803523
   84    1      1      0    0      1      -1      -1  1000 0.017633599 0.19354782 0.11081136 0.14408830 0.12345055 0.06856004 0.09419431 0.06131410 0.029953116 0.023184366 0.028890442 0.027308350 0.024545491 0.005913276 0.0152992285 0.0059487641 0.0080640929 0.0020181001 0.0014968318 1.019505e-03 3.115751e-03 1.238654e-03 2.900190e-03 2.411544e-04 0.0052626108
   85    1      1      0    0      1      -1      -1  1000 0.010235051 0.13684932 0.26956455 0.09777069 0.12788356 0.07147418 0.04717822 0.07300038 0.031209556 0.025224678 0.019500293 0.016545400 0.018257820 0.024876510 0.0034190439 0.0087454821 0.0025273537 0.0036067346 0.0024606653 1.868328e-03 5.602186e-04 2.200172e-03 5.874056e-04 2.393572e-03 0.0020608147
   86    1      1      0    0      1      -1      -1  1000 0.030905943 0.14034488 0.16420046 0.19547132 0.06850905 0.09393408 0.06852404 0.04446296 0.054773513 0.021650321 0.019069206 0.014416965 0.020345227 0.024665434 0.0079545371 0.0046592665 0.0101925740 0.0034022750 0.0053810272 1.546143e-03 4.063515e-04 6.234107e-04 2.514512e-03 4.058950e-04 0.0016406034
   87    1      1      0    0      1      -1      -1  1000 0.011622932 0.21866538 0.15859395 0.12807667 0.16065697 0.05348811 0.05068346 0.05273871 0.027842831 0.032313007 0.023893086 0.016930372 0.009708687 0.007803665 0.0076535376 0.0090807180 0.0044762041 0.0082204561 0.0020030235 1.984373e-03 4.341212e-03 6.543693e-04 2.429065e-04 5.839713e-03 0.0024856671
   88    1      1      0    0      1      -1      -1  1000 0.003379781 0.10866626 0.27478837 0.12543593 0.10523231 0.12215671 0.03903668 0.04633653 0.042005765 0.021380047 0.022983581 0.019762453 0.012993264 0.006745901 0.0074461323 0.0136971653 0.0055950291 0.0032958877 0.0036735769 1.489640e-03 2.071967e-03 1.507014e-03 1.472915e-03 5.877658e-03 0.0029694146
   89    1      1      0    0      1      -1      -1  1000 0.015428375 0.07928486 0.18567335 0.22787249 0.11816245 0.06509446 0.08403001 0.03134518 0.040499083 0.029422337 0.009382666 0.041654924 0.018986838 0.009905171 0.0065464709 0.0100312204 0.0094221831 0.0062454258 0.0010089871 1.713724e-03 1.665136e-03 1.167700e-03 3.307638e-03 7.397647e-04 0.0014095407
   90    1      1      0    0      1      -1      -1  1000 0.021484916 0.15765567 0.13353139 0.12143121 0.18342977 0.08743998 0.05050061 0.07465338 0.025331075 0.035257795 0.024265973 0.015475947 0.020699226 0.008698350 0.0043516252 0.0089521088 0.0029354023 0.0052118128 0.0080128359 9.186447e-04 2.565100e-03 1.245019e-03 2.053543e-04 1.627898e-03 0.0041188979
   91    1      1      0    0      1      -1      -1  1000 0.029871156 0.18810972 0.20232484 0.09077277 0.09701039 0.12354522 0.05054584 0.06558389 0.040430635 0.018671023 0.020784857 0.014334942 0.010269300 0.014961781 0.0043901341 0.0060813799 0.0021021674 0.0034596129 0.0029827768 7.379848e-03 4.797742e-04 2.046027e-03 2.148222e-04 8.300626e-04 0.0028170220
   92    1      1      0    0      1      -1      -1  1000 0.008522803 0.22668233 0.22285834 0.13152491 0.05471021 0.07331080 0.08472942 0.05219130 0.033419769 0.041793018 0.012396700 0.014919600 0.011549493 0.006110750 0.0065373725 0.0033070037 0.0011152655 0.0021634720 0.0016519803 1.648685e-03 4.088686e-03 9.196843e-05 4.763094e-04 9.131232e-05 0.0041085172
   93    1      1      0    0      1      -1      -1  1000 0.012543816 0.07496596 0.30153256 0.16275942 0.11297630 0.03911345 0.06630621 0.06473386 0.029333534 0.027437411 0.035063968 0.011687226 0.015192243 0.006491216 0.0084513235 0.0069294494 0.0128525611 0.0023376643 0.0020908030 7.850876e-04 1.650403e-03 1.037345e-03 2.094635e-04 5.272687e-04 0.0029914479
   94    1      1      0    0      1      -1      -1  1000 0.017513484 0.14923102 0.10749196 0.21264476 0.13673616 0.08940389 0.04154725 0.05303770 0.062247855 0.025115691 0.027686648 0.017886054 0.008926659 0.012905982 0.0073223598 0.0017218602 0.0071957139 0.0065606012 0.0044595997 9.597997e-04 4.946199e-04 3.572212e-03 1.822522e-03 8.923549e-04 0.0026232359
   95    1      1      0    0      1      -1      -1  1000 0.007311478 0.16464031 0.21199774 0.07162126 0.16328758 0.09657073 0.05465329 0.03829358 0.038286840 0.049043266 0.024646730 0.019906930 0.022710169 0.006768339 0.0046278436 0.0035455923 0.0041998467 0.0037064955 0.0036873560 1.861436e-03 2.683144e-03 2.563972e-04 2.958172e-04 1.511027e-03 0.0038868109
   96    1      1      0    0      1      -1      -1  1000 0.015515533 0.08788692 0.20300456 0.16782232 0.07202081 0.14358812 0.07124055 0.06448946 0.029341463 0.035458104 0.037669426 0.018180745 0.009946692 0.012040080 0.0025246905 0.0094083352 0.0050920668 0.0025596355 0.0042169576 3.039703e-03 1.504033e-04 1.924220e-04 2.275069e-03 5.474255e-04 0.0017885106
   97    1      1      0    0      1      -1      -1  1000 0.017678264 0.14791829 0.13114571 0.17562141 0.11852789 0.06023703 0.12072279 0.05982481 0.034390920 0.027563315 0.017956140 0.030765075 0.017782692 0.011977459 0.0094558351 0.0024683327 0.0033497713 0.0013397782 0.0027408241 1.646343e-03 1.638819e-03 2.022456e-03 1.161773e-04 1.092019e-03 0.0020178452
   98    1      1      0    0      1      -1      -1  1000 0.018633066 0.13812043 0.18345049 0.10037850 0.11758043 0.11367487 0.04271886 0.10434630 0.052387097 0.033678588 0.010510016 0.017137227 0.018700575 0.014630731 0.0070450023 0.0086335809 0.0017422150 0.0032161479 0.0040549972 3.907335e-04 5.005838e-03 1.628001e-03 6.935037e-05 2.018654e-04 0.0020651006
   99    1      1      0    0      1      -1      -1  1000 0.049431385 0.18810094 0.15049331 0.13827764 0.06676576 0.08132047 0.08395254 0.03034821 0.053581815 0.045533261 0.034033553 0.009640976 0.012874741 0.016485936 0.0061890721 0.0139619413 0.0052640946 0.0020672011 0.0006373047 2.086935e-03 8.117024e-04 1.405055e-03 9.508559e-04 1.103900e-03 0.0046814007
  100    1      1      0    0      1      -1      -1  1000 0.022146378 0.31511876 0.16678039 0.10496991 0.10241789 0.04283957 0.06195917 0.04332901 0.023089073 0.030571041 0.015264955 0.019259242 0.010020782 0.005582585 0.0153533493 0.0064236973 0.0016998923 0.0054618278 0.0015337035 6.567876e-04 1.971370e-03 4.472969e-04 6.177909e-06 1.252531e-03 0.0018446078
    2    1      2      0    0      1      -1      -1  1000 0.046000000 0.15700000 0.14700000 0.11600000 0.09400000 0.09100000 0.07000000 0.06100000 0.040000000 0.037000000 0.022000000 0.026000000 0.015000000 0.012000000 0.0150000000 0.0080000000 0.0090000000 0.0060000000 0.0030000000 6.000000e-03 1.000000e-03 3.000000e-03 5.000000e-03 0.000000e+00 0.0100000000
    3    1      2      0    0      1      -1      -1  1000 0.015000000 0.21100000 0.14300000 0.12100000 0.09000000 0.06900000 0.05700000 0.05100000 0.048000000 0.042000000 0.020000000 0.031000000 0.019000000 0.012000000 0.0110000000 0.0120000000 0.0050000000 0.0120000000 0.0050000000 4.000000e-03 4.000000e-03 4.000000e-03 3.000000e-03 0.000000e+00 0.0110000000
    4    1      2      0    0      1      -1      -1  1000 0.029000000 0.09800000 0.22900000 0.11800000 0.09200000 0.08100000 0.05600000 0.05000000 0.045000000 0.034000000 0.033000000 0.030000000 0.020000000 0.014000000 0.0170000000 0.0110000000 0.0070000000 0.0100000000 0.0080000000 3.000000e-03 4.000000e-03 2.000000e-03 1.000000e-03 2.000000e-03 0.0060000000
    5    1      2      0    0      1      -1      -1  1000 0.044000000 0.14900000 0.09000000 0.17400000 0.10300000 0.06900000 0.06500000 0.06100000 0.058000000 0.034000000 0.040000000 0.017000000 0.017000000 0.016000000 0.0080000000 0.0110000000 0.0080000000 0.0110000000 0.0040000000 2.000000e-03 2.000000e-03 0.000000e+00 4.000000e-03 4.000000e-03 0.0090000000
    6    1      2      0    0      1      -1      -1  1000 0.031000000 0.18300000 0.13600000 0.07800000 0.16000000 0.07700000 0.05400000 0.06900000 0.034000000 0.029000000 0.035000000 0.016000000 0.022000000 0.012000000 0.0120000000 0.0070000000 0.0050000000 0.0070000000 0.0020000000 3.000000e-03 7.000000e-03 3.000000e-03 4.000000e-03 2.000000e-03 0.0120000000
    7    1      2      0    0      1      -1      -1  1000 0.027000000 0.17200000 0.16200000 0.11000000 0.06100000 0.11900000 0.06200000 0.05000000 0.037000000 0.031000000 0.029000000 0.028000000 0.020000000 0.013000000 0.0100000000 0.0110000000 0.0100000000 0.0130000000 0.0050000000 1.100000e-02 2.000000e-03 3.000000e-03 3.000000e-03 3.000000e-03 0.0080000000
    8    1      2      0    0      1      -1      -1  1000 0.024000000 0.10200000 0.19300000 0.13000000 0.09500000 0.04900000 0.11600000 0.04100000 0.047000000 0.037000000 0.036000000 0.030000000 0.017000000 0.013000000 0.0100000000 0.0140000000 0.0090000000 0.0060000000 0.0060000000 1.000000e-03 6.000000e-03 5.000000e-03 3.000000e-03 0.000000e+00 0.0100000000
    9    1      2      0    0      1      -1      -1  1000 0.046000000 0.13100000 0.11000000 0.16300000 0.11200000 0.06900000 0.04300000 0.08700000 0.055000000 0.028000000 0.029000000 0.020000000 0.017000000 0.017000000 0.0110000000 0.0110000000 0.0090000000 0.0100000000 0.0050000000 2.000000e-03 4.000000e-03 4.000000e-03 3.000000e-03 2.000000e-03 0.0120000000
   10    1      2      0    0      1      -1      -1  1000 0.037000000 0.24200000 0.11400000 0.06600000 0.10100000 0.08700000 0.07500000 0.02700000 0.048000000 0.038000000 0.035000000 0.024000000 0.022000000 0.012000000 0.0160000000 0.0100000000 0.0140000000 0.0050000000 0.0060000000 4.000000e-03 1.000000e-03 1.000000e-03 4.000000e-03 1.000000e-03 0.0100000000
   11    1      2      0    0      1      -1      -1  1000 0.021000000 0.13300000 0.24200000 0.08700000 0.07500000 0.10200000 0.06600000 0.03900000 0.034000000 0.050000000 0.027000000 0.021000000 0.013000000 0.013000000 0.0170000000 0.0110000000 0.0070000000 0.0100000000 0.0070000000 4.000000e-03 2.000000e-03 0.000000e+00 3.000000e-03 3.000000e-03 0.0130000000
   12    1      2      0    0      1      -1      -1  1000 0.025000000 0.07700000 0.15500000 0.22300000 0.08400000 0.05700000 0.09100000 0.06900000 0.038000000 0.030000000 0.040000000 0.023000000 0.016000000 0.014000000 0.0130000000 0.0080000000 0.0090000000 0.0030000000 0.0010000000 5.000000e-03 1.000000e-03 5.000000e-03 3.000000e-03 2.000000e-03 0.0080000000
   13    1      2      0    0      1      -1      -1  1000 0.023000000 0.11900000 0.07200000 0.14400000 0.17700000 0.07500000 0.05100000 0.07900000 0.049000000 0.037000000 0.016000000 0.051000000 0.022000000 0.015000000 0.0130000000 0.0110000000 0.0120000000 0.0090000000 0.0050000000 2.000000e-03 6.000000e-03 3.000000e-03 1.000000e-03 0.000000e+00 0.0080000000
   14    1      2      0    0      1      -1      -1  1000 0.050000000 0.11100000 0.12500000 0.05800000 0.08400000 0.16900000 0.06300000 0.04200000 0.075000000 0.039000000 0.027000000 0.019000000 0.040000000 0.010000000 0.0230000000 0.0140000000 0.0080000000 0.0120000000 0.0050000000 7.000000e-03 3.000000e-03 6.000000e-03 0.000000e+00 0.000000e+00 0.0100000000
   15    1      2      0    0      1      -1      -1  1000 0.040000000 0.25400000 0.07000000 0.10000000 0.04500000 0.07600000 0.13900000 0.04300000 0.035000000 0.049000000 0.033000000 0.018000000 0.015000000 0.018000000 0.0130000000 0.0100000000 0.0080000000 0.0070000000 0.0030000000 3.000000e-03 1.000000e-03 1.000000e-03 1.000000e-03 4.000000e-03 0.0140000000
   16    1      2      0    0      1      -1      -1  1000 0.044000000 0.15000000 0.24500000 0.07300000 0.09800000 0.03100000 0.05300000 0.07400000 0.041000000 0.021000000 0.038000000 0.029000000 0.013000000 0.009000000 0.0160000000 0.0140000000 0.0040000000 0.0080000000 0.0110000000 6.000000e-03 4.000000e-03 4.000000e-03 1.000000e-03 3.000000e-03 0.0100000000
   17    1      2      0    0      1      -1      -1  1000 0.026000000 0.20000000 0.15000000 0.17200000 0.05900000 0.06000000 0.03600000 0.04900000 0.074000000 0.029000000 0.012000000 0.035000000 0.023000000 0.014000000 0.0080000000 0.0140000000 0.0110000000 0.0030000000 0.0080000000 5.000000e-03 1.000000e-03 2.000000e-03 2.000000e-03 1.000000e-03 0.0060000000
   18    1      2      0    0      1      -1      -1  1000 0.035000000 0.09700000 0.22200000 0.12100000 0.14300000 0.04700000 0.04900000 0.02300000 0.046000000 0.068000000 0.026000000 0.015000000 0.024000000 0.020000000 0.0120000000 0.0040000000 0.0160000000 0.0070000000 0.0060000000 4.000000e-03 4.000000e-03 1.000000e-03 1.000000e-03 1.000000e-03 0.0080000000
   19    1      2      0    0      1      -1      -1  1000 0.021000000 0.17100000 0.12300000 0.16700000 0.08200000 0.11200000 0.03600000 0.05300000 0.016000000 0.035000000 0.057000000 0.016000000 0.014000000 0.025000000 0.0220000000 0.0150000000 0.0030000000 0.0110000000 0.0030000000 2.000000e-03 3.000000e-03 0.000000e+00 1.000000e-03 3.000000e-03 0.0090000000
   20    1      2      0    0      1      -1      -1  1000 0.056000000 0.12300000 0.15800000 0.08900000 0.12200000 0.07400000 0.11500000 0.02700000 0.041000000 0.018000000 0.026000000 0.041000000 0.019000000 0.019000000 0.0140000000 0.0170000000 0.0080000000 0.0010000000 0.0040000000 1.000000e-03 4.000000e-03 7.000000e-03 5.000000e-03 2.000000e-03 0.0090000000
   21    1      2      0    0      1      -1      -1  1000 0.031000000 0.22800000 0.09700000 0.15200000 0.07000000 0.11000000 0.05100000 0.06600000 0.024000000 0.028000000 0.013000000 0.019000000 0.029000000 0.012000000 0.0130000000 0.0110000000 0.0120000000 0.0080000000 0.0030000000 4.000000e-03 3.000000e-03 1.000000e-03 4.000000e-03 0.000000e+00 0.0110000000
   22    1      2      0    0      1      -1      -1  1000 0.015000000 0.16000000 0.20800000 0.09200000 0.11600000 0.05900000 0.07100000 0.05200000 0.061000000 0.016000000 0.027000000 0.009000000 0.015000000 0.031000000 0.0110000000 0.0080000000 0.0120000000 0.0100000000 0.0050000000 1.000000e-03 4.000000e-03 3.000000e-03 2.000000e-03 0.000000e+00 0.0120000000
   23    1      2      0    0      1      -1      -1  1000 0.036000000 0.09400000 0.15100000 0.17000000 0.07400000 0.10300000 0.05200000 0.07500000 0.053000000 0.057000000 0.022000000 0.012000000 0.010000000 0.012000000 0.0200000000 0.0060000000 0.0110000000 0.0100000000 0.0020000000 5.000000e-03 3.000000e-03 7.000000e-03 2.000000e-03 2.000000e-03 0.0110000000
   24    1      2      0    0      1      -1      -1  1000 0.014000000 0.14600000 0.07000000 0.14600000 0.16100000 0.05700000 0.09300000 0.03700000 0.068000000 0.036000000 0.047000000 0.015000000 0.020000000 0.009000000 0.0160000000 0.0260000000 0.0050000000 0.0060000000 0.0060000000 5.000000e-03 3.000000e-03 1.000000e-03 0.000000e+00 3.000000e-03 0.0100000000
   25    1      2      0    0      1      -1      -1  1000 0.018000000 0.08500000 0.13100000 0.08300000 0.13200000 0.13800000 0.06500000 0.07200000 0.035000000 0.048000000 0.032000000 0.036000000 0.014000000 0.022000000 0.0100000000 0.0250000000 0.0180000000 0.0070000000 0.0040000000 5.000000e-03 3.000000e-03 5.000000e-03 1.000000e-03 4.000000e-03 0.0070000000
   26    1      2      0    0      1      -1      -1  1000 0.030000000 0.13800000 0.06600000 0.12500000 0.07800000 0.09600000 0.11300000 0.03500000 0.055000000 0.033000000 0.057000000 0.025000000 0.039000000 0.015000000 0.0170000000 0.0050000000 0.0090000000 0.0160000000 0.0100000000 4.000000e-03 7.000000e-03 6.000000e-03 2.000000e-03 6.000000e-03 0.0130000000
   27    1      2      0    0      1      -1      -1  1000 0.055000000 0.15200000 0.16700000 0.06500000 0.08800000 0.04700000 0.08800000 0.08600000 0.028000000 0.049000000 0.023000000 0.043000000 0.023000000 0.027000000 0.0080000000 0.0090000000 0.0010000000 0.0090000000 0.0080000000 5.000000e-03 2.000000e-03 4.000000e-03 3.000000e-03 0.000000e+00 0.0100000000
   28    1      2      0    0      1      -1      -1  1000 0.024000000 0.29900000 0.11900000 0.09200000 0.03800000 0.06100000 0.05300000 0.05200000 0.075000000 0.026000000 0.039000000 0.021000000 0.026000000 0.013000000 0.0130000000 0.0060000000 0.0070000000 0.0050000000 0.0070000000 6.000000e-03 0.000000e+00 2.000000e-03 8.000000e-03 3.000000e-03 0.0050000000
   29    1      2      0    0      1      -1      -1  1000 0.017000000 0.12600000 0.26000000 0.09800000 0.10000000 0.04200000 0.06100000 0.04100000 0.048000000 0.043000000 0.028000000 0.018000000 0.020000000 0.027000000 0.0090000000 0.0170000000 0.0070000000 0.0100000000 0.0000000000 4.000000e-03 6.000000e-03 2.000000e-03 3.000000e-03 1.000000e-03 0.0120000000
   30    1      2      0    0      1      -1      -1  1000 0.023000000 0.12400000 0.13800000 0.22200000 0.07600000 0.08100000 0.03700000 0.05700000 0.027000000 0.038000000 0.043000000 0.016000000 0.030000000 0.007000000 0.0170000000 0.0100000000 0.0180000000 0.0070000000 0.0060000000 4.000000e-03 1.000000e-03 6.000000e-03 0.000000e+00 4.000000e-03 0.0080000000
   31    1      2      0    0      1      -1      -1  1000 0.032000000 0.13700000 0.09300000 0.10500000 0.23600000 0.05500000 0.05800000 0.02700000 0.037000000 0.024000000 0.039000000 0.046000000 0.016000000 0.016000000 0.0050000000 0.0130000000 0.0110000000 0.0100000000 0.0040000000 5.000000e-03 5.000000e-03 3.000000e-03 4.000000e-03 1.000000e-03 0.0180000000
   32    1      2      0    0      1      -1      -1  1000 0.029000000 0.18900000 0.12500000 0.08000000 0.09300000 0.16200000 0.05000000 0.05700000 0.021000000 0.028000000 0.021000000 0.026000000 0.031000000 0.011000000 0.0140000000 0.0020000000 0.0210000000 0.0080000000 0.0060000000 1.000000e-03 4.000000e-03 0.000000e+00 4.000000e-03 8.000000e-03 0.0090000000
   33    1      2      0    0      1      -1      -1  1000 0.060000000 0.10800000 0.17800000 0.09000000 0.07000000 0.07300000 0.14200000 0.05200000 0.033000000 0.017000000 0.032000000 0.013000000 0.024000000 0.040000000 0.0130000000 0.0150000000 0.0060000000 0.0030000000 0.0040000000 6.000000e-03 2.000000e-03 3.000000e-03 1.000000e-03 0.000000e+00 0.0150000000
   34    1      2      0    0      1      -1      -1  1000 0.035000000 0.25100000 0.08800000 0.13300000 0.08100000 0.05300000 0.04800000 0.10200000 0.038000000 0.027000000 0.010000000 0.021000000 0.012000000 0.017000000 0.0290000000 0.0050000000 0.0090000000 0.0060000000 0.0110000000 4.000000e-03 3.000000e-03 0.000000e+00 3.000000e-03 0.000000e+00 0.0140000000
   35    1      2      0    0      1      -1      -1  1000 0.013000000 0.25700000 0.22200000 0.06300000 0.07400000 0.04900000 0.04000000 0.04700000 0.079000000 0.029000000 0.022000000 0.004000000 0.014000000 0.010000000 0.0160000000 0.0130000000 0.0060000000 0.0040000000 0.0050000000 6.000000e-03 6.000000e-03 6.000000e-03 4.000000e-03 3.000000e-03 0.0080000000
   36    1      2      0    0      1      -1      -1  1000 0.039000000 0.08200000 0.26600000 0.18900000 0.05200000 0.08100000 0.04400000 0.03300000 0.026000000 0.077000000 0.027000000 0.017000000 0.010000000 0.011000000 0.0080000000 0.0110000000 0.0090000000 0.0020000000 0.0050000000 0.000000e+00 1.000000e-03 1.000000e-03 2.000000e-03 0.000000e+00 0.0070000000
   37    1      2      0    0      1      -1      -1  1000 0.011000000 0.21600000 0.08800000 0.19200000 0.14300000 0.04100000 0.07200000 0.02900000 0.022000000 0.030000000 0.054000000 0.016000000 0.016000000 0.003000000 0.0100000000 0.0040000000 0.0050000000 0.0120000000 0.0040000000 8.000000e-03 6.000000e-03 7.000000e-03 3.000000e-03 1.000000e-03 0.0070000000
   38    1      2      0    0      1      -1      -1  1000 0.066000000 0.08000000 0.19500000 0.06500000 0.17100000 0.13600000 0.03800000 0.06500000 0.028000000 0.022000000 0.023000000 0.026000000 0.020000000 0.015000000 0.0120000000 0.0080000000 0.0030000000 0.0070000000 0.0070000000 4.000000e-03 2.000000e-03 1.000000e-03 2.000000e-03 1.000000e-03 0.0030000000
   39    1      2      0    0      1      -1      -1  1000 0.077000000 0.28800000 0.06000000 0.12300000 0.03700000 0.11100000 0.08500000 0.02600000 0.042000000 0.021000000 0.018000000 0.023000000 0.033000000 0.010000000 0.0110000000 0.0040000000 0.0010000000 0.0020000000 0.0030000000 2.000000e-03 3.000000e-03 3.000000e-03 4.000000e-03 5.000000e-03 0.0080000000
   40    1      2      0    0      1      -1      -1  1000 0.047000000 0.28900000 0.21300000 0.04500000 0.09600000 0.03200000 0.08200000 0.05700000 0.021000000 0.015000000 0.018000000 0.012000000 0.012000000 0.020000000 0.0050000000 0.0100000000 0.0010000000 0.0010000000 0.0040000000 4.000000e-03 4.000000e-03 0.000000e+00 2.000000e-03 1.000000e-03 0.0090000000
   41    1      2      0    0      1      -1      -1  1000 0.038000000 0.19700000 0.28100000 0.16400000 0.03200000 0.05900000 0.01300000 0.06100000 0.041000000 0.013000000 0.016000000 0.013000000 0.005000000 0.008000000 0.0280000000 0.0040000000 0.0070000000 0.0010000000 0.0040000000 2.000000e-03 2.000000e-03 0.000000e+00 2.000000e-03 2.000000e-03 0.0070000000
   42    1      2      0    0      1      -1      -1  1000 0.046000000 0.16000000 0.19800000 0.20500000 0.13100000 0.02400000 0.06400000 0.00700000 0.049000000 0.032000000 0.014000000 0.010000000 0.007000000 0.006000000 0.0120000000 0.0120000000 0.0060000000 0.0050000000 0.0020000000 1.000000e-03 1.000000e-03 1.000000e-03 2.000000e-03 1.000000e-03 0.0040000000
   43    1      2      0    0      1      -1      -1  1000 0.020000000 0.21500000 0.11300000 0.16100000 0.15500000 0.10900000 0.02000000 0.04400000 0.011000000 0.039000000 0.029000000 0.006000000 0.018000000 0.010000000 0.0090000000 0.0050000000 0.0080000000 0.0040000000 0.0020000000 3.000000e-03 4.000000e-03 0.000000e+00 1.000000e-03 5.000000e-03 0.0090000000
   44    1      2      0    0      1      -1      -1  1000 0.068000000 0.09300000 0.22700000 0.11900000 0.13300000 0.10900000 0.07800000 0.01800000 0.041000000 0.011000000 0.022000000 0.026000000 0.007000000 0.012000000 0.0070000000 0.0070000000 0.0030000000 0.0050000000 0.0010000000 0.000000e+00 0.000000e+00 1.000000e-03 0.000000e+00 2.000000e-03 0.0100000000
   45    1      2      0    0      1      -1      -1  1000 0.082000000 0.25200000 0.08900000 0.17500000 0.08300000 0.08900000 0.08600000 0.04100000 0.006000000 0.020000000 0.005000000 0.016000000 0.020000000 0.006000000 0.0050000000 0.0020000000 0.0040000000 0.0020000000 0.0060000000 3.000000e-03 1.000000e-03 2.000000e-03 1.000000e-03 0.000000e+00 0.0040000000
   46    1      2      0    0      1      -1      -1  1000 0.040000000 0.29300000 0.20800000 0.06200000 0.09200000 0.04500000 0.06200000 0.06500000 0.041000000 0.009000000 0.021000000 0.007000000 0.019000000 0.006000000 0.0020000000 0.0050000000 0.0070000000 0.0000000000 0.0030000000 6.000000e-03 0.000000e+00 0.000000e+00 0.000000e+00 3.000000e-03 0.0040000000
   47    1      2      0    0      1      -1      -1  1000 0.027000000 0.22700000 0.26600000 0.16800000 0.03700000 0.07300000 0.04100000 0.04800000 0.039000000 0.023000000 0.008000000 0.012000000 0.002000000 0.010000000 0.0050000000 0.0020000000 0.0000000000 0.0020000000 0.0000000000 1.000000e-03 2.000000e-03 1.000000e-03 1.000000e-03 2.000000e-03 0.0030000000
   48    1      2      0    0      1      -1      -1  1000 0.053000000 0.17400000 0.19400000 0.20200000 0.12700000 0.02200000 0.05900000 0.03000000 0.037000000 0.032000000 0.025000000 0.008000000 0.010000000 0.005000000 0.0050000000 0.0070000000 0.0010000000 0.0050000000 0.0010000000 0.000000e+00 1.000000e-03 1.000000e-03 0.000000e+00 0.000000e+00 0.0010000000
   49    1      2      0    0      1      -1      -1  1000 0.076000000 0.20800000 0.15900000 0.15900000 0.12800000 0.07000000 0.02400000 0.05600000 0.025000000 0.029000000 0.024000000 0.019000000 0.003000000 0.008000000 0.0020000000 0.0020000000 0.0020000000 0.0020000000 0.0020000000 0.000000e+00 1.000000e-03 0.000000e+00 1.000000e-03 0.000000e+00 0.0000000000
   50    1      2      0    0      1      -1      -1  1000 0.034000000 0.26600000 0.21200000 0.10000000 0.10800000 0.09400000 0.04900000 0.01300000 0.021000000 0.014000000 0.018000000 0.032000000 0.011000000 0.004000000 0.0060000000 0.0020000000 0.0020000000 0.0030000000 0.0020000000 2.000000e-03 0.000000e+00 1.000000e-03 0.000000e+00 1.000000e-03 0.0050000000
   51    1      2      0    0      1      -1      -1  1000 0.038000000 0.15700000 0.23000000 0.14000000 0.08400000 0.10000000 0.08500000 0.05300000 0.015000000 0.026000000 0.009000000 0.013000000 0.016000000 0.015000000 0.0030000000 0.0030000000 0.0040000000 0.0000000000 0.0010000000 1.000000e-03 0.000000e+00 0.000000e+00 1.000000e-03 2.000000e-03 0.0040000000
   52    1      2      0    0      1      -1      -1  1000 0.045000000 0.16300000 0.14500000 0.18000000 0.12300000 0.07900000 0.06600000 0.07200000 0.034000000 0.014000000 0.021000000 0.008000000 0.013000000 0.013000000 0.0100000000 0.0020000000 0.0020000000 0.0020000000 0.0040000000 0.000000e+00 0.000000e+00 1.000000e-03 1.000000e-03 0.000000e+00 0.0020000000
   53    1      2      0    0      1      -1      -1  1000 0.026000000 0.24900000 0.12900000 0.11400000 0.15200000 0.09000000 0.05400000 0.05000000 0.050000000 0.024000000 0.004000000 0.015000000 0.013000000 0.008000000 0.0050000000 0.0080000000 0.0010000000 0.0030000000 0.0000000000 3.000000e-03 1.000000e-03 0.000000e+00 1.000000e-03 0.000000e+00 0.0000000000
   54    1      2      0    0      1      -1      -1  1000 0.026000000 0.18800000 0.22800000 0.11600000 0.08400000 0.10400000 0.07500000 0.03200000 0.034000000 0.032000000 0.025000000 0.005000000 0.018000000 0.007000000 0.0090000000 0.0060000000 0.0010000000 0.0010000000 0.0040000000 1.000000e-03 1.000000e-03 1.000000e-03 0.000000e+00 2.000000e-03 0.0000000000
   55    1      2      0    0      1      -1      -1  1000 0.057000000 0.14100000 0.17500000 0.18000000 0.10300000 0.06700000 0.08400000 0.06100000 0.029000000 0.032000000 0.028000000 0.010000000 0.004000000 0.008000000 0.0070000000 0.0080000000 0.0000000000 0.0020000000 0.0010000000 0.000000e+00 0.000000e+00 1.000000e-03 0.000000e+00 2.000000e-03 0.0000000000
   56    1      2      0    0      1      -1      -1  1000 0.073000000 0.22500000 0.12200000 0.11200000 0.12500000 0.06900000 0.04500000 0.06000000 0.049000000 0.023000000 0.032000000 0.023000000 0.018000000 0.004000000 0.0040000000 0.0050000000 0.0020000000 0.0010000000 0.0020000000 0.000000e+00 2.000000e-03 0.000000e+00 1.000000e-03 1.000000e-03 0.0020000000
   57    1      2      0    0      1      -1      -1  1000 0.045000000 0.24900000 0.19700000 0.07500000 0.09600000 0.10700000 0.04900000 0.03200000 0.056000000 0.030000000 0.014000000 0.018000000 0.010000000 0.005000000 0.0010000000 0.0070000000 0.0020000000 0.0030000000 0.0020000000 1.000000e-03 1.000000e-03 0.000000e+00 0.000000e+00 0.000000e+00 0.0000000000
   58    1      2      0    0      1      -1      -1  1000 0.028000000 0.21000000 0.22100000 0.15300000 0.06500000 0.08000000 0.07200000 0.03900000 0.021000000 0.028000000 0.018000000 0.010000000 0.018000000 0.008000000 0.0160000000 0.0040000000 0.0010000000 0.0000000000 0.0040000000 2.000000e-03 0.000000e+00 1.000000e-03 0.000000e+00 0.000000e+00 0.0010000000
   59    1      2      0    0      1      -1      -1  1000 0.016000000 0.13600000 0.24400000 0.17900000 0.11200000 0.04400000 0.06600000 0.06000000 0.029000000 0.015000000 0.030000000 0.018000000 0.009000000 0.013000000 0.0190000000 0.0020000000 0.0020000000 0.0020000000 0.0000000000 0.000000e+00 0.000000e+00 1.000000e-03 0.000000e+00 0.000000e+00 0.0030000000
   60    1      2      0    0      1      -1      -1  1000 0.046000000 0.09300000 0.14500000 0.16000000 0.18200000 0.09800000 0.04900000 0.04100000 0.065000000 0.033000000 0.010000000 0.027000000 0.012000000 0.011000000 0.0100000000 0.0070000000 0.0020000000 0.0020000000 0.0030000000 0.000000e+00 0.000000e+00 0.000000e+00 1.000000e-03 0.000000e+00 0.0030000000
   61    1      2      0    0      1      -1      -1  1000 0.049000000 0.23400000 0.09200000 0.11000000 0.13000000 0.12600000 0.07800000 0.02700000 0.024000000 0.040000000 0.018000000 0.017000000 0.014000000 0.014000000 0.0090000000 0.0060000000 0.0070000000 0.0010000000 0.0010000000 1.000000e-03 0.000000e+00 0.000000e+00 2.000000e-03 0.000000e+00 0.0000000000
   62    1      2      0    0      1      -1      -1  1000 0.064000000 0.20200000 0.22300000 0.05900000 0.06700000 0.10000000 0.09100000 0.05100000 0.029000000 0.032000000 0.022000000 0.009000000 0.007000000 0.020000000 0.0080000000 0.0030000000 0.0030000000 0.0040000000 0.0010000000 1.000000e-03 1.000000e-03 1.000000e-03 0.000000e+00 0.000000e+00 0.0020000000
   63    1      2      0    0      1      -1      -1  1000 0.084000000 0.21700000 0.17200000 0.15400000 0.03100000 0.06900000 0.07600000 0.06400000 0.042000000 0.016000000 0.017000000 0.018000000 0.006000000 0.004000000 0.0100000000 0.0060000000 0.0010000000 0.0040000000 0.0020000000 0.000000e+00 0.000000e+00 2.000000e-03 2.000000e-03 0.000000e+00 0.0030000000
   64    1      2      0    0      1      -1      -1  1000 0.069000000 0.28200000 0.16600000 0.10900000 0.11200000 0.03400000 0.04500000 0.05900000 0.043000000 0.024000000 0.009000000 0.011000000 0.008000000 0.007000000 0.0020000000 0.0050000000 0.0040000000 0.0020000000 0.0010000000 4.000000e-03 0.000000e+00 0.000000e+00 1.000000e-03 0.000000e+00 0.0030000000
   65    1      2      0    0      1      -1      -1  1000 0.018000000 0.28900000 0.25000000 0.13900000 0.07900000 0.07300000 0.01800000 0.01300000 0.035000000 0.031000000 0.012000000 0.009000000 0.014000000 0.005000000 0.0030000000 0.0050000000 0.0010000000 0.0040000000 0.0000000000 0.000000e+00 0.000000e+00 0.000000e+00 0.000000e+00 1.000000e-03 0.0010000000
   66    1      2      0    0      1      -1      -1  1000 0.030000000 0.12500000 0.31100000 0.18600000 0.09900000 0.06200000 0.05400000 0.01400000 0.019000000 0.025000000 0.019000000 0.021000000 0.006000000 0.010000000 0.0040000000 0.0030000000 0.0040000000 0.0050000000 0.0010000000 0.000000e+00 0.000000e+00 1.000000e-03 0.000000e+00 0.000000e+00 0.0010000000
   67    1      2      0    0      1      -1      -1  1000 0.021000000 0.15100000 0.11000000 0.25900000 0.15800000 0.08700000 0.05700000 0.05700000 0.009000000 0.011000000 0.029000000 0.014000000 0.012000000 0.004000000 0.0040000000 0.0020000000 0.0030000000 0.0020000000 0.0020000000 4.000000e-03 0.000000e+00 0.000000e+00 0.000000e+00 0.000000e+00 0.0040000000
   68    1      2      0    0      1      -1      -1  1000 0.028000000 0.10900000 0.15500000 0.09400000 0.21500000 0.14900000 0.07500000 0.03700000 0.040000000 0.012000000 0.011000000 0.019000000 0.016000000 0.016000000 0.0080000000 0.0070000000 0.0030000000 0.0000000000 0.0000000000 2.000000e-03 1.000000e-03 0.000000e+00 0.000000e+00 1.000000e-03 0.0020000000
   69    1      2      0    0      1      -1      -1  1000 0.027000000 0.17400000 0.11100000 0.09800000 0.06400000 0.19600000 0.11100000 0.06300000 0.038000000 0.029000000 0.013000000 0.011000000 0.010000000 0.016000000 0.0110000000 0.0090000000 0.0030000000 0.0050000000 0.0050000000 1.000000e-03 0.000000e+00 0.000000e+00 1.000000e-03 0.000000e+00 0.0040000000
   70    1      2      0    0      1      -1      -1  1000 0.057000000 0.13800000 0.17500000 0.09500000 0.06800000 0.07200000 0.13800000 0.09300000 0.045000000 0.030000000 0.024000000 0.008000000 0.010000000 0.010000000 0.0110000000 0.0100000000 0.0020000000 0.0050000000 0.0000000000 1.000000e-03 2.000000e-03 3.000000e-03 1.000000e-03 1.000000e-03 0.0010000000
   71    1      2      0    0      1      -1      -1  1000 0.024000000 0.28600000 0.11300000 0.11400000 0.05900000 0.06700000 0.05100000 0.10100000 0.061000000 0.026000000 0.027000000 0.028000000 0.002000000 0.004000000 0.0120000000 0.0080000000 0.0060000000 0.0020000000 0.0010000000 4.000000e-03 3.000000e-03 1.000000e-03 0.000000e+00 0.000000e+00 0.0000000000
   72    1      2      0    0      1      -1      -1  1000 0.046000000 0.13900000 0.25600000 0.08200000 0.08300000 0.06300000 0.04500000 0.04000000 0.093000000 0.046000000 0.030000000 0.021000000 0.026000000 0.004000000 0.0030000000 0.0070000000 0.0060000000 0.0050000000 0.0010000000 1.000000e-03 1.000000e-03 0.000000e+00 0.000000e+00 0.000000e+00 0.0020000000
   73    1      2      0    0      1      -1      -1  1000 0.062000000 0.21900000 0.11800000 0.19500000 0.07000000 0.06900000 0.03200000 0.02900000 0.025000000 0.058000000 0.035000000 0.026000000 0.017000000 0.014000000 0.0010000000 0.0040000000 0.0070000000 0.0030000000 0.0030000000 1.000000e-03 0.000000e+00 1.000000e-03 5.000000e-03 2.000000e-03 0.0040000000
   74    1      2      0    0      1      -1      -1  1000 0.039000000 0.25400000 0.19100000 0.09300000 0.13500000 0.05300000 0.04800000 0.02400000 0.017000000 0.022000000 0.046000000 0.019000000 0.016000000 0.010000000 0.0060000000 0.0020000000 0.0020000000 0.0050000000 0.0040000000 7.000000e-03 2.000000e-03 2.000000e-03 0.000000e+00 0.000000e+00 0.0030000000
   75    1      2      0    0      1      -1      -1  1000 0.030000000 0.18700000 0.24400000 0.15900000 0.07100000 0.08900000 0.04400000 0.03500000 0.026000000 0.023000000 0.018000000 0.027000000 0.019000000 0.012000000 0.0070000000 0.0040000000 0.0000000000 0.0000000000 0.0020000000 1.000000e-03 0.000000e+00 0.000000e+00 0.000000e+00 1.000000e-03 0.0010000000
   76    1      2      0    0      1      -1      -1  1000 0.036000000 0.12700000 0.19700000 0.17800000 0.11000000 0.06900000 0.09100000 0.02100000 0.038000000 0.021000000 0.016000000 0.010000000 0.025000000 0.018000000 0.0160000000 0.0060000000 0.0030000000 0.0040000000 0.0010000000 3.000000e-03 4.000000e-03 1.000000e-03 1.000000e-03 1.000000e-03 0.0030000000
   77    1      2      0    0      1      -1      -1  1000 0.036000000 0.13900000 0.13500000 0.15800000 0.16100000 0.11900000 0.04300000 0.07100000 0.017000000 0.031000000 0.012000000 0.014000000 0.009000000 0.016000000 0.0130000000 0.0070000000 0.0040000000 0.0050000000 0.0010000000 3.000000e-03 2.000000e-03 0.000000e+00 2.000000e-03 1.000000e-03 0.0010000000
   78    1      2      0    0      1      -1      -1  1000 0.051000000 0.18500000 0.14700000 0.09700000 0.12500000 0.11700000 0.07200000 0.02800000 0.057000000 0.016000000 0.024000000 0.012000000 0.009000000 0.005000000 0.0170000000 0.0160000000 0.0090000000 0.0050000000 0.0020000000 0.000000e+00 1.000000e-03 0.000000e+00 0.000000e+00 1.000000e-03 0.0040000000
   79    1      2      0    0      1      -1      -1  1000 0.039000000 0.23800000 0.15200000 0.10300000 0.08200000 0.08000000 0.07000000 0.06800000 0.031000000 0.047000000 0.014000000 0.016000000 0.005000000 0.009000000 0.0050000000 0.0200000000 0.0060000000 0.0040000000 0.0020000000 3.000000e-03 0.000000e+00 2.000000e-03 0.000000e+00 2.000000e-03 0.0020000000
   80    1      2      0    0      1      -1      -1  1000 0.041000000 0.14600000 0.21900000 0.12700000 0.08800000 0.06900000 0.07700000 0.07000000 0.051000000 0.015000000 0.020000000 0.017000000 0.009000000 0.007000000 0.0070000000 0.0080000000 0.0130000000 0.0040000000 0.0010000000 4.000000e-03 3.000000e-03 0.000000e+00 0.000000e+00 1.000000e-03 0.0030000000
   81    1      2      0    0      1      -1      -1  1000 0.042000000 0.18400000 0.15600000 0.15400000 0.09800000 0.06900000 0.05300000 0.06200000 0.049000000 0.033000000 0.024000000 0.022000000 0.004000000 0.010000000 0.0060000000 0.0030000000 0.0040000000 0.0070000000 0.0060000000 5.000000e-03 1.000000e-03 5.000000e-03 0.000000e+00 0.000000e+00 0.0030000000
   82    1      2      0    0      1      -1      -1  1000 0.019000000 0.18300000 0.16300000 0.11700000 0.13000000 0.08400000 0.05400000 0.03400000 0.043000000 0.056000000 0.033000000 0.014000000 0.017000000 0.006000000 0.0080000000 0.0040000000 0.0050000000 0.0060000000 0.0060000000 6.000000e-03 3.000000e-03 1.000000e-03 1.000000e-03 0.000000e+00 0.0070000000
   83    1      2      0    0      1      -1      -1  1000 0.055000000 0.14200000 0.18500000 0.15900000 0.09800000 0.09600000 0.06000000 0.03500000 0.028000000 0.031000000 0.031000000 0.028000000 0.007000000 0.017000000 0.0020000000 0.0040000000 0.0020000000 0.0050000000 0.0010000000 6.000000e-03 5.000000e-03 2.000000e-03 0.000000e+00 1.000000e-03 0.0000000000
   84    1      2      0    0      1      -1      -1  1000 0.043000000 0.25100000 0.10400000 0.13200000 0.09700000 0.06300000 0.08200000 0.04600000 0.029000000 0.026000000 0.031000000 0.031000000 0.018000000 0.008000000 0.0110000000 0.0040000000 0.0030000000 0.0040000000 0.0010000000 3.000000e-03 2.000000e-03 5.000000e-03 3.000000e-03 1.000000e-03 0.0020000000
   85    1      2      0    0      1      -1      -1  1000 0.048000000 0.16600000 0.22300000 0.08200000 0.12000000 0.08000000 0.04400000 0.06300000 0.035000000 0.027000000 0.019000000 0.024000000 0.011000000 0.010000000 0.0050000000 0.0170000000 0.0050000000 0.0030000000 0.0020000000 1.000000e-03 1.000000e-03 6.000000e-03 2.000000e-03 1.000000e-03 0.0050000000
   86    1      2      0    0      1      -1      -1  1000 0.073000000 0.17200000 0.15800000 0.17900000 0.06500000 0.08100000 0.06100000 0.03600000 0.062000000 0.023000000 0.012000000 0.014000000 0.012000000 0.012000000 0.0100000000 0.0080000000 0.0040000000 0.0040000000 0.0020000000 0.000000e+00 5.000000e-03 0.000000e+00 2.000000e-03 0.000000e+00 0.0050000000
   87    1      2      0    0      1      -1      -1  1000 0.036000000 0.28200000 0.13100000 0.10500000 0.12000000 0.05000000 0.06000000 0.03900000 0.028000000 0.038000000 0.023000000 0.009000000 0.005000000 0.015000000 0.0170000000 0.0130000000 0.0080000000 0.0060000000 0.0010000000 3.000000e-03 2.000000e-03 1.000000e-03 0.000000e+00 3.000000e-03 0.0050000000
   88    1      2      0    0      1      -1      -1  1000 0.027000000 0.13900000 0.25300000 0.13200000 0.10600000 0.10000000 0.02800000 0.05200000 0.036000000 0.015000000 0.027000000 0.025000000 0.004000000 0.009000000 0.0080000000 0.0100000000 0.0120000000 0.0030000000 0.0050000000 2.000000e-03 1.000000e-03 1.000000e-03 1.000000e-03 2.000000e-03 0.0020000000
   89    1      2      0    0      1      -1      -1  1000 0.045000000 0.10500000 0.16200000 0.20700000 0.10400000 0.07100000 0.10700000 0.02900000 0.032000000 0.030000000 0.023000000 0.029000000 0.017000000 0.004000000 0.0110000000 0.0070000000 0.0040000000 0.0030000000 0.0010000000 3.000000e-03 1.000000e-03 1.000000e-03 0.000000e+00 0.000000e+00 0.0040000000
   90    1      2      0    0      1      -1      -1  1000 0.053000000 0.19300000 0.10600000 0.11500000 0.17200000 0.07800000 0.04700000 0.07200000 0.029000000 0.027000000 0.034000000 0.015000000 0.017000000 0.004000000 0.0070000000 0.0050000000 0.0070000000 0.0050000000 0.0020000000 1.000000e-03 6.000000e-03 2.000000e-03 0.000000e+00 0.000000e+00 0.0030000000
   91    1      2      0    0      1      -1      -1  1000 0.058000000 0.20500000 0.17700000 0.07000000 0.09800000 0.12000000 0.06200000 0.05000000 0.039000000 0.017000000 0.021000000 0.018000000 0.012000000 0.012000000 0.0080000000 0.0050000000 0.0030000000 0.0090000000 0.0020000000 4.000000e-03 3.000000e-03 2.000000e-03 2.000000e-03 0.000000e+00 0.0030000000
   92    1      2      0    0      1      -1      -1  1000 0.016000000 0.29000000 0.16200000 0.10600000 0.06100000 0.07500000 0.09400000 0.03900000 0.034000000 0.036000000 0.010000000 0.014000000 0.012000000 0.006000000 0.0140000000 0.0060000000 0.0080000000 0.0040000000 0.0040000000 2.000000e-03 3.000000e-03 0.000000e+00 1.000000e-03 1.000000e-03 0.0020000000
   93    1      2      0    0      1      -1      -1  1000 0.047000000 0.12300000 0.26900000 0.15100000 0.08900000 0.04500000 0.03800000 0.07500000 0.037000000 0.019000000 0.028000000 0.009000000 0.012000000 0.010000000 0.0080000000 0.0140000000 0.0070000000 0.0020000000 0.0010000000 3.000000e-03 3.000000e-03 4.000000e-03 4.000000e-03 1.000000e-03 0.0010000000
   94    1      2      0    0      1      -1      -1  1000 0.033000000 0.20100000 0.10200000 0.21900000 0.14200000 0.06900000 0.03700000 0.04000000 0.046000000 0.034000000 0.018000000 0.024000000 0.004000000 0.008000000 0.0090000000 0.0010000000 0.0050000000 0.0050000000 0.0010000000 0.000000e+00 0.000000e+00 0.000000e+00 1.000000e-03 0.000000e+00 0.0010000000
   95    1      2      0    0      1      -1      -1  1000 0.028000000 0.22400000 0.17400000 0.06700000 0.16700000 0.09000000 0.06800000 0.02400000 0.028000000 0.042000000 0.015000000 0.017000000 0.016000000 0.004000000 0.0030000000 0.0080000000 0.0040000000 0.0040000000 0.0050000000 4.000000e-03 2.000000e-03 1.000000e-03 0.000000e+00 1.000000e-03 0.0040000000
   96    1      2      0    0      1      -1      -1  1000 0.042000000 0.13800000 0.20800000 0.15300000 0.06100000 0.12900000 0.08300000 0.04600000 0.015000000 0.024000000 0.030000000 0.012000000 0.012000000 0.011000000 0.0050000000 0.0080000000 0.0040000000 0.0070000000 0.0050000000 2.000000e-03 3.000000e-03 1.000000e-03 0.000000e+00 1.000000e-03 0.0000000000
   97    1      2      0    0      1      -1      -1  1000 0.029000000 0.20400000 0.12000000 0.14400000 0.11700000 0.03700000 0.11100000 0.06600000 0.041000000 0.014000000 0.018000000 0.027000000 0.013000000 0.018000000 0.0040000000 0.0040000000 0.0040000000 0.0040000000 0.0050000000 4.000000e-03 3.000000e-03 2.000000e-03 2.000000e-03 3.000000e-03 0.0060000000
   98    1      2      0    0      1      -1      -1  1000 0.054000000 0.17100000 0.18200000 0.06800000 0.12900000 0.08800000 0.04300000 0.08100000 0.051000000 0.030000000 0.015000000 0.018000000 0.025000000 0.003000000 0.0070000000 0.0150000000 0.0030000000 0.0040000000 0.0030000000 3.000000e-03 1.000000e-03 2.000000e-03 1.000000e-03 0.000000e+00 0.0030000000
   99    1      2      0    0      1      -1      -1  1000 0.100000000 0.19600000 0.15300000 0.12700000 0.04900000 0.08700000 0.07400000 0.03200000 0.052000000 0.038000000 0.021000000 0.012000000 0.014000000 0.016000000 0.0040000000 0.0020000000 0.0080000000 0.0010000000 0.0050000000 3.000000e-03 1.000000e-03 4.000000e-03 0.000000e+00 1.000000e-03 0.0000000000
  100    1      2      0    0      1      -1      -1  1000 0.063000000 0.38700000 0.16000000 0.07900000 0.06500000 0.03000000 0.05800000 0.03900000 0.022000000 0.022000000 0.024000000 0.012000000 0.004000000 0.008000000 0.0080000000 0.0010000000 0.0040000000 0.0050000000 0.0010000000 0.000000e+00 2.000000e-03 0.000000e+00 2.000000e-03 2.000000e-03 0.0020000000
0 #_N_MeanSize_at_Age_obs
0 #_N_environ_variables
0 #_N_environ_obs
0 #_N_sizefreq_methods
0 #_do_tags
0 #_morphcomp_data
#
999
