#C data file created using the SS_writedat function in the R package r4ss
#C should work with SS version: 
#C file write time: 2014-11-06 01:26:37
#
1 #_styr
100 #_endyr
1 #_nseas
12 #_months_per_seas
1 #_spawn_seas
1 #_Nfleet
2 #_Nsurveys
1 #_N_areas
Fishery%Survey%CPUE #_fleetnames
0.5 0.5 0.5 #_surveytiming_in_season
1 1 1 #_area_assignments_for_each_fishery_and_survey
1 #_units of catch:  1=bio; 2=num
0.01 #_se of log(catch) only used for init_eq_catch and for Fmethod 2 and 3
1 #_Ngenders
25 #_Nages
0 #_init_equil_catch_for_each_fishery
100 #_N_lines_of_catch_to_read
 #_Fishery year seas
         0    1    1
         0    2    1
         0    3    1
         0    4    1
         0    5    1
         0    6    1
         0    7    1
         0    8    1
         0    9    1
         0   10    1
         0   11    1
         0   12    1
         0   13    1
         0   14    1
         0   15    1
         0   16    1
         0   17    1
         0   18    1
         0   19    1
         0   20    1
         0   21    1
         0   22    1
         0   23    1
         0   24    1
         0   25    1
 267741000   26    1
 250058000   27    1
 235672000   28    1
 223555000   29    1
 214658000   30    1
 208007000   31    1
 200963000   32    1
 192798000   33    1
 183335000   34    1
 173044000   35    1
 161603000   36    1
 151981000   37    1
 145554000   38    1
 138035000   39    1
 131970000   40    1
 131348000   41    1
 137083000   42    1
 142060000   43    1
 147252000   44    1
 150310000   45    1
 147793000   46    1
 144133000   47    1
 142077000   48    1
 138667000   49    1
 134534000   50    1
 131165000   51    1
 128185000   52    1
 125867000   53    1
 124039000   54    1
 121290000   55    1
 120476000   56    1
 122150000   57    1
 122603000   58    1
 124716000   59    1
 129305000   60    1
 134769000   61    1
 137631000   62    1
 139351000   63    1
 140991000   64    1
 140481000   65    1
 140852000   66    1
 142549000   67    1
 146660000   68    1
 154662000   69    1
 161275000   70    1
 167118000   71    1
 174090000   72    1
 175943000   73    1
 175592000   74    1
 171040000   75    1
 168433000   76    1
 168824000   77    1
 167983000   78    1
 164263000   79    1
 161432000   80    1
 160867000   81    1
 161098000   82    1
 163548000   83    1
 165663000   84    1
 165354000   85    1
 165363000   86    1
 165698000   87    1
 164373000   88    1
 162912000   89    1
 162889000   90    1
 165517000   91    1
 165102000   92    1
 163634000   93    1
 163477000   94    1
 163714000   95    1
 164910000   96    1
 164801000   97    1
 167127000   98    1
 164341000   99    1
 162794000  100    1
13 #_N_cpue
 #_Fleet Units Errtype
       1     1       0
       2     1       0
       3     1       0
 #_year seas index        obs se_log
     76    1     2 2412917315    0.2
     78    1     2 2480729770    0.2
     80    1     2 1753254146    0.2
     82    1     2 1825832757    0.2
     84    1     2 2222450125    0.2
     86    1     2 2596424385    0.2
     88    1     2 2084922996    0.2
     90    1     2 2583671391    0.2
     92    1     2 2009891669    0.2
     94    1     2 2459341305    0.2
     96    1     2 3235063704    0.2
     98    1     2 4140578422    0.2
    100    1     2 1611920504    0.2
0 #_N_discard_fleets
#_discard_units (1=same_as_catchunits(bio/num); 2=fraction; 3=numbers)
#_discard_errtype:  >0 for DF of T-dist(read CV below); 0 for normal with CV; -1 for normal with se; -2 for lognormal
0 #_N_discard
0 #_N_meanbodywt
1 #_DF_for_meanbodywt_T-distribution_like
2 # length bin method: 1=use databins; 2=generate from binwidth,min,max below; 3=read vector
1 # binwidth for population size comp
10 # minimum size in the population (lower edge of first bin and size at age 0.00)
200 # maximum size in the population (lower edge of last bin)
-0.001 #_comp_tail_compression
1e-05 #_add_to_comp
0 #_combine males into females at or below this bin number
21 #_N_lbins
#_lbin_vector
10 53 70 83 94 101 107 111 114 117 120 123 125 127 130 132 135 138 142 148 200
0 #_N_Length_comp_observations
25 #_N_agebins
#_agebin_vector
1 2 3 4 5 6 7 8 9 10 11 12 13 14 15 16 17 18 19 20 21 22 23 24 25
1 #_N_ageerror_definitions
 #_age0   age1   age2   age3   age4   age5   age6   age7   age8   age9  age10  age11  age12  age13  age14  age15  age16  age17  age18  age19  age20  age21  age22  age23  age24  age25
 -1.000 -1.000 -1.000 -1.000 -1.000 -1.000 -1.000 -1.000 -1.000 -1.000 -1.000 -1.000 -1.000 -1.000 -1.000 -1.000 -1.000 -1.000 -1.000 -1.000 -1.000 -1.000 -1.000 -1.000 -1.000 -1.000
  0.001  0.001  0.001  0.001  0.001  0.001  0.001  0.001  0.001  0.001  0.001  0.001  0.001  0.001  0.001  0.001  0.001  0.001  0.001  0.001  0.001  0.001  0.001  0.001  0.001  0.001
22 #_N_agecomp
1 #_Lbin_method: 1=poplenbins; 2=datalenbins; 3=lengths
-1 #_combine males into females at or below this bin number
 #_Yr Seas FltSvy Gender Part Ageerr Lbin_lo Lbin_hi Nsamp          a1         a2         a3         a4         a5         a6         a7         a8         a9         a10         a11         a12         a13         a14          a15         a16          a17          a18          a19          a20          a21          a22          a23          a24          a25
   50    1      1      0    0      1      -1      -1   200 0.031050292 0.13870360 0.14905850 0.09895892 0.13665428 0.06153981 0.04585512 0.07866831 0.06652388 0.029712587 0.068218276 0.032401342 0.005774894 0.019308289 0.0140658146 0.001039037 0.0054814610 2.228052e-05 1.284120e-03 3.333311e-03 6.675051e-03 3.571205e-03 3.472497e-04 1.467849e-03 2.845431e-04
   55    1      1      0    0      1      -1      -1   200 0.018477130 0.16178535 0.16419809 0.14095979 0.09857998 0.09545417 0.06878439 0.08458612 0.03530855 0.033139318 0.014498891 0.013142727 0.025045310 0.004279530 0.0080036616 0.006917401 0.0034447260 1.466787e-04 1.272815e-03 5.982711e-03 1.763488e-05 1.786303e-03 6.940789e-12 2.204142e-05 1.416669e-02
   60    1      1      0    0      1      -1      -1   200 0.016415196 0.20316842 0.18166411 0.19351431 0.11499957 0.09614015 0.02657441 0.03168855 0.02802307 0.052458050 0.007320467 0.004200953 0.002829932 0.012636027 0.0007609624 0.006868302 0.0033845983 4.342640e-03 1.555045e-03 5.138787e-03 5.121140e-03 9.263439e-04 1.336616e-05 1.265336e-17 2.556052e-04
   65    1      1      0    0      1      -1      -1   200 0.008887376 0.21087893 0.17723807 0.14280833 0.06735701 0.10883714 0.07907297 0.10071882 0.04505399 0.005485237 0.008930357 0.012739142 0.012926275 0.002250088 0.0033663500 0.005735311 0.0006041277 3.432443e-05 2.739181e-03 1.525305e-06 2.691690e-07 1.809855e-03 9.902802e-04 1.289508e-05 1.522149e-03
   70    1      1      0    0      1      -1      -1   200 0.022391519 0.06528843 0.25821268 0.22001759 0.09694852 0.08410624 0.05361581 0.03844769 0.03729384 0.029309941 0.012660011 0.010921844 0.010076780 0.016557143 0.0188794637 0.020921671 0.0002701897 2.847010e-03 7.861975e-07 1.211409e-03 5.239155e-07 2.055936e-05 9.510660e-13 2.354932e-10 3.420645e-07
   75    1      1      0    0      1      -1      -1   200 0.031235069 0.11352826 0.06528824 0.16910575 0.08095687 0.22637032 0.06729671 0.07018648 0.05716429 0.022368620 0.023011963 0.023310216 0.011168939 0.013516908 0.0096635888 0.001270811 0.0058635653 1.812559e-03 4.085245e-03 3.063102e-06 1.905166e-03 2.866794e-05 5.192141e-04 2.699187e-04 6.956442e-05
   80    1      1      0    0      1      -1      -1   200 0.019516584 0.19651691 0.14987099 0.10106210 0.12903425 0.10328548 0.07473490 0.02888099 0.06294198 0.025160260 0.028808356 0.008032675 0.005646931 0.010393397 0.0227399496 0.022611486 0.0010068818 1.660153e-03 3.451502e-03 4.303772e-04 1.441097e-03 8.426685e-04 1.370014e-03 8.949628e-10 5.600577e-04
   85    1      1      0    0      1      -1      -1   200 0.024274520 0.15076971 0.17209149 0.17576022 0.13771910 0.06604637 0.06911529 0.02114861 0.02369462 0.047395411 0.029773541 0.016021780 0.002797166 0.013074902 0.0071498523 0.019080555 0.0005436362 9.421345e-03 1.074373e-02 2.736782e-04 4.586408e-04 4.197037e-05 9.345509e-05 2.367310e-03 1.431060e-04
   90    1      1      0    0      1      -1      -1   200 0.003186915 0.22326432 0.17925853 0.13515967 0.09185861 0.06548937 0.04508068 0.01851478 0.08890015 0.049176135 0.025852032 0.019012160 0.022976602 0.004695392 0.0063475615 0.004805182 0.0032245120 8.843832e-03 6.902341e-05 6.715266e-06 2.343945e-03 8.878239e-15 1.915601e-03 3.108743e-12 1.829508e-05
   95    1      1      0    0      1      -1      -1   200 0.003574158 0.20214506 0.15854289 0.14156307 0.06565930 0.07531146 0.12960010 0.05345378 0.06006311 0.020738010 0.032238614 0.003055098 0.014745576 0.010704278 0.0030743634 0.012905366 0.0001031684 2.073287e-04 2.422939e-04 2.762836e-05 4.993300e-03 6.389624e-03 2.526544e-04 8.081308e-06 4.016804e-04
  100    1      1      0    0      1      -1      -1   200 0.017098710 0.23802855 0.14816558 0.06510014 0.16463470 0.03982983 0.11822982 0.04215575 0.05064379 0.022879316 0.027047576 0.017419896 0.014743258 0.012818395 0.0031026718 0.001574464 0.0045188134 7.492742e-04 1.554954e-04 4.006408e-04 4.085626e-03 3.770701e-03 1.893679e-03 5.652509e-11 9.533260e-04
   50    1      2      0    0      1      -1      -1   200 0.035000000 0.18500000 0.14000000 0.12500000 0.10000000 0.05500000 0.04500000 0.09000000 0.04500000 0.055000000 0.035000000 0.010000000 0.010000000 0.010000000 0.0150000000 0.005000000 0.0100000000 0.000000e+00 5.000000e-03 5.000000e-03 5.000000e-03 0.000000e+00 0.000000e+00 5.000000e-03 1.000000e-02
   55    1      2      0    0      1      -1      -1   200 0.040000000 0.19500000 0.15000000 0.17000000 0.07500000 0.08500000 0.06000000 0.04500000 0.05500000 0.060000000 0.015000000 0.000000000 0.015000000 0.005000000 0.0100000000 0.005000000 0.0000000000 5.000000e-03 5.000000e-03 5.000000e-03 0.000000e+00 0.000000e+00 0.000000e+00 0.000000e+00 0.000000e+00
   60    1      2      0    0      1      -1      -1   200 0.040000000 0.28500000 0.17500000 0.12000000 0.07500000 0.12000000 0.03500000 0.03500000 0.02000000 0.020000000 0.030000000 0.010000000 0.000000000 0.015000000 0.0000000000 0.000000000 0.0000000000 0.000000e+00 5.000000e-03 0.000000e+00 1.000000e-02 5.000000e-03 0.000000e+00 0.000000e+00 0.000000e+00
   65    1      2      0    0      1      -1      -1   200 0.065000000 0.19500000 0.12000000 0.18500000 0.07500000 0.10000000 0.11000000 0.04500000 0.03500000 0.015000000 0.010000000 0.000000000 0.015000000 0.000000000 0.0100000000 0.005000000 0.0050000000 0.000000e+00 0.000000e+00 0.000000e+00 5.000000e-03 0.000000e+00 0.000000e+00 0.000000e+00 5.000000e-03
   70    1      2      0    0      1      -1      -1   200 0.070000000 0.10500000 0.24000000 0.19000000 0.09000000 0.11500000 0.05500000 0.01500000 0.03000000 0.020000000 0.000000000 0.020000000 0.030000000 0.020000000 0.0000000000 0.000000000 0.0000000000 0.000000e+00 0.000000e+00 0.000000e+00 0.000000e+00 0.000000e+00 0.000000e+00 0.000000e+00 0.000000e+00
   75    1      2      0    0      1      -1      -1   200 0.035000000 0.19000000 0.07000000 0.15500000 0.05500000 0.20000000 0.06000000 0.06000000 0.06500000 0.025000000 0.030000000 0.030000000 0.015000000 0.000000000 0.0000000000 0.000000000 0.0100000000 0.000000e+00 0.000000e+00 0.000000e+00 0.000000e+00 0.000000e+00 0.000000e+00 0.000000e+00 0.000000e+00
   80    1      2      0    0      1      -1      -1   200 0.060000000 0.28000000 0.16500000 0.07000000 0.09000000 0.08500000 0.04500000 0.04000000 0.04000000 0.025000000 0.045000000 0.010000000 0.020000000 0.010000000 0.0100000000 0.000000000 0.0000000000 5.000000e-03 0.000000e+00 0.000000e+00 0.000000e+00 0.000000e+00 0.000000e+00 0.000000e+00 0.000000e+00
   85    1      2      0    0      1      -1      -1   200 0.055000000 0.15500000 0.13500000 0.24500000 0.12000000 0.10000000 0.06000000 0.02500000 0.00500000 0.040000000 0.025000000 0.000000000 0.005000000 0.005000000 0.0000000000 0.005000000 0.0050000000 5.000000e-03 1.000000e-02 0.000000e+00 0.000000e+00 0.000000e+00 0.000000e+00 0.000000e+00 0.000000e+00
   90    1      2      0    0      1      -1      -1   200 0.035000000 0.29000000 0.13000000 0.10500000 0.09500000 0.12500000 0.06000000 0.06000000 0.03000000 0.000000000 0.025000000 0.000000000 0.010000000 0.005000000 0.0050000000 0.015000000 0.0000000000 0.000000e+00 5.000000e-03 0.000000e+00 5.000000e-03 0.000000e+00 0.000000e+00 0.000000e+00 0.000000e+00
   95    1      2      0    0      1      -1      -1   200 0.020000000 0.28000000 0.10500000 0.16500000 0.09500000 0.06500000 0.04500000 0.04500000 0.04500000 0.005000000 0.050000000 0.020000000 0.010000000 0.010000000 0.0100000000 0.005000000 0.0050000000 5.000000e-03 0.000000e+00 0.000000e+00 5.000000e-03 0.000000e+00 0.000000e+00 0.000000e+00 1.000000e-02
  100    1      2      0    0      1      -1      -1   200 0.030000000 0.26500000 0.12000000 0.06500000 0.18500000 0.03000000 0.12000000 0.02500000 0.07000000 0.010000000 0.015000000 0.015000000 0.030000000 0.010000000 0.0000000000 0.005000000 0.0000000000 0.000000e+00 0.000000e+00 0.000000e+00 0.000000e+00 0.000000e+00 0.000000e+00 5.000000e-03 0.000000e+00
0 #_N_MeanSize_at_Age_obs
0 #_N_environ_variables
0 #_N_environ_obs
0 #_N_sizefreq_methods
0 #_do_tags
0 #_morphcomp_data
#
999
