#C data file created using the SS_writedat function in the R package r4ss
#C should work with SS version: 
#C file write time: 2014-11-06 01:55:33
#
1 #_styr
100 #_endyr
1 #_nseas
12 #_months_per_seas
1 #_spawn_seas
1 #_Nfleet
2 #_Nsurveys
1 #_N_areas
Fishery%Survey%CPUE #_fleetnames
0.5 0.5 0.5 #_surveytiming_in_season
1 1 1 #_area_assignments_for_each_fishery_and_survey
1 #_units of catch:  1=bio; 2=num
0.01 #_se of log(catch) only used for init_eq_catch and for Fmethod 2 and 3
1 #_Ngenders
25 #_Nages
0 #_init_equil_catch_for_each_fishery
100 #_N_lines_of_catch_to_read
 #_Fishery year seas
         0    1    1
         0    2    1
         0    3    1
         0    4    1
         0    5    1
         0    6    1
         0    7    1
         0    8    1
         0    9    1
         0   10    1
         0   11    1
         0   12    1
         0   13    1
         0   14    1
         0   15    1
         0   16    1
         0   17    1
         0   18    1
         0   19    1
         0   20    1
         0   21    1
         0   22    1
         0   23    1
         0   24    1
         0   25    1
 267741000   26    1
 250058000   27    1
 235672000   28    1
 223555000   29    1
 214658000   30    1
 208007000   31    1
 200963000   32    1
 192798000   33    1
 183335000   34    1
 173044000   35    1
 161603000   36    1
 151981000   37    1
 145554000   38    1
 138035000   39    1
 131970000   40    1
 131348000   41    1
 137083000   42    1
 142060000   43    1
 147252000   44    1
 150310000   45    1
 147793000   46    1
 144133000   47    1
 142077000   48    1
 138667000   49    1
 134534000   50    1
 131165000   51    1
 128185000   52    1
 125867000   53    1
 124039000   54    1
 121290000   55    1
 120476000   56    1
 122150000   57    1
 122603000   58    1
 124716000   59    1
 129305000   60    1
 134769000   61    1
 137631000   62    1
 139351000   63    1
 140991000   64    1
 140481000   65    1
 140852000   66    1
 142549000   67    1
 146660000   68    1
 154662000   69    1
 161275000   70    1
 167118000   71    1
 174090000   72    1
 175943000   73    1
 175592000   74    1
 171040000   75    1
 168433000   76    1
 168824000   77    1
 167983000   78    1
 164263000   79    1
 161432000   80    1
 160867000   81    1
 161098000   82    1
 163548000   83    1
 165663000   84    1
 165354000   85    1
 165363000   86    1
 165698000   87    1
 164373000   88    1
 162912000   89    1
 162889000   90    1
 165517000   91    1
 165102000   92    1
 163634000   93    1
 163477000   94    1
 163714000   95    1
 164910000   96    1
 164801000   97    1
 167127000   98    1
 164341000   99    1
 162794000  100    1
13 #_N_cpue
 #_Fleet Units Errtype
       1     1       0
       2     1       0
       3     1       0
 #_year seas index        obs se_log
     76    1     2 2412917315    0.2
     78    1     2 2480729770    0.2
     80    1     2 1753254146    0.2
     82    1     2 1825832757    0.2
     84    1     2 2222450125    0.2
     86    1     2 2596424385    0.2
     88    1     2 2084922996    0.2
     90    1     2 2583671391    0.2
     92    1     2 2009891669    0.2
     94    1     2 2459341305    0.2
     96    1     2 3235063704    0.2
     98    1     2 4140578422    0.2
    100    1     2 1611920504    0.2
0 #_N_discard_fleets
#_discard_units (1=same_as_catchunits(bio/num); 2=fraction; 3=numbers)
#_discard_errtype:  >0 for DF of T-dist(read CV below); 0 for normal with CV; -1 for normal with se; -2 for lognormal
0 #_N_discard
0 #_N_meanbodywt
1 #_DF_for_meanbodywt_T-distribution_like
2 # length bin method: 1=use databins; 2=generate from binwidth,min,max below; 3=read vector
1 # binwidth for population size comp
10 # minimum size in the population (lower edge of first bin and size at age 0.00)
200 # maximum size in the population (lower edge of last bin)
-0.001 #_comp_tail_compression
1e-05 #_add_to_comp
0 #_combine males into females at or below this bin number
21 #_N_lbins
#_lbin_vector
10 53 70 83 94 101 107 111 114 117 120 123 125 127 130 132 135 138 142 148 200
0 #_N_Length_comp_observations
25 #_N_agebins
#_agebin_vector
1 2 3 4 5 6 7 8 9 10 11 12 13 14 15 16 17 18 19 20 21 22 23 24 25
1 #_N_ageerror_definitions
 #_age0   age1   age2   age3   age4   age5   age6   age7   age8   age9  age10  age11  age12  age13  age14  age15  age16  age17  age18  age19  age20  age21  age22  age23  age24  age25
 -1.000 -1.000 -1.000 -1.000 -1.000 -1.000 -1.000 -1.000 -1.000 -1.000 -1.000 -1.000 -1.000 -1.000 -1.000 -1.000 -1.000 -1.000 -1.000 -1.000 -1.000 -1.000 -1.000 -1.000 -1.000 -1.000
  0.001  0.001  0.001  0.001  0.001  0.001  0.001  0.001  0.001  0.001  0.001  0.001  0.001  0.001  0.001  0.001  0.001  0.001  0.001  0.001  0.001  0.001  0.001  0.001  0.001  0.001
22 #_N_agecomp
1 #_Lbin_method: 1=poplenbins; 2=datalenbins; 3=lengths
-1 #_combine males into females at or below this bin number
 #_Yr Seas FltSvy Gender Part Ageerr Lbin_lo Lbin_hi Nsamp         a1         a2        a3         a4         a5         a6         a7         a8         a9        a10         a11         a12         a13         a14         a15          a16          a17          a18         a19          a20          a21          a22          a23          a24          a25
   50    1      1      0    0      1      -1      -1   500 0.02675186 0.14539973 0.1510673 0.12007868 0.14656272 0.05715835 0.04597666 0.08013894 0.06222529 0.03482873 0.063949847 0.026841184 0.008097963 0.001297016 0.012636103 0.0003596414 0.0007123449 0.0038622334 0.002691506 1.885438e-03 2.149734e-03 8.362362e-04 2.141159e-03 1.763690e-06 2.349606e-03
   55    1      1      0    0      1      -1      -1   500 0.02733899 0.13506658 0.1751127 0.15383474 0.12532783 0.09697436 0.05080641 0.03197453 0.05552771 0.04039755 0.006348625 0.008225253 0.021631735 0.013310048 0.025431802 0.0115412871 0.0018813405 0.0030027138 0.001816020 8.336314e-03 7.269504e-05 2.655606e-03 3.181443e-04 7.324195e-05 2.993797e-03
   60    1      1      0    0      1      -1      -1   500 0.01900355 0.19522657 0.2188795 0.13005391 0.08262066 0.10589666 0.06708483 0.05359847 0.03091427 0.01700548 0.019056118 0.012178356 0.021852705 0.004110807 0.004050459 0.0007565693 0.0039230371 0.0006900191 0.005210369 2.544199e-03 6.939908e-04 1.394893e-03 1.977638e-04 1.127548e-03 1.929262e-03
   65    1      1      0    0      1      -1      -1   500 0.02194806 0.16883432 0.1438125 0.17530942 0.11016423 0.10269851 0.07350364 0.05291956 0.04463540 0.01521843 0.049090901 0.013051497 0.002510252 0.001789991 0.006988630 0.0068889015 0.0008579710 0.0011299532 0.002747590 2.021410e-03 1.462266e-05 1.933016e-06 3.280781e-06 7.358651e-05 3.785407e-03
   70    1      1      0    0      1      -1      -1   500 0.03090807 0.09114029 0.2530316 0.19929872 0.08557231 0.08982951 0.05954824 0.02987515 0.04159594 0.01935428 0.023718386 0.020167895 0.027528545 0.004974506 0.009280366 0.0089446067 0.0003406075 0.0007329499 0.001202790 2.143466e-05 2.155117e-04 2.452837e-03 1.030506e-05 8.732180e-05 1.677825e-04
   75    1      1      0    0      1      -1      -1   500 0.03300704 0.13745539 0.1012539 0.16013021 0.08087273 0.16253089 0.03548849 0.09757537 0.08031467 0.03305449 0.017991066 0.011064820 0.002631956 0.011407205 0.002985951 0.0038172538 0.0077888649 0.0126240215 0.005614605 1.157696e-03 1.049406e-03 3.355989e-06 2.759660e-05 3.487602e-09 1.530143e-04
   80    1      1      0    0      1      -1      -1   500 0.02312270 0.20936440 0.1358894 0.08772185 0.14207737 0.12176872 0.06249357 0.01884959 0.05573571 0.01576659 0.042995638 0.013694955 0.018522658 0.022390006 0.004688774 0.0023899912 0.0051354508 0.0019744393 0.004201653 3.309629e-03 4.837409e-05 6.434488e-03 8.094341e-05 1.507867e-05 1.328035e-03
   85    1      1      0    0      1      -1      -1   500 0.02262438 0.12888519 0.1542286 0.18424205 0.12882955 0.09431045 0.08846067 0.03468524 0.02007339 0.04363249 0.037436827 0.014279298 0.007021901 0.008186552 0.003357111 0.0062387734 0.0026934358 0.0084614008 0.003744806 1.972225e-03 4.728267e-04 1.222659e-04 1.999206e-03 3.341077e-03 7.003313e-04
   90    1      1      0    0      1      -1      -1   500 0.01512201 0.23759412 0.1980214 0.12123237 0.07547825 0.07833483 0.05406951 0.04638803 0.04379592 0.03572396 0.010325233 0.016219186 0.002757665 0.015987075 0.012946233 0.0092967289 0.0028908857 0.0065088593 0.001633945 8.082157e-04 7.947370e-03 3.843202e-03 3.636082e-05 2.579956e-03 4.586936e-04
   95    1      1      0    0      1      -1      -1   500 0.00740224 0.19878664 0.1339282 0.20944030 0.06259094 0.08495633 0.11252098 0.05530418 0.03544781 0.01618217 0.017730591 0.005426411 0.010085697 0.008631027 0.013537231 0.0072990287 0.0097383758 0.0011756907 0.001760551 2.921685e-03 1.463188e-03 8.669808e-05 1.426551e-05 3.985809e-06 3.565780e-03
  100    1      1      0    0      1      -1      -1   500 0.02138542 0.24477397 0.1539629 0.08350962 0.17463301 0.04884024 0.09034793 0.03797002 0.04775124 0.01019670 0.013503352 0.025020129 0.011322645 0.009993282 0.004976083 0.0089124103 0.0039828075 0.0007109394 0.003921670 2.652422e-03 5.519021e-05 6.950717e-04 8.476454e-04 8.818455e-06 2.651162e-05
   50    1      2      0    0      1      -1      -1   500 0.04200000 0.20200000 0.1140000 0.16800000 0.13800000 0.03600000 0.04200000 0.04600000 0.06000000 0.04600000 0.040000000 0.016000000 0.008000000 0.008000000 0.010000000 0.0040000000 0.0040000000 0.0000000000 0.002000000 2.000000e-03 0.000000e+00 0.000000e+00 2.000000e-03 2.000000e-03 8.000000e-03
   55    1      2      0    0      1      -1      -1   500 0.07600000 0.17200000 0.1500000 0.13000000 0.10600000 0.08600000 0.07600000 0.04200000 0.04400000 0.03200000 0.020000000 0.006000000 0.010000000 0.008000000 0.010000000 0.0120000000 0.0060000000 0.0060000000 0.004000000 2.000000e-03 0.000000e+00 0.000000e+00 0.000000e+00 0.000000e+00 2.000000e-03
   60    1      2      0    0      1      -1      -1   500 0.03600000 0.24800000 0.1820000 0.13200000 0.08400000 0.10600000 0.04200000 0.03800000 0.03200000 0.02400000 0.014000000 0.014000000 0.014000000 0.006000000 0.006000000 0.0060000000 0.0000000000 0.0020000000 0.004000000 0.000000e+00 4.000000e-03 0.000000e+00 2.000000e-03 2.000000e-03 2.000000e-03
   65    1      2      0    0      1      -1      -1   500 0.06000000 0.19000000 0.1440000 0.15800000 0.06000000 0.07200000 0.08800000 0.05800000 0.04200000 0.02800000 0.030000000 0.012000000 0.004000000 0.018000000 0.004000000 0.0080000000 0.0060000000 0.0040000000 0.002000000 2.000000e-03 4.000000e-03 0.000000e+00 0.000000e+00 0.000000e+00 6.000000e-03
   70    1      2      0    0      1      -1      -1   500 0.09000000 0.12200000 0.2120000 0.18800000 0.10400000 0.07400000 0.04800000 0.02000000 0.04400000 0.01000000 0.024000000 0.026000000 0.008000000 0.004000000 0.008000000 0.0040000000 0.0040000000 0.0020000000 0.004000000 4.000000e-03 0.000000e+00 0.000000e+00 0.000000e+00 0.000000e+00 0.000000e+00
   75    1      2      0    0      1      -1      -1   500 0.08200000 0.16800000 0.0800000 0.17800000 0.06800000 0.18000000 0.04400000 0.06600000 0.04800000 0.02600000 0.018000000 0.016000000 0.000000000 0.000000000 0.010000000 0.0040000000 0.0100000000 0.0000000000 0.000000000 2.000000e-03 0.000000e+00 0.000000e+00 0.000000e+00 0.000000e+00 0.000000e+00
   80    1      2      0    0      1      -1      -1   500 0.03200000 0.26800000 0.1100000 0.10200000 0.10600000 0.13200000 0.05600000 0.02400000 0.05800000 0.01400000 0.034000000 0.012000000 0.014000000 0.008000000 0.010000000 0.0100000000 0.0040000000 0.0060000000 0.000000000 0.000000e+00 0.000000e+00 0.000000e+00 0.000000e+00 0.000000e+00 0.000000e+00
   85    1      2      0    0      1      -1      -1   500 0.05600000 0.14600000 0.1360000 0.18800000 0.13600000 0.07200000 0.07200000 0.03600000 0.01200000 0.04600000 0.034000000 0.012000000 0.006000000 0.010000000 0.004000000 0.0120000000 0.0060000000 0.0020000000 0.004000000 2.000000e-03 0.000000e+00 2.000000e-03 0.000000e+00 0.000000e+00 6.000000e-03
   90    1      2      0    0      1      -1      -1   500 0.03200000 0.24800000 0.1540000 0.11000000 0.10200000 0.12200000 0.04600000 0.03200000 0.06200000 0.03200000 0.010000000 0.016000000 0.004000000 0.004000000 0.004000000 0.0060000000 0.0020000000 0.0020000000 0.002000000 6.000000e-03 2.000000e-03 0.000000e+00 0.000000e+00 2.000000e-03 0.000000e+00
   95    1      2      0    0      1      -1      -1   500 0.01200000 0.33800000 0.1160000 0.16800000 0.05600000 0.07000000 0.09000000 0.03400000 0.04200000 0.01600000 0.020000000 0.010000000 0.006000000 0.002000000 0.006000000 0.0060000000 0.0020000000 0.0020000000 0.000000000 2.000000e-03 2.000000e-03 0.000000e+00 0.000000e+00 0.000000e+00 0.000000e+00
  100    1      2      0    0      1      -1      -1   500 0.03200000 0.26600000 0.1080000 0.09600000 0.16200000 0.04000000 0.09400000 0.02600000 0.05200000 0.01600000 0.026000000 0.030000000 0.004000000 0.012000000 0.004000000 0.0140000000 0.0020000000 0.0000000000 0.006000000 0.000000e+00 0.000000e+00 4.000000e-03 2.000000e-03 0.000000e+00 4.000000e-03
0 #_N_MeanSize_at_Age_obs
0 #_N_environ_variables
0 #_N_environ_obs
0 #_N_sizefreq_methods
0 #_do_tags
0 #_morphcomp_data
#
999
