#C data file created using the SS_writedat function in the R package r4ss
#C should work with SS version: 
#C file write time: 2014-11-06 00:10:40
#
1 #_styr
100 #_endyr
1 #_nseas
12 #_months_per_seas
1 #_spawn_seas
1 #_Nfleet
2 #_Nsurveys
1 #_N_areas
Fishery%Survey%CPUE #_fleetnames
0.5 0.5 0.5 #_surveytiming_in_season
1 1 1 #_area_assignments_for_each_fishery_and_survey
1 #_units of catch:  1=bio; 2=num
0.01 #_se of log(catch) only used for init_eq_catch and for Fmethod 2 and 3
1 #_Ngenders
25 #_Nages
0 #_init_equil_catch_for_each_fishery
100 #_N_lines_of_catch_to_read
 #_Fishery year seas
         0    1    1
         0    2    1
         0    3    1
         0    4    1
         0    5    1
         0    6    1
         0    7    1
         0    8    1
         0    9    1
         0   10    1
         0   11    1
         0   12    1
         0   13    1
         0   14    1
         0   15    1
         0   16    1
         0   17    1
         0   18    1
         0   19    1
         0   20    1
         0   21    1
         0   22    1
         0   23    1
         0   24    1
         0   25    1
 303607000   26    1
 289688000   27    1
 273921000   28    1
 257769000   29    1
 244950000   30    1
 229833000   31    1
 215324000   32    1
 201100000   33    1
 188072000   34    1
 180384000   35    1
 181257000   36    1
 182521000   37    1
 180242000   38    1
 176105000   39    1
 173665000   40    1
 171589000   41    1
 168302000   42    1
 166110000   43    1
 163723000   44    1
 161524000   45    1
 162080000   46    1
 164420000   47    1
 166889000   48    1
 171439000   49    1
 172836000   50    1
 168967000   51    1
 161993000   52    1
 156023000   53    1
 152621000   54    1
 148517000   55    1
 143951000   56    1
 140461000   57    1
 136332000   58    1
 132010000   59    1
 132944000   60    1
 137761000   61    1
 139598000   62    1
 138150000   63    1
 134271000   64    1
 131294000   65    1
 129951000   66    1
 129688000   67    1
 133239000   68    1
 134967000   69    1
 134155000   70    1
 131779000   71    1
 133296000   72    1
 134326000   73    1
 133893000   74    1
 136482000   75    1
 141267000   76    1
 145704000   77    1
 149647000   78    1
 151411000   79    1
 149289000   80    1
 145178000   81    1
 140984000   82    1
 135202000   83    1
 129068000   84    1
 125579000   85    1
 126513000   86    1
 131996000   87    1
 135968000   88    1
 139171000   89    1
 143061000   90    1
 145619000   91    1
 149204000   92    1
 150795000   93    1
 153118000   94    1
 159110000   95    1
 162626000   96    1
 163288000   97    1
 159456000   98    1
 153827000   99    1
 148811000  100    1
13 #_N_cpue
 #_Fleet Units Errtype
       1     1       0
       2     1       0
       3     1       0
 #_year seas index        obs se_log
     76    1     2 1793260069    0.2
     78    1     2 2340621543    0.2
     80    1     2 2631241823    0.2
     82    1     2 1654294021    0.2
     84    1     2 1678041838    0.2
     86    1     2 1339848695    0.2
     88    1     2 2179854752    0.2
     90    1     2 2450852882    0.2
     92    1     2 2588841999    0.2
     94    1     2 1854481261    0.2
     96    1     2 3283265737    0.2
     98    1     2 2061235530    0.2
    100    1     2 3488351298    0.2
0 #_N_discard_fleets
#_discard_units (1=same_as_catchunits(bio/num); 2=fraction; 3=numbers)
#_discard_errtype:  >0 for DF of T-dist(read CV below); 0 for normal with CV; -1 for normal with se; -2 for lognormal
0 #_N_discard
0 #_N_meanbodywt
1 #_DF_for_meanbodywt_T-distribution_like
2 # length bin method: 1=use databins; 2=generate from binwidth,min,max below; 3=read vector
1 # binwidth for population size comp
10 # minimum size in the population (lower edge of first bin and size at age 0.00)
200 # maximum size in the population (lower edge of last bin)
-0.001 #_comp_tail_compression
1e-05 #_add_to_comp
0 #_combine males into females at or below this bin number
21 #_N_lbins
#_lbin_vector
10 53 70 83 94 101 107 111 114 117 120 123 125 127 130 132 135 138 142 148 200
0 #_N_Length_comp_observations
25 #_N_agebins
#_agebin_vector
1 2 3 4 5 6 7 8 9 10 11 12 13 14 15 16 17 18 19 20 21 22 23 24 25
1 #_N_ageerror_definitions
 #_age0   age1   age2   age3   age4   age5   age6   age7   age8   age9  age10  age11  age12  age13  age14  age15  age16  age17  age18  age19  age20  age21  age22  age23  age24  age25
 -1.000 -1.000 -1.000 -1.000 -1.000 -1.000 -1.000 -1.000 -1.000 -1.000 -1.000 -1.000 -1.000 -1.000 -1.000 -1.000 -1.000 -1.000 -1.000 -1.000 -1.000 -1.000 -1.000 -1.000 -1.000 -1.000
  0.001  0.001  0.001  0.001  0.001  0.001  0.001  0.001  0.001  0.001  0.001  0.001  0.001  0.001  0.001  0.001  0.001  0.001  0.001  0.001  0.001  0.001  0.001  0.001  0.001  0.001
34 #_N_agecomp
1 #_Lbin_method: 1=poplenbins; 2=datalenbins; 3=lengths
-1 #_combine males into females at or below this bin number
 #_Yr Seas FltSvy Gender Part Ageerr Lbin_lo Lbin_hi Nsamp          a1         a2         a3         a4         a5         a6         a7         a8         a9         a10         a11         a12         a13         a14         a15          a16         a17          a18          a19          a20          a21          a22          a23          a24          a25
   50    1      1      0    0      1      -1      -1   500 0.010636498 0.09896966 0.25251994 0.20130148 0.09625678 0.11153111 0.06041155 0.03893361 0.03299628 0.024649712 0.015705065 0.017824971 0.012240928 0.004253241 0.005113264 0.0039656982 0.004677718 0.0006514608 6.628943e-04 0.0009717680 7.447319e-05 3.648583e-04 5.453707e-04 2.523080e-03 2.218578e-03
   60    1      1      0    0      1      -1      -1   500 0.018727902 0.26298676 0.17675546 0.07908005 0.11488727 0.10073287 0.03460614 0.05347153 0.05448671 0.013748772 0.010483856 0.019659806 0.023795241 0.009205584 0.002567860 0.0079887374 0.005139728 0.0030578258 1.410389e-03 0.0028421846 8.229088e-04 1.269499e-03 1.140419e-03 1.815710e-07 1.132308e-03
   70    1      1      0    0      1      -1      -1   500 0.033247136 0.05947451 0.17574272 0.16844837 0.22951716 0.05392483 0.07909097 0.04047774 0.02126825 0.024400330 0.025522362 0.044283633 0.017176842 0.004191682 0.002974816 0.0036355670 0.005890021 0.0051777189 7.459439e-04 0.0004418240 2.002463e-03 1.254583e-04 2.000537e-04 1.067078e-03 9.725132e-04
   75    1      1      0    0      1      -1      -1   500 0.010226504 0.19946756 0.20810915 0.08351891 0.16509266 0.11925291 0.01445317 0.05981773 0.02416609 0.051629351 0.009268884 0.017294789 0.012788645 0.002263875 0.006115497 0.0014533151 0.007928784 0.0040405180 7.389108e-05 0.0003021518 7.468621e-04 1.277878e-03 2.734112e-04 1.374495e-05 4.237361e-04
   76    1      1      0    0      1      -1      -1   500 0.013497038 0.17383713 0.25472970 0.16959073 0.05515904 0.10113376 0.09298504 0.01243037 0.02597063 0.027946094 0.030216145 0.004192335 0.005951366 0.006543380 0.003477661 0.0054187030 0.003917609 0.0063472376 9.880456e-04 0.0015096932 2.074332e-03 8.081183e-04 4.780231e-06 3.624987e-05 1.234803e-03
   79    1      1      0    0      1      -1      -1   500 0.006333290 0.10490801 0.20286519 0.15119099 0.14572937 0.11076099 0.08024037 0.03395182 0.03825977 0.047427160 0.003947883 0.018337019 0.011080064 0.018530686 0.001146948 0.0031751501 0.003726783 0.0012006182 1.617570e-03 0.0027336582 1.230271e-02 7.913501e-05 2.659852e-05 3.390219e-04 8.919033e-05
   82    1      1      0    0      1      -1      -1   500 0.009552313 0.14376925 0.18628326 0.08937835 0.09958843 0.11329904 0.07015467 0.06174981 0.07662059 0.027489574 0.015748774 0.031911991 0.013439116 0.001690476 0.013149997 0.0141911339 0.010221576 0.0012692327 4.332627e-03 0.0009898402 2.231759e-03 7.209466e-04 5.006445e-03 4.641145e-03 2.569658e-03
   85    1      1      0    0      1      -1      -1   500 0.039470525 0.20943682 0.19911954 0.08495224 0.06716480 0.06919502 0.04310901 0.05100603 0.04622781 0.061169891 0.028355058 0.033124540 0.013757448 0.007243548 0.013714492 0.0106311427 0.009940560 0.0008716046 1.215789e-04 0.0081336913 2.156312e-06 7.730611e-04 2.561218e-04 4.591100e-05 2.177411e-03
   88    1      1      0    0      1      -1      -1   500 0.026975344 0.12885117 0.21917522 0.26821814 0.08164334 0.06495818 0.03431272 0.03771002 0.02690427 0.016138448 0.009013126 0.029718291 0.017245164 0.009386049 0.005524476 0.0066591654 0.002910190 0.0048129256 3.417667e-03 0.0024491792 2.039337e-03 4.085220e-05 1.105773e-03 1.024510e-05 7.807039e-04
   89    1      1      0    0      1      -1      -1   500 0.017811327 0.18838617 0.11866924 0.18205581 0.17495317 0.09493621 0.06455242 0.02961927 0.01527919 0.028711340 0.010517311 0.008823119 0.021879793 0.010768121 0.007693165 0.0066814415 0.002239488 0.0014194715 2.317047e-03 0.0042537466 2.550552e-03 1.752424e-03 1.962111e-04 2.714318e-03 1.219644e-03
   91    1      1      0    0      1      -1      -1   500 0.017316828 0.20185207 0.15270034 0.18408908 0.07881210 0.07937239 0.11541373 0.04900765 0.03489509 0.006748386 0.018411163 0.005735090 0.005803187 0.011281815 0.010111099 0.0106526735 0.005570016 0.0024440021 2.134786e-03 0.0008675919 4.510662e-04 1.512457e-04 1.546791e-03 4.369291e-04 4.194871e-03
   93    1      1      0    0      1      -1      -1   500 0.042623803 0.10607397 0.24911843 0.17979559 0.08303327 0.10103152 0.03569602 0.07098347 0.04966955 0.018356029 0.016758425 0.011319691 0.007361123 0.004350043 0.004520305 0.0061843042 0.001969878 0.0028639941 5.117936e-04 0.0032091193 1.231163e-03 2.391402e-06 4.808861e-04 2.996106e-05 2.825270e-03
   95    1      1      0    0      1      -1      -1   500 0.017139741 0.16132874 0.30134806 0.07474865 0.11477133 0.09587054 0.04798415 0.05864375 0.01981013 0.029967682 0.031924541 0.016702209 0.015150465 0.001567291 0.003554499 0.0004552401 0.001690245 0.0041658895 1.520167e-03 0.0001788173 1.702829e-04 8.569388e-04 1.182193e-06 1.338952e-07 4.493232e-04
   97    1      1      0    0      1      -1      -1   500 0.005659246 0.09733222 0.21150808 0.13773429 0.19678985 0.07736078 0.06954542 0.07819401 0.01211441 0.022500771 0.017261592 0.014178516 0.020998508 0.012990556 0.001616158 0.0022884095 0.007037239 0.0043584509 7.416921e-03 0.0001871836 6.036390e-04 1.356423e-03 1.217430e-05 8.946733e-04 6.048472e-05
   98    1      1      0    0      1      -1      -1   500 0.023101588 0.08375261 0.15086700 0.17213661 0.10905391 0.17093438 0.03331352 0.05804920 0.04026457 0.027724400 0.040206321 0.021752004 0.012238553 0.021937975 0.004335491 0.0060585912 0.001428105 0.0072693468 1.504176e-04 0.0022861598 9.883839e-04 5.080537e-05 1.238916e-03 3.198868e-03 7.662279e-03
   99    1      1      0    0      1      -1      -1   500 0.022024988 0.15237352 0.09979509 0.12117238 0.13879628 0.07584620 0.13892364 0.04458768 0.05357427 0.039163571 0.017806575 0.022215539 0.008218015 0.020462370 0.015941339 0.0067677103 0.008028202 0.0032497254 1.816271e-03 0.0043373885 1.488163e-06 6.630944e-07 8.327291e-04 1.808267e-03 2.256093e-03
  100    1      1      0    0      1      -1      -1   500 0.026983776 0.15321821 0.19174102 0.08171134 0.06618380 0.11334757 0.09685811 0.10165664 0.02798794 0.044187627 0.029886163 0.021188147 0.016055496 0.003755990 0.004043584 0.0060891531 0.006316300 0.0008605383 3.007291e-03 0.0010035755 5.195292e-04 2.365540e-03 2.085274e-04 6.938420e-05 7.547487e-04
   50    1      2      0    0      1      -1      -1   500 0.026000000 0.11800000 0.17200000 0.25000000 0.08400000 0.10400000 0.06400000 0.03800000 0.04400000 0.024000000 0.020000000 0.016000000 0.000000000 0.006000000 0.006000000 0.0100000000 0.006000000 0.0060000000 2.000000e-03 0.0020000000 0.000000e+00 0.000000e+00 0.000000e+00 0.000000e+00 2.000000e-03
   60    1      2      0    0      1      -1      -1   500 0.050000000 0.33000000 0.19400000 0.06000000 0.08800000 0.05400000 0.04000000 0.05000000 0.03200000 0.020000000 0.006000000 0.008000000 0.020000000 0.016000000 0.008000000 0.0100000000 0.002000000 0.0000000000 0.000000e+00 0.0020000000 2.000000e-03 0.000000e+00 0.000000e+00 0.000000e+00 8.000000e-03
   70    1      2      0    0      1      -1      -1   500 0.072000000 0.05200000 0.20000000 0.12600000 0.20400000 0.07200000 0.07800000 0.03600000 0.02400000 0.016000000 0.032000000 0.036000000 0.010000000 0.002000000 0.014000000 0.0120000000 0.000000000 0.0040000000 2.000000e-03 0.0000000000 2.000000e-03 2.000000e-03 0.000000e+00 2.000000e-03 2.000000e-03
   75    1      2      0    0      1      -1      -1   500 0.050000000 0.28000000 0.19200000 0.07400000 0.09000000 0.09800000 0.01600000 0.04800000 0.04000000 0.052000000 0.012000000 0.014000000 0.004000000 0.006000000 0.002000000 0.0060000000 0.004000000 0.0040000000 0.000000e+00 0.0020000000 0.000000e+00 0.000000e+00 0.000000e+00 2.000000e-03 4.000000e-03
   76    1      2      0    0      1      -1      -1   500 0.042000000 0.19800000 0.27400000 0.13600000 0.06200000 0.07600000 0.07200000 0.02200000 0.01600000 0.008000000 0.034000000 0.002000000 0.022000000 0.004000000 0.000000000 0.0040000000 0.004000000 0.0060000000 4.000000e-03 0.0040000000 2.000000e-03 2.000000e-03 0.000000e+00 2.000000e-03 4.000000e-03
   79    1      2      0    0      1      -1      -1   500 0.034000000 0.16800000 0.19400000 0.15800000 0.09800000 0.11200000 0.05400000 0.02800000 0.05600000 0.036000000 0.004000000 0.006000000 0.016000000 0.020000000 0.002000000 0.0080000000 0.002000000 0.0000000000 2.000000e-03 0.0000000000 2.000000e-03 0.000000e+00 0.000000e+00 0.000000e+00 0.000000e+00
   82    1      2      0    0      1      -1      -1   500 0.026000000 0.18200000 0.16800000 0.09600000 0.08600000 0.11000000 0.08200000 0.06600000 0.05000000 0.038000000 0.010000000 0.022000000 0.020000000 0.004000000 0.008000000 0.0060000000 0.004000000 0.0020000000 4.000000e-03 0.0020000000 2.000000e-03 2.000000e-03 4.000000e-03 0.000000e+00 6.000000e-03
   85    1      2      0    0      1      -1      -1   500 0.088000000 0.22000000 0.18800000 0.09800000 0.08800000 0.08600000 0.03200000 0.03200000 0.02600000 0.038000000 0.026000000 0.030000000 0.008000000 0.002000000 0.016000000 0.0160000000 0.000000000 0.0000000000 2.000000e-03 0.0020000000 0.000000e+00 0.000000e+00 0.000000e+00 0.000000e+00 2.000000e-03
   88    1      2      0    0      1      -1      -1   500 0.050000000 0.13200000 0.21800000 0.21000000 0.11400000 0.07200000 0.03000000 0.02600000 0.02200000 0.018000000 0.018000000 0.026000000 0.022000000 0.008000000 0.010000000 0.0060000000 0.004000000 0.0000000000 4.000000e-03 0.0020000000 0.000000e+00 2.000000e-03 0.000000e+00 0.000000e+00 6.000000e-03
   89    1      2      0    0      1      -1      -1   500 0.020000000 0.29400000 0.10200000 0.18200000 0.14800000 0.08800000 0.04600000 0.01600000 0.01400000 0.042000000 0.008000000 0.010000000 0.006000000 0.008000000 0.004000000 0.0060000000 0.002000000 0.0020000000 0.000000e+00 0.0000000000 0.000000e+00 2.000000e-03 0.000000e+00 0.000000e+00 0.000000e+00
   91    1      2      0    0      1      -1      -1   500 0.038000000 0.23000000 0.11800000 0.18000000 0.06400000 0.11600000 0.08600000 0.04400000 0.04200000 0.010000000 0.016000000 0.018000000 0.006000000 0.006000000 0.008000000 0.0020000000 0.006000000 0.0020000000 2.000000e-03 0.0020000000 0.000000e+00 0.000000e+00 0.000000e+00 2.000000e-03 2.000000e-03
   93    1      2      0    0      1      -1      -1   500 0.082000000 0.14000000 0.19000000 0.16600000 0.07200000 0.11600000 0.03600000 0.06200000 0.03800000 0.018000000 0.022000000 0.012000000 0.008000000 0.004000000 0.010000000 0.0000000000 0.004000000 0.0040000000 4.000000e-03 0.0040000000 2.000000e-03 0.000000e+00 2.000000e-03 0.000000e+00 4.000000e-03
   95    1      2      0    0      1      -1      -1   500 0.028000000 0.18000000 0.25200000 0.09800000 0.10200000 0.09400000 0.04800000 0.07000000 0.01200000 0.024000000 0.036000000 0.018000000 0.010000000 0.004000000 0.004000000 0.0100000000 0.000000000 0.0020000000 0.000000e+00 0.0020000000 0.000000e+00 2.000000e-03 2.000000e-03 0.000000e+00 2.000000e-03
   97    1      2      0    0      1      -1      -1   500 0.026000000 0.12000000 0.20000000 0.12600000 0.18400000 0.04800000 0.08200000 0.08600000 0.03200000 0.034000000 0.010000000 0.012000000 0.012000000 0.004000000 0.002000000 0.0040000000 0.000000000 0.0060000000 0.000000e+00 0.0000000000 6.000000e-03 2.000000e-03 0.000000e+00 2.000000e-03 2.000000e-03
   98    1      2      0    0      1      -1      -1   500 0.030000000 0.10600000 0.10200000 0.16800000 0.11200000 0.16400000 0.04800000 0.06400000 0.06000000 0.034000000 0.042000000 0.010000000 0.022000000 0.010000000 0.012000000 0.0040000000 0.000000000 0.0000000000 2.000000e-03 0.0000000000 2.000000e-03 0.000000e+00 6.000000e-03 2.000000e-03 0.000000e+00
   99    1      2      0    0      1      -1      -1   500 0.032000000 0.19800000 0.12400000 0.10000000 0.14600000 0.08600000 0.13800000 0.01800000 0.04200000 0.030000000 0.016000000 0.026000000 0.008000000 0.010000000 0.010000000 0.0100000000 0.000000000 0.0000000000 0.000000e+00 0.0000000000 2.000000e-03 0.000000e+00 0.000000e+00 0.000000e+00 4.000000e-03
  100    1      2      0    0      1      -1      -1   500 0.062000000 0.20000000 0.16800000 0.06200000 0.07000000 0.09400000 0.07800000 0.11800000 0.02200000 0.036000000 0.020000000 0.008000000 0.012000000 0.006000000 0.012000000 0.0180000000 0.006000000 0.0020000000 0.000000e+00 0.0060000000 0.000000e+00 0.000000e+00 0.000000e+00 0.000000e+00 0.000000e+00
0 #_N_MeanSize_at_Age_obs
0 #_N_environ_variables
0 #_N_environ_obs
0 #_N_sizefreq_methods
0 #_do_tags
0 #_morphcomp_data
#
999
