#C data file created using the SS_writedat function in the R package r4ss
#C should work with SS version: 
#C file write time: 2014-11-06 01:01:18
#
1 #_styr
100 #_endyr
1 #_nseas
12 #_months_per_seas
1 #_spawn_seas
1 #_Nfleet
2 #_Nsurveys
1 #_N_areas
Fishery%Survey%CPUE #_fleetnames
0.5 0.5 0.5 #_surveytiming_in_season
1 1 1 #_area_assignments_for_each_fishery_and_survey
1 #_units of catch:  1=bio; 2=num
0.01 #_se of log(catch) only used for init_eq_catch and for Fmethod 2 and 3
1 #_Ngenders
25 #_Nages
0 #_init_equil_catch_for_each_fishery
100 #_N_lines_of_catch_to_read
 #_Fishery year seas
         0    1    1
         0    2    1
         0    3    1
         0    4    1
         0    5    1
         0    6    1
         0    7    1
         0    8    1
         0    9    1
         0   10    1
         0   11    1
         0   12    1
         0   13    1
         0   14    1
         0   15    1
         0   16    1
         0   17    1
         0   18    1
         0   19    1
         0   20    1
         0   21    1
         0   22    1
         0   23    1
         0   24    1
         0   25    1
 236686000   26    1
 220286000   27    1
 205341000   28    1
 197112000   29    1
 192429000   30    1
 187165000   31    1
 185484000   32    1
 191310000   33    1
 195999000   34    1
 193639000   35    1
 188182000   36    1
 181566000   37    1
 178252000   38    1
 176108000   39    1
 173510000   40    1
 170141000   41    1
 163949000   42    1
 156463000   43    1
 150091000   44    1
 146580000   45    1
 143344000   46    1
 139202000   47    1
 137685000   48    1
 139006000   49    1
 138022000   50    1
 137999000   51    1
 139046000   52    1
 143505000   53    1
 144645000   54    1
 145528000   55    1
 149225000   56    1
 151952000   57    1
 151431000   58    1
 150296000   59    1
 151454000   60    1
 152818000   61    1
 151875000   62    1
 149436000   63    1
 150632000   64    1
 157354000   65    1
 162763000   66    1
 167058000   67    1
 172746000   68    1
 173919000   69    1
 175804000   70    1
 181189000   71    1
 181171000   72    1
 177509000   73    1
 173006000   74    1
 168177000   75    1
 161468000   76    1
 156643000   77    1
 156783000   78    1
 159960000   79    1
 160670000   80    1
 160329000   81    1
 159790000   82    1
 159259000   83    1
 157954000   84    1
 157567000   85    1
 161697000   86    1
 167243000   87    1
 169842000   88    1
 175674000   89    1
 181762000   90    1
 181437000   91    1
 179827000   92    1
 179019000   93    1
 178382000   94    1
 177086000   95    1
 177344000   96    1
 179285000   97    1
 177407000   98    1
 173588000   99    1
 170357000  100    1
13 #_N_cpue
 #_Fleet Units Errtype
       1     1       0
       2     1       0
       3     1       0
 #_year seas index        obs se_log
     76    1     2 2171313881    0.2
     78    1     2 1330751228    0.2
     80    1     2 2738063721    0.2
     82    1     2 2141425690    0.2
     84    1     2 2440704291    0.2
     86    1     2 1195563125    0.2
     88    1     2 2642379257    0.2
     90    1     2 2221024223    0.2
     92    1     2 2601358072    0.2
     94    1     2 1587751640    0.2
     96    1     2 2217971208    0.2
     98    1     2 3374369999    0.2
    100    1     2 2248445544    0.2
0 #_N_discard_fleets
#_discard_units (1=same_as_catchunits(bio/num); 2=fraction; 3=numbers)
#_discard_errtype:  >0 for DF of T-dist(read CV below); 0 for normal with CV; -1 for normal with se; -2 for lognormal
0 #_N_discard
0 #_N_meanbodywt
1 #_DF_for_meanbodywt_T-distribution_like
2 # length bin method: 1=use databins; 2=generate from binwidth,min,max below; 3=read vector
1 # binwidth for population size comp
10 # minimum size in the population (lower edge of first bin and size at age 0.00)
200 # maximum size in the population (lower edge of last bin)
-0.001 #_comp_tail_compression
1e-05 #_add_to_comp
0 #_combine males into females at or below this bin number
21 #_N_lbins
#_lbin_vector
10 53 70 83 94 101 107 111 114 117 120 123 125 127 130 132 135 138 142 148 200
0 #_N_Length_comp_observations
25 #_N_agebins
#_agebin_vector
1 2 3 4 5 6 7 8 9 10 11 12 13 14 15 16 17 18 19 20 21 22 23 24 25
1 #_N_ageerror_definitions
 #_age0   age1   age2   age3   age4   age5   age6   age7   age8   age9  age10  age11  age12  age13  age14  age15  age16  age17  age18  age19  age20  age21  age22  age23  age24  age25
 -1.000 -1.000 -1.000 -1.000 -1.000 -1.000 -1.000 -1.000 -1.000 -1.000 -1.000 -1.000 -1.000 -1.000 -1.000 -1.000 -1.000 -1.000 -1.000 -1.000 -1.000 -1.000 -1.000 -1.000 -1.000 -1.000
  0.001  0.001  0.001  0.001  0.001  0.001  0.001  0.001  0.001  0.001  0.001  0.001  0.001  0.001  0.001  0.001  0.001  0.001  0.001  0.001  0.001  0.001  0.001  0.001  0.001  0.001
22 #_N_agecomp
1 #_Lbin_method: 1=poplenbins; 2=datalenbins; 3=lengths
-1 #_combine males into females at or below this bin number
 #_Yr Seas FltSvy Gender Part Ageerr Lbin_lo Lbin_hi Nsamp           a1          a2         a3         a4         a5         a6         a7          a8         a9         a10         a11          a12          a13          a14          a15          a16          a17          a18          a19          a20          a21          a22          a23           a24          a25
   50    1      1      0    0      1      -1      -1    50 0.0006383500 0.253263251 0.05482996 0.26926114 0.04750057 0.08221782 0.04830568 0.038203354 0.10626027 0.023703141 0.019243634 0.0105877848 0.0077078927 4.143537e-03 1.560615e-02 1.639340e-07 3.587459e-03 7.679185e-03 3.479970e-03 2.857449e-04 1.762624e-08 3.036221e-12 3.833578e-15  3.494668e-03 2.597752e-07
   55    1      1      0    0      1      -1      -1    50 0.0235312573 0.127843392 0.14881259 0.06869311 0.25666235 0.08630610 0.16750873 0.002890987 0.05512662 0.004826293 0.012279642 0.0014244561 0.0337141533 3.146991e-03 1.620053e-03 3.700288e-05 5.559913e-04 1.276257e-06 1.088502e-03 3.846841e-03 5.524372e-08 3.155744e-12 8.133698e-05  9.327294e-10 2.278969e-06
   60    1      1      0    0      1      -1      -1    50 0.0195635112 0.239823085 0.27431694 0.07947514 0.04002636 0.10088976 0.04593937 0.003026668 0.03654343 0.057724166 0.049464266 0.0001712001 0.0246425679 9.538974e-04 2.421467e-05 4.924617e-03 1.138353e-02 2.627410e-05 1.566194e-04 3.954187e-09 1.172832e-03 1.533419e-07 1.690183e-27  7.799056e-10 9.751396e-03
   65    1      1      0    0      1      -1      -1    50 0.0198127743 0.108269633 0.34528356 0.07738746 0.05251583 0.09111128 0.10357551 0.050333434 0.01817330 0.066289653 0.004922140 0.0237977375 0.0210295688 2.169634e-04 1.592570e-02 1.163072e-03 8.058831e-05 2.166942e-07 1.006888e-04 1.063125e-05 1.029523e-07 3.092882e-11 6.773482e-35 7.908237e-103 1.439719e-07
   70    1      1      0    0      1      -1      -1    50 0.0046290907 0.219742513 0.11576006 0.11410699 0.16027737 0.07996110 0.09172610 0.110547601 0.01253930 0.016817593 0.054906056 0.0008501516 0.0026110499 4.178666e-04 2.910364e-05 1.646743e-03 4.310317e-03 2.242070e-03 2.719278e-06 5.150492e-04 1.190972e-07 2.731357e-18 6.361035e-03  3.053459e-16 1.183116e-16
   75    1      1      0    0      1      -1      -1    50 0.0067994530 0.033250030 0.20167986 0.15104944 0.05663255 0.11040466 0.14724513 0.039881707 0.08124490 0.039608438 0.010144959 0.0570210076 0.0197789180 5.145318e-08 1.594070e-04 9.911985e-03 5.327661e-05 1.656284e-03 1.027927e-13 3.011734e-04 3.317459e-02 6.844487e-21 7.000704e-09  1.620197e-28 2.160348e-06
   80    1      1      0    0      1      -1      -1    50 0.0100892664 0.141755628 0.13848873 0.22750760 0.09697174 0.07825740 0.04061826 0.074018623 0.01111878 0.028438946 0.023546647 0.0281980496 0.0060059660 7.004178e-03 5.867803e-02 9.059299e-04 1.017200e-05 2.669499e-02 1.834103e-06 1.291376e-06 5.041536e-08 1.324894e-26 7.294438e-13  1.686962e-03 9.279474e-07
   85    1      1      0    0      1      -1      -1    50 0.0470469062 0.253458607 0.16133750 0.08037073 0.11462665 0.04678239 0.04048594 0.022947243 0.10637080 0.039996773 0.006170743 0.0074036377 0.0480865955 9.868509e-05 1.165281e-02 2.530573e-05 3.384693e-03 4.450878e-04 6.930920e-04 7.571341e-03 4.353541e-15 2.421587e-06 4.070435e-05  1.751732e-05 9.838332e-04
   90    1      1      0    0      1      -1      -1    50 0.0001081879 0.009232467 0.34453725 0.20854426 0.02691983 0.08302782 0.06609750 0.073775357 0.06030001 0.011670145 0.018635070 0.0021930475 0.0003877042 4.139472e-02 1.256868e-02 3.757143e-02 8.741725e-10 2.063459e-10 3.365009e-15 1.285402e-16 2.349734e-07 1.919115e-08 8.475391e-25  2.945539e-03 9.073420e-05
   95    1      1      0    0      1      -1      -1    50 0.0705916368 0.101040810 0.19246616 0.10755150 0.15388643 0.04644766 0.03650875 0.131187834 0.05238951 0.011734671 0.024369925 0.0394849322 0.0205615429 3.455703e-05 5.740444e-03 2.888266e-03 6.702914e-05 4.068982e-06 2.427523e-03 3.812760e-04 3.636335e-11 1.369085e-04 7.367898e-12  1.068306e-59 9.856982e-05
  100    1      1      0    0      1      -1      -1    50 0.0453467849 0.130477555 0.20454981 0.08289562 0.06987616 0.10394394 0.04322956 0.053236143 0.05254971 0.067997805 0.005419197 0.0501376706 0.0580076764 8.179208e-03 1.501493e-02 8.307581e-05 3.524897e-04 2.791995e-04 1.631156e-08 2.453493e-05 3.362010e-13 8.393597e-03 2.556162e-10  4.220123e-10 5.322380e-06
   50    1      2      0    0      1      -1      -1    50 0.0000000000 0.200000000 0.04000000 0.24000000 0.14000000 0.14000000 0.04000000 0.080000000 0.08000000 0.020000000 0.000000000 0.0000000000 0.0200000000 0.000000e+00 0.000000e+00 0.000000e+00 0.000000e+00 0.000000e+00 0.000000e+00 0.000000e+00 0.000000e+00 0.000000e+00 0.000000e+00  0.000000e+00 0.000000e+00
   55    1      2      0    0      1      -1      -1    50 0.0600000000 0.200000000 0.22000000 0.08000000 0.22000000 0.00000000 0.04000000 0.040000000 0.06000000 0.020000000 0.000000000 0.0400000000 0.0200000000 0.000000e+00 0.000000e+00 0.000000e+00 0.000000e+00 0.000000e+00 0.000000e+00 0.000000e+00 0.000000e+00 0.000000e+00 0.000000e+00  0.000000e+00 0.000000e+00
   60    1      2      0    0      1      -1      -1    50 0.0800000000 0.200000000 0.26000000 0.12000000 0.04000000 0.12000000 0.06000000 0.020000000 0.00000000 0.040000000 0.000000000 0.0200000000 0.0000000000 0.000000e+00 0.000000e+00 0.000000e+00 0.000000e+00 0.000000e+00 2.000000e-02 0.000000e+00 0.000000e+00 0.000000e+00 2.000000e-02  0.000000e+00 0.000000e+00
   65    1      2      0    0      1      -1      -1    50 0.0000000000 0.240000000 0.30000000 0.08000000 0.10000000 0.06000000 0.06000000 0.040000000 0.02000000 0.020000000 0.020000000 0.0200000000 0.0000000000 0.000000e+00 0.000000e+00 0.000000e+00 0.000000e+00 0.000000e+00 0.000000e+00 0.000000e+00 0.000000e+00 2.000000e-02 0.000000e+00  0.000000e+00 2.000000e-02
   70    1      2      0    0      1      -1      -1    50 0.0600000000 0.300000000 0.06000000 0.06000000 0.14000000 0.06000000 0.08000000 0.040000000 0.04000000 0.040000000 0.040000000 0.0000000000 0.0200000000 0.000000e+00 0.000000e+00 2.000000e-02 0.000000e+00 0.000000e+00 0.000000e+00 0.000000e+00 0.000000e+00 2.000000e-02 0.000000e+00  2.000000e-02 0.000000e+00
   75    1      2      0    0      1      -1      -1    50 0.0400000000 0.120000000 0.22000000 0.10000000 0.04000000 0.06000000 0.20000000 0.060000000 0.04000000 0.020000000 0.020000000 0.0200000000 0.0400000000 0.000000e+00 0.000000e+00 2.000000e-02 0.000000e+00 0.000000e+00 0.000000e+00 0.000000e+00 0.000000e+00 0.000000e+00 0.000000e+00  0.000000e+00 0.000000e+00
   80    1      2      0    0      1      -1      -1    50 0.1000000000 0.100000000 0.20000000 0.22000000 0.06000000 0.14000000 0.00000000 0.040000000 0.00000000 0.020000000 0.000000000 0.0400000000 0.0000000000 2.000000e-02 2.000000e-02 0.000000e+00 0.000000e+00 2.000000e-02 2.000000e-02 0.000000e+00 0.000000e+00 0.000000e+00 0.000000e+00  0.000000e+00 0.000000e+00
   85    1      2      0    0      1      -1      -1    50 0.0600000000 0.240000000 0.22000000 0.12000000 0.06000000 0.04000000 0.06000000 0.040000000 0.04000000 0.000000000 0.040000000 0.0000000000 0.0000000000 2.000000e-02 0.000000e+00 2.000000e-02 4.000000e-02 0.000000e+00 0.000000e+00 0.000000e+00 0.000000e+00 0.000000e+00 0.000000e+00  0.000000e+00 0.000000e+00
   90    1      2      0    0      1      -1      -1    50 0.0200000000 0.060000000 0.28000000 0.02000000 0.12000000 0.26000000 0.06000000 0.040000000 0.04000000 0.000000000 0.020000000 0.0000000000 0.0000000000 2.000000e-02 0.000000e+00 2.000000e-02 0.000000e+00 0.000000e+00 0.000000e+00 2.000000e-02 0.000000e+00 0.000000e+00 0.000000e+00  0.000000e+00 2.000000e-02
   95    1      2      0    0      1      -1      -1    50 0.0200000000 0.220000000 0.14000000 0.14000000 0.10000000 0.06000000 0.04000000 0.100000000 0.08000000 0.020000000 0.020000000 0.0000000000 0.0000000000 2.000000e-02 0.000000e+00 0.000000e+00 0.000000e+00 0.000000e+00 0.000000e+00 2.000000e-02 2.000000e-02 0.000000e+00 0.000000e+00  0.000000e+00 0.000000e+00
  100    1      2      0    0      1      -1      -1    50 0.1000000000 0.280000000 0.10000000 0.04000000 0.06000000 0.10000000 0.10000000 0.060000000 0.00000000 0.080000000 0.020000000 0.0000000000 0.0000000000 0.000000e+00 0.000000e+00 2.000000e-02 0.000000e+00 2.000000e-02 0.000000e+00 0.000000e+00 0.000000e+00 0.000000e+00 2.000000e-02  0.000000e+00 0.000000e+00
0 #_N_MeanSize_at_Age_obs
0 #_N_environ_variables
0 #_N_environ_obs
0 #_N_sizefreq_methods
0 #_do_tags
0 #_morphcomp_data
#
999
