#C data file created using the SS_writedat function in the R package r4ss
#C should work with SS version: 
#C file write time: 2014-11-06 11:11:03
#
1 #_styr
100 #_endyr
1 #_nseas
12 #_months_per_seas
1 #_spawn_seas
1 #_Nfleet
2 #_Nsurveys
1 #_N_areas
Fishery%Survey%CPUE #_fleetnames
0.5 0.5 0.5 #_surveytiming_in_season
1 1 1 #_area_assignments_for_each_fishery_and_survey
1 #_units of catch:  1=bio; 2=num
0.01 #_se of log(catch) only used for init_eq_catch and for Fmethod 2 and 3
1 #_Ngenders
25 #_Nages
0 #_init_equil_catch_for_each_fishery
100 #_N_lines_of_catch_to_read
 #_Fishery year seas
         0    1    1
         0    2    1
         0    3    1
         0    4    1
         0    5    1
         0    6    1
         0    7    1
         0    8    1
         0    9    1
         0   10    1
         0   11    1
         0   12    1
         0   13    1
         0   14    1
         0   15    1
         0   16    1
         0   17    1
         0   18    1
         0   19    1
         0   20    1
         0   21    1
         0   22    1
         0   23    1
         0   24    1
         0   25    1
 333569000   26    1
 319865000   27    1
 302463000   28    1
 281732000   29    1
 259616000   30    1
 240395000   31    1
 223276000   32    1
 211587000   33    1
 206631000   34    1
 207021000   35    1
 201955000   36    1
 193519000   37    1
 183809000   38    1
 173585000   39    1
 164852000   40    1
 159839000   41    1
 155549000   42    1
 152084000   43    1
 151067000   44    1
 150358000   45    1
 151668000   46    1
 151389000   47    1
 147925000   48    1
 143012000   49    1
 138206000   50    1
 134078000   51    1
 131619000   52    1
 131239000   53    1
 134119000   54    1
 135330000   55    1
 135435000   56    1
 135932000   57    1
 135558000   58    1
 139531000   59    1
 145953000   60    1
 151974000   61    1
 155888000   62    1
 160643000   63    1
 159367000   64    1
 155267000   65    1
 153047000   66    1
 154077000   67    1
 155769000   68    1
 156674000   69    1
 156441000   70    1
 162681000   71    1
 166889000   72    1
 164458000   73    1
 157993000   74    1
 150897000   75    1
 146979000   76    1
 144737000   77    1
 143961000   78    1
 145395000   79    1
 145734000   80    1
 142251000   81    1
 137502000   82    1
 134610000   83    1
 131581000   84    1
 126783000   85    1
 121938000   86    1
 120183000   87    1
 122981000   88    1
 124479000   89    1
 126207000   90    1
 126680000   91    1
 124733000   92    1
 124626000   93    1
 125223000   94    1
 123633000   95    1
 124582000   96    1
 125574000   97    1
 126094000   98    1
 128199000   99    1
 128024000  100    1
13 #_N_cpue
 #_Fleet Units Errtype
       1     1       0
       2     1       0
       3     1       0
 #_year seas index        obs se_log
     76    1     2 2150060766    0.2
     78    1     2 1491287276    0.2
     80    1     2 2081167465    0.2
     82    1     2 2189878614    0.2
     84    1     2 1958063793    0.2
     86    1     2 1244931364    0.2
     88    1     2 1583869128    0.2
     90    1     2 1694794933    0.2
     92    1     2 1233871395    0.2
     94    1     2 1827561295    0.2
     96    1     2 1552594975    0.2
     98    1     2 2345101193    0.2
    100    1     2 1834363491    0.2
0 #_N_discard_fleets
#_discard_units (1=same_as_catchunits(bio/num); 2=fraction; 3=numbers)
#_discard_errtype:  >0 for DF of T-dist(read CV below); 0 for normal with CV; -1 for normal with se; -2 for lognormal
0 #_N_discard
0 #_N_meanbodywt
1 #_DF_for_meanbodywt_T-distribution_like
2 # length bin method: 1=use databins; 2=generate from binwidth,min,max below; 3=read vector
1 # binwidth for population size comp
10 # minimum size in the population (lower edge of first bin and size at age 0.00)
200 # maximum size in the population (lower edge of last bin)
-0.001 #_comp_tail_compression
1e-05 #_add_to_comp
0 #_combine males into females at or below this bin number
21 #_N_lbins
#_lbin_vector
10 53 70 83 94 101 107 111 114 117 120 123 125 127 130 132 135 138 142 148 200
0 #_N_Length_comp_observations
25 #_N_agebins
#_agebin_vector
1 2 3 4 5 6 7 8 9 10 11 12 13 14 15 16 17 18 19 20 21 22 23 24 25
1 #_N_ageerror_definitions
 #_age0   age1   age2   age3   age4   age5   age6   age7   age8   age9  age10  age11  age12  age13  age14  age15  age16  age17  age18  age19  age20  age21  age22  age23  age24  age25
 -1.000 -1.000 -1.000 -1.000 -1.000 -1.000 -1.000 -1.000 -1.000 -1.000 -1.000 -1.000 -1.000 -1.000 -1.000 -1.000 -1.000 -1.000 -1.000 -1.000 -1.000 -1.000 -1.000 -1.000 -1.000 -1.000
  0.001  0.001  0.001  0.001  0.001  0.001  0.001  0.001  0.001  0.001  0.001  0.001  0.001  0.001  0.001  0.001  0.001  0.001  0.001  0.001  0.001  0.001  0.001  0.001  0.001  0.001
198 #_N_agecomp
1 #_Lbin_method: 1=poplenbins; 2=datalenbins; 3=lengths
-1 #_combine males into females at or below this bin number
 #_Yr Seas FltSvy Gender Part Ageerr Lbin_lo Lbin_hi Nsamp          a1         a2         a3         a4         a5         a6         a7         a8          a9         a10         a11         a12         a13         a14          a15         a16          a17          a18          a19          a20          a21          a22          a23          a24          a25
    2    1      1      0    0      1      -1      -1  1000 0.012111691 0.12455247 0.12640801 0.13743348 0.10519333 0.07585482 0.07488542 0.06307388 0.051182553 0.047853696 0.028317002 0.026376398 0.032100732 0.020960831 0.0101015888 0.015089030 0.0085392536 6.385257e-03 0.0083692528 3.339310e-03 2.783463e-03 3.107117e-03 2.170076e-03 3.280152e-03 0.0105311749
    3    1      1      0    0      1      -1      -1  1000 0.011775146 0.08778676 0.15078281 0.11515208 0.10555578 0.11938889 0.07195003 0.05906774 0.042437318 0.046798778 0.033783932 0.033884536 0.016621224 0.018475969 0.0098172957 0.014881864 0.0155592175 9.811672e-03 0.0056196456 6.602787e-03 3.450713e-03 4.104430e-03 1.864880e-03 2.246624e-03 0.0125798642
    4    1      1      0    0      1      -1      -1  1000 0.004213283 0.12656718 0.12451110 0.12946555 0.10214418 0.10568295 0.09185379 0.05779063 0.045935302 0.029976559 0.037238071 0.021000064 0.014429476 0.020524649 0.0197652477 0.019190403 0.0074348872 7.715459e-03 0.0059612346 6.766080e-03 2.322480e-03 2.414352e-03 1.940258e-03 5.054320e-03 0.0101024908
    5    1      1      0    0      1      -1      -1  1000 0.012488083 0.05214109 0.17401468 0.11871016 0.10505071 0.09737697 0.07341503 0.05305847 0.055488608 0.046193872 0.033863835 0.033168501 0.019779890 0.024148018 0.0217704091 0.017684110 0.0100389721 1.300640e-02 0.0108861326 6.127790e-03 1.923797e-03 4.956710e-03 2.945623e-03 3.148116e-03 0.0086140317
    6    1      1      0    0      1      -1      -1  1000 0.012151609 0.11761743 0.07797282 0.15459651 0.10303901 0.10078736 0.06684658 0.06276454 0.050288808 0.054899645 0.037303274 0.032331307 0.026033427 0.021302294 0.0163021490 0.006967624 0.0112254637 4.208631e-03 0.0062343303 6.214176e-03 5.947056e-03 3.225857e-03 3.840452e-03 2.600102e-03 0.0152995384
    7    1      1      0    0      1      -1      -1  1000 0.016034308 0.10103063 0.14311679 0.07316640 0.09804634 0.07684072 0.08711594 0.06736376 0.067102401 0.051261639 0.052633799 0.020357223 0.026876303 0.024044408 0.0146965480 0.015365904 0.0075763668 1.008341e-02 0.0053922164 9.813522e-03 5.435515e-03 5.050208e-03 3.248905e-03 3.546568e-03 0.0148001812
    8    1      1      0    0      1      -1      -1  1000 0.008384212 0.17236595 0.11481807 0.11926031 0.07121093 0.08605720 0.06013618 0.07559505 0.054613021 0.053828681 0.038872184 0.023515358 0.022489132 0.018436579 0.0082560925 0.011998458 0.0076232950 1.148075e-02 0.0086535831 6.595982e-03 2.912836e-03 3.621347e-03 2.356322e-03 1.907155e-03 0.0150113192
    9    1      1      0    0      1      -1      -1  1000 0.011987372 0.08887794 0.23546146 0.08435520 0.11818535 0.04747592 0.07380520 0.04962484 0.050714502 0.036020143 0.045359606 0.029515092 0.020764624 0.016411593 0.0212870415 0.014932835 0.0109588457 8.236040e-03 0.0035242506 2.667474e-03 4.896131e-03 4.213619e-03 4.517289e-03 1.919763e-03 0.0142878834
   10    1      1      0    0      1      -1      -1  1000 0.008688697 0.13551566 0.15926416 0.18283932 0.06712981 0.08006723 0.03657268 0.06760451 0.038174195 0.049983522 0.034588739 0.023661346 0.021439848 0.012120924 0.0135898350 0.012366954 0.0103079147 3.787795e-03 0.0148608644 4.751129e-03 2.817365e-03 2.347862e-03 3.106899e-03 2.748423e-03 0.0116643151
   11    1      1      0    0      1      -1      -1  1000 0.016590505 0.09275748 0.18764210 0.12612538 0.13912083 0.05671295 0.05262195 0.03721895 0.048343423 0.029112763 0.040231419 0.035227379 0.023653800 0.017182509 0.0188203652 0.013229889 0.0153855908 9.078724e-03 0.0081457162 1.242106e-02 4.030760e-03 3.464069e-03 3.722582e-03 7.534823e-04 0.0084063416
   12    1      1      0    0      1      -1      -1  1000 0.023528979 0.20095185 0.08566909 0.15257363 0.08508765 0.11886287 0.03842095 0.04762171 0.026814472 0.036565848 0.033059647 0.038436042 0.022278653 0.019357649 0.0114948074 0.010983018 0.0079748890 7.404590e-03 0.0087366478 1.956204e-03 2.753296e-03 4.474629e-03 3.146721e-03 6.130218e-04 0.0112331214
   13    1      1      0    0      1      -1      -1  1000 0.005961439 0.16614389 0.23162327 0.08857558 0.11370748 0.07470354 0.08425446 0.04415644 0.031627545 0.013120187 0.026746070 0.013526543 0.025178184 0.011989963 0.0149029100 0.007126081 0.0090050178 9.264291e-03 0.0039689995 1.995670e-03 4.190626e-03 4.215207e-03 3.217822e-03 1.686159e-03 0.0091126226
   14    1      1      0    0      1      -1      -1  1000 0.006723551 0.06185295 0.21861811 0.20172678 0.05825017 0.10568958 0.05813738 0.06987343 0.024983138 0.028818920 0.019180115 0.026511539 0.018162771 0.016431559 0.0130853952 0.015850907 0.0120106913 1.010270e-02 0.0081470045 5.979841e-03 1.552444e-03 2.626252e-03 4.061477e-03 1.770983e-03 0.0098523124
   15    1      1      0    0      1      -1      -1  1000 0.028723473 0.06453963 0.09776815 0.18209629 0.17572548 0.06426174 0.07913017 0.06068898 0.063625298 0.023964424 0.026247248 0.021003312 0.022154745 0.025180422 0.0114644237 0.012516618 0.0043076782 6.294151e-03 0.0035545003 6.118919e-03 3.238849e-03 1.980512e-03 4.885328e-03 1.343504e-03 0.0091861562
   16    1      1      0    0      1      -1      -1  1000 0.005818732 0.17667316 0.08164221 0.07639451 0.17189203 0.13955549 0.05077494 0.05713691 0.038893714 0.052406149 0.020092727 0.018056568 0.008744653 0.020283347 0.0156723350 0.015947835 0.0076371234 4.764167e-03 0.0070932882 3.894772e-03 3.720410e-03 2.407298e-03 6.482915e-03 2.766709e-03 0.0112480090
   17    1      1      0    0      1      -1      -1  1000 0.005380691 0.05176142 0.25687667 0.09421210 0.07578097 0.12633662 0.11470766 0.03126764 0.045997926 0.036694394 0.041205359 0.020814096 0.013909373 0.006593308 0.0083260413 0.011594998 0.0079670881 8.182036e-03 0.0073020902 9.389686e-03 4.084358e-03 4.159921e-03 6.131126e-03 1.762285e-03 0.0095621470
   18    1      1      0    0      1      -1      -1  1000 0.012800917 0.09049004 0.07314107 0.20348577 0.07544058 0.07720312 0.11850034 0.09764799 0.033703038 0.042228599 0.028113021 0.040799208 0.012723555 0.017146021 0.0066319603 0.012559028 0.0070347595 1.020022e-02 0.0113034915 3.363439e-03 5.794684e-03 3.598053e-03 4.756392e-03 2.660234e-03 0.0086744556
   19    1      1      0    0      1      -1      -1  1000 0.030965192 0.06934859 0.12237417 0.05366143 0.17183224 0.04576737 0.05135507 0.10422332 0.072479260 0.045167146 0.039499954 0.042457641 0.035465485 0.017746095 0.0114852992 0.009377348 0.0136964727 1.511666e-02 0.0078369113 2.747017e-03 2.859050e-03 4.604275e-03 2.852723e-03 4.157427e-03 0.0229238519
   20    1      1      0    0      1      -1      -1  1000 0.016348456 0.30080765 0.09270743 0.09363018 0.03877845 0.11221187 0.04096082 0.03024296 0.068138346 0.061120409 0.017155723 0.028377742 0.015402756 0.013971067 0.0114283097 0.011601888 0.0055037844 4.337601e-03 0.0012670093 4.412864e-03 4.258562e-03 8.298048e-04 4.742805e-03 4.879677e-03 0.0168838435
   21    1      1      0    0      1      -1      -1  1000 0.003465836 0.15667735 0.35516843 0.05544152 0.05983670 0.03472804 0.08398649 0.02221361 0.021935214 0.047082528 0.051745481 0.022872052 0.016554061 0.014194317 0.0164001006 0.007956609 0.0050695416 1.191840e-03 0.0042984112 2.234290e-03 1.967841e-03 2.817567e-03 4.619700e-03 1.794434e-03 0.0057480431
   22    1      1      0    0      1      -1      -1  1000 0.025793034 0.06172423 0.19757774 0.28181472 0.04480242 0.05153166 0.02935008 0.07418845 0.022051137 0.023165833 0.039905920 0.028534871 0.018249712 0.019306845 0.0198497976 0.015514911 0.0055008351 7.207078e-03 0.0029950292 4.620479e-03 2.686560e-03 1.845373e-03 6.648049e-04 7.184286e-03 0.0139341843
   23    1      1      0    0      1      -1      -1  1000 0.016176330 0.25079513 0.06060374 0.14973502 0.21942855 0.03537555 0.04723431 0.01986620 0.049818096 0.019678321 0.011523697 0.029685905 0.030115822 0.005951659 0.0120374980 0.010157158 0.0069810078 3.256225e-03 0.0037998534 2.949883e-03 4.677391e-03 2.632351e-03 4.698884e-04 1.509415e-03 0.0055410092
   24    1      1      0    0      1      -1      -1  1000 0.022813791 0.14170839 0.28289671 0.05200046 0.11712070 0.15650597 0.02355649 0.03024177 0.009895553 0.041931957 0.015772409 0.005898195 0.017279727 0.029890915 0.0073922701 0.012889508 0.0086992040 5.802992e-03 0.0015093556 1.877704e-03 1.442733e-03 1.739026e-03 3.360517e-03 4.959161e-04 0.0072777554
   25    1      1      0    0      1      -1      -1  1000 0.009271105 0.17286044 0.18706457 0.21263400 0.03308993 0.08494538 0.11986976 0.01952672 0.017138160 0.009971837 0.041494883 0.015539252 0.016040123 0.017585571 0.0109543493 0.003691137 0.0055799291 2.424234e-03 0.0069578891 1.553045e-03 5.617250e-03 4.413585e-04 2.285998e-03 5.753487e-04 0.0028877237
   26    1      1      0    0      1      -1      -1  1000 0.006505095 0.06317636 0.24218776 0.16729018 0.17661005 0.03236447 0.06044582 0.11453112 0.019462706 0.013228184 0.012572578 0.017893055 0.011238014 0.011009703 0.0116150153 0.012959816 0.0062526839 6.010185e-03 0.0038211139 2.585113e-03 1.429164e-03 8.872805e-04 1.143221e-03 1.778402e-03 0.0030029082
   27    1      1      0    0      1      -1      -1  1000 0.008706582 0.08100410 0.09012543 0.20424012 0.15015155 0.17343829 0.03209440 0.05618109 0.096087468 0.012911785 0.015494742 0.004782351 0.015722316 0.004071260 0.0106351970 0.008000576 0.0091771803 1.434182e-03 0.0048415271 1.427334e-03 3.666811e-03 2.692378e-03 3.761289e-04 2.238748e-04 0.0125133411
   28    1      1      0    0      1      -1      -1  1000 0.006767774 0.10443607 0.11557091 0.07695203 0.15505468 0.12589951 0.13627715 0.03421810 0.047201655 0.078578160 0.015884652 0.010768657 0.013409760 0.016756455 0.0099674905 0.003767248 0.0113888562 8.668544e-03 0.0037285012 5.134583e-03 3.873417e-03 6.162822e-03 1.135159e-03 2.389748e-03 0.0060080639
   29    1      1      0    0      1      -1      -1  1000 0.016043758 0.05301337 0.17993093 0.09362448 0.05646232 0.13687624 0.09770625 0.14622163 0.023443071 0.043748568 0.069788448 0.010638355 0.010925531 0.005238493 0.0161171008 0.007792881 0.0054669792 9.286290e-03 0.0055678913 1.701006e-03 1.012068e-03 1.107748e-03 2.387252e-03 3.116157e-04 0.0055877243
   30    1      1      0    0      1      -1      -1  1000 0.012142666 0.17297936 0.07636730 0.12636305 0.08745120 0.05167675 0.10867621 0.08927712 0.107355193 0.016000934 0.032105160 0.051556128 0.006235902 0.007157295 0.0045765244 0.012591513 0.0052703779 1.505264e-03 0.0054746635 4.518198e-03 7.297773e-03 1.065128e-03 3.817873e-03 2.396054e-03 0.0061423704
   31    1      1      0    0      1      -1      -1  1000 0.014395695 0.08632699 0.22732784 0.06045011 0.11643819 0.06392564 0.03041294 0.10850355 0.057473254 0.080663221 0.015680921 0.024871564 0.054526894 0.008391581 0.0065733105 0.001539677 0.0154261115 1.378355e-03 0.0026204113 2.770650e-03 9.156968e-03 2.927185e-04 5.934280e-04 2.668328e-05 0.0102332975
   32    1      1      0    0      1      -1      -1  1000 0.008763239 0.18798528 0.12361774 0.14604641 0.04412475 0.07584614 0.04853021 0.02889259 0.084012674 0.054196843 0.075005218 0.004504775 0.029165655 0.045033402 0.0053371405 0.004558772 0.0022219078 1.003446e-02 0.0022012470 6.013021e-04 3.155336e-03 7.442632e-03 3.381021e-03 3.047670e-04 0.0050364895
   33    1      1      0    0      1      -1      -1  1000 0.034494815 0.14360541 0.22157149 0.08936462 0.11431748 0.03086864 0.06613827 0.04256528 0.022461284 0.058713954 0.038246044 0.047007861 0.009704502 0.016530897 0.0300358894 0.005497149 0.0020314337 1.848746e-03 0.0088290683 1.478950e-03 1.281749e-03 1.160919e-03 1.926512e-03 2.855865e-03 0.0074631785
   34    1      1      0    0      1      -1      -1  1000 0.013708185 0.26131243 0.16793237 0.14830535 0.05516218 0.07467734 0.02927002 0.05188519 0.028705017 0.019150868 0.035719233 0.035652471 0.032618501 0.005406659 0.0102367866 0.013492400 0.0008611700 3.764941e-03 0.0009645702 2.454394e-03 5.327159e-04 6.009937e-04 2.996906e-03 9.674336e-04 0.0036218841
   35    1      1      0    0      1      -1      -1  1000 0.007698467 0.10352779 0.32817318 0.14697357 0.12099827 0.03940104 0.05450377 0.01460580 0.033336144 0.018658237 0.010365154 0.028458697 0.021062417 0.019416021 0.0030291570 0.013239835 0.0162778707 1.596469e-03 0.0062618952 7.308066e-04 3.851119e-03 8.481845e-04 1.550957e-03 1.678671e-03 0.0037564735
   36    1      1      0    0      1      -1      -1  1000 0.010413528 0.06636270 0.13424546 0.28918712 0.10513185 0.10936619 0.04034949 0.06546712 0.023115371 0.024028912 0.016135801 0.010759083 0.025124307 0.021740629 0.0184598398 0.004970070 0.0068504532 1.083161e-02 0.0030274909 1.795871e-03 1.506144e-03 2.659897e-03 2.612990e-04 9.416443e-04 0.0072681280
   37    1      1      0    0      1      -1      -1  1000 0.017060642 0.10345778 0.08537368 0.12181722 0.25112232 0.09078586 0.09135802 0.03350265 0.048199005 0.014229565 0.021874552 0.016019514 0.012857849 0.019272882 0.0269296428 0.017744513 0.0026386662 4.719478e-03 0.0127459848 3.610492e-04 2.392158e-03 9.250271e-05 1.588368e-03 1.253066e-03 0.0026030284
   38    1      1      0    0      1      -1      -1  1000 0.008648646 0.13454608 0.12878276 0.07929765 0.09602806 0.20786297 0.07281410 0.06467613 0.028574225 0.030461164 0.008005458 0.021512471 0.017149164 0.007274355 0.0293851466 0.012724061 0.0163143605 1.140605e-03 0.0083832685 1.039348e-02 1.199558e-03 1.737994e-03 4.245991e-06 1.969378e-03 0.0111146610
   39    1      1      0    0      1      -1      -1  1000 0.013747807 0.12405810 0.17129610 0.09404487 0.07460147 0.08891437 0.16401966 0.05976028 0.047940115 0.020239236 0.039993138 0.013123868 0.017455674 0.015119322 0.0037400394 0.007796406 0.0102830866 1.272081e-02 0.0006135524 5.850156e-03 5.361159e-03 2.401594e-03 2.352816e-05 1.299667e-04 0.0067656900
   40    1      1      0    0      1      -1      -1  1000 0.014870334 0.17132499 0.12636694 0.14368998 0.07802706 0.05905847 0.06918141 0.13851895 0.040508747 0.052705161 0.018286577 0.020329701 0.004002533 0.006906314 0.0078815926 0.004872901 0.0141814376 5.725578e-03 0.0109950297 9.284559e-04 4.073688e-03 1.324688e-03 5.931149e-04 2.821614e-03 0.0028247496
   41    1      1      0    0      1      -1      -1  1000 0.014304909 0.18535959 0.22526491 0.09814712 0.09335668 0.06012813 0.03321443 0.05303890 0.084119191 0.037856503 0.032336524 0.013765055 0.013212286 0.001231794 0.0084351599 0.005141105 0.0036446689 9.972401e-03 0.0061919403 7.303816e-03 1.114268e-03 1.111088e-03 1.424015e-03 2.977719e-03 0.0073477942
   42    1      1      0    0      1      -1      -1  1000 0.017717871 0.10594721 0.21907514 0.20210094 0.07532661 0.07296881 0.05033650 0.03540552 0.032651216 0.069947386 0.034942147 0.020254559 0.008903052 0.010658922 0.0018198212 0.003670989 0.0022687191 6.940991e-03 0.0076908477 4.141556e-03 7.666071e-03 1.352258e-03 1.272777e-03 2.407752e-03 0.0045323343
   43    1      1      0    0      1      -1      -1  1000 0.016878177 0.20759583 0.13763353 0.15879248 0.13649597 0.06624671 0.04703844 0.03544148 0.019884558 0.030075369 0.040218780 0.021956427 0.025955648 0.010312204 0.0037744752 0.003195654 0.0053298389 3.759565e-03 0.0069134991 8.652512e-03 2.613489e-03 5.465273e-03 1.983891e-03 2.004819e-04 0.0035857162
   44    1      1      0    0      1      -1      -1  1000 0.022280692 0.13491076 0.25148879 0.09425908 0.13504811 0.10633351 0.03122878 0.04437696 0.025339991 0.021192123 0.021194445 0.047072613 0.020221788 0.011354359 0.0041378967 0.006117355 0.0025722626 7.411109e-03 0.0024215643 6.492933e-04 3.490504e-03 1.125578e-03 3.750595e-03 1.321986e-04 0.0018896480
   45    1      1      0    0      1      -1      -1  1000 0.022214770 0.19074676 0.17644290 0.17482882 0.09421623 0.08880697 0.06919425 0.02983654 0.027652351 0.018384739 0.011620991 0.015644250 0.028275380 0.010785881 0.0126580259 0.002365350 0.0107677869 6.506347e-04 0.0009318692 4.502636e-03 7.253936e-04 1.595440e-03 1.890418e-03 1.766265e-03 0.0034953549
   46    1      1      0    0      1      -1      -1  1000 0.009853353 0.15597549 0.23952640 0.11639544 0.14144783 0.06002093 0.07025805 0.05922442 0.018154572 0.017646682 0.019167901 0.008765070 0.005865391 0.020259897 0.0126735827 0.016365785 0.0076472682 5.150306e-03 0.0012431649 2.018525e-03 5.720774e-04 1.400539e-05 7.792037e-04 2.791461e-03 0.0081831916
   47    1      1      0    0      1      -1      -1  1000 0.010006117 0.10341763 0.21602268 0.19553150 0.08933379 0.11498370 0.05231455 0.05301673 0.053490541 0.021934142 0.010304583 0.007696679 0.006481790 0.007043192 0.0228177447 0.007932185 0.0040809057 5.536778e-03 0.0044700122 7.429319e-04 1.290923e-03 3.474423e-05 3.139907e-04 4.615922e-03 0.0065862324
   48    1      1      0    0      1      -1      -1  1000 0.014597217 0.10306531 0.14805943 0.17823557 0.17994344 0.07782529 0.09637956 0.03497043 0.053278566 0.033662339 0.016826299 0.017140291 0.008511730 0.004179964 0.0057538255 0.010410761 0.0027150088 4.470669e-03 0.0008631664 1.979842e-03 8.692941e-04 2.089518e-03 7.365240e-05 9.989525e-05 0.0039989300
   49    1      1      0    0      1      -1      -1  1000 0.012385710 0.15177826 0.11642365 0.11497123 0.15705814 0.12164531 0.07092577 0.06700935 0.022040932 0.047947874 0.033599152 0.013291515 0.015827182 0.008878450 0.0046597729 0.004316032 0.0100651681 7.086727e-03 0.0035975514 1.823439e-04 1.959560e-03 1.077197e-05 8.734071e-04 1.562417e-03 0.0119037149
   50    1      1      0    0      1      -1      -1  1000 0.023732433 0.11391201 0.18885261 0.07383536 0.09109357 0.12903668 0.11921942 0.05482966 0.059105587 0.018481674 0.034447100 0.017378023 0.014835374 0.011056523 0.0076174877 0.007589482 0.0047852726 7.158988e-03 0.0059551265 3.245039e-03 4.057076e-03 1.131544e-03 2.161680e-03 6.835527e-04 0.0057987194
   51    1      1      0    0      1      -1      -1  1000 0.014217960 0.18950085 0.13874396 0.14358874 0.07571909 0.08051384 0.08317007 0.08179827 0.041452281 0.042051144 0.016104986 0.021176360 0.018190750 0.004869391 0.0045514081 0.007102126 0.0018076176 5.227800e-03 0.0094286992 2.569178e-03 7.785909e-03 3.948921e-05 4.739027e-03 1.374154e-03 0.0042769028
   52    1      1      0    0      1      -1      -1  1000 0.039293615 0.14300422 0.22614989 0.12142111 0.09727833 0.05567179 0.05133326 0.05681930 0.057966279 0.027275416 0.035811675 0.010993013 0.026748545 0.015353329 0.0090658542 0.001913568 0.0039815711 3.072294e-03 0.0018694090 3.165311e-03 9.216489e-04 4.888870e-03 1.304427e-03 3.630239e-03 0.0010670374
   53    1      1      0    0      1      -1      -1  1000 0.020341657 0.23259580 0.16193425 0.15171952 0.08332183 0.07269643 0.03595784 0.03180328 0.055810682 0.042028950 0.017060922 0.033468376 0.012197033 0.014564581 0.0073801369 0.006828380 0.0016369044 2.601290e-03 0.0022921025 2.260364e-03 2.384937e-03 3.519393e-03 1.799358e-03 7.238394e-04 0.0030721484
   54    1      1      0    0      1      -1      -1  1000 0.011698399 0.17093827 0.27213173 0.12074863 0.11478487 0.06183140 0.04908986 0.02577795 0.032819489 0.038164071 0.026008216 0.016360399 0.024542710 0.006764841 0.0113740420 0.003455571 0.0018200310 1.723951e-03 0.0032648975 4.930088e-04 3.398356e-04 3.168157e-03 1.295789e-03 1.164150e-04 0.0012874604
   55    1      1      0    0      1      -1      -1  1000 0.024690425 0.06968536 0.21793716 0.22508829 0.11438020 0.09921293 0.05931614 0.04610996 0.021221889 0.017646333 0.028295871 0.017600774 0.014221042 0.014174678 0.0085415894 0.004538534 0.0037985317 1.561116e-03 0.0006690222 3.789422e-03 2.489790e-03 1.588904e-04 1.252713e-03 4.514981e-04 0.0031678319
   56    1      1      0    0      1      -1      -1  1000 0.016715679 0.21989763 0.10591944 0.17506209 0.16490749 0.06873376 0.05848954 0.05054878 0.035268300 0.014010854 0.015665731 0.016074503 0.021643636 0.006758290 0.0090423851 0.002688321 0.0032264096 4.860952e-03 0.0003674258 2.662504e-03 1.041992e-03 2.138836e-04 9.956914e-04 6.503910e-04 0.0045543208
   57    1      1      0    0      1      -1      -1  1000 0.025966086 0.07546862 0.28581371 0.07505528 0.11718462 0.14117346 0.06672340 0.04743911 0.033939247 0.026377850 0.016464187 0.011905378 0.031938889 0.015426757 0.0083730222 0.008683602 0.0015504287 1.413560e-03 0.0027144550 5.187494e-04 2.019752e-03 7.085058e-04 2.310507e-04 5.857923e-05 0.0028516862
   58    1      1      0    0      1      -1      -1  1000 0.021728511 0.24475262 0.09676243 0.20051047 0.06308544 0.10709877 0.09034039 0.04055556 0.033029831 0.018096935 0.014150701 0.009506611 0.008335105 0.009488906 0.0104922695 0.006036676 0.0120410724 1.932804e-03 0.0014899539 3.919662e-03 5.257029e-04 5.265175e-04 5.493569e-04 2.513846e-04 0.0047923229
   59    1      1      0    0      1      -1      -1  1000 0.021998236 0.16405880 0.32182930 0.05681618 0.13505698 0.04453412 0.07178812 0.05786479 0.024339032 0.035350973 0.013841089 0.011391903 0.009042018 0.004057059 0.0064977972 0.005922138 0.0018515749 5.709182e-03 0.0020601946 1.272775e-03 6.830907e-04 4.124433e-04 1.328282e-03 3.766592e-07 0.0022935545
   60    1      1      0    0      1      -1      -1  1000 0.005916230 0.20097979 0.22025391 0.21117706 0.06181772 0.08583720 0.03611162 0.04605090 0.047209085 0.022578743 0.014418153 0.006913553 0.014722297 0.003410608 0.0021778951 0.002957728 0.0073794443 1.948572e-03 0.0032006635 1.992646e-03 1.613413e-04 5.210816e-04 1.280761e-04 2.362503e-05 0.0021120626
   61    1      1      0    0      1      -1      -1  1000 0.027245543 0.07246882 0.30584045 0.16352056 0.14557897 0.04284796 0.07786871 0.02567017 0.032787720 0.031868934 0.018214205 0.015546915 0.005928221 0.007690484 0.0069395971 0.003573658 0.0027362945 4.688925e-03 0.0027445641 2.585943e-03 7.149972e-04 3.765402e-04 1.680166e-04 1.509132e-04 0.0022428876
   62    1      1      0    0      1      -1      -1  1000 0.007594458 0.22509484 0.09905772 0.22473899 0.12718038 0.10005018 0.02981944 0.06368486 0.022599193 0.023132116 0.029585258 0.011733709 0.008707021 0.005737109 0.0053105677 0.001912858 0.0009645667 4.651751e-03 0.0008124706 1.049056e-03 1.551647e-03 9.693916e-05 8.643299e-04 5.854385e-05 0.0040119957
   63    1      1      0    0      1      -1      -1  1000 0.009675417 0.08452020 0.29389340 0.08144463 0.16606900 0.11081595 0.08596212 0.02127114 0.038848255 0.012986169 0.024140244 0.018142123 0.014362963 0.016097817 0.0072254886 0.002562200 0.0027711861 3.224956e-03 0.0009513718 8.483429e-04 4.665286e-04 7.501510e-04 5.785546e-04 5.264118e-05 0.0023391587
   64    1      1      0    0      1      -1      -1  1000 0.015706343 0.08721376 0.12788198 0.27513241 0.05463983 0.15178317 0.07576384 0.07388833 0.022222234 0.028207454 0.014937019 0.019613137 0.018203613 0.007070210 0.0071682571 0.002974492 0.0037532878 1.727755e-03 0.0021135088 1.737850e-03 8.454002e-04 2.274866e-03 3.282177e-03 1.235581e-04 0.0017355109
   65    1      1      0    0      1      -1      -1  1000 0.025501349 0.12710231 0.12210242 0.10408073 0.21942525 0.05516878 0.10253041 0.05983068 0.063428482 0.015331707 0.022599194 0.012202406 0.023368504 0.011624694 0.0051433625 0.008837871 0.0033150740 2.591895e-03 0.0006054901 2.631685e-03 1.574564e-03 4.124276e-03 9.270122e-04 1.004333e-03 0.0049475222
   66    1      1      0    0      1      -1      -1  1000 0.012636537 0.22944399 0.16378574 0.07829584 0.08311721 0.15004468 0.03771203 0.08858239 0.048552821 0.039751378 0.007873791 0.017413534 0.007482175 0.006602551 0.0136942846 0.003700247 0.0040030487 1.301316e-03 0.0011958200 1.250753e-04 1.390184e-03 1.398383e-03 2.387918e-04 2.986139e-04 0.0013595707
   67    1      1      0    0      1      -1      -1  1000 0.023531704 0.14919156 0.28750998 0.12244995 0.05075689 0.04723616 0.12102266 0.02548948 0.058698266 0.036898958 0.019493200 0.006342728 0.013636070 0.008542803 0.0041216725 0.010549564 0.0020127478 2.964953e-03 0.0021707391 1.881163e-03 1.084236e-03 1.363956e-06 3.547146e-04 1.814579e-03 0.0022438726
   68    1      1      0    0      1      -1      -1  1000 0.007279629 0.23679627 0.15735993 0.20618027 0.06788892 0.03987189 0.03968383 0.08033573 0.024814034 0.049499907 0.034914314 0.013058001 0.002427919 0.009890558 0.0052382191 0.006535402 0.0050125558 3.911324e-03 0.0053080528 1.829646e-04 1.638787e-03 9.356049e-04 1.726461e-04 2.175802e-05 0.0010414751
   69    1      1      0    0      1      -1      -1  1000 0.031577004 0.04281835 0.27444330 0.15049341 0.17225611 0.05553259 0.04298368 0.03946122 0.071300902 0.012315213 0.036226590 0.020491463 0.016687242 0.004930512 0.0066120027 0.004596892 0.0057247256 2.712718e-03 0.0015975631 1.692052e-03 2.460617e-03 1.349518e-03 3.163688e-04 4.631597e-04 0.0009567942
   70    1      1      0    0      1      -1      -1  1000 0.034548701 0.26335570 0.06294243 0.19832940 0.12151815 0.11817606 0.04788782 0.02178628 0.021633747 0.037148755 0.008120625 0.025813672 0.012151433 0.010480117 0.0004459827 0.002011147 0.0001806855 9.903442e-04 0.0051424086 2.179556e-03 4.223150e-04 8.861574e-05 1.921118e-03 2.529935e-07 0.0027246802
   71    1      1      0    0      1      -1      -1  1000 0.010425033 0.20351145 0.30058474 0.04729055 0.12986375 0.06959532 0.08534123 0.02945056 0.013731351 0.015436720 0.031113636 0.012502406 0.018979008 0.007805226 0.0077059685 0.002203382 0.0051484717 3.709507e-03 0.0008667490 1.944756e-04 5.464726e-04 2.056498e-03 3.297397e-04 6.119413e-04 0.0009958183
   72    1      1      0    0      1      -1      -1  1000 0.009922739 0.07768516 0.26545852 0.22185177 0.03565530 0.12375662 0.06974900 0.06304752 0.023962195 0.010665104 0.015364570 0.027149257 0.008155234 0.014330640 0.0076420607 0.008064733 0.0010266753 5.641273e-03 0.0003552883 1.426143e-03 2.438634e-03 1.121443e-03 7.163195e-04 5.498575e-04 0.0042639320
   73    1      1      0    0      1      -1      -1  1000 0.004125152 0.08426383 0.10129792 0.26437814 0.21743196 0.03131557 0.08910354 0.05973948 0.055167959 0.023042277 0.015587235 0.010545534 0.017448761 0.003261943 0.0090406090 0.001992480 0.0047118555 1.809964e-03 0.0022569240 3.546091e-04 2.060341e-04 7.722939e-05 4.490868e-04 1.254274e-04 0.0022664755
   74    1      1      0    0      1      -1      -1  1000 0.018896242 0.07970558 0.09304675 0.08255414 0.23369009 0.18966152 0.02743453 0.08489095 0.046186493 0.059642832 0.013661077 0.010834984 0.013897698 0.010188517 0.0061765490 0.009384015 0.0070054213 4.671123e-03 0.0003122324 5.802211e-03 2.307103e-05 3.474979e-04 1.720004e-04 5.349642e-04 0.0012795215
   75    1      1      0    0      1      -1      -1  1000 0.023373519 0.17673696 0.10390022 0.07989802 0.07108802 0.14988965 0.14185976 0.02328402 0.070136854 0.033572054 0.040930067 0.015340185 0.004357519 0.005572713 0.0208289698 0.006714549 0.0130331046 5.992105e-03 0.0041856989 1.265427e-03 3.519726e-03 2.624171e-04 5.642083e-04 1.564270e-03 0.0021299479
   76    1      1      0    0      1      -1      -1  1000 0.014661733 0.18335426 0.21969794 0.08277316 0.06942944 0.05305892 0.12761671 0.08513142 0.009938639 0.046642142 0.022932844 0.039607317 0.005384743 0.003650422 0.0059177379 0.012779517 0.0015000711 5.311226e-03 0.0021827170 1.981575e-03 1.139719e-04 1.140836e-03 1.829345e-04 1.512822e-04 0.0048584437
   77    1      1      0    0      1      -1      -1  1000 0.024750554 0.17266079 0.22575939 0.16245690 0.05365640 0.05264987 0.03187050 0.08801382 0.068227806 0.013988447 0.030199718 0.015301670 0.021108051 0.006351071 0.0022327775 0.003654662 0.0083875680 1.828743e-03 0.0027362227 7.393377e-03 4.211467e-03 2.219205e-04 3.911423e-04 5.781080e-05 0.0018893198
   78    1      1      0    0      1      -1      -1  1000 0.022745878 0.18763812 0.17010647 0.19968278 0.13011293 0.03848127 0.03028324 0.02357923 0.053990967 0.065253482 0.008186913 0.021228132 0.010916148 0.012944708 0.0079869125 0.003608253 0.0006423376 5.272946e-03 0.0002563810 1.552521e-03 1.455339e-03 2.082967e-03 7.664698e-05 7.606974e-05 0.0018393645
   79    1      1      0    0      1      -1      -1  1000 0.009512821 0.16022088 0.23590436 0.14582974 0.13604816 0.08276043 0.02002393 0.01538614 0.021996676 0.050376398 0.051064899 0.005885133 0.023857007 0.008306773 0.0089296316 0.003464360 0.0032484550 3.030750e-03 0.0047679033 2.523984e-03 1.799733e-03 7.864348e-04 3.883748e-03 1.543761e-06 0.0003901058
   80    1      1      0    0      1      -1      -1  1000 0.004941600 0.09731441 0.21463657 0.19695889 0.10490624 0.09962036 0.07538431 0.02961631 0.027263225 0.013654346 0.046688014 0.038951306 0.001698724 0.011429187 0.0092590557 0.009327023 0.0025564464 1.158392e-03 0.0023121131 3.900150e-03 2.085968e-03 2.812057e-03 5.773926e-04 2.507693e-04 0.0026971447
   81    1      1      0    0      1      -1      -1  1000 0.025027526 0.09106295 0.14099378 0.19551604 0.16978971 0.08704969 0.08614184 0.05159254 0.011546787 0.012356151 0.022586860 0.027195320 0.025495924 0.003212959 0.0175871537 0.009426591 0.0091883851 3.110818e-03 0.0017939195 5.088071e-05 3.349029e-03 2.061455e-03 1.374527e-03 1.892096e-03 0.0005970526
   82    1      1      0    0      1      -1      -1  1000 0.023646235 0.17511781 0.11215505 0.10827791 0.15018153 0.12439447 0.06440288 0.07117197 0.043795840 0.017910364 0.011691062 0.012459596 0.026147506 0.021869066 0.0008171672 0.011715086 0.0040271829 6.130041e-03 0.0047572690 1.053891e-03 2.675492e-03 1.046454e-03 1.568592e-04 1.978486e-03 0.0024207855
   83    1      1      0    0      1      -1      -1  1000 0.018811788 0.17842894 0.18934721 0.07701520 0.07003297 0.10439167 0.09709436 0.06692472 0.054992889 0.043283292 0.008048026 0.008296973 0.006370152 0.017399905 0.0178815216 0.001459891 0.0112268984 1.535955e-02 0.0056010843 8.831108e-04 1.452066e-03 1.142666e-03 2.769594e-03 4.646798e-05 0.0017390537
   84    1      1      0    0      1      -1      -1  1000 0.014995879 0.08469197 0.24994400 0.14923598 0.06359763 0.06788613 0.09242899 0.07721442 0.043912148 0.044139175 0.035319471 0.009793200 0.012291450 0.007266947 0.0159705952 0.010547082 0.0004130753 7.244275e-03 0.0028021218 5.663017e-03 1.663727e-04 2.634201e-03 6.519069e-07 4.917903e-04 0.0013494254
   85    1      1      0    0      1      -1      -1  1000 0.016457425 0.12929162 0.10786339 0.22909816 0.12827831 0.04560678 0.05123909 0.08319832 0.060914131 0.029158679 0.028656236 0.024706179 0.008703339 0.004624281 0.0107340025 0.011052205 0.0101815381 5.564301e-05 0.0029109731 6.585156e-03 5.578881e-03 8.335692e-04 2.820618e-04 3.821578e-05 0.0039518158
   86    1      1      0    0      1      -1      -1  1000 0.031240234 0.10078366 0.17330805 0.10226140 0.16475219 0.10708368 0.03982913 0.03787901 0.063048649 0.043379426 0.028114831 0.036979227 0.017976954 0.002224076 0.0102413430 0.003104740 0.0107586004 6.940136e-03 0.0006752894 9.640089e-03 2.740817e-03 3.900980e-03 4.123318e-05 2.545671e-04 0.0028417016
   87    1      1      0    0      1      -1      -1  1000 0.017208862 0.29029588 0.12974538 0.11709402 0.06900487 0.09668135 0.06686432 0.02891656 0.025698530 0.032391206 0.028878736 0.022628419 0.017927449 0.013482624 0.0068514396 0.007165636 0.0053805034 7.781958e-03 0.0045504128 1.945445e-03 4.034067e-03 6.502649e-04 4.538532e-03 4.530505e-05 0.0002382400
   88    1      1      0    0      1      -1      -1  1000 0.016410889 0.15553367 0.33777847 0.09353013 0.07506050 0.04633474 0.07197924 0.05995391 0.014656986 0.019186335 0.031985530 0.022498594 0.017540856 0.011443738 0.0062139037 0.002175211 0.0037230156 1.640618e-03 0.0042949658 4.091192e-03 4.962298e-04 4.077161e-04 1.403342e-03 1.384079e-03 0.0002761245
   89    1      1      0    0      1      -1      -1  1000 0.015339662 0.15275504 0.17272209 0.26870584 0.07250076 0.07178930 0.02732810 0.06352076 0.037152533 0.014963311 0.017329717 0.027163090 0.020337394 0.007489968 0.0084634658 0.008334969 0.0012911731 1.217139e-03 0.0023521359 4.335399e-03 1.219772e-03 1.651035e-04 5.831637e-05 2.221702e-03 0.0012432606
   90    1      1      0    0      1      -1      -1  1000 0.010952841 0.15865999 0.18095515 0.15584141 0.21211260 0.06421021 0.03708330 0.02561612 0.035345470 0.023875490 0.011723528 0.011503976 0.014531953 0.019027788 0.0116538992 0.009192265 0.0066431478 3.774926e-04 0.0006854467 7.731559e-04 5.106923e-03 2.079253e-03 1.582004e-07 1.653739e-03 0.0003947042
   91    1      1      0    0      1      -1      -1  1000 0.024307785 0.08191169 0.22874037 0.14367598 0.10292081 0.16957911 0.03505625 0.05113863 0.031153435 0.040434832 0.024796104 0.011291201 0.004459779 0.007687894 0.0133119988 0.005709967 0.0094555846 5.738748e-03 0.0008845333 1.612822e-03 1.653152e-03 3.884818e-04 1.147144e-03 5.019860e-07 0.0029431894
   92    1      1      0    0      1      -1      -1  1000 0.025947323 0.14895743 0.11156094 0.19087230 0.11278774 0.07907210 0.12856225 0.04375218 0.039668734 0.014895931 0.024715326 0.018943884 0.011008697 0.004668943 0.0098152195 0.008778775 0.0091575973 3.779068e-03 0.0024864725 1.787356e-03 5.156624e-04 7.260947e-04 4.888345e-03 4.543367e-04 0.0021972838
   93    1      1      0    0      1      -1      -1  1000 0.008460501 0.23488756 0.15442924 0.09548121 0.12836176 0.09257939 0.06811051 0.08853940 0.024472574 0.028503376 0.008700420 0.012343448 0.012943693 0.005131303 0.0038114226 0.008994792 0.0053527041 2.697618e-03 0.0044936437 2.601375e-03 1.188214e-03 1.625362e-03 4.700413e-06 2.051255e-03 0.0042345352
   94    1      1      0    0      1      -1      -1  1000 0.022016149 0.08539270 0.25855104 0.13635497 0.06916064 0.11601288 0.07130565 0.04714855 0.079248885 0.022276757 0.026633855 0.014227227 0.012984227 0.005769246 0.0058986123 0.005665974 0.0080189958 1.889468e-03 0.0053861688 1.394809e-03 3.988219e-04 1.056453e-03 1.661670e-04 8.068215e-07 0.0030409414
   95    1      1      0    0      1      -1      -1  1000 0.021534231 0.15558542 0.10780762 0.23919858 0.11896838 0.05626032 0.07199834 0.05780463 0.040315571 0.056575056 0.012679923 0.015283771 0.005805835 0.007793073 0.0035248870 0.001795244 0.0032159024 8.163512e-03 0.0054507818 2.851764e-03 2.864903e-03 1.389369e-03 1.584626e-05 1.481193e-03 0.0016358482
   96    1      1      0    0      1      -1      -1  1000 0.005835868 0.21430507 0.20659952 0.06987275 0.18414985 0.07229120 0.03863114 0.05214656 0.040568249 0.024900600 0.034811504 0.009296770 0.010657514 0.008068835 0.0055749813 0.003535150 0.0019505048 2.111274e-03 0.0020530520 1.986284e-03 3.976155e-03 1.949319e-03 1.217775e-03 4.178619e-04 0.0030922210
   97    1      1      0    0      1      -1      -1  1000 0.024674009 0.08453260 0.29190985 0.14589217 0.05462261 0.14535997 0.04874781 0.02127399 0.048617034 0.032462725 0.027822768 0.032065590 0.007691061 0.005800209 0.0066986142 0.002587423 0.0063888082 1.265417e-03 0.0026766109 2.186312e-03 9.387747e-04 3.836802e-03 2.647322e-04 1.168423e-04 0.0015672611
   98    1      1      0    0      1      -1      -1  1000 0.009391654 0.25427747 0.09204754 0.18765938 0.12704648 0.03593278 0.09442971 0.03964965 0.025233208 0.032136649 0.023786065 0.016059794 0.026796385 0.005413538 0.0081960831 0.004171672 0.0038446208 4.430738e-03 0.0010598730 3.872578e-04 2.719398e-03 1.857621e-03 2.518858e-04 2.896416e-03 0.0003241350
   99    1      1      0    0      1      -1      -1  1000 0.018344642 0.08665413 0.31292397 0.08158630 0.15221725 0.09063287 0.03584724 0.07460234 0.032090193 0.014118450 0.028051383 0.017952106 0.012155102 0.013385768 0.0025224771 0.002822726 0.0024664556 6.165355e-03 0.0029163495 2.086934e-04 2.183829e-03 6.391404e-03 9.676230e-04 6.220714e-05 0.0027311413
  100    1      1      0    0      1      -1      -1  1000 0.008426357 0.18549100 0.11972037 0.24376983 0.06250832 0.11233241 0.06163303 0.02575230 0.052392887 0.020583244 0.015787095 0.029224328 0.019157437 0.009690776 0.0081789886 0.004310420 0.0061779240 5.904213e-04 0.0057404485 1.355430e-03 2.507312e-04 1.240999e-04 5.775650e-04 2.320318e-03 0.0039042558
    2    1      2      0    0      1      -1      -1  1000 0.020000000 0.15600000 0.16000000 0.12500000 0.09700000 0.07800000 0.06200000 0.04900000 0.046000000 0.041000000 0.021000000 0.022000000 0.025000000 0.023000000 0.0110000000 0.012000000 0.0100000000 6.000000e-03 0.0060000000 1.000000e-02 2.000000e-03 4.000000e-03 6.000000e-03 3.000000e-03 0.0050000000
    3    1      2      0    0      1      -1      -1  1000 0.026000000 0.12700000 0.17000000 0.11600000 0.09900000 0.08300000 0.07400000 0.05600000 0.057000000 0.034000000 0.026000000 0.017000000 0.022000000 0.013000000 0.0120000000 0.013000000 0.0090000000 8.000000e-03 0.0080000000 4.000000e-03 4.000000e-03 6.000000e-03 3.000000e-03 2.000000e-03 0.0110000000
    4    1      2      0    0      1      -1      -1  1000 0.017000000 0.16000000 0.11800000 0.12000000 0.10900000 0.09200000 0.06300000 0.06100000 0.046000000 0.042000000 0.033000000 0.022000000 0.028000000 0.019000000 0.0180000000 0.009000000 0.0080000000 7.000000e-03 0.0070000000 3.000000e-03 4.000000e-03 4.000000e-03 1.000000e-03 1.000000e-03 0.0080000000
    5    1      2      0    0      1      -1      -1  1000 0.033000000 0.08400000 0.16600000 0.10700000 0.11400000 0.08200000 0.06900000 0.06800000 0.050000000 0.050000000 0.031000000 0.024000000 0.028000000 0.021000000 0.0160000000 0.014000000 0.0090000000 5.000000e-03 0.0020000000 2.000000e-03 6.000000e-03 5.000000e-03 3.000000e-03 2.000000e-03 0.0090000000
    6    1      2      0    0      1      -1      -1  1000 0.023000000 0.12500000 0.06800000 0.12400000 0.09100000 0.10300000 0.08600000 0.05900000 0.056000000 0.050000000 0.045000000 0.030000000 0.028000000 0.025000000 0.0180000000 0.014000000 0.0060000000 6.000000e-03 0.0090000000 6.000000e-03 8.000000e-03 4.000000e-03 5.000000e-03 2.000000e-03 0.0090000000
    7    1      2      0    0      1      -1      -1  1000 0.043000000 0.11300000 0.12700000 0.06700000 0.11700000 0.07300000 0.10500000 0.05000000 0.061000000 0.046000000 0.033000000 0.041000000 0.034000000 0.015000000 0.0180000000 0.010000000 0.0060000000 5.000000e-03 0.0110000000 5.000000e-03 2.000000e-03 0.000000e+00 6.000000e-03 3.000000e-03 0.0090000000
    8    1      2      0    0      1      -1      -1  1000 0.032000000 0.22100000 0.11800000 0.10500000 0.05000000 0.09000000 0.04700000 0.05700000 0.047000000 0.038000000 0.053000000 0.040000000 0.016000000 0.015000000 0.0170000000 0.010000000 0.0080000000 8.000000e-03 0.0040000000 3.000000e-03 2.000000e-03 3.000000e-03 3.000000e-03 5.000000e-03 0.0080000000
    9    1      2      0    0      1      -1      -1  1000 0.045000000 0.16300000 0.20300000 0.07000000 0.07600000 0.05000000 0.07300000 0.05200000 0.041000000 0.047000000 0.032000000 0.029000000 0.023000000 0.013000000 0.0110000000 0.009000000 0.0170000000 5.000000e-03 0.0080000000 1.000000e-02 7.000000e-03 2.000000e-03 0.000000e+00 2.000000e-03 0.0120000000
   10    1      2      0    0      1      -1      -1  1000 0.025000000 0.17200000 0.14200000 0.16000000 0.06600000 0.07600000 0.03300000 0.06000000 0.028000000 0.050000000 0.028000000 0.030000000 0.026000000 0.019000000 0.0130000000 0.013000000 0.0110000000 1.000000e-02 0.0090000000 5.000000e-03 6.000000e-03 2.000000e-03 1.000000e-03 2.000000e-03 0.0130000000
   11    1      2      0    0      1      -1      -1  1000 0.040000000 0.10000000 0.18300000 0.11700000 0.13900000 0.05700000 0.06000000 0.02800000 0.058000000 0.038000000 0.038000000 0.028000000 0.023000000 0.015000000 0.0190000000 0.015000000 0.0080000000 9.000000e-03 0.0050000000 5.000000e-03 2.000000e-03 2.000000e-03 1.000000e-03 2.000000e-03 0.0080000000
   12    1      2      0    0      1      -1      -1  1000 0.040000000 0.25900000 0.10600000 0.12600000 0.08100000 0.10700000 0.03200000 0.04100000 0.019000000 0.045000000 0.025000000 0.020000000 0.017000000 0.009000000 0.0210000000 0.006000000 0.0090000000 1.000000e-03 0.0020000000 5.000000e-03 5.000000e-03 6.000000e-03 4.000000e-03 5.000000e-03 0.0090000000
   13    1      2      0    0      1      -1      -1  1000 0.012000000 0.20100000 0.21400000 0.06600000 0.09400000 0.07300000 0.08000000 0.04200000 0.031000000 0.015000000 0.036000000 0.015000000 0.023000000 0.019000000 0.0100000000 0.015000000 0.0120000000 1.000000e-02 0.0070000000 3.000000e-03 2.000000e-03 3.000000e-03 3.000000e-03 2.000000e-03 0.0120000000
   14    1      2      0    0      1      -1      -1  1000 0.021000000 0.09900000 0.19800000 0.19100000 0.06500000 0.08800000 0.06100000 0.06900000 0.027000000 0.034000000 0.012000000 0.034000000 0.020000000 0.009000000 0.0140000000 0.013000000 0.0090000000 7.000000e-03 0.0050000000 7.000000e-03 1.000000e-03 4.000000e-03 1.000000e-03 2.000000e-03 0.0090000000
   15    1      2      0    0      1      -1      -1  1000 0.028000000 0.08700000 0.07000000 0.18000000 0.18000000 0.06400000 0.07500000 0.04500000 0.072000000 0.035000000 0.031000000 0.010000000 0.025000000 0.011000000 0.0150000000 0.013000000 0.0130000000 7.000000e-03 0.0070000000 7.000000e-03 5.000000e-03 0.000000e+00 2.000000e-03 4.000000e-03 0.0140000000
   16    1      2      0    0      1      -1      -1  1000 0.015000000 0.20000000 0.08900000 0.07500000 0.13600000 0.14000000 0.05100000 0.06100000 0.049000000 0.047000000 0.022000000 0.020000000 0.011000000 0.013000000 0.0150000000 0.007000000 0.0050000000 8.000000e-03 0.0070000000 6.000000e-03 3.000000e-03 2.000000e-03 2.000000e-03 1.000000e-03 0.0150000000
   17    1      2      0    0      1      -1      -1  1000 0.020000000 0.06800000 0.20700000 0.07500000 0.06200000 0.10700000 0.13400000 0.04900000 0.064000000 0.038000000 0.051000000 0.019000000 0.017000000 0.013000000 0.0180000000 0.009000000 0.0090000000 5.000000e-03 0.0080000000 6.000000e-03 1.000000e-03 5.000000e-03 4.000000e-03 1.000000e-03 0.0100000000
   18    1      2      0    0      1      -1      -1  1000 0.021000000 0.12700000 0.07500000 0.19900000 0.05200000 0.06000000 0.10400000 0.10400000 0.032000000 0.055000000 0.034000000 0.039000000 0.014000000 0.011000000 0.0060000000 0.008000000 0.0090000000 4.000000e-03 0.0110000000 7.000000e-03 7.000000e-03 4.000000e-03 3.000000e-03 1.000000e-03 0.0130000000
   19    1      2      0    0      1      -1      -1  1000 0.097000000 0.09900000 0.10600000 0.05200000 0.17000000 0.06300000 0.03800000 0.07300000 0.084000000 0.038000000 0.040000000 0.028000000 0.019000000 0.012000000 0.0140000000 0.006000000 0.0150000000 9.000000e-03 0.0120000000 6.000000e-03 2.000000e-03 3.000000e-03 2.000000e-03 4.000000e-03 0.0080000000
   20    1      2      0    0      1      -1      -1  1000 0.033000000 0.38800000 0.07300000 0.06500000 0.03300000 0.10000000 0.03400000 0.02300000 0.063000000 0.057000000 0.016000000 0.025000000 0.011000000 0.026000000 0.0060000000 0.002000000 0.0090000000 8.000000e-03 0.0020000000 9.000000e-03 6.000000e-03 1.000000e-03 1.000000e-03 4.000000e-03 0.0050000000
   21    1      2      0    0      1      -1      -1  1000 0.020000000 0.19600000 0.33000000 0.06700000 0.05900000 0.01800000 0.08800000 0.02800000 0.023000000 0.036000000 0.033000000 0.016000000 0.017000000 0.009000000 0.0140000000 0.007000000 0.0040000000 5.000000e-03 0.0090000000 3.000000e-03 4.000000e-03 2.000000e-03 1.000000e-03 1.000000e-03 0.0100000000
   22    1      2      0    0      1      -1      -1  1000 0.074000000 0.05200000 0.19100000 0.28600000 0.04600000 0.04800000 0.02800000 0.07200000 0.023000000 0.013000000 0.042000000 0.031000000 0.015000000 0.020000000 0.0100000000 0.015000000 0.0070000000 4.000000e-03 0.0010000000 5.000000e-03 6.000000e-03 0.000000e+00 1.000000e-03 2.000000e-03 0.0080000000
   23    1      2      0    0      1      -1      -1  1000 0.043000000 0.27600000 0.05300000 0.13200000 0.20200000 0.03800000 0.03600000 0.02300000 0.043000000 0.020000000 0.014000000 0.031000000 0.029000000 0.004000000 0.0200000000 0.006000000 0.0070000000 3.000000e-03 0.0030000000 3.000000e-03 0.000000e+00 3.000000e-03 1.000000e-03 3.000000e-03 0.0070000000
   24    1      2      0    0      1      -1      -1  1000 0.041000000 0.19900000 0.23400000 0.04800000 0.08600000 0.17200000 0.02900000 0.02400000 0.017000000 0.040000000 0.016000000 0.007000000 0.024000000 0.012000000 0.0060000000 0.010000000 0.0070000000 4.000000e-03 0.0020000000 3.000000e-03 2.000000e-03 1.000000e-03 1.000000e-03 1.000000e-03 0.0140000000
   25    1      2      0    0      1      -1      -1  1000 0.014000000 0.19400000 0.18800000 0.23000000 0.03200000 0.07100000 0.10500000 0.01800000 0.027000000 0.008000000 0.026000000 0.008000000 0.006000000 0.015000000 0.0140000000 0.003000000 0.0070000000 8.000000e-03 0.0070000000 2.000000e-03 3.000000e-03 3.000000e-03 2.000000e-03 2.000000e-03 0.0070000000
   26    1      2      0    0      1      -1      -1  1000 0.019000000 0.10000000 0.21700000 0.15400000 0.19300000 0.02300000 0.05400000 0.10000000 0.015000000 0.019000000 0.011000000 0.024000000 0.004000000 0.002000000 0.0110000000 0.016000000 0.0040000000 6.000000e-03 0.0040000000 5.000000e-03 3.000000e-03 1.000000e-03 1.000000e-03 2.000000e-03 0.0120000000
   27    1      2      0    0      1      -1      -1  1000 0.026000000 0.12800000 0.08100000 0.18600000 0.14300000 0.15000000 0.03100000 0.04900000 0.094000000 0.011000000 0.020000000 0.008000000 0.018000000 0.006000000 0.0060000000 0.005000000 0.0090000000 5.000000e-03 0.0060000000 4.000000e-03 6.000000e-03 2.000000e-03 1.000000e-03 2.000000e-03 0.0030000000
   28    1      2      0    0      1      -1      -1  1000 0.009000000 0.15400000 0.12700000 0.05900000 0.15600000 0.12400000 0.13500000 0.01500000 0.042000000 0.078000000 0.011000000 0.011000000 0.008000000 0.019000000 0.0070000000 0.005000000 0.0080000000 1.000000e-02 0.0020000000 4.000000e-03 4.000000e-03 2.000000e-03 1.000000e-03 2.000000e-03 0.0070000000
   29    1      2      0    0      1      -1      -1  1000 0.038000000 0.07000000 0.15000000 0.09400000 0.06500000 0.14100000 0.11100000 0.13300000 0.019000000 0.047000000 0.059000000 0.009000000 0.009000000 0.004000000 0.0100000000 0.004000000 0.0020000000 5.000000e-03 0.0080000000 1.000000e-03 4.000000e-03 2.000000e-03 3.000000e-03 0.000000e+00 0.0120000000
   30    1      2      0    0      1      -1      -1  1000 0.025000000 0.21100000 0.07400000 0.12200000 0.06200000 0.04600000 0.12000000 0.08400000 0.092000000 0.020000000 0.033000000 0.052000000 0.006000000 0.003000000 0.0010000000 0.014000000 0.0030000000 2.000000e-03 0.0130000000 6.000000e-03 2.000000e-03 1.000000e-03 3.000000e-03 2.000000e-03 0.0030000000
   31    1      2      0    0      1      -1      -1  1000 0.052000000 0.12800000 0.18300000 0.04900000 0.10600000 0.07100000 0.04300000 0.09800000 0.060000000 0.076000000 0.017000000 0.018000000 0.044000000 0.009000000 0.0060000000 0.004000000 0.0120000000 4.000000e-03 0.0020000000 1.000000e-03 5.000000e-03 1.000000e-03 2.000000e-03 0.000000e+00 0.0090000000
   32    1      2      0    0      1      -1      -1  1000 0.044000000 0.22200000 0.11500000 0.13900000 0.04200000 0.07900000 0.03900000 0.03600000 0.067000000 0.054000000 0.052000000 0.013000000 0.019000000 0.039000000 0.0020000000 0.006000000 0.0020000000 7.000000e-03 0.0040000000 5.000000e-03 2.000000e-03 4.000000e-03 1.000000e-03 1.000000e-03 0.0060000000
   33    1      2      0    0      1      -1      -1  1000 0.081000000 0.19500000 0.19100000 0.09500000 0.09800000 0.03700000 0.05100000 0.03300000 0.017000000 0.052000000 0.025000000 0.039000000 0.007000000 0.014000000 0.0240000000 0.005000000 0.0030000000 5.000000e-03 0.0040000000 4.000000e-03 3.000000e-03 4.000000e-03 2.000000e-03 2.000000e-03 0.0090000000
   34    1      2      0    0      1      -1      -1  1000 0.024000000 0.31600000 0.16300000 0.12300000 0.05000000 0.07800000 0.01700000 0.03100000 0.026000000 0.010000000 0.038000000 0.033000000 0.034000000 0.011000000 0.0070000000 0.014000000 0.0040000000 3.000000e-03 0.0000000000 7.000000e-03 1.000000e-03 1.000000e-03 2.000000e-03 1.000000e-03 0.0060000000
   35    1      2      0    0      1      -1      -1  1000 0.019000000 0.12200000 0.32900000 0.13300000 0.10300000 0.04000000 0.06900000 0.01400000 0.029000000 0.020000000 0.013000000 0.024000000 0.018000000 0.023000000 0.0050000000 0.004000000 0.0100000000 2.000000e-03 0.0030000000 0.000000e+00 2.000000e-03 0.000000e+00 1.000000e-03 3.000000e-03 0.0140000000
   36    1      2      0    0      1      -1      -1  1000 0.029000000 0.10400000 0.12900000 0.27600000 0.09300000 0.09800000 0.03800000 0.05100000 0.018000000 0.026000000 0.017000000 0.010000000 0.034000000 0.017000000 0.0190000000 0.004000000 0.0100000000 1.200000e-02 0.0000000000 2.000000e-03 2.000000e-03 3.000000e-03 3.000000e-03 0.000000e+00 0.0050000000
   37    1      2      0    0      1      -1      -1  1000 0.025000000 0.14000000 0.10500000 0.12600000 0.21500000 0.08800000 0.06600000 0.03800000 0.036000000 0.010000000 0.025000000 0.014000000 0.014000000 0.023000000 0.0220000000 0.014000000 0.0010000000 7.000000e-03 0.0150000000 4.000000e-03 2.000000e-03 2.000000e-03 1.000000e-03 2.000000e-03 0.0050000000
   38    1      2      0    0      1      -1      -1  1000 0.036000000 0.16200000 0.13000000 0.07600000 0.08300000 0.20800000 0.07700000 0.07200000 0.026000000 0.025000000 0.009000000 0.008000000 0.011000000 0.012000000 0.0180000000 0.017000000 0.0060000000 3.000000e-03 0.0030000000 5.000000e-03 2.000000e-03 5.000000e-03 0.000000e+00 1.000000e-03 0.0050000000
   39    1      2      0    0      1      -1      -1  1000 0.036000000 0.16200000 0.14800000 0.10100000 0.06700000 0.08800000 0.13200000 0.05900000 0.054000000 0.023000000 0.022000000 0.010000000 0.018000000 0.006000000 0.0080000000 0.020000000 0.0090000000 9.000000e-03 0.0040000000 5.000000e-03 9.000000e-03 2.000000e-03 0.000000e+00 1.000000e-03 0.0070000000
   40    1      2      0    0      1      -1      -1  1000 0.049000000 0.21800000 0.14200000 0.11000000 0.07700000 0.05200000 0.06000000 0.11100000 0.040000000 0.028000000 0.015000000 0.020000000 0.009000000 0.012000000 0.0080000000 0.003000000 0.0130000000 8.000000e-03 0.0110000000 1.000000e-03 3.000000e-03 4.000000e-03 0.000000e+00 1.000000e-03 0.0050000000
   41    1      2      0    0      1      -1      -1  1000 0.031000000 0.21200000 0.19400000 0.11200000 0.07300000 0.04200000 0.04500000 0.05100000 0.093000000 0.039000000 0.031000000 0.006000000 0.021000000 0.001000000 0.0080000000 0.006000000 0.0020000000 1.100000e-02 0.0070000000 8.000000e-03 0.000000e+00 0.000000e+00 2.000000e-03 1.000000e-03 0.0040000000
   42    1      2      0    0      1      -1      -1  1000 0.062000000 0.12400000 0.23600000 0.15600000 0.07600000 0.04900000 0.04900000 0.03000000 0.042000000 0.064000000 0.032000000 0.025000000 0.010000000 0.009000000 0.0040000000 0.004000000 0.0040000000 2.000000e-03 0.0050000000 4.000000e-03 5.000000e-03 0.000000e+00 2.000000e-03 3.000000e-03 0.0030000000
   43    1      2      0    0      1      -1      -1  1000 0.037000000 0.26500000 0.12200000 0.14200000 0.12300000 0.04600000 0.04700000 0.03100000 0.017000000 0.029000000 0.052000000 0.019000000 0.024000000 0.008000000 0.0120000000 0.001000000 0.0030000000 0.000000e+00 0.0010000000 7.000000e-03 2.000000e-03 2.000000e-03 0.000000e+00 5.000000e-03 0.0050000000
   44    1      2      0    0      1      -1      -1  1000 0.059000000 0.16300000 0.21800000 0.09000000 0.14100000 0.08100000 0.04500000 0.03900000 0.020000000 0.018000000 0.012000000 0.046000000 0.016000000 0.011000000 0.0070000000 0.009000000 0.0020000000 4.000000e-03 0.0050000000 0.000000e+00 1.000000e-03 2.000000e-03 3.000000e-03 1.000000e-03 0.0070000000
   45    1      2      0    0      1      -1      -1  1000 0.035000000 0.26600000 0.12900000 0.17500000 0.06500000 0.08500000 0.06800000 0.02800000 0.033000000 0.019000000 0.011000000 0.008000000 0.027000000 0.011000000 0.0160000000 0.004000000 0.0010000000 4.000000e-03 0.0050000000 1.000000e-03 0.000000e+00 1.000000e-03 2.000000e-03 2.000000e-03 0.0040000000
   46    1      2      0    0      1      -1      -1  1000 0.035000000 0.20000000 0.20200000 0.12100000 0.11600000 0.05300000 0.06700000 0.05500000 0.027000000 0.017000000 0.024000000 0.006000000 0.012000000 0.023000000 0.0110000000 0.007000000 0.0030000000 4.000000e-03 0.0020000000 4.000000e-03 2.000000e-03 2.000000e-03 1.000000e-03 1.000000e-03 0.0050000000
   47    1      2      0    0      1      -1      -1  1000 0.035000000 0.13000000 0.18500000 0.20000000 0.08600000 0.11100000 0.04500000 0.07300000 0.037000000 0.010000000 0.016000000 0.013000000 0.009000000 0.011000000 0.0180000000 0.003000000 0.0020000000 1.000000e-03 0.0050000000 1.000000e-03 3.000000e-03 1.000000e-03 0.000000e+00 1.000000e-03 0.0040000000
   48    1      2      0    0      1      -1      -1  1000 0.038000000 0.10900000 0.15100000 0.16800000 0.15400000 0.07300000 0.09600000 0.03800000 0.039000000 0.050000000 0.024000000 0.014000000 0.009000000 0.007000000 0.0050000000 0.011000000 0.0030000000 1.000000e-03 0.0000000000 3.000000e-03 2.000000e-03 3.000000e-03 0.000000e+00 0.000000e+00 0.0020000000
   49    1      2      0    0      1      -1      -1  1000 0.036000000 0.16900000 0.14800000 0.10800000 0.12700000 0.12900000 0.04800000 0.08300000 0.028000000 0.029000000 0.028000000 0.008000000 0.011000000 0.005000000 0.0060000000 0.007000000 0.0080000000 4.000000e-03 0.0020000000 6.000000e-03 2.000000e-03 3.000000e-03 2.000000e-03 0.000000e+00 0.0030000000
   50    1      2      0    0      1      -1      -1  1000 0.043000000 0.16700000 0.17400000 0.08500000 0.08700000 0.12300000 0.08900000 0.04300000 0.077000000 0.021000000 0.018000000 0.025000000 0.008000000 0.007000000 0.0080000000 0.004000000 0.0030000000 6.000000e-03 0.0040000000 4.000000e-03 0.000000e+00 0.000000e+00 0.000000e+00 0.000000e+00 0.0040000000
   51    1      2      0    0      1      -1      -1  1000 0.032000000 0.23300000 0.16200000 0.12700000 0.05700000 0.06500000 0.08400000 0.07400000 0.036000000 0.049000000 0.014000000 0.019000000 0.016000000 0.010000000 0.0030000000 0.002000000 0.0010000000 4.000000e-03 0.0040000000 2.000000e-03 4.000000e-03 0.000000e+00 0.000000e+00 0.000000e+00 0.0020000000
   52    1      2      0    0      1      -1      -1  1000 0.060000000 0.19500000 0.22100000 0.11000000 0.09200000 0.04400000 0.04200000 0.06100000 0.051000000 0.020000000 0.035000000 0.011000000 0.018000000 0.008000000 0.0070000000 0.009000000 0.0010000000 1.000000e-03 0.0010000000 4.000000e-03 1.000000e-03 1.000000e-03 1.000000e-03 2.000000e-03 0.0040000000
   53    1      2      0    0      1      -1      -1  1000 0.040000000 0.28500000 0.16100000 0.13800000 0.07400000 0.06400000 0.04000000 0.04200000 0.036000000 0.028000000 0.024000000 0.024000000 0.007000000 0.007000000 0.0120000000 0.004000000 0.0010000000 3.000000e-03 0.0000000000 3.000000e-03 3.000000e-03 1.000000e-03 0.000000e+00 0.000000e+00 0.0030000000
   54    1      2      0    0      1      -1      -1  1000 0.025000000 0.21800000 0.26600000 0.09900000 0.10900000 0.04600000 0.05800000 0.02700000 0.027000000 0.025000000 0.030000000 0.008000000 0.020000000 0.006000000 0.0120000000 0.007000000 0.0050000000 2.000000e-03 0.0020000000 2.000000e-03 1.000000e-03 2.000000e-03 0.000000e+00 0.000000e+00 0.0030000000
   55    1      2      0    0      1      -1      -1  1000 0.084000000 0.13000000 0.21200000 0.18000000 0.09000000 0.07800000 0.03700000 0.04300000 0.021000000 0.018000000 0.022000000 0.022000000 0.016000000 0.009000000 0.0070000000 0.008000000 0.0080000000 2.000000e-03 0.0030000000 1.000000e-03 2.000000e-03 2.000000e-03 1.000000e-03 1.000000e-03 0.0030000000
   56    1      2      0    0      1      -1      -1  1000 0.029000000 0.27400000 0.10200000 0.14000000 0.13300000 0.08000000 0.06800000 0.03000000 0.032000000 0.018000000 0.015000000 0.018000000 0.019000000 0.008000000 0.0150000000 0.007000000 0.0040000000 5.000000e-03 0.0000000000 0.000000e+00 0.000000e+00 1.000000e-03 0.000000e+00 1.000000e-03 0.0010000000
   57    1      2      0    0      1      -1      -1  1000 0.082000000 0.09900000 0.23200000 0.07400000 0.14600000 0.12300000 0.05600000 0.05100000 0.028000000 0.025000000 0.019000000 0.011000000 0.016000000 0.012000000 0.0040000000 0.007000000 0.0050000000 1.000000e-03 0.0040000000 1.000000e-03 0.000000e+00 1.000000e-03 1.000000e-03 1.000000e-03 0.0010000000
   58    1      2      0    0      1      -1      -1  1000 0.058000000 0.29600000 0.08100000 0.15600000 0.05400000 0.08700000 0.10800000 0.03400000 0.031000000 0.015000000 0.015000000 0.009000000 0.008000000 0.010000000 0.0130000000 0.003000000 0.0030000000 3.000000e-03 0.0020000000 3.000000e-03 0.000000e+00 4.000000e-03 1.000000e-03 0.000000e+00 0.0060000000
   59    1      2      0    0      1      -1      -1  1000 0.060000000 0.27100000 0.24100000 0.06500000 0.09400000 0.05100000 0.04800000 0.06200000 0.019000000 0.017000000 0.012000000 0.013000000 0.005000000 0.007000000 0.0070000000 0.006000000 0.0030000000 8.000000e-03 0.0040000000 4.000000e-03 1.000000e-03 0.000000e+00 1.000000e-03 0.000000e+00 0.0010000000
   60    1      2      0    0      1      -1      -1  1000 0.025000000 0.29200000 0.20800000 0.15500000 0.03700000 0.08700000 0.02800000 0.04200000 0.035000000 0.022000000 0.024000000 0.009000000 0.006000000 0.002000000 0.0030000000 0.007000000 0.0070000000 3.000000e-03 0.0010000000 2.000000e-03 1.000000e-03 1.000000e-03 1.000000e-03 1.000000e-03 0.0010000000
   61    1      2      0    0      1      -1      -1  1000 0.063000000 0.11100000 0.29900000 0.15300000 0.11700000 0.03900000 0.07700000 0.01500000 0.035000000 0.028000000 0.017000000 0.013000000 0.009000000 0.004000000 0.0020000000 0.004000000 0.0040000000 2.000000e-03 0.0000000000 2.000000e-03 0.000000e+00 1.000000e-03 0.000000e+00 2.000000e-03 0.0030000000
   62    1      2      0    0      1      -1      -1  1000 0.029000000 0.29500000 0.09400000 0.19400000 0.11800000 0.09300000 0.02000000 0.04200000 0.010000000 0.023000000 0.023000000 0.012000000 0.015000000 0.003000000 0.0090000000 0.003000000 0.0020000000 3.000000e-03 0.0060000000 3.000000e-03 1.000000e-03 2.000000e-03 0.000000e+00 0.000000e+00 0.0000000000
   63    1      2      0    0      1      -1      -1  1000 0.023000000 0.14400000 0.30900000 0.06800000 0.15600000 0.08400000 0.07500000 0.01700000 0.037000000 0.012000000 0.019000000 0.017000000 0.009000000 0.005000000 0.0020000000 0.005000000 0.0020000000 3.000000e-03 0.0010000000 5.000000e-03 1.000000e-03 2.000000e-03 0.000000e+00 0.000000e+00 0.0040000000
   64    1      2      0    0      1      -1      -1  1000 0.033000000 0.10400000 0.12500000 0.24900000 0.07200000 0.12400000 0.07600000 0.07400000 0.014000000 0.039000000 0.010000000 0.023000000 0.021000000 0.008000000 0.0090000000 0.001000000 0.0010000000 1.000000e-03 0.0020000000 4.000000e-03 2.000000e-03 1.000000e-03 1.000000e-03 0.000000e+00 0.0060000000
   65    1      2      0    0      1      -1      -1  1000 0.067000000 0.16700000 0.08800000 0.08900000 0.21100000 0.04500000 0.10800000 0.05800000 0.058000000 0.014000000 0.019000000 0.007000000 0.017000000 0.019000000 0.0070000000 0.009000000 0.0030000000 0.000000e+00 0.0010000000 2.000000e-03 4.000000e-03 3.000000e-03 0.000000e+00 0.000000e+00 0.0040000000
   66    1      2      0    0      1      -1      -1  1000 0.036000000 0.29400000 0.11800000 0.08300000 0.07300000 0.14900000 0.04200000 0.04900000 0.036000000 0.038000000 0.009000000 0.017000000 0.007000000 0.016000000 0.0110000000 0.006000000 0.0050000000 1.000000e-03 0.0010000000 0.000000e+00 1.000000e-03 2.000000e-03 1.000000e-03 0.000000e+00 0.0050000000
   67    1      2      0    0      1      -1      -1  1000 0.052000000 0.18100000 0.25100000 0.10600000 0.06300000 0.05700000 0.08900000 0.02200000 0.059000000 0.038000000 0.027000000 0.009000000 0.015000000 0.004000000 0.0040000000 0.010000000 0.0030000000 4.000000e-03 0.0000000000 2.000000e-03 0.000000e+00 0.000000e+00 2.000000e-03 0.000000e+00 0.0020000000
   68    1      2      0    0      1      -1      -1  1000 0.010000000 0.24700000 0.17100000 0.19800000 0.06400000 0.03900000 0.03200000 0.07500000 0.020000000 0.053000000 0.026000000 0.017000000 0.005000000 0.012000000 0.0040000000 0.004000000 0.0090000000 2.000000e-03 0.0020000000 1.000000e-03 4.000000e-03 1.000000e-03 1.000000e-03 2.000000e-03 0.0010000000
   69    1      2      0    0      1      -1      -1  1000 0.089000000 0.06400000 0.25100000 0.13900000 0.15900000 0.07000000 0.03100000 0.02100000 0.063000000 0.014000000 0.031000000 0.020000000 0.009000000 0.009000000 0.0100000000 0.001000000 0.0050000000 6.000000e-03 0.0010000000 3.000000e-03 0.000000e+00 0.000000e+00 0.000000e+00 0.000000e+00 0.0040000000
   70    1      2      0    0      1      -1      -1  1000 0.058000000 0.30400000 0.04900000 0.18300000 0.10100000 0.10100000 0.02900000 0.01800000 0.021000000 0.047000000 0.013000000 0.020000000 0.017000000 0.011000000 0.0010000000 0.015000000 0.0020000000 0.000000e+00 0.0010000000 2.000000e-03 0.000000e+00 1.000000e-03 2.000000e-03 2.000000e-03 0.0020000000
   71    1      2      0    0      1      -1      -1  1000 0.021000000 0.25400000 0.29000000 0.04300000 0.10900000 0.05000000 0.07400000 0.03500000 0.011000000 0.021000000 0.031000000 0.011000000 0.018000000 0.009000000 0.0100000000 0.001000000 0.0040000000 0.000000e+00 0.0010000000 2.000000e-03 1.000000e-03 0.000000e+00 2.000000e-03 0.000000e+00 0.0020000000
   72    1      2      0    0      1      -1      -1  1000 0.022000000 0.09300000 0.26700000 0.22900000 0.03600000 0.10700000 0.05900000 0.06500000 0.028000000 0.019000000 0.008000000 0.027000000 0.004000000 0.013000000 0.0060000000 0.002000000 0.0020000000 5.000000e-03 0.0010000000 3.000000e-03 1.000000e-03 0.000000e+00 2.000000e-03 0.000000e+00 0.0010000000
   73    1      2      0    0      1      -1      -1  1000 0.020000000 0.08700000 0.12100000 0.23100000 0.18400000 0.02700000 0.09200000 0.05600000 0.059000000 0.019000000 0.010000000 0.012000000 0.028000000 0.012000000 0.0160000000 0.009000000 0.0060000000 1.000000e-03 0.0040000000 0.000000e+00 1.000000e-03 3.000000e-03 1.000000e-03 0.000000e+00 0.0010000000
   74    1      2      0    0      1      -1      -1  1000 0.050000000 0.09800000 0.10500000 0.09300000 0.19500000 0.16800000 0.03200000 0.07400000 0.043000000 0.046000000 0.021000000 0.010000000 0.010000000 0.018000000 0.0070000000 0.004000000 0.0080000000 8.000000e-03 0.0010000000 2.000000e-03 1.000000e-03 4.000000e-03 1.000000e-03 0.000000e+00 0.0010000000
   75    1      2      0    0      1      -1      -1  1000 0.042000000 0.25300000 0.08000000 0.06500000 0.08000000 0.13600000 0.12600000 0.01600000 0.073000000 0.026000000 0.042000000 0.013000000 0.007000000 0.008000000 0.0120000000 0.001000000 0.0050000000 4.000000e-03 0.0020000000 1.000000e-03 1.000000e-03 0.000000e+00 1.000000e-03 4.000000e-03 0.0020000000
   76    1      2      0    0      1      -1      -1  1000 0.031000000 0.25000000 0.22400000 0.06500000 0.04700000 0.04300000 0.09200000 0.08400000 0.011000000 0.048000000 0.029000000 0.031000000 0.010000000 0.005000000 0.0080000000 0.008000000 0.0040000000 3.000000e-03 0.0020000000 0.000000e+00 1.000000e-03 2.000000e-03 0.000000e+00 0.000000e+00 0.0020000000
   77    1      2      0    0      1      -1      -1  1000 0.050000000 0.18100000 0.22400000 0.15100000 0.05600000 0.04200000 0.05100000 0.06700000 0.069000000 0.010000000 0.032000000 0.012000000 0.020000000 0.004000000 0.0040000000 0.004000000 0.0050000000 5.000000e-03 0.0030000000 4.000000e-03 2.000000e-03 1.000000e-03 1.000000e-03 0.000000e+00 0.0020000000
   78    1      2      0    0      1      -1      -1  1000 0.051000000 0.23600000 0.16100000 0.15100000 0.11500000 0.03900000 0.03700000 0.02700000 0.052000000 0.061000000 0.006000000 0.022000000 0.009000000 0.019000000 0.0040000000 0.001000000 0.0000000000 2.000000e-03 0.0010000000 2.000000e-03 0.000000e+00 0.000000e+00 0.000000e+00 1.000000e-03 0.0030000000
   79    1      2      0    0      1      -1      -1  1000 0.017000000 0.21800000 0.23200000 0.12700000 0.10800000 0.08000000 0.02600000 0.02900000 0.021000000 0.043000000 0.037000000 0.002000000 0.026000000 0.005000000 0.0070000000 0.007000000 0.0030000000 4.000000e-03 0.0030000000 1.000000e-03 0.000000e+00 1.000000e-03 1.000000e-03 1.000000e-03 0.0010000000
   80    1      2      0    0      1      -1      -1  1000 0.016000000 0.13000000 0.21500000 0.17300000 0.10900000 0.09700000 0.07500000 0.02400000 0.021000000 0.012000000 0.030000000 0.046000000 0.004000000 0.014000000 0.0040000000 0.011000000 0.0070000000 0.000000e+00 0.0030000000 2.000000e-03 0.000000e+00 2.000000e-03 0.000000e+00 1.000000e-03 0.0040000000
   81    1      2      0    0      1      -1      -1  1000 0.045000000 0.09200000 0.12300000 0.18300000 0.13400000 0.09400000 0.08900000 0.07600000 0.019000000 0.020000000 0.011000000 0.026000000 0.031000000 0.004000000 0.0210000000 0.009000000 0.0120000000 3.000000e-03 0.0020000000 0.000000e+00 5.000000e-03 0.000000e+00 1.000000e-03 0.000000e+00 0.0000000000
   82    1      2      0    0      1      -1      -1  1000 0.059000000 0.20600000 0.07900000 0.09600000 0.15400000 0.11400000 0.06900000 0.05800000 0.050000000 0.014000000 0.012000000 0.010000000 0.018000000 0.021000000 0.0000000000 0.011000000 0.0090000000 9.000000e-03 0.0020000000 1.000000e-03 2.000000e-03 2.000000e-03 1.000000e-03 0.000000e+00 0.0030000000
   83    1      2      0    0      1      -1      -1  1000 0.028000000 0.25300000 0.18900000 0.05700000 0.06100000 0.11500000 0.07800000 0.05000000 0.055000000 0.023000000 0.005000000 0.010000000 0.007000000 0.028000000 0.0170000000 0.001000000 0.0040000000 1.000000e-03 0.0050000000 4.000000e-03 0.000000e+00 1.000000e-03 4.000000e-03 1.000000e-03 0.0030000000
   84    1      2      0    0      1      -1      -1  1000 0.046000000 0.12700000 0.23400000 0.13500000 0.05100000 0.05700000 0.08800000 0.07200000 0.046000000 0.044000000 0.029000000 0.012000000 0.011000000 0.006000000 0.0120000000 0.012000000 0.0000000000 5.000000e-03 0.0030000000 3.000000e-03 1.000000e-03 1.000000e-03 1.000000e-03 1.000000e-03 0.0030000000
   85    1      2      0    0      1      -1      -1  1000 0.025000000 0.16000000 0.12900000 0.17100000 0.12900000 0.05000000 0.06000000 0.06500000 0.063000000 0.032000000 0.032000000 0.022000000 0.009000000 0.003000000 0.0070000000 0.013000000 0.0080000000 0.000000e+00 0.0090000000 2.000000e-03 4.000000e-03 0.000000e+00 0.000000e+00 0.000000e+00 0.0070000000
   86    1      2      0    0      1      -1      -1  1000 0.089000000 0.13400000 0.16100000 0.09500000 0.15000000 0.08900000 0.03700000 0.03900000 0.049000000 0.042000000 0.034000000 0.021000000 0.019000000 0.001000000 0.0040000000 0.005000000 0.0050000000 8.000000e-03 0.0030000000 4.000000e-03 5.000000e-03 2.000000e-03 1.000000e-03 0.000000e+00 0.0030000000
   87    1      2      0    0      1      -1      -1  1000 0.041000000 0.36800000 0.09400000 0.10000000 0.05800000 0.08700000 0.06000000 0.02400000 0.015000000 0.036000000 0.043000000 0.019000000 0.011000000 0.015000000 0.0020000000 0.005000000 0.0030000000 7.000000e-03 0.0060000000 1.000000e-03 2.000000e-03 1.000000e-03 1.000000e-03 1.000000e-03 0.0000000000
   88    1      2      0    0      1      -1      -1  1000 0.039000000 0.19600000 0.33500000 0.05800000 0.07200000 0.03900000 0.07200000 0.04400000 0.019000000 0.019000000 0.030000000 0.025000000 0.015000000 0.012000000 0.0060000000 0.000000000 0.0010000000 4.000000e-03 0.0060000000 2.000000e-03 0.000000e+00 3.000000e-03 0.000000e+00 1.000000e-03 0.0020000000
   89    1      2      0    0      1      -1      -1  1000 0.041000000 0.18800000 0.17600000 0.24400000 0.06400000 0.06200000 0.03000000 0.05700000 0.046000000 0.012000000 0.012000000 0.022000000 0.011000000 0.006000000 0.0080000000 0.002000000 0.0030000000 3.000000e-03 0.0010000000 5.000000e-03 2.000000e-03 0.000000e+00 1.000000e-03 1.000000e-03 0.0030000000
   90    1      2      0    0      1      -1      -1  1000 0.019000000 0.18600000 0.17400000 0.13300000 0.20100000 0.04000000 0.04600000 0.03200000 0.047000000 0.036000000 0.012000000 0.016000000 0.020000000 0.012000000 0.0020000000 0.005000000 0.0030000000 3.000000e-03 0.0010000000 0.000000e+00 7.000000e-03 2.000000e-03 0.000000e+00 1.000000e-03 0.0020000000
   91    1      2      0    0      1      -1      -1  1000 0.034000000 0.11300000 0.21100000 0.15600000 0.12600000 0.13700000 0.03900000 0.03500000 0.021000000 0.028000000 0.024000000 0.015000000 0.005000000 0.015000000 0.0100000000 0.007000000 0.0040000000 1.000000e-02 0.0010000000 0.000000e+00 1.000000e-03 3.000000e-03 2.000000e-03 0.000000e+00 0.0030000000
   92    1      2      0    0      1      -1      -1  1000 0.083000000 0.18200000 0.09100000 0.17300000 0.09500000 0.07000000 0.13600000 0.03500000 0.024000000 0.017000000 0.024000000 0.015000000 0.010000000 0.010000000 0.0080000000 0.002000000 0.0050000000 9.000000e-03 0.0030000000 1.000000e-03 1.000000e-03 0.000000e+00 1.000000e-03 1.000000e-03 0.0040000000
   93    1      2      0    0      1      -1      -1  1000 0.017000000 0.29700000 0.14600000 0.07700000 0.09700000 0.08700000 0.06000000 0.09400000 0.030000000 0.018000000 0.011000000 0.013000000 0.012000000 0.006000000 0.0030000000 0.006000000 0.0060000000 7.000000e-03 0.0060000000 4.000000e-03 0.000000e+00 0.000000e+00 0.000000e+00 2.000000e-03 0.0010000000
   94    1      2      0    0      1      -1      -1  1000 0.051000000 0.10100000 0.29500000 0.11800000 0.06400000 0.09600000 0.07600000 0.03800000 0.078000000 0.010000000 0.018000000 0.006000000 0.010000000 0.011000000 0.0040000000 0.002000000 0.0050000000 6.000000e-03 0.0040000000 1.000000e-03 1.000000e-03 1.000000e-03 1.000000e-03 0.000000e+00 0.0030000000
   95    1      2      0    0      1      -1      -1  1000 0.035000000 0.20700000 0.08800000 0.22200000 0.09400000 0.04000000 0.07900000 0.06100000 0.037000000 0.060000000 0.018000000 0.012000000 0.009000000 0.009000000 0.0080000000 0.004000000 0.0010000000 5.000000e-03 0.0040000000 3.000000e-03 2.000000e-03 1.000000e-03 0.000000e+00 0.000000e+00 0.0010000000
   96    1      2      0    0      1      -1      -1  1000 0.031000000 0.25400000 0.17900000 0.07500000 0.16200000 0.07400000 0.03600000 0.04800000 0.030000000 0.023000000 0.041000000 0.011000000 0.005000000 0.007000000 0.0070000000 0.005000000 0.0030000000 1.000000e-03 0.0040000000 0.000000e+00 1.000000e-03 0.000000e+00 1.000000e-03 0.000000e+00 0.0020000000
   97    1      2      0    0      1      -1      -1  1000 0.069000000 0.11900000 0.23500000 0.14000000 0.04800000 0.13900000 0.05800000 0.03700000 0.046000000 0.025000000 0.014000000 0.033000000 0.013000000 0.006000000 0.0030000000 0.006000000 0.0030000000 1.000000e-03 0.0000000000 1.000000e-03 0.000000e+00 1.000000e-03 2.000000e-03 1.000000e-03 0.0000000000
   98    1      2      0    0      1      -1      -1  1000 0.018000000 0.29100000 0.08800000 0.19900000 0.09300000 0.05300000 0.09800000 0.02300000 0.029000000 0.030000000 0.019000000 0.017000000 0.017000000 0.005000000 0.0030000000 0.002000000 0.0030000000 3.000000e-03 0.0000000000 1.000000e-03 5.000000e-03 0.000000e+00 1.000000e-03 1.000000e-03 0.0010000000
   99    1      2      0    0      1      -1      -1  1000 0.045000000 0.12500000 0.28400000 0.06900000 0.14300000 0.09000000 0.03200000 0.08700000 0.028000000 0.018000000 0.019000000 0.017000000 0.005000000 0.017000000 0.0010000000 0.006000000 0.0010000000 3.000000e-03 0.0020000000 0.000000e+00 0.000000e+00 3.000000e-03 1.000000e-03 0.000000e+00 0.0040000000
  100    1      2      0    0      1      -1      -1  1000 0.038000000 0.23800000 0.09700000 0.22600000 0.05700000 0.09700000 0.06500000 0.02700000 0.063000000 0.017000000 0.015000000 0.012000000 0.010000000 0.005000000 0.0160000000 0.006000000 0.0000000000 0.000000e+00 0.0010000000 2.000000e-03 2.000000e-03 1.000000e-03 0.000000e+00 3.000000e-03 0.0020000000
0 #_N_MeanSize_at_Age_obs
0 #_N_environ_variables
0 #_N_environ_obs
0 #_N_sizefreq_methods
0 #_do_tags
0 #_morphcomp_data
#
999
