#C data file created using the SS_writedat function in the R package r4ss
#C should work with SS version: 
#C file write time: 2014-11-06 01:45:03
#
1 #_styr
100 #_endyr
1 #_nseas
12 #_months_per_seas
1 #_spawn_seas
1 #_Nfleet
2 #_Nsurveys
1 #_N_areas
Fishery%Survey%CPUE #_fleetnames
0.5 0.5 0.5 #_surveytiming_in_season
1 1 1 #_area_assignments_for_each_fishery_and_survey
1 #_units of catch:  1=bio; 2=num
0.01 #_se of log(catch) only used for init_eq_catch and for Fmethod 2 and 3
1 #_Ngenders
25 #_Nages
0 #_init_equil_catch_for_each_fishery
100 #_N_lines_of_catch_to_read
 #_Fishery year seas
         0    1    1
         0    2    1
         0    3    1
         0    4    1
         0    5    1
         0    6    1
         0    7    1
         0    8    1
         0    9    1
         0   10    1
         0   11    1
         0   12    1
         0   13    1
         0   14    1
         0   15    1
         0   16    1
         0   17    1
         0   18    1
         0   19    1
         0   20    1
         0   21    1
         0   22    1
         0   23    1
         0   24    1
         0   25    1
 272154000   26    1
 259167000   27    1
 249534000   28    1
 243067000   29    1
 241716000   30    1
 247756000   31    1
 248173000   32    1
 240596000   33    1
 231067000   34    1
 221904000   35    1
 212538000   36    1
 203479000   37    1
 196758000   38    1
 188065000   39    1
 179044000   40    1
 170134000   41    1
 160764000   42    1
 153895000   43    1
 148700000   44    1
 144042000   45    1
 142180000   46    1
 141282000   47    1
 143239000   48    1
 152517000   49    1
 160547000   50    1
 163582000   51    1
 162619000   52    1
 161316000   53    1
 161689000   54    1
 161395000   55    1
 161112000   56    1
 162713000   57    1
 164068000   58    1
 162391000   59    1
 159199000   60    1
 158273000   61    1
 156992000   62    1
 154574000   63    1
 151596000   64    1
 150330000   65    1
 151363000   66    1
 153830000   67    1
 156751000   68    1
 155079000   69    1
 151431000   70    1
 151396000   71    1
 152895000   72    1
 155211000   73    1
 158797000   74    1
 160681000   75    1
 162188000   76    1
 161492000   77    1
 159779000   78    1
 157684000   79    1
 155749000   80    1
 155029000   81    1
 155711000   82    1
 153862000   83    1
 152256000   84    1
 153316000   85    1
 154293000   86    1
 153696000   87    1
 156810000   88    1
 162256000   89    1
 165380000   90    1
 167302000   91    1
 165090000   92    1
 160826000   93    1
 160674000   94    1
 165892000   95    1
 165523000   96    1
 161324000   97    1
 155258000   98    1
 151646000   99    1
 150397000  100    1
13 #_N_cpue
 #_Fleet Units Errtype
       1     1       0
       2     1       0
       3     1       0
 #_year seas index        obs se_log
     76    1     2 2225000241    0.2
     78    1     2 2715407343    0.2
     80    1     2 1729943648    0.2
     82    1     2 2565689416    0.2
     84    1     2 1995211802    0.2
     86    1     2 2291772242    0.2
     88    1     2 2153816467    0.2
     90    1     2 1818461285    0.2
     92    1     2 2352853477    0.2
     94    1     2 2544172849    0.2
     96    1     2 2014742328    0.2
     98    1     2 2105430778    0.2
    100    1     2 1850516367    0.2
0 #_N_discard_fleets
#_discard_units (1=same_as_catchunits(bio/num); 2=fraction; 3=numbers)
#_discard_errtype:  >0 for DF of T-dist(read CV below); 0 for normal with CV; -1 for normal with se; -2 for lognormal
0 #_N_discard
0 #_N_meanbodywt
1 #_DF_for_meanbodywt_T-distribution_like
2 # length bin method: 1=use databins; 2=generate from binwidth,min,max below; 3=read vector
1 # binwidth for population size comp
10 # minimum size in the population (lower edge of first bin and size at age 0.00)
200 # maximum size in the population (lower edge of last bin)
-0.001 #_comp_tail_compression
1e-05 #_add_to_comp
0 #_combine males into females at or below this bin number
21 #_N_lbins
#_lbin_vector
10 53 70 83 94 101 107 111 114 117 120 123 125 127 130 132 135 138 142 148 200
0 #_N_Length_comp_observations
25 #_N_agebins
#_agebin_vector
1 2 3 4 5 6 7 8 9 10 11 12 13 14 15 16 17 18 19 20 21 22 23 24 25
1 #_N_ageerror_definitions
 #_age0   age1   age2   age3   age4   age5   age6   age7   age8   age9  age10  age11  age12  age13  age14  age15  age16  age17  age18  age19  age20  age21  age22  age23  age24  age25
 -1.000 -1.000 -1.000 -1.000 -1.000 -1.000 -1.000 -1.000 -1.000 -1.000 -1.000 -1.000 -1.000 -1.000 -1.000 -1.000 -1.000 -1.000 -1.000 -1.000 -1.000 -1.000 -1.000 -1.000 -1.000 -1.000
  0.001  0.001  0.001  0.001  0.001  0.001  0.001  0.001  0.001  0.001  0.001  0.001  0.001  0.001  0.001  0.001  0.001  0.001  0.001  0.001  0.001  0.001  0.001  0.001  0.001  0.001
22 #_N_agecomp
1 #_Lbin_method: 1=poplenbins; 2=datalenbins; 3=lengths
-1 #_combine males into females at or below this bin number
 #_Yr Seas FltSvy Gender Part Ageerr Lbin_lo Lbin_hi Nsamp          a1        a2         a3         a4         a5         a6         a7         a8         a9        a10         a11        a12         a13         a14         a15          a16          a17          a18          a19          a20          a21          a22          a23          a24          a25
   50    1      1      0    0      1      -1      -1   500 0.003313308 0.1162689 0.23681711 0.24850489 0.04259841 0.10866639 0.05684051 0.04663181 0.02828745 0.02737077 0.019749541 0.01535155 0.001915346 0.010982206 0.012293870 0.0058082719 0.0065245207 9.555763e-04 0.0012331848 9.554095e-06 0.0067153270 5.403596e-04 3.178633e-05 1.298703e-03 1.290670e-03
   55    1      1      0    0      1      -1      -1   500 0.028237056 0.1216738 0.20324845 0.20062677 0.07544768 0.05294139 0.05742341 0.07776104 0.08650157 0.01511886 0.024321697 0.02022590 0.007296266 0.010061718 0.007071681 0.0009231624 0.0008532135 3.736281e-05 0.0006950023 6.026237e-03 0.0016849652 2.232599e-05 9.967657e-04 2.911681e-07 8.034465e-04
   60    1      1      0    0      1      -1      -1   500 0.026913900 0.2025742 0.08331617 0.15993151 0.12552029 0.10225938 0.06311166 0.05015051 0.05392317 0.02797748 0.023064659 0.01121947 0.028033688 0.013171515 0.002151774 0.0047211789 0.0075226498 3.793359e-04 0.0014771314 3.660133e-03 0.0039023843 5.234234e-04 1.011314e-04 3.780517e-05 4.355507e-03
   65    1      1      0    0      1      -1      -1   500 0.017126383 0.2181427 0.16380590 0.14186738 0.10066931 0.09481622 0.05942619 0.02505261 0.05193969 0.02595299 0.028854487 0.02792158 0.008683746 0.013030607 0.001170677 0.0003725995 0.0080137346 3.106467e-03 0.0029095452 3.867811e-03 0.0016383650 2.206125e-04 2.002757e-04 2.914095e-04 9.187390e-04
   70    1      1      0    0      1      -1      -1   500 0.023785707 0.1805640 0.10074874 0.12745322 0.21367876 0.06522963 0.08932391 0.03879448 0.02283749 0.03344179 0.016423416 0.03089800 0.007778872 0.009240107 0.009435116 0.0105067973 0.0022189250 1.167711e-02 0.0009981516 5.254352e-04 0.0015193573 4.569715e-04 9.489923e-04 1.461555e-03 5.349416e-05
   75    1      1      0    0      1      -1      -1   500 0.015757142 0.2021702 0.14084934 0.19985079 0.09554070 0.10242353 0.07680685 0.01271045 0.03597730 0.02578722 0.023525171 0.02173423 0.011501895 0.004355254 0.005065215 0.0031690085 0.0072566457 4.957342e-03 0.0024430712 4.938909e-03 0.0011044396 1.138809e-04 4.914798e-04 1.369733e-05 1.456251e-03
   80    1      1      0    0      1      -1      -1   500 0.021604410 0.1420950 0.20939485 0.11978200 0.09910565 0.08628098 0.07227999 0.06958916 0.05919345 0.03220270 0.027787630 0.02124763 0.002777940 0.006163188 0.008213796 0.0024415506 0.0057963359 5.802030e-03 0.0001778302 4.142601e-03 0.0010422777 1.186557e-03 1.613393e-04 1.656657e-04 1.365475e-03
   85    1      1      0    0      1      -1      -1   500 0.008797659 0.2208053 0.21788848 0.09674223 0.09280807 0.12428878 0.05427622 0.03477066 0.03597134 0.02934910 0.015196786 0.02161948 0.006875632 0.013582099 0.008019266 0.0047007650 0.0060977059 3.175364e-05 0.0007590225 3.063062e-03 0.0002051101 3.058590e-04 1.425944e-03 2.260375e-03 1.592776e-04
   90    1      1      0    0      1      -1      -1   500 0.008127442 0.2072582 0.12766817 0.23629681 0.10287668 0.06618632 0.07611316 0.04523053 0.02391637 0.01906516 0.025024720 0.01237358 0.011242628 0.006214084 0.011288943 0.0027175754 0.0065688819 5.646202e-03 0.0022706494 1.860579e-03 0.0001979260 1.456219e-04 4.597797e-04 5.265376e-04 7.233985e-04
   95    1      1      0    0      1      -1      -1   500 0.011520819 0.1172715 0.40836864 0.07851318 0.05610791 0.04592397 0.07573389 0.05462012 0.04757111 0.03832619 0.007841593 0.01863325 0.006611200 0.009628094 0.003681373 0.0006857712 0.0022117076 2.200993e-03 0.0028783523 1.173401e-03 0.0048853582 4.336093e-03 6.383807e-04 2.831770e-05 6.088312e-04
  100    1      1      0    0      1      -1      -1   500 0.009706129 0.1956568 0.22728985 0.13494403 0.04816670 0.07331979 0.05427718 0.09514932 0.02408425 0.01920925 0.023365981 0.02754686 0.028874193 0.013877734 0.004768725 0.0046873192 0.0031814080 2.946115e-03 0.0005941481 2.316975e-03 0.0047150440 2.167562e-05 1.945641e-05 9.857120e-11 1.281039e-03
   50    1      2      0    0      1      -1      -1   500 0.026000000 0.1560000 0.24800000 0.24400000 0.06600000 0.06600000 0.05600000 0.02000000 0.03200000 0.01800000 0.006000000 0.01000000 0.010000000 0.006000000 0.012000000 0.0040000000 0.0060000000 2.000000e-03 0.0000000000 0.000000e+00 0.0000000000 8.000000e-03 2.000000e-03 0.000000e+00 2.000000e-03
   55    1      2      0    0      1      -1      -1   500 0.052000000 0.1680000 0.20000000 0.21200000 0.07600000 0.04400000 0.04600000 0.06600000 0.04400000 0.02200000 0.012000000 0.01800000 0.004000000 0.010000000 0.016000000 0.0000000000 0.0040000000 0.000000e+00 0.0020000000 0.000000e+00 0.0020000000 2.000000e-03 0.000000e+00 0.000000e+00 0.000000e+00
   60    1      2      0    0      1      -1      -1   500 0.032000000 0.2140000 0.10800000 0.11800000 0.13600000 0.10000000 0.06400000 0.04600000 0.05600000 0.01000000 0.022000000 0.01600000 0.014000000 0.036000000 0.002000000 0.0040000000 0.0040000000 8.000000e-03 0.0040000000 0.000000e+00 0.0020000000 0.000000e+00 0.000000e+00 0.000000e+00 4.000000e-03
   65    1      2      0    0      1      -1      -1   500 0.050000000 0.2620000 0.19000000 0.10800000 0.07600000 0.08000000 0.07800000 0.02200000 0.02800000 0.03200000 0.028000000 0.00400000 0.012000000 0.012000000 0.002000000 0.0000000000 0.0000000000 0.000000e+00 0.0100000000 0.000000e+00 0.0020000000 0.000000e+00 0.000000e+00 0.000000e+00 4.000000e-03
   70    1      2      0    0      1      -1      -1   500 0.046000000 0.2380000 0.05600000 0.11800000 0.17000000 0.09000000 0.09600000 0.04000000 0.03200000 0.02600000 0.024000000 0.01400000 0.006000000 0.012000000 0.008000000 0.0020000000 0.0060000000 8.000000e-03 0.0040000000 0.000000e+00 0.0000000000 0.000000e+00 0.000000e+00 2.000000e-03 2.000000e-03
   75    1      2      0    0      1      -1      -1   500 0.038000000 0.2320000 0.13400000 0.17200000 0.09000000 0.09200000 0.05600000 0.02400000 0.02400000 0.04800000 0.018000000 0.02600000 0.012000000 0.006000000 0.008000000 0.0000000000 0.0020000000 2.000000e-03 0.0020000000 2.000000e-03 0.0060000000 4.000000e-03 0.000000e+00 0.000000e+00 2.000000e-03
   80    1      2      0    0      1      -1      -1   500 0.068000000 0.1440000 0.21200000 0.12800000 0.09800000 0.08000000 0.07200000 0.03600000 0.05000000 0.02600000 0.020000000 0.01400000 0.014000000 0.006000000 0.010000000 0.0080000000 0.0020000000 4.000000e-03 0.0000000000 2.000000e-03 0.0020000000 2.000000e-03 0.000000e+00 0.000000e+00 2.000000e-03
   85    1      2      0    0      1      -1      -1   500 0.038000000 0.2420000 0.21400000 0.10800000 0.06800000 0.08600000 0.05800000 0.05200000 0.03200000 0.02600000 0.014000000 0.02000000 0.012000000 0.004000000 0.006000000 0.0060000000 0.0000000000 2.000000e-03 0.0020000000 2.000000e-03 0.0000000000 4.000000e-03 0.000000e+00 0.000000e+00 4.000000e-03
   90    1      2      0    0      1      -1      -1   500 0.026000000 0.2160000 0.13800000 0.19600000 0.10200000 0.05400000 0.06400000 0.04400000 0.03400000 0.02000000 0.034000000 0.01200000 0.020000000 0.012000000 0.008000000 0.0040000000 0.0020000000 2.000000e-03 0.0040000000 2.000000e-03 0.0020000000 2.000000e-03 0.000000e+00 0.000000e+00 2.000000e-03
   95    1      2      0    0      1      -1      -1   500 0.026000000 0.1180000 0.36200000 0.09600000 0.05800000 0.03600000 0.08400000 0.04000000 0.06200000 0.03800000 0.012000000 0.01800000 0.006000000 0.008000000 0.008000000 0.0080000000 0.0040000000 6.000000e-03 0.0020000000 0.000000e+00 0.0020000000 0.000000e+00 2.000000e-03 0.000000e+00 4.000000e-03
  100    1      2      0    0      1      -1      -1   500 0.024000000 0.2360000 0.21000000 0.14400000 0.04800000 0.05000000 0.04800000 0.09400000 0.03400000 0.02600000 0.014000000 0.00600000 0.012000000 0.016000000 0.014000000 0.0060000000 0.0060000000 4.000000e-03 0.0020000000 4.000000e-03 0.0000000000 2.000000e-03 0.000000e+00 0.000000e+00 0.000000e+00
0 #_N_MeanSize_at_Age_obs
0 #_N_environ_variables
0 #_N_environ_obs
0 #_N_sizefreq_methods
0 #_do_tags
0 #_morphcomp_data
#
999
