"yr" "seas" "gender" "growpattern" "birthseas" "fleet" "age0" "age1" "age2" "age3" "age4" "age5" "age6" "age7" "age8" "age9" "age10" "age11" "age12" "age13" "age14" "age15" "age16" "age17" "age18" "age19" "age20" "age21" "age22" "age23" "age24" "age25"
"2" 2 1 1 1 1 1 0.0311902 0.265753644764597 1.19295036007915 2.72382877139866 4.68635237275371 6.87509156386839 9.12874443509787 11.3222347517761 13.4304738166668 15.2403700080294 16.6771486772065 18.0614028787881 19.3368003732231 20.3774831071079 21.6239520868634 21.6289469347075 22.7594968347326 23.142389279966 23.1290466399502 23.7674539103207 24.3977210339355 24.5895393423349 24.6916905822004 23.88114713851 24.947674552128 25.1739107857676
"3" 3 1 1 1 1 1 0.0311902 0.273412919727957 1.190369724438 2.73264067696953 4.68162065083284 6.97110279571693 9.13075976444813 11.2961927296413 13.3486660917942 15.2066994522528 16.7896758365155 18.2344172272959 19.4460426855238 20.7675063887242 21.4066033681011 22.3062787589954 22.8891594319368 22.5635972993274 23.8806336485195 24.0234732393959 NA NA NA 25.0017237823506 NA 25.4201675107779
"4" 4 1 1 1 1 1 0.0311902 0.27711357437562 1.18619796986666 2.72605258820945 4.6914355951745 6.90474930558943 9.16243753885553 11.2939530271974 13.4181983279022 15.1802481218799 16.7243503348011 18.2432488759748 19.3234827268447 20.3629573599425 22.0892520217151 21.6772960681885 22.6164370606464 23.9640533466675 23.7985752035287 24.0262895394929 23.9743482019986 25.6076651633108 24.9802452237882 24.9038896732418 25.7678655824277 25.1204222897533
"5" 5 1 1 1 1 1 0.0311902 0.238292376006568 1.19086198486733 2.7129053926637 4.6784749437483 6.92133145982351 9.15530451757397 11.2948209628473 13.3618607115633 15.3364345972318 16.910669235847 18.1021950623029 19.3150900255665 20.3938519240712 21.4026840789116 22.1759624935581 22.9047702592687 23.381869516187 23.6737486008587 23.9153616386628 23.933469584495 23.7453011043797 24.9557772205179 NA NA 24.4631758170084
"6" 6 1 1 1 1 1 0.0311902 0.265850741384809 1.18653853971802 2.73165880566776 4.67140044332274 6.85800451753543 9.09257649607998 11.2408200494006 13.4653857753292 15.1626697470234 16.6653133586522 18.4226081649472 19.5980870334938 20.4837298250362 21.728561771141 22.0900032167606 23.1522100284708 22.8782330208063 23.6962949322058 23.484696244576 24.7157252906872 26.1795904323003 24.6482301871827 26.2173451973934 26.427031922663 24.9947926293718
"7" 7 1 1 1 1 1 0.0311902 0.269319033102608 1.18367527436255 2.74150214992224 4.70814751159383 6.92151761681412 9.15230615583826 11.3821143754938 13.2895883882565 15.274402997643 16.87811434344 18.3228267382514 19.2399010153106 20.3476037811367 21.5327822655358 22.0080748592093 22.7619046466367 23.2674184210232 23.654625397825 24.4993912631641 23.7301997111462 24.5928353054097 NA 24.7519370762644 NA 24.9763200762634
"8" 8 1 1 1 1 1 0.0311902 0.269996484453891 1.18546330529919 2.73611324971714 4.72502794162384 6.92685050882985 9.19087220403757 11.2965514323764 13.3499648110309 15.1205360234622 16.9609354328335 18.4118093389519 19.334992361386 20.5104852849832 21.2530878998489 22.2591632156747 22.5931994240752 23.4238804716334 23.6733135028728 24.8752931731404 24.607078334953 24.7037766914262 24.6957346203219 NA NA 25.6068668875702
"9" 9 1 1 1 1 1 0.0311902 0.264412187356328 1.17926843497563 2.75094336836667 4.70540045303923 6.86976826037202 9.1324665982824 11.3292294805424 13.3386658648277 15.2468027700677 16.7480837420745 18.170088427678 19.3942643209572 20.284701170495 21.1502346023325 22.0575876201038 22.7115326777807 23.2959506356836 23.8521518014482 23.8427450877477 24.2367304596919 24.6908530185563 25.5890707400579 NA 24.3731096390874 25.2191942183158
"10" 10 1 1 1 1 1 0.0311902 0.266095160981766 1.19651776744719 2.7324390758835 4.71392239305243 6.88347965753676 9.06576111614632 11.3802011626017 13.3838091249409 15.313858033591 16.8888532150221 18.2647367788275 19.225016458974 20.5302508355374 20.996988015794 22.1434090842913 22.6532071351992 23.0259199899333 23.5460715652678 25.1274719643038 24.118200253166 NA 24.6150227249991 24.4043588617194 NA 25.6089906817007
"11" 11 1 1 1 1 1 0.0311902 0.270622819435413 1.18316429467601 2.73806076727951 4.64000883700692 6.92014162301094 9.11721386850083 11.4818538213116 13.3020778963554 15.2234842486152 16.7391642406875 18.3309625967764 19.4797544172933 20.2902393924794 21.1335647225336 22.1104863991133 22.2814704867146 23.3114468968195 23.5976673567218 23.7836054456149 NA 23.7763313181157 24.8720463398609 25.0151234659998 24.9825777874381 25.3932494807038
"12" 12 1 1 1 1 1 0.0311902 0.269400440343064 1.18638307730443 2.71031504496227 4.7038284034498 6.8994808489721 9.0602195651741 11.3682699259504 12.8517522000916 15.394987805022 16.7426710614997 18.4335390034145 19.4293478480196 20.5033083561473 21.4522881407028 22.0455155012238 22.7860816903152 23.0360256872172 23.7022253138785 24.0723794967177 24.1926345670812 24.8044078427721 24.7119810280197 25.6618571933367 24.6870527738528 24.9229876776332
"13" 13 1 1 1 1 1 0.0311902 0.269836023592153 1.18640972201667 2.72433988857379 4.69873764790803 6.8604385574141 9.15186005843337 11.237007187153 13.2472771394564 15.5580868818923 16.6185358286106 18.0300041489593 19.3420734026779 20.6468537681661 21.6959638310961 22.1667841158267 23.2643165052986 23.2664312580752 24.3166203176065 24.2478008068822 NA NA 25.12421700767 24.1877008658328 NA 25.4330926588457
"14" 14 1 1 1 1 1 0.0311902 0.273613969201441 1.19166473223997 2.7237307356755 4.69633480415403 6.90786955416716 9.09774713990251 11.4598020370631 13.3281748888545 15.2149160196565 16.4745105407547 18.2806939206714 19.6612390327645 20.3146892854802 21.2468540393138 22.6900288991348 22.7061127430954 23.373197517913 23.2923275327297 24.6465974281087 24.3049057868552 24.7300116029431 24.4215299646251 25.7771224042454 NA 24.8112944018897
"15" 15 1 1 1 1 1 0.0311902 0.268607380836427 1.19237332166764 2.75522125452676 4.70926185439189 6.86046922179708 9.22639933011055 11.34833976578 13.3737282826266 15.173903361413 16.999300712405 18.5369866280915 19.5372232169885 20.6343691696556 21.3834836082848 22.0922183830719 23.1199304139162 23.1463454528645 NA 23.8661747244468 23.1938648463412 24.956751844667 24.4384512831904 NA 25.6894323782885 24.9641151097921
"16" 16 1 1 1 1 1 0.0311902 0.268802528686811 1.19783932737297 2.71095065355784 4.77697727930086 6.90332406624237 9.22289463746893 11.3195354641549 13.3723710375409 15.2428141592612 16.7315920374178 18.2269388084793 19.5975535153425 20.4385929861425 21.392873929428 22.4020946714983 22.1009789551498 23.0754480075042 23.2184985423802 23.778185713635 23.8338661436323 24.5652635140105 25.0790448751493 24.9676339212435 24.2207498980757 24.5902118304811
"17" 17 1 1 1 1 1 0.0311902 0.2682205991522 1.17778662292874 2.70741578135277 4.70199051746471 6.85698584805848 9.20137680432165 11.2878827500863 13.3937826951211 15.1477425507141 16.9038959743475 18.368980864927 19.702550222779 20.4720034100526 21.2275396028897 21.9258262241546 22.495650852547 22.9142912903467 23.637114122417 23.9322055781412 23.8561071090281 24.277436621285 24.3477798692757 24.9457457246133 25.1440411600562 25.3145469709721
"18" 18 1 1 1 1 1 0.0311902 0.266883490250757 1.1784143826215 2.7209177552154 4.71514742048596 6.88593520728461 9.16213371851962 11.3660584980124 13.418388997089 15.3521496807192 16.734259970198 18.394119513541 19.719073991528 20.5470064347723 21.0692647847391 22.3764662612618 22.6423022583768 23.0181001491248 23.3690120300233 23.5623393219527 24.7166794177523 24.1512163948914 25.2312442223865 24.3502819477096 NA 24.9003429027739
"19" 19 1 1 1 1 1 0.0311902 0.272025014417929 1.18662300403228 2.7002477456255 4.67637438905936 6.9154914571255 9.15877601647747 11.2568818338206 13.5103002706193 15.2460138125872 16.6333053347995 18.2330588076791 19.2987605116073 20.359921674332 21.4033026114251 22.1556544525554 22.8407839273878 23.2740504331145 23.6728999074437 24.0484423933264 NA 24.3577040335268 24.3598278202074 25.4925156531168 NA 24.8798496491433
"20" 20 1 1 1 1 1 0.0311902 0.272691993352324 1.18280765185849 2.73348291345349 4.67362771635208 6.92055320622642 9.16420905942699 11.3423462833651 13.2838645629916 15.202363778741 16.8348584661817 18.2880069211434 19.3666494218222 20.3692435839593 21.233997663878 22.2608917973856 23.1372005332721 23.0762505369893 23.6556797812575 23.738367259325 NA 24.3523631973347 NA 24.8250653464254 24.9780557857646 25.7185428861035
"21" 21 1 1 1 1 1 0.0311902 0.269050641337575 1.18969607619561 2.72835645454107 4.67939963547955 6.88656452371779 9.22114619602176 11.2273335992002 13.4940748018697 15.3307943863575 16.8421749457718 18.2770095500491 19.4123648483995 20.7012558099892 20.8889674103213 21.9273881441845 22.6632118410286 23.9941609651546 23.7694192645556 24.1186709164581 24.1672221920416 25.3744632636338 26.0498557383173 NA 25.022341021027 25.5125445951078
"22" 22 1 1 1 1 1 0.0311902 0.267355513365217 1.18851878496672 2.71735585686007 4.70335267018076 6.90511657179216 9.14411513936873 11.3976709460752 13.2818187913795 15.0628794523325 16.60405484494 18.2805104048297 19.2851886650464 20.5136900810574 21.4454283590932 21.9134736515074 NA 23.7033015096316 NA 23.8372701145714 24.1514296430646 NA 24.7249389494463 NA 25.2472864076306 25.1488510214785
"23" 23 1 1 1 1 1 0.0311902 0.269100769869735 1.18574681869151 2.74365323497709 4.68142684077812 6.91192290167224 9.09614274297538 11.2739317667162 13.4188877458717 15.1382758982481 16.706332464268 17.9332668644256 19.6356543553872 20.5274752237761 21.4040871285858 22.2392489977002 22.2665024807954 23.2694487819364 23.6970721132142 23.1815585141317 24.7953075052156 24.5519282744829 25.8304420062353 NA 26.0529275209401 25.0163683027149
"24" 24 1 1 1 1 1 0.0311902 0.268944372990628 1.18114069390705 2.72105434222753 4.69472531212685 6.92719300952794 9.20043604772938 11.3908356766312 13.3138619143454 15.5025125555002 16.790612625346 18.3456652745075 19.5197036077425 19.8782164857695 21.3159324980635 22.2839576813622 22.7465384231145 23.1135044709856 23.5891804370951 24.9792344952322 NA 23.3118158729141 NA 24.9290223408501 NA 24.6510946804595
"25" 25 1 1 1 1 1 0.0311902 0.272513797609069 1.19206578306388 2.71282772299269 4.72433312904605 6.91947199252696 9.18481912986599 11.3835810334587 13.3062462253693 15.548469316102 16.6411297258932 18.2685049346512 19.5568611518232 20.2617704481267 20.6293534588127 22.2158137704453 22.9538846142628 22.8526695451139 22.9446724567955 23.7174899544047 24.4735628111498 23.9915631414936 24.2692150328178 25.0485874308001 NA 25.2467803501731
"26" 26 1 1 1 1 1 0.0311902 0.273605145548223 1.19361709841801 2.73721456635725 4.68470542382909 6.90052625864641 9.19886142054906 11.3745814841635 13.3156307583544 14.9589567904895 16.8424305934526 18.1100305204188 20.1697974897215 20.9212419206687 20.191325981039 22.3408364807928 23.000408942979 NA NA 23.5792605591746 25.0007102045058 NA NA NA 25.6723066702242 25.0874953345573
"27" 27 1 1 1 1 1 0.0311902 0.267337689049537 1.1812355094017 2.7118352356105 4.65425130024009 6.90910191107256 9.17976484585346 11.3362964210515 13.4552293785438 15.0650072470512 16.6840534154685 18.6157366753221 20.0311927486888 20.1604180779586 21.7799777417731 21.9360128396093 22.3870449830273 23.3432171233832 NA 23.8276946139872 24.456083548416 NA NA NA NA 25.1918628662663
"28" 28 1 1 1 1 1 0.0311902 0.269108789984545 1.19336217287464 2.72478666676077 4.69746144572802 6.89431881723512 9.08566397843919 11.4971552739934 13.430532314017 15.34030605759 16.7999794319015 18.3666533456824 19.4391125255181 20.0919680712409 21.5654986618178 22.4278739045729 23.0880115896099 NA 23.3304045627008 24.5442211723424 NA NA 23.9156949672246 NA NA 25.1083238293907
"29" 29 1 1 1 1 1 0.0311902 0.274036484655653 1.1858342105125 2.72230093741666 4.70326652957294 6.9155442585929 9.08910618093092 11.2891027649319 13.243121924357 15.5104871364853 16.9728235699597 17.9562414379694 19.3240119651411 20.3243152319543 21.4368795695823 22.0862766154003 22.928502868751 23.2833969656337 23.9848671669654 23.7125698557785 24.6941698352643 23.3545977177184 NA NA NA 26.0369984820498
"30" 30 1 1 1 1 1 0.0311902 0.271272133033925 1.19187209448164 2.71378352377625 4.69746603041297 6.92548259177628 9.14052556397554 11.398511489721 13.5490911736806 15.2747365439218 16.7484045022871 18.3040238357729 19.1833664262671 20.3681650040583 21.1845006926008 22.322877762372 22.6978798803089 23.5403005067008 23.3726657975219 NA 24.6817938019205 24.8870626053438 25.1415304852574 NA NA 25.2054470598194
"31" 31 1 1 1 1 1 0.0311902 0.274845063126093 1.19250346937332 2.72605887115708 4.69961269319766 6.922303136514 9.1750714129653 11.2806562977372 13.3673246769597 15.3376972755157 16.7397766262604 18.3906742555341 19.0412091756369 20.818663216974 21.3065570457781 21.9702290758217 23.8055714380889 23.9506043949895 23.3813888541565 NA NA 24.1592874573908 24.9782811605691 NA NA 25.4926431152431
"32" 32 1 1 1 1 1 0.0311902 0.26071342977579 1.18612327801005 2.73442918887553 4.69733120654191 6.87521440817596 9.0807348935722 11.2273663166205 13.3890155168486 15.2548403387031 17.025381374342 18.4425927123651 18.848319649079 20.6228207076271 21.7413689686234 21.8396146359096 22.7625001030253 23.3357820301567 23.5550861285999 24.3940252783126 23.5758365500178 24.4516892702514 25.1757256079286 NA NA 24.7614189014598
"33" 33 1 1 1 1 1 0.0311902 0.273110265806879 1.18898329861447 2.72708823150387 4.70341664113851 6.90590659940572 9.12811058763638 11.4044121576313 13.3491098219528 15.1246663630157 16.7531034383261 18.2712560469001 19.4155656774449 20.6730341281531 20.9966498675823 21.1257901705484 NA NA NA 23.4510312012418 NA NA NA 23.9390398390604 24.5325191720893 25.1694403382615
"34" 34 1 1 1 1 1 0.0311902 0.271446390713666 1.18274134651179 2.7275160192995 4.68393087088121 6.85371497124676 9.10515928054008 11.2387877261173 13.2370309707475 15.1131943085327 16.6934410588718 18.102289033411 19.2022678563747 20.6178465337521 21.0166728766463 22.9899895208759 22.9619365100349 NA NA NA NA NA 24.736777515664 24.7118099895052 25.6202465054249 24.7330782556279
"35" 35 1 1 1 1 1 0.0311902 0.268994777476345 1.18993026756851 2.72625704493651 4.68821093742295 6.92399510918072 9.11838148668278 11.3545342919076 13.3353282146019 15.3474416696347 17.0542269783017 18.2867520478077 19.2199977882908 20.1240399188512 21.6203829360261 22.3538855807518 22.7903013235986 23.2279297199221 NA 23.6381432738381 24.3388281282118 24.3791624074537 NA NA 25.6205545873733 24.7929103395645
"36" 36 1 1 1 1 1 0.0311902 0.266844825439941 1.18235112578843 2.73097054342548 4.69063158376374 6.90131548717218 9.08778475550423 11.3438263919505 13.3482267261755 15.0984354706473 16.4576890204966 18.3278973885631 19.0177300942327 20.3841144475683 21.7022504191557 22.0294357050932 22.5001329616411 23.1096374938996 24.4909831681057 NA NA NA 24.6817072644783 NA 24.0820106443132 25.0063616858021
"37" 37 1 1 1 1 1 0.0311902 0.274054457082214 1.1820453677942 2.72876997989056 4.71930161139281 6.92090953052112 9.15084649160058 11.3819042383372 13.4546020299661 15.2267501293988 16.7813777625956 18.3097184556566 19.0165023878079 19.7822203684621 21.1186401868567 21.9375949439921 23.3426871480494 23.4000564960217 24.1606422111076 24.028243277885 NA 25.3880231564312 24.5639815612047 NA NA 25.1090212328077
"38" 38 1 1 1 1 1 0.0311902 0.261750355030615 1.18734513362307 2.71944224608469 4.68205107141617 6.91534640326313 9.13090812464893 11.1870070872211 13.604799046966 15.083086887971 16.9937182610358 18.1278323161889 19.1712429673353 20.6470972213243 21.3036827615758 22.114862003485 23.0818826828702 22.7627416073697 23.3460265076616 NA NA NA NA NA 25.119404801398 24.7576417560604
"39" 39 1 1 1 1 1 0.0311902 0.270590155904913 1.18883021099142 2.7216757995981 4.72250807950799 6.92653779274942 9.1507591357489 11.3838414078333 13.4574487798599 15.2426692538197 16.9083259858407 17.9759373664524 19.5363493389605 20.558264199627 21.2362268191406 22.0730937156001 22.6971872039991 23.4030964214727 23.948619854579 24.2314519121166 NA NA 24.6254391787668 NA 25.5025997969487 25.4285424810063
"40" 40 1 1 1 1 1 0.0311902 0.27368725367433 1.1889737079822 2.70986885411191 4.71024387866927 6.90624506046828 9.13181135371582 11.2839041922671 13.4038839011493 15.2453269202117 17.1096264087575 18.5021822110992 19.2537496938788 20.654271460528 21.2531010200357 21.5835772184843 22.2928567203099 24.0526736566978 23.6746504997387 24.8464631218884 25.0662935970241 23.5731647966602 NA NA NA 25.2387377518269
"41" 41 1 1 1 1 1 0.0311902 0.27185893602792 1.18704497778799 2.71770133788546 4.6775655720266 6.90880918437828 9.13166548747921 11.378776740691 13.3800219595689 15.1398066240249 16.7214438272868 18.4337355624936 19.4957731535949 20.494473996526 21.6121705776597 NA 22.7765002518232 23.2312384094456 23.9823547142028 23.4507559461138 NA NA 24.2154028480693 25.5736302165964 NA NA
"42" 42 1 1 1 1 1 0.0311902 0.263228903106512 1.18980995052364 2.72790796838723 4.70675500407132 6.89581229033155 9.17125051395558 11.2759868919511 13.3946667514093 15.2185807897358 16.6989478902103 18.2630491916554 19.2336945964978 20.4568338167136 21.0154586530854 21.6109877329875 NA 22.1418987926868 NA 23.9463940516029 24.240114542689 23.9281337917141 24.550420749932 NA NA 23.9163375066159
"43" 43 1 1 1 1 1 0.0311902 0.262753116871619 1.18473272564853 2.73320437354889 4.69321430256863 6.94990871506825 9.15250944497485 11.2800593086377 13.4299164354635 15.124637399401 16.7980899156033 18.1928128976875 19.6633483381814 20.7358199753112 21.3143081710775 21.4512013529626 23.2025394937261 22.9651967112411 23.8478850613946 23.6454569809877 NA NA 23.4239704701113 NA 23.7556848753638 24.6782462180086
"44" 44 1 1 1 1 1 0.0311902 0.269568244342723 1.18480332260787 2.72117065868174 4.7061355722082 6.89974090384825 9.12553288875846 11.3531863868189 13.3294073771441 14.8790891319292 16.7685866341767 18.4833478869241 19.6040621634501 20.2029847679769 21.3219505270182 NA 22.79452716799 23.2462027437686 23.9500827777026 23.2695110027357 24.5422087714874 NA 25.3063208824211 NA NA 24.3533536744447
"45" 45 1 1 1 1 1 0.0311902 0.27334129476 1.18912699509686 2.71263273729872 4.72676683658074 6.94098053072686 9.17677259226572 11.2808343078895 13.4305433146734 15.0846765386861 16.7908077845031 18.4155181980521 19.3217033172572 20.3487489754303 21.4806065968063 22.1839946028469 NA 23.8074682584013 NA 24.2164771049227 NA 23.9324485230983 NA 24.924177546542 24.4564274017163 25.8392557218136
"46" 46 1 1 1 1 1 0.0311902 0.267240457515126 1.188198914944 2.73091491059976 4.72907899519827 6.94690550306104 9.1258373540716 11.3936250600238 13.4405841720629 15.0643042923006 16.6929941634247 18.2499896541422 18.945497489569 20.3869420111782 21.4672273432463 21.9473440327897 22.5824980065618 22.4012744396444 24.2921756450559 24.1553559995935 NA 24.5728172276203 24.1860551209028 NA NA 24.9221313548536
"47" 47 1 1 1 1 1 0.0311902 0.267231771527527 1.18105482294775 2.71673908707329 4.71883541728137 6.92994138910996 9.1591728642877 11.1929519095216 13.4630311096158 15.2263265876249 16.8101828260366 18.3406311829489 19.3631947879717 20.6616190886384 21.5315994936383 22.0961724216727 22.2266945293053 23.4760709468592 NA NA 24.2436271374558 24.2802772641889 24.3343212577954 26.5203446374762 NA NA
"48" 48 1 1 1 1 1 0.0311902 0.278348358529129 1.19302591407474 2.73181954056214 4.70319515553652 6.91136819947072 9.15193508327262 11.3618363897043 13.3403195907815 15.3762188273629 16.8256636612893 18.1694132873603 19.5091894513415 20.3093796224013 NA 21.4189655539161 22.7529153747051 23.8928332212206 23.3703881436629 23.9289502120323 23.5350133457369 NA NA 25.3168743058328 NA 25.3218764826188
"49" 49 1 1 1 1 1 0.0311902 0.268150222745299 1.18578220050733 2.74228294352187 4.70698522063398 6.85541418799261 9.16995970088876 11.3490147503501 13.3880197505964 15.0898937605509 16.7731922133121 18.1146385611571 19.4151060300194 20.2819017785 21.8378268360346 20.9352953309336 23.0511527011067 23.9874684802489 23.968523045369 23.5729528607289 24.8474910461725 NA 24.4857483416975 NA 25.8647129331394 24.9360623010539
"50" 50 1 1 1 1 1 0.0311902 0.270009762614975 1.18930625884749 2.72436206904775 4.72480873762428 6.85104544901926 9.17011211615687 11.3689425245181 13.5680517538453 15.1662445170567 16.6865034731279 17.9497148710321 19.6188555564904 20.7534684201577 21.2809343626201 22.0944806711743 NA 23.1303522787516 23.9739528571019 24.1516956953317 NA 25.187304825249 NA 24.1259662978711 NA NA
"51" 51 1 1 1 1 1 0.0311902 0.265815333207902 1.18158684679269 2.72196381346017 4.70559267367827 6.89497301365822 9.10982055557319 11.3147227477241 13.3346285381367 15.194168614729 16.6846324841001 18.3309651905455 19.4741254940021 20.7276109124402 21.0461282777179 22.0369596371703 22.7374348466513 22.2732085606357 NA 24.8491835486037 NA 24.9095474051906 23.881828270662 NA NA NA
"52" 52 1 1 1 1 1 0.0311902 0.274050655252741 1.18248547131363 2.73089621224564 4.6990015152123 6.93054386461672 9.21948646362675 11.3520728362767 13.3877222695921 15.2132447200687 16.652076534243 18.1652108839958 19.6723909921684 20.5503451871926 21.5735068470443 NA 23.1566492210627 24.1500188683404 22.5901300325929 NA NA NA NA NA 24.7328208105223 24.5990113855792
"53" 53 1 1 1 1 1 0.0311902 0.269960163417961 1.18952560250682 2.71238441587325 4.67216478687236 6.95628102037596 9.18882457377292 11.3777517040107 13.3630283845535 15.0735985678774 16.9144329206117 18.3544103735445 19.8893378800016 20.7676554996282 21.2944745498095 21.6013149250867 21.7174112231074 22.3527378460333 23.4541416887564 24.3992154312972 NA 24.5553977529766 25.6815545835324 NA NA 26.7447990643534
"54" 54 1 1 1 1 1 0.0311902 0.271863679538482 1.18424617400793 2.7199882556473 4.65360071148625 6.87796321095381 9.08386571551007 11.3399960839873 13.2839243266184 15.3625457792669 16.8727314846719 18.171875036838 19.2661311276482 20.8999875640684 21.3522410853955 NA 22.5997986966558 23.3406488648989 23.640736532727 NA 24.8226542555134 NA NA NA NA NA
"55" 55 1 1 1 1 1 0.0311902 0.256633700145036 1.18863410173498 2.72887925412573 4.71087260080508 6.92288464306618 9.09771235270071 11.3295908588969 13.3920661242995 15.2778057911759 16.8753960666557 18.2085957196318 19.6349132714214 20.6232126695113 21.410863188886 NA 22.786609028835 21.5387742916262 NA 24.0954329067587 25.0343863236836 NA 23.9762768552713 25.2498190488672 NA NA
"56" 56 1 1 1 1 1 0.0311902 0.270714144664605 1.20287024754896 2.73054676656183 4.71986854754237 6.88969700720547 9.1356099795344 11.2947440236523 13.4413490491037 15.1093409198787 16.9670481099126 18.3619531845599 19.4350690304845 20.420366360344 21.2470645682274 21.9058645859677 22.4741642741286 22.9057778018882 23.7428957269281 NA NA 25.4893256321473 25.3803142134471 NA 25.3466077562333 24.4648420891884
"57" 57 1 1 1 1 1 0.0311902 0.274077699909537 1.19618475508632 2.72464860552154 4.70574463776637 6.92205884798663 9.13557087085812 11.398741587422 13.3425600193035 15.2568467905507 16.8935576755488 18.3471894247242 19.6434859466087 20.4335191582096 21.6533011758433 21.8249749700793 22.2966510864078 23.900872223872 23.8821303157081 23.9251607947993 24.1740213268229 23.5918739687462 NA NA NA NA
"58" 58 1 1 1 1 1 0.0311902 0.270910258735648 1.18300404706211 2.73337047427164 4.68626394459697 6.87434172667401 9.13050589418843 11.3387172855112 13.3690110029073 15.1581416463696 16.7076203773131 18.2819888627703 19.0418107006415 20.1481485141768 21.1661896548365 22.0577954280333 22.7338852639334 23.3717632873601 NA 23.8419041025137 25.2285325312787 NA NA NA NA 25.2787513614912
"59" 59 1 1 1 1 1 0.0311902 0.249384480658706 1.19043489322136 2.72146888816743 4.70922819927401 6.91618190523005 9.15510070882793 11.3364505266399 13.394746224748 15.1692952887989 16.7919614860393 18.3923833800048 19.4691536092053 20.5034401575516 21.3823837575119 NA 22.5171565498797 23.7593471929602 NA NA 25.6264443705999 25.1390678105591 24.2742556442831 24.8668202936979 24.0496403247492 25.2268783582938
"60" 60 1 1 1 1 1 0.0311902 0.276493176160455 1.20357407408568 2.7258152758394 4.73047089108061 6.89854494410749 9.14747758327147 11.343629098619 13.2127664118711 15.167715933865 17.1012748674742 18.1406357537192 19.2302133334436 20.5334138841238 20.9765892764389 22.7788890679409 22.7448780581674 22.6348825766401 22.890748293875 24.2858077863837 24.8591084019825 24.7535496663537 25.0616308350322 NA NA NA
"61" 61 1 1 1 1 1 0.0311902 0.260220957533665 1.18526872652408 2.72794641559543 4.70203303725339 6.88217137758381 9.1335846486796 11.2504596423749 13.5404610401738 15.160316381814 16.8254255908904 18.341291082384 19.3643575678707 20.5970372038236 21.4110572885469 22.1758795054029 23.0102512714307 23.3193119253868 NA NA NA NA NA NA NA NA
"62" 62 1 1 1 1 1 0.0311902 0.274801370404652 1.17528304749156 2.73291796043524 4.70523708360024 6.88519178511445 9.04572515379899 11.2716132725665 13.5199229595826 15.1739827247021 16.8485225419982 18.2389232878219 19.5915238542517 20.4145240904326 21.004771722556 22.2651938801682 23.2021067577876 24.3190247434956 NA NA NA NA NA NA NA 26.0796322693474
"63" 63 1 1 1 1 1 0.0311902 0.271941814959049 1.19143060403969 2.74985142142225 4.69621415269117 6.99639920300155 9.17738263840064 11.4067829086961 13.2553669775227 15.3893793635385 16.9011215184937 18.3026677721454 19.752718057711 20.566305220918 21.5458348655479 22.400881417743 21.6085796134299 24.7366137925474 23.8164547490029 24.4033906226886 24.0214753054576 24.3557082895781 NA 23.834313786143 NA NA
"64" 64 1 1 1 1 1 0.0311902 0.258530427678274 1.18280981243876 2.72651553537637 4.67510156492755 6.92710904971643 9.09386545194544 11.461949741685 13.3133622776571 15.2974178599348 16.7300057446434 19.6201814383931 19.5344763176821 20.7279341249218 21.3755945922136 22.5530452665362 22.6136192230335 23.0700338604654 NA 23.691519556003 NA 25.202747616997 NA NA NA 25.3798504327815
"65" 65 1 1 1 1 1 0.0311902 0.269240319256824 1.18441694486418 2.73211206071112 4.679322199968 6.85741517288629 9.142692581618 11.3973682094416 13.2650060811791 15.0679160527487 16.7951433920198 18.2265808620718 19.1655457307196 20.5306230135358 21.6478139366331 22.1695678797844 23.1728518889477 23.2249973507761 24.3219763013075 24.0055510593514 23.6912245638225 NA NA NA NA NA
"66" 66 1 1 1 1 1 0.0311902 0.268569863958602 1.1946406395076 2.73229732254525 4.6712639392373 6.91025239290987 9.15522771455253 11.2674693826711 13.3989440244 15.144743343461 16.5231405010255 18.1443931616984 19.1899925834393 20.3785620597063 21.3062003758925 22.1037656036663 NA 22.8592053545585 NA NA 23.4531809395039 24.4363314008541 NA 25.1994317942358 23.4224953684301 25.1945870679783
"67" 67 1 1 1 1 1 0.0311902 0.264006724900485 1.18637871293888 2.72129561920201 4.75760052693645 6.83282111449401 9.13742961062033 11.5258875708949 13.2349583282338 15.4125580377252 17.2534528877462 18.1075985160105 19.3202080265217 20.2890976949101 22.243004685564 22.0116528145821 22.7047659251485 NA 23.761820586762 23.3901376337058 NA 25.2664915029082 NA 25.5109657397271 NA NA
"68" 68 1 1 1 1 1 0.0311902 0.271407128474534 1.19153167309048 2.73360070991265 4.68477711144406 6.83708524204212 9.20848593301156 11.2660548225273 13.3138844971958 15.1747903411483 16.7007252132615 18.2570762184267 18.9095763452239 20.7157978815037 21.345761426228 22.1399337196495 22.1055969368933 23.0177849269184 NA NA 24.100315894188 NA NA NA NA NA
"69" 69 1 1 1 1 1 0.0311902 0.271207396587144 1.18957960785552 2.71637197687558 4.70815660656194 6.88088792501478 9.14546633563806 11.4987299777663 13.3779461173939 15.139926475075 16.8593769100611 18.1965770777782 19.3881198420447 20.5182404883718 21.3156308396601 NA 22.6856110158786 NA 23.5325731561988 NA 24.5478854158267 NA 24.7510333861406 NA NA NA
"70" 70 1 1 1 1 1 0.0311902 0.267637294380538 1.19171072672402 2.72417358619555 4.66585037205825 6.88364309643819 9.1659361157404 11.3787629960611 13.3542924783596 15.2853759962026 16.6517295614128 18.3324051463775 20.3863250015824 20.3531418879719 20.8901226860752 22.3428304680608 NA NA 23.2391366081722 NA NA NA 24.5193699373017 NA NA NA
"71" 71 1 1 1 1 1 0.0311902 0.26383240771412 1.19510719014083 2.71325151180752 4.70325113273171 6.9145637307396 9.15167556364918 11.366840639064 13.4308528822533 15.2757848396928 16.9516989609979 18.2998008940722 19.3712692271922 20.5713197520782 21.0937763323077 22.6971972063875 23.1948008311111 NA NA NA 23.8818013500656 25.2958003035217 NA NA 24.5167369777069 25.4604118512477
"72" 72 1 1 1 1 1 0.0311902 0.27464072308481 1.18446981472476 2.74098133525164 4.68318690902781 6.90236365914045 9.16578250452718 11.3542096843626 13.5211208022209 15.5959829890697 16.874335475028 18.1263025789222 19.4021121901915 20.1369350811844 21.2678376304756 NA 23.1852565287307 22.8197348216116 NA NA 23.2345051101692 24.3302191666407 NA NA NA NA
"73" 73 1 1 1 1 1 0.0311902 0.265453855073366 1.18854085208289 2.73560713218267 4.73258393665002 6.87621462270059 9.10755936068951 11.3156826797567 13.3455909661843 15.0496459263051 16.832202526632 18.185415598371 19.3593048790942 20.0969103881897 21.1588858542809 21.7491288841691 20.8525617238548 22.8089918230771 24.3080359409235 NA NA 24.0079852380682 24.2608430723216 NA NA 25.3681140358698
"74" 74 1 1 1 1 1 0.0311902 0.268960938802106 1.19018869513497 2.71854283656847 4.70454585827816 6.84097588392286 9.13707315432037 11.3244510408564 13.2888161879047 15.2682722240477 16.8751371514846 17.8188498909167 19.4398625859972 20.6952654303698 NA 22.130531733595 22.3299546534323 NA NA 24.0589131712938 25.642927656932 NA NA NA NA NA
"75" 75 1 1 1 1 1 0.0311902 0.271543226555352 1.18390762278244 2.72125002398217 4.69993297750563 6.88270495831125 9.15769667251642 11.3479986471047 13.4100526554122 15.2355780333764 16.7417116113669 18.3038937805339 19.1688697882933 20.713700659379 21.2707808875797 22.1552399264546 22.4500692562397 24.3283707291873 NA 24.2541288884739 24.2567153770873 NA NA NA 25.2152782244686 25.100744939186
"76" 76 1 1 1 1 1 0.0311902 0.262347518243896 1.18803161746915 2.7173153332064 4.71246472817303 6.88287963682101 9.19194675045559 11.3298117762229 13.3275405940315 15.2299746712663 16.8857325754427 18.3189871318084 19.2624658598232 20.7549584222009 21.1542693321023 22.8113750880675 NA 23.2152743354913 23.903551839118 NA 24.3681614181013 23.7780357131244 24.8514641072448 NA NA NA
"77" 77 1 1 1 1 1 0.0311902 0.27365467406146 1.1908719498198 2.72060236837239 4.68417712545928 6.85055497559993 9.17819204591602 11.4027684222309 13.3005304984615 15.1735431489066 16.8044663225563 18.266448123676 19.0503921822978 20.3798551335112 21.1744760158684 NA 22.8384992524872 23.3915196567608 23.1983882065575 NA 24.4902731976542 NA NA 24.8264366742819 NA NA
"78" 78 1 1 1 1 1 0.0311902 0.270356324256627 1.18791053126092 2.72825968774888 4.68713573292785 6.92311471702786 9.14269531970177 11.3573091287269 13.3627393626698 15.1852686679223 16.8954004973376 18.4591452844658 19.3182907803215 20.8120347671679 21.3073693525634 21.9244064562203 NA 23.444087085706 23.7756854029786 NA NA 24.65663479877 24.4173842187931 NA NA 25.4441629908376
"79" 79 1 1 1 1 1 0.0311902 0.275474945496674 1.19342469014993 2.71986543505795 4.70360947088065 6.95501575785703 9.16782543479067 11.2826220900608 13.1870747620695 15.3461761616404 16.7745258342823 18.1864400116263 19.4618258305145 20.3390371088332 21.5357099668788 22.2095023022632 21.5279094598244 NA 23.24287584569 NA 23.052236242333 NA 26.0270906276528 NA 24.9284337208594 25.5748172969388
"80" 80 1 1 1 1 1 0.0311902 0.265922713310911 1.19638945388202 2.72978393403237 4.6936545216449 6.88735002642853 9.16432249446386 11.314519392572 13.4131812309201 15.262804872402 16.7651825011435 18.2498996293321 19.2749961127807 20.2873996706529 21.4433252269971 22.3169216719549 22.581328591267 NA 23.6828327849696 22.495771874043 NA 25.5576020223854 NA NA NA 24.4146200791839
"81" 81 1 1 1 1 1 0.0311902 0.270171137717841 1.18901065727322 2.70735880288276 4.71508136269582 6.92002250567906 9.19159463406145 11.3071720728384 13.333132099255 15.1636120078129 16.9750043625734 NA 19.0905421549689 20.5635005832657 21.4572989774057 21.8375148689429 22.356438167202 23.6776198286534 23.5211514795644 24.0225807151889 24.0735372204515 NA 24.3975052317371 NA NA NA
"82" 82 1 1 1 1 1 0.0311902 0.26028146557111 1.18979263446575 2.72862384808652 4.68636305182958 6.88589578281257 9.16513297354346 11.3957527708953 13.3197425667491 15.1838918949334 16.3759839327027 18.3859291053042 19.4478444710641 20.5909228118459 22.0933843016582 22.3556455472604 22.4680147250656 23.0778548023169 23.8610212712113 23.9330557798523 NA 24.6573981235166 NA NA NA NA
"83" 83 1 1 1 1 1 0.0311902 0.270862276379869 1.18608199647164 2.72745743064496 4.73244128346318 6.8724362955996 9.18069025548653 11.3562211101775 13.4604341746263 15.2159664643041 16.7687950522231 18.4458033414742 19.3883484290835 NA 21.5227720132455 22.4871320251462 22.6719149232175 23.1629423318463 23.0985519958972 NA NA NA 24.9919834684851 24.7070395815591 24.0817432284939 NA
"84" 84 1 1 1 1 1 0.0311902 0.270702451884479 1.18963912445837 2.71387004664176 4.70402226024489 6.90138011009982 9.13405409930188 11.3436859270784 13.3243100729119 15.1030675422897 16.993171473532 18.3531453859076 19.5400491893549 20.5751180319283 20.4677653986394 22.0500577883018 22.7128274983814 23.4663676371513 23.3360851615748 NA NA NA NA NA NA NA
"85" 85 1 1 1 1 1 0.0311902 0.268301806061711 1.18493352551096 2.7173948634499 4.6955586607423 6.96127356088019 9.07722586758111 11.1915526368729 13.452797040704 15.2319139320943 17.0794616965729 18.2955282185305 19.4608889558111 20.3032674197739 21.4012662734732 21.4445068789967 22.4268000240231 23.7470777287408 22.3965637086473 NA NA NA 25.2675573590603 NA NA 24.6590888574258
"86" 86 1 1 1 1 1 0.0311902 0.263036073266642 1.19706072470627 2.71463348554481 4.7106781138582 6.93702733449403 9.13680993402193 11.1847053656587 13.4602568720923 15.1905790973722 16.9053520112475 17.9077333172979 19.3195052587363 20.2894126220237 21.4711238883997 22.0467035611674 NA 23.5582819355653 NA 24.9391130497266 NA NA NA 24.5168347091494 NA 26.9900060355887
"87" 87 1 1 1 1 1 0.0311902 0.267590692109824 1.18527308166058 2.70424370347912 4.69125674868797 6.87251897197379 9.15726172480319 11.3347061938204 13.5490441527755 15.3357288302552 16.9704217310189 18.4741770591244 19.3305854276829 20.1187096145475 21.5682194429523 21.7579443141591 23.0519051735152 NA 23.846102939131 24.245644897781 NA NA 24.1399369913436 25.0718491352303 NA 25.4658600450903
"88" 88 1 1 1 1 1 0.0311902 0.273234439926114 1.18869707869607 2.71938919238508 4.67574149621491 6.92299387986745 9.15546376547155 11.1635707638126 13.3937675083417 15.1822172294631 16.4175254960714 17.8937567368192 19.4901480165016 20.2554041397098 21.4991285482701 21.4223298248651 22.4490732186732 23.3847284950599 23.942853277554 24.0757762839639 NA 25.0567622361128 24.5685694359861 NA NA NA
"89" 89 1 1 1 1 1 0.0311902 0.264655680922312 1.19047318466015 2.71619676457874 4.69884710634814 6.96717139763724 9.19955332793362 11.3716938565166 13.5226262837201 15.1533535707175 16.8414520280864 18.0941065454983 19.5076862959382 20.5657103396849 21.7256041484745 21.47054805411 22.0392801883179 23.0481307054349 21.9373362502625 NA NA NA NA NA 24.4978270312273 25.702954555756
"90" 90 1 1 1 1 1 0.0311902 0.272376780896854 1.19008620475734 2.72436063253778 4.68717034109209 6.92315171233655 9.11293982878557 11.3817551154346 13.4710334026501 15.2725885824643 16.7996837955315 18.0565296746908 19.5810318115055 20.6183257082853 21.358440958108 21.7223460119733 22.3958148010657 23.3159766106173 23.2785024839522 24.3217186956715 23.8350497480825 NA NA 25.2374791100083 NA 24.5808574031317
"91" 91 1 1 1 1 1 0.0311902 0.272134704978653 1.18532271334352 2.72967082793695 4.69987855690581 6.89768347329635 9.2677000329115 11.3598514192256 13.2678488484367 15.1625471326914 16.8955052339443 18.3110265730518 19.5482637619351 20.4783800992855 21.058786320962 21.917972259303 22.1644452499359 23.3506988355861 23.5768287505573 NA 25.902022616066 NA NA NA 23.7673572192838 NA
"92" 92 1 1 1 1 1 0.0311902 0.270709801393523 1.19789910803329 2.72425409763561 4.70213520069138 6.90269288621722 9.08757955401504 11.2971249382769 13.2753620222875 15.0396940468215 16.6300816180043 18.3144614888634 19.4435516734256 20.458052682352 21.5929400694886 21.7065341649318 22.65228829264 NA 24.5566893680889 23.8981270279164 24.7657889744985 26.3386051190712 NA NA NA NA
"93" 93 1 1 1 1 1 0.0311902 0.274389898627607 1.19034971183808 2.72533634302472 4.66548250724851 6.86881002108221 9.19217042938 11.3403089774254 13.4262888923639 15.2014877773369 16.8888681234544 18.3608601906695 NA 20.1235652026463 21.2568307946969 21.5527247430488 NA 23.2203297232402 23.4059538703558 24.4001245069917 25.0539928723938 24.0195570107677 24.3659343009005 NA NA NA
"94" 94 1 1 1 1 1 0.0311902 0.275046491927372 1.1793590451531 2.71461292440813 4.70738416535921 6.86368995615692 9.16593614808032 11.2972332559304 13.4891494580926 15.1712241081177 17.7053591369849 18.2185389360596 19.5206480478403 21.2964389789196 20.9249425301229 21.8372495819886 22.5048718651992 23.0371761863805 23.7832452257132 24.2005999169159 24.6048726631636 NA 23.8514809212418 NA NA NA
"95" 95 1 1 1 1 1 0.0311902 0.273060456390827 1.17894661893274 2.70549855259216 4.67169950794202 6.90779384503221 9.12137240198336 11.3761847227834 13.3935581638576 15.1474051748129 16.6012693117769 18.4081984427374 19.7209113081613 20.5225830924266 21.8733696273121 21.6095336907162 22.8968022611008 23.4818229834004 24.0059763281423 NA 24.2760797404463 NA 24.1851816978552 NA NA NA
"96" 96 1 1 1 1 1 0.0311902 0.269465755828363 1.17862706903062 2.71091465250607 4.68889716979449 6.92224462368312 9.14074319423411 11.3192558229789 13.4072796157797 15.1209376898976 16.6610461618116 18.0902068444761 19.5223893685748 20.2361265662398 21.2796855097017 NA NA 20.9525703503619 23.6646362321834 24.4157970749582 23.7422845422708 NA 24.3980047483553 NA NA NA
"97" 97 1 1 1 1 1 0.0311902 0.271245874372389 1.18553943572811 2.72842319847612 4.68929182777683 6.88716528654714 9.23048358806453 11.2428600006719 13.4676436810595 15.1225266814304 16.5443322368868 18.0829852756524 17.8400343950576 20.4774791519225 21.4664875408951 21.8978817833681 NA 22.2370813810351 NA 23.7855596423818 NA 23.814638524647 NA NA NA NA
"98" 98 1 1 1 1 1 0.0311902 0.269559251201912 1.18458982092232 2.73049558989925 4.7277495247581 6.91507663860152 9.21478269923255 11.2348272016 13.4017147174326 15.176221886374 16.5322305652207 18.3386451573243 19.4139069218719 NA 21.2591549100117 22.4832978515951 23.0309176925862 NA 24.0288258824022 23.7107598283134 24.7108747071412 25.1915100394083 24.1595486647246 NA NA NA
"99" 99 1 1 1 1 1 0.0311902 0.267929060899847 1.18304983279985 2.72508879032627 4.69997834056539 6.87221344403881 9.17371856868411 11.1975127338769 13.402898153742 15.1313502883771 16.7451771721725 18.6162691400415 19.5467211920275 20.192128044588 20.9691531693083 NA 22.6457528422102 NA 23.7195244426183 NA NA NA 24.3873875613769 24.6183232173972 25.336124253965 25.7713730681805
"100" 100 1 1 1 1 1 0.0311902 0.27395816708192 1.18859000071469 2.73014224407613 4.70502080076248 6.87978888329574 9.14073406767859 11.396050314301 13.2858672684666 15.038060375231 16.798607396272 18.1776264242037 18.9714453463335 20.6105432367232 20.901910053436 NA NA 23.1787117739893 23.0663555821849 NA 24.2056508319522 NA NA NA NA 24.1292387743265
