#C data file created using the SS_writedat function in the R package r4ss
#C should work with SS version: 
#C file write time: 2014-11-06 00:15:38
#
1 #_styr
100 #_endyr
1 #_nseas
12 #_months_per_seas
1 #_spawn_seas
1 #_Nfleet
2 #_Nsurveys
1 #_N_areas
Fishery%Survey%CPUE #_fleetnames
0.5 0.5 0.5 #_surveytiming_in_season
1 1 1 #_area_assignments_for_each_fishery_and_survey
1 #_units of catch:  1=bio; 2=num
0.01 #_se of log(catch) only used for init_eq_catch and for Fmethod 2 and 3
1 #_Ngenders
25 #_Nages
0 #_init_equil_catch_for_each_fishery
100 #_N_lines_of_catch_to_read
 #_Fishery year seas
         0    1    1
         0    2    1
         0    3    1
         0    4    1
         0    5    1
         0    6    1
         0    7    1
         0    8    1
         0    9    1
         0   10    1
         0   11    1
         0   12    1
         0   13    1
         0   14    1
         0   15    1
         0   16    1
         0   17    1
         0   18    1
         0   19    1
         0   20    1
         0   21    1
         0   22    1
         0   23    1
         0   24    1
         0   25    1
 286096000   26    1
 267572000   27    1
 250796000   28    1
 233529000   29    1
 223273000   30    1
 219444000   31    1
 210697000   32    1
 201793000   33    1
 194950000   34    1
 189969000   35    1
 183580000   36    1
 179051000   37    1
 174865000   38    1
 170190000   39    1
 164848000   40    1
 159765000   41    1
 157773000   42    1
 156834000   43    1
 153925000   44    1
 154050000   45    1
 155337000   46    1
 155676000   47    1
 153898000   48    1
 152397000   49    1
 152296000   50    1
 155534000   51    1
 161488000   52    1
 164058000   53    1
 167265000   54    1
 169915000   55    1
 169778000   56    1
 169033000   57    1
 169607000   58    1
 171377000   59    1
 170936000   60    1
 170008000   61    1
 168334000   62    1
 165691000   63    1
 164837000   64    1
 160796000   65    1
 152435000   66    1
 144885000   67    1
 141366000   68    1
 140884000   69    1
 141920000   70    1
 141551000   71    1
 143663000   72    1
 145674000   73    1
 149821000   74    1
 154051000   75    1
 155455000   76    1
 154415000   77    1
 153961000   78    1
 154348000   79    1
 152041000   80    1
 147867000   81    1
 143077000   82    1
 136742000   83    1
 133247000   84    1
 135192000   85    1
 136522000   86    1
 135936000   87    1
 135142000   88    1
 136230000   89    1
 138225000   90    1
 143472000   91    1
 146155000   92    1
 146981000   93    1
 149062000   94    1
 149576000   95    1
 149165000   96    1
 148472000   97    1
 146555000   98    1
 144350000   99    1
 144295000  100    1
13 #_N_cpue
 #_Fleet Units Errtype
       1     1       0
       2     1       0
       3     1       0
 #_year seas index        obs se_log
     76    1     2 2470823450    0.2
     78    1     2 2061348436    0.2
     80    1     2 2227801206    0.2
     82    1     2 1347640180    0.2
     84    1     2 2298524142    0.2
     86    1     2 1943803979    0.2
     88    1     2 1863129556    0.2
     90    1     2 1577284093    0.2
     92    1     2 2347766183    0.2
     94    1     2 1883454723    0.2
     96    1     2 2510914929    0.2
     98    1     2 1718033083    0.2
    100    1     2 1778940974    0.2
0 #_N_discard_fleets
#_discard_units (1=same_as_catchunits(bio/num); 2=fraction; 3=numbers)
#_discard_errtype:  >0 for DF of T-dist(read CV below); 0 for normal with CV; -1 for normal with se; -2 for lognormal
0 #_N_discard
0 #_N_meanbodywt
1 #_DF_for_meanbodywt_T-distribution_like
2 # length bin method: 1=use databins; 2=generate from binwidth,min,max below; 3=read vector
1 # binwidth for population size comp
10 # minimum size in the population (lower edge of first bin and size at age 0.00)
200 # maximum size in the population (lower edge of last bin)
-0.001 #_comp_tail_compression
1e-05 #_add_to_comp
0 #_combine males into females at or below this bin number
21 #_N_lbins
#_lbin_vector
10 53 70 83 94 101 107 111 114 117 120 123 125 127 130 132 135 138 142 148 200
0 #_N_Length_comp_observations
25 #_N_agebins
#_agebin_vector
1 2 3 4 5 6 7 8 9 10 11 12 13 14 15 16 17 18 19 20 21 22 23 24 25
1 #_N_ageerror_definitions
 #_age0   age1   age2   age3   age4   age5   age6   age7   age8   age9  age10  age11  age12  age13  age14  age15  age16  age17  age18  age19  age20  age21  age22  age23  age24  age25
 -1.000 -1.000 -1.000 -1.000 -1.000 -1.000 -1.000 -1.000 -1.000 -1.000 -1.000 -1.000 -1.000 -1.000 -1.000 -1.000 -1.000 -1.000 -1.000 -1.000 -1.000 -1.000 -1.000 -1.000 -1.000 -1.000
  0.001  0.001  0.001  0.001  0.001  0.001  0.001  0.001  0.001  0.001  0.001  0.001  0.001  0.001  0.001  0.001  0.001  0.001  0.001  0.001  0.001  0.001  0.001  0.001  0.001  0.001
34 #_N_agecomp
1 #_Lbin_method: 1=poplenbins; 2=datalenbins; 3=lengths
-1 #_combine males into females at or below this bin number
 #_Yr Seas FltSvy Gender Part Ageerr Lbin_lo Lbin_hi Nsamp          a1         a2         a3         a4         a5         a6         a7         a8         a9        a10         a11         a12         a13         a14         a15         a16         a17          a18          a19          a20          a21          a22          a23          a24          a25
   50    1      1      0    0      1      -1      -1   500 0.026984276 0.17123996 0.22089856 0.09522774 0.07794198 0.08051315 0.08773388 0.06659230 0.01702334 0.06166476 0.016029469 0.008980330 0.017414726 0.009813704 0.012631735 0.006714842 0.003938929 0.0027634038 4.960755e-03 2.822005e-03 5.427353e-03 1.971145e-03 1.378654e-04 8.213151e-10 5.737883e-04
   60    1      1      0    0      1      -1      -1   500 0.031149426 0.12929161 0.18643823 0.20626556 0.09173038 0.08474911 0.03862536 0.05762427 0.03901052 0.02095453 0.035572433 0.019225603 0.011188364 0.008141987 0.009110532 0.003145537 0.006037896 0.0076515345 5.863189e-03 1.654912e-03 7.881464e-04 3.598916e-03 1.991182e-05 1.967284e-03 1.947559e-04
   70    1      1      0    0      1      -1      -1   500 0.015145179 0.08720481 0.33461338 0.14223906 0.12532719 0.02432870 0.02005128 0.05113407 0.05975081 0.03078671 0.029925734 0.015825269 0.009433395 0.009215380 0.006088245 0.007112601 0.010894891 0.0067468192 9.369493e-04 9.628063e-04 1.072134e-03 7.152238e-03 1.153889e-03 1.109942e-03 1.788525e-03
   75    1      1      0    0      1      -1      -1   500 0.016717748 0.13324033 0.22798072 0.18244499 0.10211749 0.10081415 0.01551605 0.08415765 0.03775313 0.03771485 0.006640189 0.003153235 0.010474507 0.015231737 0.007596072 0.004446443 0.001061395 0.0027371036 3.769078e-03 7.465569e-05 3.493683e-03 6.637317e-04 5.738024e-06 8.230851e-06 2.187080e-03
   76    1      1      0    0      1      -1      -1   500 0.014042965 0.09757884 0.21083458 0.17898625 0.11747545 0.06477113 0.08943651 0.02888838 0.06636885 0.03234411 0.034341892 0.008273584 0.009282694 0.015132787 0.008412005 0.001413847 0.005726685 0.0041728821 2.645589e-04 1.244760e-03 4.595636e-03 4.931002e-03 2.511244e-04 5.908397e-04 6.386542e-04
   79    1      1      0    0      1      -1      -1   500 0.004115334 0.13456184 0.24210046 0.12776608 0.09416545 0.08249534 0.09141609 0.06653888 0.05188349 0.02111701 0.017233764 0.027965921 0.010106878 0.015051221 0.003522792 0.001429545 0.002777005 0.0033706380 2.816066e-04 1.191388e-03 2.962872e-04 2.159799e-04 7.287667e-05 2.382894e-07 3.238800e-04
   82    1      1      0    0      1      -1      -1   500 0.020328989 0.10417752 0.20174128 0.11436250 0.10431702 0.11883597 0.07214263 0.03703788 0.06055822 0.04390586 0.040788294 0.018323516 0.016650653 0.002575347 0.009524862 0.005440145 0.006615515 0.0057850046 1.534824e-05 2.832510e-03 5.385059e-03 1.170484e-03 3.545529e-03 1.730111e-04 3.766848e-03
   85    1      1      0    0      1      -1      -1   500 0.009446559 0.19001591 0.34819039 0.07343184 0.05936690 0.08679708 0.03420652 0.05803307 0.04098627 0.02827591 0.008433936 0.012620566 0.023076151 0.009227313 0.002954946 0.009691746 0.001343036 0.0022697462 9.564793e-04 1.760844e-04 1.483041e-08 3.381781e-13 1.932699e-04 1.575517e-04 1.487123e-04
   88    1      1      0    0      1      -1      -1   500 0.016611081 0.22889191 0.10472710 0.12404311 0.14529329 0.14851712 0.03382052 0.04189330 0.03618304 0.01818676 0.021990661 0.025600525 0.004358128 0.008673935 0.011060509 0.010116329 0.004397922 0.0031467166 2.747880e-03 5.757774e-05 3.821485e-04 4.833993e-03 2.291269e-04 5.893370e-07 4.236732e-03
   89    1      1      0    0      1      -1      -1   500 0.026570359 0.12424233 0.25186116 0.07680659 0.10296007 0.09430417 0.13200175 0.02889715 0.02791160 0.03493727 0.022096982 0.003701304 0.023529760 0.005828784 0.013256401 0.002782764 0.011434781 0.0051614082 3.095938e-03 1.666867e-03 3.164094e-03 7.987470e-04 4.543784e-04 2.487787e-03 4.756965e-05
   91    1      1      0    0      1      -1      -1   500 0.020096321 0.16874324 0.28011473 0.10627184 0.13731908 0.04332256 0.04252077 0.05675227 0.05099722 0.01332548 0.008105663 0.011108202 0.007782878 0.015073666 0.014052527 0.006089411 0.002789046 0.0038387770 2.746008e-03 3.282224e-03 3.363373e-04 2.055637e-03 5.141610e-04 4.210011e-04 2.340951e-03
   93    1      1      0    0      1      -1      -1   500 0.027478281 0.16783650 0.09695063 0.18208696 0.19439044 0.08151262 0.06741986 0.03192780 0.02729354 0.02013988 0.031171274 0.014202020 0.011758538 0.009492949 0.006452445 0.013919122 0.007019808 0.0009558069 5.159360e-04 3.018539e-03 1.143507e-03 2.372562e-04 1.518116e-03 1.111689e-03 4.464937e-04
   95    1      1      0    0      1      -1      -1   500 0.020582434 0.10288747 0.24254704 0.19845928 0.04776116 0.11376062 0.11239298 0.03336245 0.05085269 0.02330826 0.010694005 0.010817369 0.019156572 0.002698211 0.001145453 0.001342726 0.002611006 0.0022032128 5.592794e-04 4.190598e-05 8.741189e-04 4.209992e-04 1.808349e-04 7.337511e-04 6.061785e-04
   97    1      1      0    0      1      -1      -1   500 0.009216286 0.17602449 0.21991356 0.12999761 0.10782170 0.09638967 0.03648662 0.04851724 0.05242072 0.03082010 0.022482424 0.014181044 0.008434001 0.005311211 0.016951420 0.003028640 0.003376151 0.0060664229 7.499441e-05 4.511185e-03 1.448764e-04 8.876593e-04 6.918804e-04 3.950316e-05 6.210616e-03
   98    1      1      0    0      1      -1      -1   500 0.017633369 0.10278954 0.16932091 0.16583567 0.11049460 0.11022081 0.09305911 0.02939998 0.06815204 0.06005750 0.014232556 0.010794670 0.012307000 0.012790276 0.002761808 0.009618535 0.002563393 0.0006381428 2.112181e-03 5.416293e-05 8.999325e-04 1.035097e-03 5.350940e-04 2.267802e-04 2.466849e-03
   99    1      1      0    0      1      -1      -1   500 0.040707752 0.14574921 0.14470433 0.13013029 0.14652535 0.07202955 0.07170754 0.05760792 0.02062042 0.02621562 0.041123921 0.015829137 0.022655591 0.016401460 0.010861829 0.009724205 0.003079272 0.0084456622 2.788889e-03 5.250535e-04 5.390021e-03 3.110212e-03 1.452230e-03 1.163590e-04 2.498150e-03
  100    1      1      0    0      1      -1      -1   500 0.032900341 0.19927450 0.16786811 0.11044817 0.11311251 0.07496851 0.04732757 0.06193173 0.05988968 0.02742878 0.026581768 0.023144398 0.010609216 0.019663926 0.001840322 0.002036222 0.009857830 0.0034014991 1.777541e-05 5.979574e-03 1.245924e-03 1.606108e-06 2.896332e-05 1.864234e-05 4.224193e-04
   50    1      2      0    0      1      -1      -1   500 0.062000000 0.18800000 0.19400000 0.11600000 0.09000000 0.09000000 0.09800000 0.03600000 0.02000000 0.03400000 0.014000000 0.012000000 0.006000000 0.012000000 0.010000000 0.002000000 0.002000000 0.0040000000 2.000000e-03 0.000000e+00 0.000000e+00 4.000000e-03 0.000000e+00 0.000000e+00 4.000000e-03
   60    1      2      0    0      1      -1      -1   500 0.056000000 0.16000000 0.18000000 0.18200000 0.09800000 0.07800000 0.05600000 0.05000000 0.02400000 0.02800000 0.028000000 0.016000000 0.012000000 0.004000000 0.010000000 0.004000000 0.000000000 0.0100000000 0.000000e+00 2.000000e-03 0.000000e+00 0.000000e+00 0.000000e+00 0.000000e+00 2.000000e-03
   70    1      2      0    0      1      -1      -1   500 0.048000000 0.09600000 0.27600000 0.12600000 0.16800000 0.03600000 0.02600000 0.04600000 0.04000000 0.02600000 0.048000000 0.012000000 0.010000000 0.016000000 0.002000000 0.000000000 0.006000000 0.0000000000 0.000000e+00 4.000000e-03 1.000000e-02 0.000000e+00 2.000000e-03 0.000000e+00 2.000000e-03
   75    1      2      0    0      1      -1      -1   500 0.038000000 0.18000000 0.21200000 0.16200000 0.09400000 0.10000000 0.04000000 0.06000000 0.03200000 0.02200000 0.004000000 0.008000000 0.006000000 0.014000000 0.002000000 0.010000000 0.002000000 0.0040000000 6.000000e-03 2.000000e-03 0.000000e+00 0.000000e+00 2.000000e-03 0.000000e+00 0.000000e+00
   76    1      2      0    0      1      -1      -1   500 0.034000000 0.14200000 0.16600000 0.16000000 0.14400000 0.08000000 0.09600000 0.02600000 0.06600000 0.02200000 0.020000000 0.002000000 0.006000000 0.008000000 0.010000000 0.004000000 0.004000000 0.0000000000 2.000000e-03 0.000000e+00 2.000000e-03 0.000000e+00 2.000000e-03 0.000000e+00 4.000000e-03
   79    1      2      0    0      1      -1      -1   500 0.026000000 0.19000000 0.22000000 0.12800000 0.08000000 0.08800000 0.09600000 0.04800000 0.02000000 0.04600000 0.006000000 0.022000000 0.014000000 0.002000000 0.006000000 0.000000000 0.004000000 0.0000000000 0.000000e+00 2.000000e-03 0.000000e+00 2.000000e-03 0.000000e+00 0.000000e+00 0.000000e+00
   82    1      2      0    0      1      -1      -1   500 0.028000000 0.14400000 0.19600000 0.09800000 0.12600000 0.12400000 0.07200000 0.02400000 0.04600000 0.04000000 0.038000000 0.014000000 0.014000000 0.002000000 0.012000000 0.010000000 0.008000000 0.0000000000 0.000000e+00 2.000000e-03 0.000000e+00 2.000000e-03 0.000000e+00 0.000000e+00 0.000000e+00
   85    1      2      0    0      1      -1      -1   500 0.040000000 0.21600000 0.30800000 0.07600000 0.06600000 0.08000000 0.02000000 0.04400000 0.04400000 0.02200000 0.012000000 0.022000000 0.008000000 0.012000000 0.002000000 0.000000000 0.004000000 0.0120000000 6.000000e-03 0.000000e+00 0.000000e+00 0.000000e+00 2.000000e-03 2.000000e-03 2.000000e-03
   88    1      2      0    0      1      -1      -1   500 0.034000000 0.28200000 0.09000000 0.12000000 0.11400000 0.11000000 0.05000000 0.03400000 0.03400000 0.01000000 0.028000000 0.032000000 0.008000000 0.006000000 0.004000000 0.016000000 0.010000000 0.0000000000 1.000000e-02 4.000000e-03 2.000000e-03 0.000000e+00 0.000000e+00 2.000000e-03 0.000000e+00
   89    1      2      0    0      1      -1      -1   500 0.078000000 0.14200000 0.25600000 0.07600000 0.07600000 0.10200000 0.11200000 0.03600000 0.01000000 0.01800000 0.016000000 0.010000000 0.020000000 0.008000000 0.010000000 0.010000000 0.004000000 0.0020000000 8.000000e-03 2.000000e-03 0.000000e+00 0.000000e+00 0.000000e+00 0.000000e+00 4.000000e-03
   91    1      2      0    0      1      -1      -1   500 0.026000000 0.21000000 0.24400000 0.08600000 0.14000000 0.03800000 0.05600000 0.04600000 0.05000000 0.02200000 0.012000000 0.012000000 0.010000000 0.006000000 0.012000000 0.004000000 0.010000000 0.0020000000 4.000000e-03 2.000000e-03 2.000000e-03 4.000000e-03 0.000000e+00 2.000000e-03 0.000000e+00
   93    1      2      0    0      1      -1      -1   500 0.040000000 0.21200000 0.10600000 0.14200000 0.18000000 0.06800000 0.08200000 0.03400000 0.03400000 0.02400000 0.030000000 0.010000000 0.006000000 0.008000000 0.000000000 0.004000000 0.008000000 0.0020000000 4.000000e-03 4.000000e-03 2.000000e-03 0.000000e+00 0.000000e+00 0.000000e+00 0.000000e+00
   95    1      2      0    0      1      -1      -1   500 0.042000000 0.14800000 0.20400000 0.18400000 0.05600000 0.08600000 0.09400000 0.03200000 0.04600000 0.02000000 0.022000000 0.018000000 0.012000000 0.006000000 0.008000000 0.002000000 0.002000000 0.0040000000 0.000000e+00 2.000000e-03 4.000000e-03 2.000000e-03 0.000000e+00 4.000000e-03 2.000000e-03
   97    1      2      0    0      1      -1      -1   500 0.030000000 0.17800000 0.17600000 0.14800000 0.10400000 0.12800000 0.04000000 0.05800000 0.05000000 0.02400000 0.020000000 0.008000000 0.006000000 0.010000000 0.012000000 0.000000000 0.002000000 0.0040000000 0.000000e+00 0.000000e+00 2.000000e-03 0.000000e+00 0.000000e+00 0.000000e+00 0.000000e+00
   98    1      2      0    0      1      -1      -1   500 0.040000000 0.17200000 0.19000000 0.14800000 0.10200000 0.07000000 0.09400000 0.02800000 0.04000000 0.05600000 0.012000000 0.012000000 0.006000000 0.002000000 0.008000000 0.012000000 0.000000000 0.0000000000 4.000000e-03 2.000000e-03 0.000000e+00 0.000000e+00 0.000000e+00 0.000000e+00 2.000000e-03
   99    1      2      0    0      1      -1      -1   500 0.072000000 0.15000000 0.15000000 0.12200000 0.12200000 0.07000000 0.06800000 0.05800000 0.02400000 0.03600000 0.040000000 0.022000000 0.020000000 0.010000000 0.008000000 0.008000000 0.008000000 0.0000000000 4.000000e-03 0.000000e+00 0.000000e+00 4.000000e-03 2.000000e-03 2.000000e-03 0.000000e+00
  100    1      2      0    0      1      -1      -1   500 0.048000000 0.26400000 0.18800000 0.09000000 0.07400000 0.09000000 0.03800000 0.04000000 0.05400000 0.01000000 0.028000000 0.022000000 0.006000000 0.024000000 0.000000000 0.004000000 0.004000000 0.0040000000 4.000000e-03 2.000000e-03 2.000000e-03 0.000000e+00 2.000000e-03 0.000000e+00 2.000000e-03
0 #_N_MeanSize_at_Age_obs
0 #_N_environ_variables
0 #_N_environ_obs
0 #_N_sizefreq_methods
0 #_do_tags
0 #_morphcomp_data
#
999
