#C data file created using the SS_writedat function in the R package r4ss
#C should work with SS version: 
#C file write time: 2014-11-05 23:15:10
#
1 #_styr
100 #_endyr
1 #_nseas
12 #_months_per_seas
1 #_spawn_seas
1 #_Nfleet
2 #_Nsurveys
1 #_N_areas
Fishery%Survey%CPUE #_fleetnames
0.5 0.5 0.5 #_surveytiming_in_season
1 1 1 #_area_assignments_for_each_fishery_and_survey
1 #_units of catch:  1=bio; 2=num
0.01 #_se of log(catch) only used for init_eq_catch and for Fmethod 2 and 3
1 #_Ngenders
25 #_Nages
0 #_init_equil_catch_for_each_fishery
100 #_N_lines_of_catch_to_read
 #_Fishery year seas
         0    1    1
         0    2    1
         0    3    1
         0    4    1
         0    5    1
         0    6    1
         0    7    1
         0    8    1
         0    9    1
         0   10    1
         0   11    1
         0   12    1
         0   13    1
         0   14    1
         0   15    1
         0   16    1
         0   17    1
         0   18    1
         0   19    1
         0   20    1
         0   21    1
         0   22    1
         0   23    1
         0   24    1
         0   25    1
 303607000   26    1
 289688000   27    1
 273921000   28    1
 257769000   29    1
 244950000   30    1
 229833000   31    1
 215324000   32    1
 201100000   33    1
 188072000   34    1
 180384000   35    1
 181257000   36    1
 182521000   37    1
 180242000   38    1
 176105000   39    1
 173665000   40    1
 171589000   41    1
 168302000   42    1
 166110000   43    1
 163723000   44    1
 161524000   45    1
 162080000   46    1
 164420000   47    1
 166889000   48    1
 171439000   49    1
 172836000   50    1
 168967000   51    1
 161993000   52    1
 156023000   53    1
 152621000   54    1
 148517000   55    1
 143951000   56    1
 140461000   57    1
 136332000   58    1
 132010000   59    1
 132944000   60    1
 137761000   61    1
 139598000   62    1
 138150000   63    1
 134271000   64    1
 131294000   65    1
 129951000   66    1
 129688000   67    1
 133239000   68    1
 134967000   69    1
 134155000   70    1
 131779000   71    1
 133296000   72    1
 134326000   73    1
 133893000   74    1
 136482000   75    1
 141267000   76    1
 145704000   77    1
 149647000   78    1
 151411000   79    1
 149289000   80    1
 145178000   81    1
 140984000   82    1
 135202000   83    1
 129068000   84    1
 125579000   85    1
 126513000   86    1
 131996000   87    1
 135968000   88    1
 139171000   89    1
 143061000   90    1
 145619000   91    1
 149204000   92    1
 150795000   93    1
 153118000   94    1
 159110000   95    1
 162626000   96    1
 163288000   97    1
 159456000   98    1
 153827000   99    1
 148811000  100    1
13 #_N_cpue
 #_Fleet Units Errtype
       1     1       0
       2     1       0
       3     1       0
 #_year seas index        obs se_log
     76    1     2 1793260069    0.2
     78    1     2 2340621543    0.2
     80    1     2 2631241823    0.2
     82    1     2 1654294021    0.2
     84    1     2 1678041838    0.2
     86    1     2 1339848695    0.2
     88    1     2 2179854752    0.2
     90    1     2 2450852882    0.2
     92    1     2 2588841999    0.2
     94    1     2 1854481261    0.2
     96    1     2 3283265737    0.2
     98    1     2 2061235530    0.2
    100    1     2 3488351298    0.2
0 #_N_discard_fleets
#_discard_units (1=same_as_catchunits(bio/num); 2=fraction; 3=numbers)
#_discard_errtype:  >0 for DF of T-dist(read CV below); 0 for normal with CV; -1 for normal with se; -2 for lognormal
0 #_N_discard
0 #_N_meanbodywt
1 #_DF_for_meanbodywt_T-distribution_like
2 # length bin method: 1=use databins; 2=generate from binwidth,min,max below; 3=read vector
1 # binwidth for population size comp
10 # minimum size in the population (lower edge of first bin and size at age 0.00)
200 # maximum size in the population (lower edge of last bin)
-0.001 #_comp_tail_compression
1e-05 #_add_to_comp
0 #_combine males into females at or below this bin number
21 #_N_lbins
#_lbin_vector
10 53 70 83 94 101 107 111 114 117 120 123 125 127 130 132 135 138 142 148 200
0 #_N_Length_comp_observations
25 #_N_agebins
#_agebin_vector
1 2 3 4 5 6 7 8 9 10 11 12 13 14 15 16 17 18 19 20 21 22 23 24 25
1 #_N_ageerror_definitions
 #_age0   age1   age2   age3   age4   age5   age6   age7   age8   age9  age10  age11  age12  age13  age14  age15  age16  age17  age18  age19  age20  age21  age22  age23  age24  age25
 -1.000 -1.000 -1.000 -1.000 -1.000 -1.000 -1.000 -1.000 -1.000 -1.000 -1.000 -1.000 -1.000 -1.000 -1.000 -1.000 -1.000 -1.000 -1.000 -1.000 -1.000 -1.000 -1.000 -1.000 -1.000 -1.000
  0.001  0.001  0.001  0.001  0.001  0.001  0.001  0.001  0.001  0.001  0.001  0.001  0.001  0.001  0.001  0.001  0.001  0.001  0.001  0.001  0.001  0.001  0.001  0.001  0.001  0.001
34 #_N_agecomp
1 #_Lbin_method: 1=poplenbins; 2=datalenbins; 3=lengths
-1 #_combine males into females at or below this bin number
 #_Yr Seas FltSvy Gender Part Ageerr Lbin_lo Lbin_hi Nsamp           a1         a2        a3         a4         a5         a6          a7           a8          a9         a10          a11          a12          a13          a14          a15          a16          a17          a18          a19          a20          a21          a22          a23          a24          a25
   50    1      1      0    0      1      -1      -1    50 1.797929e-02 0.11316465 0.3345844 0.17342668 0.08170100 0.08482856 0.041970283 2.620812e-02 0.019341648 0.009831593 0.0133562503 6.980100e-02 2.392305e-05 9.198859e-04 5.262460e-05 2.951164e-04 1.662479e-03 6.172776e-03 1.796425e-04 9.236645e-07 2.436157e-03 1.768069e-11 1.245985e-09 1.743861e-03 3.190946e-04
   60    1      1      0    0      1      -1      -1    50 3.976329e-03 0.21494918 0.2155910 0.11336237 0.19263595 0.03812547 0.053007308 6.301571e-02 0.017817522 0.041477140 0.0030176753 7.677173e-03 2.683328e-03 3.011074e-03 1.850803e-03 1.675810e-02 1.415750e-03 6.406808e-04 1.855264e-03 6.464428e-04 6.897657e-18 7.626206e-08 5.734673e-04 1.939360e-17 5.912186e-03
   70    1      1      0    0      1      -1      -1    50 3.766129e-02 0.03981542 0.1383340 0.21342475 0.19922553 0.06947997 0.101542430 5.895586e-02 0.027262408 0.009412654 0.0012330645 1.710359e-02 3.700068e-02 1.455761e-02 1.479734e-04 2.065671e-02 8.370356e-03 4.489423e-03 1.188887e-03 2.753796e-09 1.052332e-04 7.637704e-14 2.177440e-12 1.954309e-17 3.209621e-05
   75    1      1      0    0      1      -1      -1    50 1.359178e-03 0.18056706 0.2929090 0.07380689 0.13044610 0.21144522 0.005868740 3.224853e-02 0.004249547 0.056206583 0.0007360386 1.228873e-03 1.461529e-04 3.427739e-07 1.174454e-04 2.428776e-03 3.664892e-05 8.220302e-04 1.053815e-04 7.764537e-12 9.842903e-08 8.205611e-14 2.010288e-26 1.499779e-07 5.271232e-03
   76    1      1      0    0      1      -1      -1    50 4.311832e-02 0.23151037 0.3170439 0.09711636 0.07448613 0.07362425 0.034199838 7.074382e-05 0.021144360 0.018441982 0.0554875154 1.900421e-02 2.998663e-03 1.822785e-04 1.227917e-03 1.518803e-05 1.873198e-07 8.538967e-03 1.725506e-06 1.454783e-17 3.106678e-04 1.552706e-17 1.297814e-10 1.633223e-05 1.460126e-03
   79    1      1      0    0      1      -1      -1    50 1.008575e-02 0.07110031 0.1693495 0.26381628 0.15381481 0.05226701 0.040888103 4.951165e-02 0.090748025 0.074653045 0.0054364293 1.510469e-02 2.481962e-04 2.580144e-03 8.116808e-07 1.224699e-04 8.987380e-05 2.355926e-08 1.392960e-08 4.825234e-05 5.819813e-05 1.022869e-05 3.038879e-25 4.746265e-12 6.616868e-05
   82    1      1      0    0      1      -1      -1    50 2.636326e-05 0.15113050 0.1069188 0.07575035 0.08574172 0.12630001 0.077866916 1.099557e-01 0.102422898 0.021514220 0.0564842173 5.431680e-02 2.209483e-02 7.505270e-04 5.611222e-03 1.897849e-03 7.716812e-04 5.152128e-06 4.454910e-12 3.640941e-10 1.587150e-06 5.973723e-07 1.121622e-16 6.879662e-11 4.380584e-04
   85    1      1      0    0      1      -1      -1    50 2.929661e-02 0.13640509 0.2084769 0.08908497 0.11305079 0.22032517 0.011283143 7.295932e-03 0.083977925 0.029460530 0.0156362949 2.638028e-02 2.071456e-03 1.851651e-02 7.589315e-03 9.690584e-05 3.983786e-32 1.824503e-06 6.939990e-04 4.063791e-08 5.135593e-09 3.385078e-05 3.157096e-04 2.001091e-47 6.787578e-06
   88    1      1      0    0      1      -1      -1    50 6.315843e-03 0.11762319 0.2398834 0.33601482 0.07378360 0.09082725 0.002543504 7.959590e-02 0.012003543 0.005278864 0.0014656606 1.410977e-02 3.377307e-04 1.080509e-02 4.648098e-04 4.385512e-03 7.539079e-05 5.645794e-07 1.087706e-04 1.375283e-09 3.752661e-07 4.374875e-03 1.489779e-06 2.981792e-20 2.456403e-14
   89    1      1      0    0      1      -1      -1    50 1.296068e-02 0.13540215 0.1017847 0.20803178 0.15774760 0.14155439 0.035844953 8.089493e-02 0.018343252 0.001444519 0.0205004820 9.134648e-03 6.225542e-03 7.754168e-03 9.779512e-03 3.182309e-02 9.608693e-03 1.389874e-16 7.222691e-03 3.942153e-03 2.455672e-09 1.164544e-08 3.851078e-08 9.498626e-28 1.590619e-12
   91    1      1      0    0      1      -1      -1    50 8.042660e-03 0.11117352 0.1091228 0.19348954 0.15799269 0.16651063 0.108000967 8.398257e-02 0.011722214 0.002159987 0.0001100088 1.580310e-03 3.325387e-05 1.094669e-02 2.880104e-03 1.912863e-02 9.783817e-03 2.770252e-03 1.930515e-04 7.051618e-21 6.195479e-07 5.334522e-05 1.221402e-11 2.052147e-04 1.171619e-04
   93    1      1      0    0      1      -1      -1    50 4.482480e-02 0.12109303 0.2366210 0.18194881 0.05492597 0.07160385 0.052965861 4.104964e-02 0.139552531 0.033152045 0.0027024495 6.898414e-07 9.387530e-04 2.947613e-04 2.514980e-04 6.447864e-06 3.820457e-04 3.281809e-04 8.300652e-04 5.271759e-03 1.120835e-02 3.126419e-05 3.069904e-13 8.018068e-07 1.538965e-05
   95    1      1      0    0      1      -1      -1    50 9.878609e-04 0.07906087 0.3019178 0.06701444 0.13713135 0.13209736 0.045847752 2.627226e-02 0.007975593 0.005812490 0.0259997959 7.063223e-02 1.008126e-02 1.433379e-02 8.575057e-03 8.300567e-05 1.043578e-03 3.543154e-17 2.306797e-02 6.655935e-03 3.540833e-02 1.225808e-06 4.758953e-22 2.159054e-39 6.006881e-08
   97    1      1      0    0      1      -1      -1    50 1.197532e-02 0.03674621 0.1217870 0.06772504 0.40251980 0.01945876 0.159310045 9.099154e-02 0.004407109 0.051976591 0.0015606040 2.624617e-03 2.469319e-02 1.864851e-05 5.322782e-07 2.274416e-11 1.511212e-06 3.972486e-03 2.006180e-05 4.393321e-20 2.410686e-13 2.370398e-05 2.248202e-08 1.928562e-08 1.871364e-04
   98    1      1      0    0      1      -1      -1    50 2.946144e-02 0.07942755 0.1927717 0.18476469 0.08774834 0.17214261 0.032620132 1.047674e-01 0.006512033 0.006259901 0.0250321644 7.061995e-03 2.232921e-03 2.026856e-02 4.021520e-03 7.275064e-03 2.718125e-12 2.226179e-08 2.155689e-05 4.240586e-09 1.282694e-02 5.181671e-04 8.040283e-04 1.583568e-03 2.187770e-02
   99    1      1      0    0      1      -1      -1    50 7.015571e-04 0.17217460 0.1256671 0.14136770 0.04219045 0.12447533 0.119740335 5.793799e-02 0.102898362 0.047900722 0.0256551147 1.737493e-02 2.019706e-03 3.680330e-03 9.796855e-03 4.707727e-03 6.721354e-05 6.183260e-04 5.843932e-11 1.009710e-03 9.589608e-12 3.999987e-29 5.159212e-15 1.593936e-05 8.313647e-09
  100    1      1      0    0      1      -1      -1    50 1.055706e-03 0.18567591 0.1484355 0.05067135 0.02594719 0.18701769 0.115530506 8.096845e-02 0.018268632 0.087841153 0.0288171535 5.230814e-03 3.685022e-02 2.293152e-03 1.097168e-03 2.199397e-03 3.142411e-04 1.514803e-05 9.498066e-10 9.180614e-03 6.577962e-48 2.383116e-08 8.407742e-15 1.366555e-09 1.258995e-02
   50    1      2      0    0      1      -1      -1    50 2.000000e-02 0.16000000 0.1600000 0.14000000 0.10000000 0.14000000 0.100000000 0.000000e+00 0.000000000 0.040000000 0.0200000000 4.000000e-02 4.000000e-02 0.000000e+00 2.000000e-02 0.000000e+00 0.000000e+00 0.000000e+00 0.000000e+00 0.000000e+00 2.000000e-02 0.000000e+00 0.000000e+00 0.000000e+00 0.000000e+00
   60    1      2      0    0      1      -1      -1    50 2.000000e-02 0.28000000 0.1400000 0.06000000 0.10000000 0.06000000 0.040000000 6.000000e-02 0.080000000 0.020000000 0.0200000000 2.000000e-02 0.000000e+00 6.000000e-02 0.000000e+00 2.000000e-02 0.000000e+00 0.000000e+00 0.000000e+00 0.000000e+00 2.000000e-02 0.000000e+00 0.000000e+00 0.000000e+00 0.000000e+00
   70    1      2      0    0      1      -1      -1    50 2.000000e-02 0.10000000 0.2200000 0.14000000 0.16000000 0.08000000 0.100000000 0.000000e+00 0.000000000 0.060000000 0.0800000000 0.000000e+00 2.000000e-02 0.000000e+00 0.000000e+00 0.000000e+00 0.000000e+00 0.000000e+00 0.000000e+00 0.000000e+00 0.000000e+00 0.000000e+00 2.000000e-02 0.000000e+00 0.000000e+00
   75    1      2      0    0      1      -1      -1    50 4.000000e-02 0.32000000 0.2000000 0.04000000 0.14000000 0.12000000 0.000000000 2.000000e-02 0.040000000 0.020000000 0.0200000000 2.000000e-02 2.000000e-02 0.000000e+00 0.000000e+00 0.000000e+00 0.000000e+00 0.000000e+00 0.000000e+00 0.000000e+00 0.000000e+00 0.000000e+00 0.000000e+00 0.000000e+00 0.000000e+00
   76    1      2      0    0      1      -1      -1    50 6.000000e-02 0.18000000 0.2000000 0.16000000 0.04000000 0.12000000 0.040000000 2.000000e-02 0.000000000 0.040000000 0.0200000000 0.000000e+00 2.000000e-02 2.000000e-02 0.000000e+00 0.000000e+00 2.000000e-02 6.000000e-02 0.000000e+00 0.000000e+00 0.000000e+00 0.000000e+00 0.000000e+00 0.000000e+00 0.000000e+00
   79    1      2      0    0      1      -1      -1    50 0.000000e+00 0.20000000 0.0600000 0.22000000 0.10000000 0.18000000 0.060000000 2.000000e-02 0.060000000 0.000000000 0.0400000000 0.000000e+00 0.000000e+00 2.000000e-02 0.000000e+00 2.000000e-02 0.000000e+00 0.000000e+00 0.000000e+00 0.000000e+00 0.000000e+00 0.000000e+00 2.000000e-02 0.000000e+00 0.000000e+00
   82    1      2      0    0      1      -1      -1    50 2.000000e-02 0.18000000 0.1600000 0.12000000 0.14000000 0.12000000 0.100000000 8.000000e-02 0.060000000 0.000000000 0.0000000000 2.000000e-02 0.000000e+00 0.000000e+00 0.000000e+00 0.000000e+00 0.000000e+00 0.000000e+00 0.000000e+00 0.000000e+00 0.000000e+00 0.000000e+00 0.000000e+00 0.000000e+00 0.000000e+00
   85    1      2      0    0      1      -1      -1    50 6.000000e-02 0.20000000 0.1600000 0.12000000 0.04000000 0.10000000 0.000000000 4.000000e-02 0.080000000 0.000000000 0.0800000000 4.000000e-02 4.000000e-02 2.000000e-02 0.000000e+00 0.000000e+00 0.000000e+00 2.000000e-02 0.000000e+00 0.000000e+00 0.000000e+00 0.000000e+00 0.000000e+00 0.000000e+00 0.000000e+00
   88    1      2      0    0      1      -1      -1    50 6.000000e-02 0.20000000 0.2400000 0.20000000 0.12000000 0.02000000 0.040000000 4.000000e-02 0.040000000 0.000000000 0.0000000000 2.000000e-02 0.000000e+00 2.000000e-02 0.000000e+00 0.000000e+00 0.000000e+00 0.000000e+00 0.000000e+00 0.000000e+00 0.000000e+00 0.000000e+00 0.000000e+00 0.000000e+00 0.000000e+00
   89    1      2      0    0      1      -1      -1    50 0.000000e+00 0.16000000 0.1600000 0.16000000 0.22000000 0.04000000 0.060000000 4.000000e-02 0.040000000 0.060000000 0.0000000000 0.000000e+00 2.000000e-02 0.000000e+00 0.000000e+00 2.000000e-02 0.000000e+00 0.000000e+00 0.000000e+00 0.000000e+00 0.000000e+00 0.000000e+00 0.000000e+00 0.000000e+00 2.000000e-02
   91    1      2      0    0      1      -1      -1    50 2.000000e-02 0.22000000 0.1400000 0.22000000 0.12000000 0.04000000 0.100000000 0.000000e+00 0.020000000 0.000000000 0.0400000000 4.000000e-02 0.000000e+00 0.000000e+00 2.000000e-02 0.000000e+00 0.000000e+00 0.000000e+00 2.000000e-02 0.000000e+00 0.000000e+00 0.000000e+00 0.000000e+00 0.000000e+00 0.000000e+00
   93    1      2      0    0      1      -1      -1    50 6.000000e-02 0.16000000 0.1400000 0.18000000 0.08000000 0.06000000 0.060000000 6.000000e-02 0.100000000 0.000000000 0.0000000000 4.000000e-02 6.000000e-02 0.000000e+00 0.000000e+00 0.000000e+00 0.000000e+00 0.000000e+00 0.000000e+00 0.000000e+00 0.000000e+00 0.000000e+00 0.000000e+00 0.000000e+00 0.000000e+00
   95    1      2      0    0      1      -1      -1    50 4.000000e-02 0.12000000 0.3600000 0.10000000 0.12000000 0.08000000 0.040000000 4.000000e-02 0.000000000 0.040000000 0.0000000000 4.000000e-02 2.000000e-02 0.000000e+00 0.000000e+00 0.000000e+00 0.000000e+00 0.000000e+00 0.000000e+00 0.000000e+00 0.000000e+00 0.000000e+00 0.000000e+00 0.000000e+00 0.000000e+00
   97    1      2      0    0      1      -1      -1    50 2.000000e-02 0.14000000 0.0800000 0.20000000 0.18000000 0.02000000 0.040000000 4.000000e-02 0.060000000 0.020000000 0.0000000000 6.000000e-02 4.000000e-02 4.000000e-02 4.000000e-02 0.000000e+00 0.000000e+00 0.000000e+00 0.000000e+00 0.000000e+00 0.000000e+00 0.000000e+00 0.000000e+00 0.000000e+00 2.000000e-02
   98    1      2      0    0      1      -1      -1    50 0.000000e+00 0.04000000 0.0600000 0.28000000 0.22000000 0.20000000 0.020000000 4.000000e-02 0.040000000 0.060000000 0.0400000000 0.000000e+00 0.000000e+00 0.000000e+00 0.000000e+00 0.000000e+00 0.000000e+00 0.000000e+00 0.000000e+00 0.000000e+00 0.000000e+00 0.000000e+00 0.000000e+00 0.000000e+00 0.000000e+00
   99    1      2      0    0      1      -1      -1    50 4.000000e-02 0.20000000 0.0800000 0.12000000 0.16000000 0.12000000 0.160000000 2.000000e-02 0.020000000 0.020000000 0.0000000000 6.000000e-02 0.000000e+00 0.000000e+00 0.000000e+00 0.000000e+00 0.000000e+00 0.000000e+00 0.000000e+00 0.000000e+00 0.000000e+00 0.000000e+00 0.000000e+00 0.000000e+00 0.000000e+00
  100    1      2      0    0      1      -1      -1    50 8.000000e-02 0.22000000 0.1400000 0.10000000 0.06000000 0.14000000 0.080000000 1.200000e-01 0.000000000 0.000000000 0.0000000000 2.000000e-02 0.000000e+00 0.000000e+00 2.000000e-02 0.000000e+00 0.000000e+00 0.000000e+00 2.000000e-02 0.000000e+00 0.000000e+00 0.000000e+00 0.000000e+00 0.000000e+00 0.000000e+00
0 #_N_MeanSize_at_Age_obs
0 #_N_environ_variables
0 #_N_environ_obs
0 #_N_sizefreq_methods
0 #_do_tags
0 #_morphcomp_data
#
999
