#C data file created using the SS_writedat function in the R package r4ss
#C should work with SS version: 
#C file write time: 2014-11-06 10:55:53
#
1 #_styr
100 #_endyr
1 #_nseas
12 #_months_per_seas
1 #_spawn_seas
1 #_Nfleet
2 #_Nsurveys
1 #_N_areas
Fishery%Survey%CPUE #_fleetnames
0.5 0.5 0.5 #_surveytiming_in_season
1 1 1 #_area_assignments_for_each_fishery_and_survey
1 #_units of catch:  1=bio; 2=num
0.01 #_se of log(catch) only used for init_eq_catch and for Fmethod 2 and 3
1 #_Ngenders
25 #_Nages
0 #_init_equil_catch_for_each_fishery
100 #_N_lines_of_catch_to_read
 #_Fishery year seas
         0    1    1
         0    2    1
         0    3    1
         0    4    1
         0    5    1
         0    6    1
         0    7    1
         0    8    1
         0    9    1
         0   10    1
         0   11    1
         0   12    1
         0   13    1
         0   14    1
         0   15    1
         0   16    1
         0   17    1
         0   18    1
         0   19    1
         0   20    1
         0   21    1
         0   22    1
         0   23    1
         0   24    1
         0   25    1
 280874000   26    1
 265890000   27    1
 248999000   28    1
 232719000   29    1
 217514000   30    1
 204154000   31    1
 193594000   32    1
 183828000   33    1
 172456000   34    1
 160973000   35    1
 149979000   36    1
 142416000   37    1
 138065000   38    1
 137532000   39    1
 139610000   40    1
 144486000   41    1
 145698000   42    1
 149776000   43    1
 157754000   44    1
 163060000   45    1
 166396000   46    1
 169956000   47    1
 170650000   48    1
 169376000   49    1
 167415000   50    1
 163873000   51    1
 162071000   52    1
 163662000   53    1
 164571000   54    1
 163712000   55    1
 169393000   56    1
 177947000   57    1
 182508000   58    1
 181609000   59    1
 175876000   60    1
 170732000   61    1
 169528000   62    1
 165925000   63    1
 161565000   64    1
 156189000   65    1
 151991000   66    1
 149484000   67    1
 143903000   68    1
 137497000   69    1
 132485000   70    1
 129384000   71    1
 128978000   72    1
 130386000   73    1
 128630000   74    1
 125872000   75    1
 123810000   76    1
 123991000   77    1
 125301000   78    1
 127911000   79    1
 131948000   80    1
 136273000   81    1
 140709000   82    1
 141270000   83    1
 140979000   84    1
 141568000   85    1
 141129000   86    1
 141974000   87    1
 142218000   88    1
 140224000   89    1
 139364000   90    1
 138310000   91    1
 137572000   92    1
 136153000   93    1
 135523000   94    1
 137572000   95    1
 140163000   96    1
 146566000   97    1
 153261000   98    1
 154392000   99    1
 154270000  100    1
13 #_N_cpue
 #_Fleet Units Errtype
       1     1       0
       2     1       0
       3     1       0
 #_year seas index        obs se_log
     76    1     2 1514623142    0.2
     78    1     2 1596245153    0.2
     80    1     2 1716038415    0.2
     82    1     2 2307399732    0.2
     84    1     2 2225354368    0.2
     86    1     2 1887030960    0.2
     88    1     2 1979121222    0.2
     90    1     2 2483221935    0.2
     92    1     2 2189655718    0.2
     94    1     2 1813068115    0.2
     96    1     2 2046982139    0.2
     98    1     2 2145882901    0.2
    100    1     2 2688350158    0.2
0 #_N_discard_fleets
#_discard_units (1=same_as_catchunits(bio/num); 2=fraction; 3=numbers)
#_discard_errtype:  >0 for DF of T-dist(read CV below); 0 for normal with CV; -1 for normal with se; -2 for lognormal
0 #_N_discard
0 #_N_meanbodywt
1 #_DF_for_meanbodywt_T-distribution_like
2 # length bin method: 1=use databins; 2=generate from binwidth,min,max below; 3=read vector
1 # binwidth for population size comp
10 # minimum size in the population (lower edge of first bin and size at age 0.00)
200 # maximum size in the population (lower edge of last bin)
-0.001 #_comp_tail_compression
1e-05 #_add_to_comp
0 #_combine males into females at or below this bin number
21 #_N_lbins
#_lbin_vector
10 53 70 83 94 101 107 111 114 117 120 123 125 127 130 132 135 138 142 148 200
0 #_N_Length_comp_observations
25 #_N_agebins
#_agebin_vector
1 2 3 4 5 6 7 8 9 10 11 12 13 14 15 16 17 18 19 20 21 22 23 24 25
1 #_N_ageerror_definitions
 #_age0   age1   age2   age3   age4   age5   age6   age7   age8   age9  age10  age11  age12  age13  age14  age15  age16  age17  age18  age19  age20  age21  age22  age23  age24  age25
 -1.000 -1.000 -1.000 -1.000 -1.000 -1.000 -1.000 -1.000 -1.000 -1.000 -1.000 -1.000 -1.000 -1.000 -1.000 -1.000 -1.000 -1.000 -1.000 -1.000 -1.000 -1.000 -1.000 -1.000 -1.000 -1.000
  0.001  0.001  0.001  0.001  0.001  0.001  0.001  0.001  0.001  0.001  0.001  0.001  0.001  0.001  0.001  0.001  0.001  0.001  0.001  0.001  0.001  0.001  0.001  0.001  0.001  0.001
198 #_N_agecomp
1 #_Lbin_method: 1=poplenbins; 2=datalenbins; 3=lengths
-1 #_combine males into females at or below this bin number
 #_Yr Seas FltSvy Gender Part Ageerr Lbin_lo Lbin_hi Nsamp          a1         a2         a3         a4         a5         a6         a7         a8         a9         a10         a11         a12         a13         a14         a15         a16          a17          a18          a19          a20          a21          a22          a23          a24          a25
    2    1      1      0    0      1      -1      -1  1000 0.009262247 0.13427387 0.17474836 0.11346151 0.09887114 0.07887488 0.06251136 0.06826868 0.04523102 0.029748253 0.039393737 0.020966646 0.017845680 0.017536029 0.017236905 0.014207844 0.0066251186 0.0123055156 4.927301e-03 0.0038698900 2.441982e-03 3.725349e-03 1.818149e-03 4.459210e-03 0.0173893218
    3    1      1      0    0      1      -1      -1  1000 0.016382779 0.09255632 0.15254924 0.12843236 0.10497991 0.09079247 0.07154983 0.05460473 0.05891730 0.044644194 0.029174504 0.028979797 0.024147749 0.015514767 0.013650835 0.011087921 0.0149407669 0.0077231658 6.430333e-03 0.0061742607 2.009212e-03 4.536043e-03 5.198202e-03 4.350800e-03 0.0106725077
    4    1      1      0    0      1      -1      -1  1000 0.014048988 0.13830343 0.10557056 0.12421046 0.10955424 0.09066910 0.07690689 0.06038295 0.03879836 0.040935576 0.021649670 0.047196389 0.028669499 0.032027910 0.012002931 0.010907048 0.0126349832 0.0036890307 4.384219e-03 0.0025926278 2.201043e-03 2.258387e-03 2.259906e-03 6.435819e-04 0.0175022138
    5    1      1      0    0      1      -1      -1  1000 0.016034948 0.07830449 0.17243452 0.10170674 0.10145290 0.08906174 0.06587053 0.07092606 0.06823847 0.035798108 0.036928266 0.026976013 0.023566953 0.021184653 0.009672519 0.015058940 0.0160499087 0.0110203986 7.659122e-03 0.0080439759 2.766205e-03 2.096459e-03 4.360401e-03 2.186042e-03 0.0126016403
    6    1      1      0    0      1      -1      -1  1000 0.013953032 0.15194254 0.13189833 0.11597784 0.07120927 0.08636742 0.08309639 0.07450732 0.04537415 0.039353383 0.031641946 0.023814317 0.020547977 0.018531469 0.015494004 0.010939270 0.0149190339 0.0100661827 6.601911e-03 0.0102648562 2.830153e-03 3.309773e-03 5.433644e-03 1.945199e-03 0.0099805840
    7    1      1      0    0      1      -1      -1  1000 0.016599804 0.07604091 0.20170397 0.11862555 0.12670520 0.06076258 0.06975208 0.05427391 0.05690153 0.043786486 0.026527356 0.023664513 0.024885866 0.022865427 0.012267774 0.018887852 0.0065471590 0.0076185255 5.915468e-03 0.0112716698 8.479794e-04 2.382527e-03 2.511593e-03 1.589285e-03 0.0070649897
    8    1      1      0    0      1      -1      -1  1000 0.015494816 0.09759986 0.10500326 0.17518063 0.08731836 0.09996503 0.04881611 0.06783736 0.05172016 0.058357161 0.031430447 0.025984171 0.029512773 0.026238840 0.017108507 0.014305591 0.0061264506 0.0071707452 4.296948e-03 0.0084013141 3.007321e-03 2.274228e-03 1.555039e-03 9.954631e-04 0.0142994273
    9    1      1      0    0      1      -1      -1  1000 0.008395549 0.12784725 0.13855497 0.09441109 0.15187148 0.06987367 0.07880403 0.05291684 0.06315399 0.025456817 0.032907763 0.030180556 0.024468326 0.018830770 0.013466844 0.012255491 0.0125214918 0.0043965307 5.385259e-03 0.0060941962 2.032604e-03 4.326130e-03 3.544466e-03 2.773907e-03 0.0155299837
   10    1      1      0    0      1      -1      -1  1000 0.021678888 0.07749121 0.17100495 0.14182325 0.08271889 0.09383777 0.07126581 0.07225189 0.03660000 0.043290409 0.034127199 0.042260018 0.020518877 0.015657800 0.019399147 0.015704513 0.0051577963 0.0047249830 6.030582e-03 0.0032201548 8.303884e-03 2.064809e-03 2.793752e-03 1.462806e-03 0.0066106169
   11    1      1      0    0      1      -1      -1  1000 0.015094250 0.09971370 0.13992951 0.12013021 0.10356600 0.07965431 0.11575416 0.03926188 0.05077177 0.018108010 0.040209891 0.037947542 0.020307252 0.015959067 0.020475096 0.014943908 0.0073570700 0.0091914214 9.337796e-03 0.0112573043 5.522473e-03 3.211932e-03 2.046032e-03 4.369331e-03 0.0158800765
   12    1      1      0    0      1      -1      -1  1000 0.010237481 0.13918023 0.18069944 0.09503646 0.12156893 0.08240221 0.04269604 0.07916115 0.03437277 0.047295582 0.020751825 0.020698627 0.022107010 0.021166727 0.014014492 0.011078552 0.0089617027 0.0110999010 7.396818e-03 0.0047011277 1.743829e-03 5.693189e-03 4.123157e-03 2.207401e-03 0.0116053441
   13    1      1      0    0      1      -1      -1  1000 0.012428985 0.11319759 0.17920143 0.14249143 0.08178349 0.08972612 0.06053709 0.05302710 0.07677126 0.025069718 0.035103545 0.013594199 0.026701178 0.013077998 0.015763869 0.013435127 0.0079128672 0.0065858013 8.196836e-03 0.0040666599 2.586509e-03 2.805078e-03 3.386443e-03 1.264835e-03 0.0112848464
   14    1      1      0    0      1      -1      -1  1000 0.007820813 0.10852701 0.14550693 0.15089292 0.10365964 0.08343510 0.07845337 0.05738505 0.03543185 0.048471134 0.026242216 0.028761456 0.021292021 0.024712206 0.016310883 0.012820660 0.0070112123 0.0106863511 5.398084e-03 0.0038094480 3.332293e-03 3.648977e-03 3.016901e-03 3.727915e-04 0.0130006901
   15    1      1      0    0      1      -1      -1  1000 0.014624646 0.10957886 0.15147629 0.12170850 0.13470108 0.10064497 0.05566250 0.05249569 0.04303124 0.022404137 0.042041574 0.023868506 0.027749035 0.016809318 0.010304397 0.012046892 0.0091248067 0.0057048365 8.582816e-03 0.0102344657 1.770873e-03 4.951860e-03 2.128851e-03 3.268534e-03 0.0150853070
   16    1      1      0    0      1      -1      -1  1000 0.011760794 0.09614959 0.15030458 0.12926280 0.10387879 0.09933817 0.07325406 0.05599442 0.04077753 0.041647081 0.025513852 0.040839837 0.015803655 0.012486173 0.012226655 0.012038676 0.0158524483 0.0137063708 1.078865e-02 0.0095794517 5.406251e-03 5.702479e-03 4.854142e-03 4.451158e-04 0.0123884255
   17    1      1      0    0      1      -1      -1  1000 0.026354816 0.12469881 0.12281891 0.11846940 0.11083922 0.09227026 0.07949097 0.06243105 0.05139911 0.040745351 0.031433448 0.022151660 0.028365768 0.014011227 0.014143318 0.009492285 0.0088131908 0.0062163765 6.949992e-03 0.0053443850 4.465809e-03 2.548902e-03 1.940527e-03 2.419113e-03 0.0121861054
   18    1      1      0    0      1      -1      -1  1000 0.015638326 0.18426642 0.15634523 0.09747639 0.09126981 0.07570590 0.06055111 0.07645531 0.04301398 0.029414385 0.025777927 0.023567747 0.012668233 0.023249276 0.020550457 0.012124123 0.0072406113 0.0131664722 4.787163e-03 0.0025584613 5.212391e-03 2.378238e-03 3.441383e-03 3.288763e-03 0.0098518858
   19    1      1      0    0      1      -1      -1  1000 0.010794009 0.10918891 0.23264059 0.11567936 0.08185314 0.07297463 0.06360460 0.05413703 0.05454461 0.037355957 0.022659164 0.021849351 0.021111111 0.015117492 0.015715173 0.011902426 0.0162343246 0.0035827258 6.069444e-03 0.0045825543 6.044904e-03 3.959286e-03 7.049789e-04 5.645001e-04 0.0171297343
   20    1      1      0    0      1      -1      -1  1000 0.013895727 0.10143695 0.15336813 0.22630360 0.08521119 0.06041402 0.05502970 0.04910168 0.04286834 0.050591569 0.030739355 0.020804088 0.023202562 0.013706164 0.007991486 0.013778611 0.0101027257 0.0113881280 4.364688e-03 0.0029183699 3.174603e-03 2.313203e-03 2.931675e-03 1.847598e-03 0.0125158399
   21    1      1      0    0      1      -1      -1  1000 0.009619855 0.12450635 0.11008461 0.14148334 0.17592350 0.07983042 0.05331291 0.06033079 0.03165216 0.024229483 0.040489449 0.029013866 0.016381590 0.029248607 0.012071056 0.012781275 0.0089132802 0.0093182489 5.081478e-03 0.0019994268 4.596321e-03 3.340831e-03 3.112011e-03 2.266428e-03 0.0104127149
   22    1      1      0    0      1      -1      -1  1000 0.032606281 0.09428384 0.15901166 0.08910224 0.11817839 0.15278773 0.06359674 0.03565127 0.04985589 0.024807697 0.030655046 0.022442249 0.024306289 0.010824131 0.011575044 0.014433503 0.0074084492 0.0137836096 6.482495e-03 0.0080810349 3.172558e-03 9.115035e-03 2.369797e-03 4.675335e-03 0.0107936964
   23    1      1      0    0      1      -1      -1  1000 0.016381178 0.24980153 0.10218704 0.12211520 0.05857824 0.07966535 0.09767975 0.04415141 0.03049638 0.029107878 0.022374961 0.023945669 0.023273863 0.012363480 0.009263919 0.016196042 0.0151032553 0.0058388158 6.915409e-03 0.0061941255 7.067144e-03 9.354098e-04 2.108694e-03 3.414193e-03 0.0148410661
   24    1      1      0    0      1      -1      -1  1000 0.010171145 0.16892598 0.29397810 0.07215260 0.08958496 0.04290878 0.05990102 0.07843199 0.03595662 0.023555993 0.023757941 0.019021272 0.014039760 0.013650935 0.011191366 0.006105957 0.0052155934 0.0053962476 1.939082e-03 0.0113942984 2.247506e-03 2.501878e-03 1.458803e-03 6.850399e-04 0.0058271225
   25    1      1      0    0      1      -1      -1  1000 0.011357112 0.09295674 0.20021450 0.26264725 0.06074061 0.05634147 0.05836466 0.04689944 0.05473313 0.034173693 0.015519953 0.012786404 0.016263758 0.016057784 0.012251177 0.004714137 0.0042315098 0.0043156427 5.330419e-03 0.0021409709 5.837791e-03 6.963154e-03 4.551240e-03 1.652386e-03 0.0089550678
   26    1      1      0    0      1      -1      -1  1000 0.006267360 0.11033892 0.13043884 0.14333343 0.23093152 0.04230655 0.05459368 0.03132660 0.04121001 0.064343151 0.021479131 0.016787522 0.015694339 0.022700596 0.014887144 0.014266368 0.0084711715 0.0071872302 5.056676e-03 0.0024098756 1.713959e-03 2.239867e-03 8.338283e-04 7.436950e-04 0.0104385320
   27    1      1      0    0      1      -1      -1  1000 0.020786627 0.08685076 0.15167581 0.10856897 0.12872959 0.21336138 0.04171372 0.05303880 0.02039218 0.033528948 0.043927436 0.020790728 0.015124413 0.007239566 0.005935650 0.009752035 0.0100128612 0.0057176542 3.609169e-03 0.0036630906 1.552489e-03 7.553333e-04 3.588103e-03 1.891034e-03 0.0077936550
   28    1      1      0    0      1      -1      -1  1000 0.013361141 0.12064544 0.12913867 0.10900841 0.10261795 0.11760605 0.16328850 0.02452082 0.04061157 0.027133668 0.029595499 0.039303611 0.016149776 0.009333324 0.013762504 0.006405472 0.0039332245 0.0047855980 4.708108e-03 0.0041927253 3.718893e-03 2.982260e-03 2.152615e-04 3.878450e-03 0.0091030756
   29    1      1      0    0      1      -1      -1  1000 0.012327482 0.11817529 0.16300003 0.09649292 0.08722517 0.09193631 0.09922600 0.12842577 0.03770730 0.038576100 0.013480370 0.018866081 0.030239523 0.011677511 0.011932962 0.004541341 0.0053588818 0.0061839077 4.862551e-03 0.0055404655 2.299505e-03 2.947685e-03 1.462526e-03 3.674520e-04 0.0071468731
   30    1      1      0    0      1      -1      -1  1000 0.016667987 0.12295382 0.15642448 0.10944725 0.07492308 0.08108422 0.06145774 0.08432386 0.09400581 0.018843710 0.031983039 0.024691663 0.020134162 0.031342478 0.009337101 0.010254174 0.0071197715 0.0089674479 1.140891e-02 0.0094214838 6.525075e-03 1.101859e-03 1.829507e-04 8.554313e-04 0.0065424875
   31    1      1      0    0      1      -1      -1  1000 0.017413873 0.12872231 0.16746069 0.13325888 0.10958537 0.05485957 0.06599554 0.04532828 0.06246210 0.080811333 0.020829944 0.019107006 0.013197104 0.017848161 0.014567355 0.012047282 0.0037358938 0.0040972088 4.057188e-03 0.0058576427 2.334932e-03 5.345040e-03 3.025858e-03 1.713622e-03 0.0063378302
   32    1      1      0    0      1      -1      -1  1000 0.008224940 0.17628771 0.17078604 0.11583818 0.10720558 0.07800496 0.05059831 0.05542253 0.03564273 0.048395179 0.060643074 0.014258019 0.012540162 0.004002839 0.008038860 0.015821142 0.0072139044 0.0022076870 6.532936e-03 0.0018318897 2.119113e-03 5.459408e-03 3.164267e-03 1.278513e-03 0.0084820219
   33    1      1      0    0      1      -1      -1  1000 0.013425361 0.07889080 0.22341290 0.12868498 0.10848288 0.07700159 0.05619399 0.03976087 0.04389312 0.027972808 0.040917162 0.064665927 0.010326805 0.023418434 0.007246133 0.006502485 0.0099466037 0.0104279200 1.123845e-03 0.0026391623 5.779078e-03 5.488556e-03 3.076675e-03 2.984096e-03 0.0077378205
   34    1      1      0    0      1      -1      -1  1000 0.005562076 0.12829477 0.11249689 0.18737636 0.10964480 0.09526343 0.07390298 0.04369416 0.02837174 0.033169186 0.035290454 0.032322614 0.048911798 0.009162305 0.008072602 0.011238465 0.0043986095 0.0143028653 3.814307e-03 0.0029782919 1.173088e-03 1.658334e-03 1.247622e-03 2.210315e-03 0.0054419544
   35    1      1      0    0      1      -1      -1  1000 0.022813821 0.05149832 0.17534249 0.09392517 0.14999788 0.09676876 0.07866873 0.05556173 0.04902698 0.024562367 0.028155243 0.023676030 0.027974670 0.040078353 0.008559174 0.012952301 0.0060368006 0.0064852192 1.300993e-02 0.0086248262 4.416022e-03 3.914937e-03 3.055094e-03 1.540295e-03 0.0133548493
   36    1      1      0    0      1      -1      -1  1000 0.019685293 0.16992260 0.08413532 0.13931551 0.07354844 0.13926459 0.07835664 0.06270322 0.04650289 0.034821037 0.017417021 0.027619925 0.015797050 0.017925110 0.030720179 0.004895951 0.0107478207 0.0017823460 4.347831e-03 0.0051168708 2.914188e-03 2.681752e-03 1.637117e-03 8.300581e-04 0.0073112440
   37    1      1      0    0      1      -1      -1  1000 0.026925265 0.13723045 0.22685926 0.06065550 0.11667598 0.05444142 0.09624121 0.05960979 0.04101863 0.043719014 0.020536755 0.017659774 0.017731134 0.012175116 0.012264761 0.024072238 0.0051131514 0.0033633633 2.351516e-03 0.0045893062 6.151910e-03 1.530605e-03 5.171793e-04 5.854282e-03 0.0027123831
   38    1      1      0    0      1      -1      -1  1000 0.016798517 0.22862682 0.17290524 0.15731149 0.04924997 0.06766914 0.03770187 0.04800261 0.05182214 0.035258576 0.027458759 0.016152308 0.012754879 0.007572735 0.009911428 0.014196312 0.0145096683 0.0027245728 7.154634e-03 0.0013834571 2.695356e-03 3.720806e-03 3.290487e-04 4.450338e-03 0.0096393086
   39    1      1      0    0      1      -1      -1  1000 0.037890604 0.14030231 0.27857701 0.11573870 0.10361116 0.03982971 0.05789916 0.03649970 0.04196724 0.032176691 0.023753262 0.017334664 0.012656528 0.006121980 0.008064379 0.007500439 0.0079568922 0.0109744347 1.067602e-03 0.0029470727 9.026793e-04 3.167228e-03 4.108099e-03 3.393420e-03 0.0055590347
   40    1      1      0    0      1      -1      -1  1000 0.009281550 0.26079128 0.15741565 0.18170967 0.09037313 0.07952114 0.02254682 0.03791315 0.02026775 0.035662992 0.027706151 0.018746353 0.009932029 0.016231006 0.002948418 0.004022413 0.0023717200 0.0037421187 6.215833e-03 0.0024718991 2.137160e-03 5.998262e-04 1.352795e-03 2.383389e-03 0.0036557589
   41    1      1      0    0      1      -1      -1  1000 0.014445791 0.10674669 0.33134163 0.12286548 0.16311322 0.04675641 0.05419472 0.01900012 0.02179362 0.008237156 0.027414368 0.016862831 0.012206020 0.009548147 0.007819918 0.007735516 0.0074100593 0.0024856742 7.161139e-03 0.0043966911 1.744395e-03 2.200143e-03 2.258489e-04 4.360192e-04 0.0038583973
   42    1      1      0    0      1      -1      -1  1000 0.034642954 0.13739211 0.13534545 0.27773190 0.07491267 0.11997885 0.04534492 0.04400687 0.01125772 0.028056088 0.014965565 0.013019644 0.013293124 0.007416686 0.004189628 0.002375853 0.0062039714 0.0029951786 2.203672e-03 0.0076458119 2.463187e-03 2.671213e-04 2.487385e-03 1.123193e-03 0.0106804328
   43    1      1      0    0      1      -1      -1  1000 0.016466312 0.25622250 0.17007797 0.09336633 0.17752153 0.05665384 0.07759145 0.03491979 0.03594921 0.008940751 0.010361893 0.004702084 0.017363117 0.010896855 0.005201647 0.002756024 0.0015650813 0.0006186504 2.639342e-03 0.0017243299 2.013994e-03 7.291194e-03 5.041501e-04 2.643939e-03 0.0020080098
   44    1      1      0    0      1      -1      -1  1000 0.016774423 0.19463040 0.28371463 0.11024031 0.05658791 0.11110670 0.05280691 0.04931086 0.03052984 0.031708277 0.005948289 0.005667434 0.003780063 0.007503878 0.013794622 0.003255875 0.0060557618 0.0033720725 1.429707e-03 0.0021202196 2.636177e-03 3.254433e-03 2.113258e-03 3.007300e-04 0.0013572265
   45    1      1      0    0      1      -1      -1  1000 0.018437224 0.11190350 0.23280092 0.22698623 0.08581280 0.04667394 0.09392576 0.03331173 0.05504839 0.012857417 0.014132305 0.005777104 0.016981247 0.003277225 0.010264692 0.009498799 0.0035903326 0.0025285585 3.670424e-03 0.0031586233 5.613849e-03 4.084616e-04 3.444752e-04 9.881715e-04 0.0020078155
   46    1      1      0    0      1      -1      -1  1000 0.018817530 0.16991733 0.13746328 0.18687048 0.16388338 0.06945786 0.03525631 0.07019850 0.03524191 0.035822636 0.016992294 0.016546605 0.002802269 0.014631918 0.001397895 0.006821169 0.0055280296 0.0009232201 2.656791e-03 0.0007763710 3.848152e-04 1.192658e-03 8.210035e-05 3.765557e-04 0.0059580990
   47    1      1      0    0      1      -1      -1  1000 0.007784002 0.14297703 0.23912574 0.10578964 0.13110390 0.14786212 0.04577320 0.02578282 0.05519101 0.022641844 0.023701808 0.013063171 0.012935757 0.002354660 0.005486319 0.002889964 0.0050666139 0.0022399473 2.462357e-03 0.0012528609 1.083813e-03 1.150550e-04 4.211977e-04 2.282765e-04 0.0026669083
   48    1      1      0    0      1      -1      -1  1000 0.014101288 0.10482453 0.19845178 0.19119870 0.07876225 0.08907709 0.11964947 0.04566955 0.03040482 0.047993971 0.012090663 0.027451399 0.005771630 0.010269697 0.005382955 0.002322234 0.0045763672 0.0027560700 1.000297e-03 0.0019214515 3.086648e-04 3.080956e-04 1.446660e-03 7.398129e-04 0.0035205502
   49    1      1      0    0      1      -1      -1  1000 0.012014206 0.15539087 0.13894624 0.15060030 0.13428574 0.07076556 0.09816967 0.09351844 0.02895304 0.014341679 0.044449563 0.013555365 0.022623340 0.001919335 0.006227076 0.002017895 0.0021984892 0.0009574639 1.102639e-03 0.0002305475 2.694072e-04 2.100312e-03 1.383380e-03 4.112498e-04 0.0035681900
   50    1      1      0    0      1      -1      -1  1000 0.018396272 0.11218674 0.19726754 0.11648885 0.13382234 0.12839853 0.04754396 0.06228133 0.07574316 0.020582414 0.014416197 0.027594824 0.006333905 0.012569923 0.005268843 0.003433360 0.0007299440 0.0043375855 1.153501e-03 0.0035289090 2.099437e-03 5.987127e-04 1.824204e-03 3.706107e-04 0.0030289083
   51    1      1      0    0      1      -1      -1  1000 0.027586454 0.13726372 0.15084961 0.16850059 0.07379992 0.10060452 0.09183044 0.03674464 0.05289961 0.054809024 0.023681555 0.010409069 0.028958784 0.006144516 0.008559463 0.004786396 0.0052207676 0.0013215139 2.054724e-03 0.0024409858 2.039397e-03 2.032397e-03 1.896182e-03 3.272847e-03 0.0022928832
   52    1      1      0    0      1      -1      -1  1000 0.028033600 0.18202374 0.19896603 0.10679880 0.12464600 0.06578356 0.06235568 0.05541235 0.03120679 0.038586170 0.031496109 0.013082618 0.005527991 0.023092005 0.005534339 0.007256044 0.0026808109 0.0050262044 8.583800e-04 0.0022247079 7.345020e-04 1.723893e-03 1.228368e-03 7.678534e-04 0.0049534609
   53    1      1      0    0      1      -1      -1  1000 0.003865055 0.22708025 0.23064850 0.11807034 0.07801543 0.08362005 0.03005348 0.05660909 0.04322505 0.026398858 0.023403638 0.033198623 0.012526645 0.004374761 0.012701003 0.004145948 0.0014629077 0.0021244374 1.325414e-03 0.0001252945 4.340576e-04 2.221453e-03 1.728372e-03 3.863512e-04 0.0022549786
   54    1      1      0    0      1      -1      -1  1000 0.033684756 0.06116785 0.28479411 0.18999088 0.08426741 0.06941052 0.07271017 0.04386347 0.03333633 0.028432370 0.019758148 0.019822815 0.014935912 0.006534836 0.006047008 0.013488836 0.0057831826 0.0046374587 2.544155e-03 0.0004178426 4.516783e-04 5.193584e-04 4.328071e-04 1.088419e-04 0.0028592556
   55    1      1      0    0      1      -1      -1  1000 0.036834115 0.23039963 0.07887947 0.19802086 0.13467353 0.07518960 0.03741412 0.06042764 0.03017394 0.025569690 0.020761165 0.009838746 0.019789912 0.015567373 0.005952114 0.003668309 0.0053661331 0.0022206546 4.079102e-03 0.0027965452 7.827180e-04 1.047055e-04 6.058448e-04 9.664013e-05 0.0007874294
   56    1      1      0    0      1      -1      -1  1000 0.013467107 0.22907674 0.22503652 0.05736511 0.13289927 0.10732162 0.05573393 0.03001553 0.03755388 0.018726758 0.019095771 0.017485354 0.010234591 0.011537958 0.013051679 0.003989074 0.0022179532 0.0082659779 3.836947e-03 0.0015733229 3.581265e-04 5.569255e-04 2.891191e-04 2.533398e-05 0.0002854092
   57    1      1      0    0      1      -1      -1  1000 0.010614175 0.16562606 0.29988240 0.18489159 0.04399767 0.09932476 0.05680029 0.02923435 0.02433109 0.018589324 0.009437681 0.008821467 0.016161150 0.008882789 0.005091223 0.008500757 0.0009420654 0.0019416626 2.932281e-03 0.0002606890 9.922354e-04 7.049049e-04 4.770085e-04 9.865476e-05 0.0014637254
   58    1      1      0    0      1      -1      -1  1000 0.008634017 0.10635907 0.20359847 0.26106103 0.12796639 0.02588478 0.08512412 0.05119114 0.03251116 0.010477200 0.024276114 0.015298524 0.007907298 0.010958396 0.008758426 0.004778774 0.0038449575 0.0021060464 1.286823e-03 0.0020888327 8.579077e-04 2.590080e-03 2.862837e-04 2.994663e-04 0.0018546903
   59    1      1      0    0      1      -1      -1  1000 0.005615864 0.09564006 0.13158724 0.17098312 0.20786483 0.12178834 0.03102690 0.05349175 0.05083316 0.026556967 0.021333773 0.017559766 0.008492956 0.020658715 0.011461871 0.001960094 0.0042272161 0.0095158845 3.093075e-03 0.0004921954 2.038338e-03 7.960094e-05 5.237726e-04 6.995124e-06 0.0031675294
   60    1      1      0    0      1      -1      -1  1000 0.022763732 0.06620017 0.12612940 0.10560518 0.15853590 0.17567508 0.12250049 0.02519365 0.05244772 0.034311579 0.021909798 0.023322288 0.010861629 0.012488592 0.007874877 0.013209272 0.0097687842 0.0040885154 2.008139e-03 0.0006379310 2.131692e-04 2.327397e-03 7.185531e-04 4.904534e-04 0.0007177006
   61    1      1      0    0      1      -1      -1  1000 0.013176207 0.25653408 0.08572811 0.10699305 0.07869585 0.10044434 0.12969242 0.06991532 0.01325483 0.038168765 0.028549509 0.019105343 0.013401856 0.008208247 0.004420474 0.008362792 0.0091856260 0.0022629220 3.055534e-03 0.0014329654 4.494716e-03 6.699347e-04 1.784961e-03 1.312581e-04 0.0023309043
   62    1      1      0    0      1      -1      -1  1000 0.012002790 0.12569054 0.30301420 0.05858942 0.07455300 0.06910383 0.08887140 0.09730246 0.05823493 0.014878249 0.033855647 0.019848661 0.013287431 0.004622203 0.005500826 0.003817191 0.0032089584 0.0023182497 4.614822e-05 0.0024171657 3.739178e-03 2.990851e-03 7.440518e-05 4.148729e-04 0.0016173925
   63    1      1      0    0      1      -1      -1  1000 0.008612160 0.11931182 0.16345600 0.27444303 0.05153808 0.04591710 0.05140367 0.08429118 0.06385285 0.039562681 0.005991426 0.024370850 0.028207082 0.005399378 0.004477646 0.007718984 0.0024672073 0.0033627149 6.813298e-03 0.0011649421 1.852597e-03 8.699450e-04 1.866993e-03 1.173781e-03 0.0018745774
   64    1      1      0    0      1      -1      -1  1000 0.015957647 0.12944284 0.15604788 0.14017650 0.19704773 0.04868139 0.04150170 0.04047988 0.05744443 0.065924632 0.032640118 0.006382771 0.015444828 0.013617291 0.012360219 0.003914887 0.0062702287 0.0021193722 4.693905e-03 0.0030224625 1.792668e-03 4.245227e-04 8.868849e-04 1.242778e-03 0.0024824478
   65    1      1      0    0      1      -1      -1  1000 0.025696918 0.10112137 0.18269100 0.13059181 0.09709654 0.17694561 0.03058933 0.03057807 0.04353922 0.032614675 0.060766516 0.027889541 0.007038478 0.017504738 0.011662678 0.005998661 0.0020874622 0.0031658889 1.356327e-03 0.0022729825 3.861219e-03 3.538667e-04 1.386698e-03 1.548818e-03 0.0016415866
   66    1      1      0    0      1      -1      -1  1000 0.008338455 0.17997948 0.14530146 0.12555808 0.10427386 0.07419935 0.12338158 0.02489118 0.03044337 0.030382364 0.036123148 0.050217983 0.016674217 0.008616191 0.014676828 0.008253400 0.0053392666 0.0012753600 1.391500e-03 0.0017110693 4.787464e-03 1.666131e-03 1.767069e-04 5.148811e-05 0.0022900783
   67    1      1      0    0      1      -1      -1  1000 0.014880452 0.09118116 0.27765452 0.12689049 0.10133982 0.07184009 0.05919242 0.10667156 0.01232081 0.017139671 0.019101466 0.020347580 0.028773198 0.015397951 0.001412442 0.011652288 0.0034699980 0.0053669175 2.614486e-03 0.0009148732 4.360212e-03 2.792115e-04 1.042369e-03 1.797137e-05 0.0061380288
   68    1      1      0    0      1      -1      -1  1000 0.013548398 0.09017437 0.17028124 0.21268453 0.09783875 0.09114205 0.05762753 0.04855870 0.07176428 0.014764017 0.018057602 0.014929283 0.029646131 0.033524403 0.010964348 0.003225418 0.0072687966 0.0047935028 6.113549e-04 0.0013752122 6.832703e-04 1.740126e-04 1.376620e-03 5.224420e-04 0.0044637392
   69    1      1      0    0      1      -1      -1  1000 0.018766272 0.13763889 0.12274750 0.10464793 0.20060341 0.08647478 0.05601527 0.06086706 0.03778397 0.070795458 0.012143195 0.008467696 0.011104091 0.014957513 0.023770130 0.013167082 0.0010525091 0.0053916616 4.366706e-03 0.0008695344 7.498308e-04 2.843771e-03 8.111475e-04 1.817674e-03 0.0021469405
   70    1      1      0    0      1      -1      -1  1000 0.023749714 0.19440023 0.15960965 0.07904704 0.09031544 0.14901325 0.03825353 0.05192295 0.04327857 0.031621832 0.037118717 0.012374598 0.010481031 0.017754176 0.013147635 0.020337152 0.0062251732 0.0039221794 2.151531e-03 0.0065510517 1.629630e-03 4.034761e-03 1.769866e-04 3.499046e-05 0.0028481686
   71    1      1      0    0      1      -1      -1  1000 0.037399297 0.14186093 0.21473453 0.12525708 0.07040163 0.06473146 0.10107993 0.03991964 0.03343717 0.027257870 0.023221925 0.044940395 0.014668619 0.006436704 0.008827729 0.007156567 0.0124869426 0.0089369308 3.864430e-03 0.0062435403 7.475078e-04 3.475360e-03 2.439364e-04 1.863893e-03 0.0008059896
   72    1      1      0    0      1      -1      -1  1000 0.005620099 0.21752931 0.20097744 0.17237522 0.08516794 0.03900453 0.03750243 0.06932966 0.03023938 0.029906787 0.023829401 0.013158766 0.019012777 0.003331434 0.007838974 0.014234662 0.0068330926 0.0073668963 6.675421e-03 0.0014730865 3.050997e-03 1.433617e-03 2.106469e-03 8.944166e-04 0.0011072002
   73    1      1      0    0      1      -1      -1  1000 0.010067332 0.10847222 0.31062601 0.13872204 0.12144160 0.06390885 0.03072557 0.02937325 0.06531365 0.019304714 0.020262444 0.020285764 0.012094563 0.018753610 0.005424946 0.001892377 0.0083862555 0.0040638543 3.921052e-03 0.0018303198 5.069879e-04 9.136861e-04 1.526426e-03 9.069446e-04 0.0012755448
   74    1      1      0    0      1      -1      -1  1000 0.017508510 0.11588207 0.13289275 0.25113093 0.11685102 0.08972707 0.06001286 0.03925048 0.03805878 0.041565898 0.019504003 0.019413283 0.010230497 0.010894510 0.016078220 0.002524539 0.0038126370 0.0011973898 4.686273e-03 0.0044048425 1.032273e-03 2.892902e-05 7.327415e-04 3.450713e-04 0.0022344170
   75    1      1      0    0      1      -1      -1  1000 0.026311401 0.13205844 0.15324151 0.11960585 0.19643783 0.08695851 0.09195818 0.04718741 0.01935474 0.018251450 0.033415300 0.010660599 0.014220628 0.010114473 0.005168552 0.011384640 0.0018240304 0.0042806956 1.332717e-03 0.0022169940 3.899060e-03 5.138037e-03 1.512605e-03 2.241694e-03 0.0012246606
   76    1      1      0    0      1      -1      -1  1000 0.021106678 0.17681420 0.15684670 0.10468392 0.08616357 0.15934480 0.08139279 0.06582017 0.02811573 0.012842883 0.021538486 0.026304649 0.009386735 0.004789690 0.007710968 0.006821120 0.0094672397 0.0011929542 5.318941e-03 0.0014458254 4.126472e-03 3.302277e-03 4.194895e-03 1.851353e-07 0.0012681254
   77    1      1      0    0      1      -1      -1  1000 0.019163116 0.19611090 0.24354433 0.11771435 0.07576764 0.04422877 0.10701529 0.04361307 0.03927633 0.021487028 0.016798830 0.011773286 0.019651772 0.009449457 0.005328367 0.005012914 0.0036448054 0.0060143671 1.217818e-03 0.0020162827 3.045558e-03 6.271443e-04 3.075587e-03 2.868501e-04 0.0041361223
   78    1      1      0    0      1      -1      -1  1000 0.024860596 0.16818873 0.22053699 0.16366717 0.08383261 0.06027351 0.04708381 0.07520016 0.03637520 0.029440514 0.015090019 0.008160634 0.009509225 0.014607383 0.006437186 0.007034648 0.0063196299 0.0049496240 5.466792e-03 0.0033197835 2.852225e-04 6.909586e-04 2.603623e-03 4.791625e-04 0.0055868143
   79    1      1      0    0      1      -1      -1  1000 0.024376519 0.19752984 0.21088678 0.15479853 0.11378821 0.06768696 0.03533207 0.02818089 0.05103481 0.022967770 0.031353365 0.008838331 0.005168029 0.010010402 0.012093248 0.002976489 0.0025022670 0.0013824557 5.529694e-03 0.0031122719 2.018854e-03 1.331039e-03 1.322921e-03 1.771001e-03 0.0040072613
   80    1      1      0    0      1      -1      -1  1000 0.019799655 0.16285148 0.26067717 0.13152739 0.13237141 0.07959757 0.04800546 0.02581477 0.02204214 0.038128567 0.023725332 0.015622406 0.009893736 0.004502048 0.003973578 0.005986713 0.0008765661 0.0010636705 7.642045e-04 0.0019883000 2.552847e-03 1.666590e-03 2.075878e-03 4.362642e-05 0.0044489017
   81    1      1      0    0      1      -1      -1  1000 0.012814309 0.20518981 0.18578663 0.18181605 0.09830143 0.09418526 0.06198645 0.03390213 0.02461246 0.022099734 0.032185674 0.011397316 0.009930962 0.006482975 0.002522094 0.002256899 0.0058374080 0.0015601267 1.897590e-04 0.0022682458 2.348053e-03 1.891288e-03 2.906209e-04 6.139693e-06 0.0001381789
   82    1      1      0    0      1      -1      -1  1000 0.010603014 0.13342523 0.28654943 0.12406116 0.14357738 0.07789711 0.06324320 0.05183583 0.02173029 0.013119775 0.012524446 0.025612072 0.010633167 0.005017595 0.003229336 0.002055682 0.0002696346 0.0032592062 1.259637e-03 0.0013645614 1.039827e-03 2.815907e-03 3.285996e-03 2.096545e-04 0.0013808421
   83    1      1      0    0      1      -1      -1  1000 0.023250635 0.09186227 0.17314112 0.20882300 0.12765810 0.11105433 0.07187322 0.05461801 0.04054423 0.022963516 0.009854623 0.007280310 0.013412061 0.011640984 0.009727363 0.002076385 0.0012350232 0.0071944462 7.181144e-03 0.0017679216 1.088451e-03 2.772899e-05 9.173215e-06 1.055461e-03 0.0006605036
   84    1      1      0    0      1      -1      -1  1000 0.018778058 0.18301867 0.12080144 0.11701942 0.16273773 0.08073672 0.09623314 0.06322871 0.04480790 0.034090060 0.019371282 0.007074021 0.007754393 0.014904299 0.006207597 0.004429296 0.0078551411 0.0011952257 3.067083e-03 0.0015576790 7.041823e-04 1.130874e-03 5.641528e-04 2.174604e-03 0.0005583388
   85    1      1      0    0      1      -1      -1  1000 0.023858824 0.14464998 0.22105179 0.09751028 0.11003137 0.12428101 0.06387057 0.06295119 0.04368347 0.035583448 0.015623853 0.010576791 0.003465299 0.010363407 0.012319922 0.006012579 0.0020179704 0.0026761939 4.813751e-04 0.0000572628 3.404651e-03 2.832916e-03 1.930298e-04 8.979444e-05 0.0024130285
   86    1      1      0    0      1      -1      -1  1000 0.024219191 0.16748409 0.15777691 0.19843633 0.08185652 0.06743250 0.09403620 0.04738191 0.05951047 0.017407976 0.021979135 0.019754217 0.010348372 0.006481979 0.003604439 0.004773499 0.0033130250 0.0023305719 1.334979e-03 0.0009165332 1.179380e-04 5.194468e-03 8.909345e-04 2.318785e-03 0.0010990454
   87    1      1      0    0      1      -1      -1  1000 0.012670851 0.19676401 0.18284622 0.12797417 0.13341973 0.04973797 0.04704248 0.08625238 0.03873734 0.035474960 0.018899800 0.017415061 0.014239080 0.004287983 0.006796709 0.008306887 0.0078596231 0.0013087831 4.221817e-03 0.0015985569 1.248383e-04 8.301940e-04 8.588369e-04 6.245873e-04 0.0017071261
   88    1      1      0    0      1      -1      -1  1000 0.016880922 0.09055060 0.25347958 0.16395082 0.08882253 0.11162511 0.03562465 0.03974783 0.06332667 0.028943743 0.032377913 0.017991722 0.025512028 0.007299047 0.006736760 0.002804342 0.0033153687 0.0034641140 1.591273e-03 0.0003900539 1.083983e-03 2.205509e-05 6.782984e-05 1.994122e-03 0.0023969341
   89    1      1      0    0      1      -1      -1  1000 0.013757983 0.17733964 0.10223778 0.20170422 0.12551741 0.08307235 0.09250969 0.03305707 0.03691962 0.047461105 0.020359515 0.022941083 0.013367489 0.010132421 0.003713423 0.004596546 0.0013446154 0.0019857162 2.589152e-03 0.0006809243 6.209785e-04 1.892947e-03 6.801614e-04 2.387170e-04 0.0012794449
   90    1      1      0    0      1      -1      -1  1000 0.020873656 0.15799512 0.21885059 0.08809192 0.13767524 0.09369702 0.06334231 0.06043697 0.03575418 0.017825658 0.032597255 0.024982609 0.016225790 0.006124818 0.007678150 0.002840088 0.0035272614 0.0040006461 1.695338e-03 0.0017596669 6.979138e-04 2.697464e-04 1.989947e-04 1.790451e-04 0.0026800146
   91    1      1      0    0      1      -1      -1  1000 0.020950772 0.15600864 0.18810657 0.15792101 0.05667385 0.12812561 0.07119001 0.04441113 0.06253751 0.021056497 0.024509809 0.020201848 0.012676999 0.012744708 0.006902562 0.003515130 0.0028663591 0.0005367470 2.279620e-03 0.0013883517 3.338063e-03 3.049301e-04 8.110417e-04 5.131163e-04 0.0004291093
   92    1      1      0    0      1      -1      -1  1000 0.012775094 0.16784675 0.20423460 0.15326302 0.14639496 0.03646621 0.07736537 0.05847282 0.02643875 0.035576259 0.016736650 0.012098668 0.015377787 0.009071710 0.006971700 0.006283309 0.0052905183 0.0043979083 1.755374e-03 0.0002701592 1.147422e-04 7.731338e-04 4.559536e-04 2.250091e-04 0.0013435639
   93    1      1      0    0      1      -1      -1  1000 0.025935308 0.11057414 0.20356840 0.16230152 0.11878086 0.10177090 0.03831673 0.06175559 0.04737117 0.031214602 0.036199005 0.011961946 0.008684572 0.010635958 0.002781893 0.009551486 0.0048949526 0.0046374994 2.059763e-03 0.0008395673 9.919221e-05 4.439225e-04 1.988526e-03 7.557668e-04 0.0028767393
   94    1      1      0    0      1      -1      -1  1000 0.012958683 0.22227128 0.12518832 0.15698389 0.11695752 0.09690755 0.06042480 0.02160921 0.05959512 0.023942198 0.016517495 0.022393542 0.008999666 0.006507495 0.013299996 0.011383852 0.0115705847 0.0012803624 3.165171e-03 0.0022163320 1.116131e-03 9.869568e-05 3.024701e-03 2.857183e-04 0.0013016847
   95    1      1      0    0      1      -1      -1  1000 0.020535871 0.16943892 0.24750890 0.08639904 0.10612540 0.09949056 0.06569610 0.05040492 0.02054042 0.041079059 0.016970366 0.012657558 0.020705581 0.004850804 0.007022667 0.007466499 0.0080236089 0.0030947974 3.618281e-03 0.0023410711 1.766958e-03 9.477756e-04 1.045582e-03 5.699080e-05 0.0022122606
   96    1      1      0    0      1      -1      -1  1000 0.030986184 0.19972515 0.19277893 0.20957491 0.07650515 0.06826018 0.05159827 0.03304637 0.03980801 0.011295007 0.027558910 0.007798543 0.013653231 0.008995935 0.005945203 0.006937792 0.0062581396 0.0022589273 8.850864e-04 0.0024204409 6.591207e-04 1.776968e-03 3.687007e-05 1.075786e-04 0.0011290876
   97    1      1      0    0      1      -1      -1  1000 0.012087175 0.24042230 0.25386687 0.12760098 0.11087318 0.05480650 0.04225984 0.03460240 0.02646834 0.020368046 0.010487184 0.019319163 0.009612466 0.007244168 0.006838598 0.002776584 0.0008600568 0.0061015388 2.390475e-03 0.0036252909 1.122733e-04 4.210872e-05 2.119094e-04 1.516139e-03 0.0055064171
   98    1      1      0    0      1      -1      -1  1000 0.008288437 0.08397285 0.35358555 0.16011741 0.09565454 0.09900294 0.03998567 0.04743414 0.02989319 0.016178656 0.011427166 0.012434776 0.010893538 0.008854834 0.004478300 0.003789168 0.0010018470 0.0021252572 1.925818e-03 0.0006813510 2.299039e-03 1.499654e-03 3.608014e-03 3.195747e-04 0.0005482720
   99    1      1      0    0      1      -1      -1  1000 0.011505477 0.10607678 0.11984552 0.26153469 0.15297418 0.08349246 0.07322159 0.02068866 0.03703222 0.029367854 0.023425066 0.017812825 0.005022872 0.017370916 0.008790162 0.004958923 0.0060124777 0.0015288188 1.755951e-03 0.0026707725 4.817663e-03 2.340284e-03 4.453048e-05 3.496309e-03 0.0042129935
  100    1      1      0    0      1      -1      -1  1000 0.010061146 0.16900272 0.15878590 0.09199147 0.19594420 0.11082775 0.05613640 0.05449543 0.03117304 0.029928490 0.026182925 0.018620059 0.014039599 0.004781976 0.007306220 0.002939294 0.0016540130 0.0033824579 3.397266e-04 0.0034960745 4.275370e-03 1.116020e-03 1.160204e-03 3.014807e-04 0.0020580260
    2    1      2      0    0      1      -1      -1  1000 0.020000000 0.18100000 0.12500000 0.12700000 0.09900000 0.08000000 0.07000000 0.05400000 0.04100000 0.034000000 0.038000000 0.027000000 0.025000000 0.020000000 0.008000000 0.005000000 0.0090000000 0.0100000000 6.000000e-03 0.0020000000 3.000000e-03 1.000000e-03 4.000000e-03 3.000000e-03 0.0080000000
    3    1      2      0    0      1      -1      -1  1000 0.032000000 0.11200000 0.14900000 0.13500000 0.09500000 0.07300000 0.06800000 0.05300000 0.06800000 0.036000000 0.038000000 0.029000000 0.018000000 0.024000000 0.013000000 0.007000000 0.0070000000 0.0040000000 7.000000e-03 0.0090000000 5.000000e-03 1.000000e-03 5.000000e-03 0.000000e+00 0.0120000000
    4    1      2      0    0      1      -1      -1  1000 0.038000000 0.13600000 0.10000000 0.12500000 0.09800000 0.09600000 0.07300000 0.07000000 0.06300000 0.051000000 0.028000000 0.019000000 0.019000000 0.018000000 0.010000000 0.007000000 0.0050000000 0.0050000000 4.000000e-03 0.0070000000 3.000000e-03 2.000000e-03 3.000000e-03 5.000000e-03 0.0150000000
    5    1      2      0    0      1      -1      -1  1000 0.037000000 0.12700000 0.15100000 0.09100000 0.09800000 0.08400000 0.07000000 0.06000000 0.03800000 0.040000000 0.035000000 0.030000000 0.020000000 0.024000000 0.019000000 0.015000000 0.0110000000 0.0120000000 6.000000e-03 0.0060000000 8.000000e-03 3.000000e-03 4.000000e-03 4.000000e-03 0.0070000000
    6    1      2      0    0      1      -1      -1  1000 0.022000000 0.16800000 0.13500000 0.12800000 0.06100000 0.06900000 0.06900000 0.06000000 0.04900000 0.051000000 0.036000000 0.024000000 0.029000000 0.022000000 0.017000000 0.010000000 0.0020000000 0.0060000000 8.000000e-03 0.0020000000 3.000000e-03 4.000000e-03 5.000000e-03 8.000000e-03 0.0120000000
    7    1      2      0    0      1      -1      -1  1000 0.037000000 0.10600000 0.18400000 0.09000000 0.09600000 0.06800000 0.07000000 0.05900000 0.05000000 0.046000000 0.038000000 0.027000000 0.022000000 0.021000000 0.009000000 0.011000000 0.0160000000 0.0080000000 1.100000e-02 0.0070000000 3.000000e-03 4.000000e-03 4.000000e-03 0.000000e+00 0.0130000000
    8    1      2      0    0      1      -1      -1  1000 0.035000000 0.15300000 0.11000000 0.15600000 0.08900000 0.07700000 0.05200000 0.05000000 0.05300000 0.052000000 0.031000000 0.027000000 0.019000000 0.020000000 0.011000000 0.022000000 0.0100000000 0.0070000000 5.000000e-03 0.0030000000 2.000000e-03 4.000000e-03 1.000000e-03 3.000000e-03 0.0080000000
    9    1      2      0    0      1      -1      -1  1000 0.016000000 0.16800000 0.15100000 0.09500000 0.14200000 0.06200000 0.05700000 0.03700000 0.04400000 0.037000000 0.036000000 0.029000000 0.022000000 0.019000000 0.011000000 0.017000000 0.0130000000 0.0080000000 3.000000e-03 0.0060000000 7.000000e-03 4.000000e-03 2.000000e-03 2.000000e-03 0.0120000000
   10    1      2      0    0      1      -1      -1  1000 0.040000000 0.10900000 0.14900000 0.12800000 0.07400000 0.10700000 0.06100000 0.06600000 0.03400000 0.042000000 0.028000000 0.028000000 0.024000000 0.018000000 0.013000000 0.015000000 0.0100000000 0.0100000000 7.000000e-03 0.0020000000 7.000000e-03 6.000000e-03 5.000000e-03 2.000000e-03 0.0150000000
   11    1      2      0    0      1      -1      -1  1000 0.033000000 0.16000000 0.10100000 0.13400000 0.08000000 0.07400000 0.08400000 0.05100000 0.05000000 0.034000000 0.027000000 0.034000000 0.030000000 0.019000000 0.011000000 0.012000000 0.0120000000 0.0090000000 7.000000e-03 0.0060000000 3.000000e-03 6.000000e-03 1.000000e-03 7.000000e-03 0.0150000000
   12    1      2      0    0      1      -1      -1  1000 0.031000000 0.18400000 0.16600000 0.07500000 0.09600000 0.07600000 0.04300000 0.08400000 0.03800000 0.033000000 0.024000000 0.023000000 0.016000000 0.019000000 0.012000000 0.016000000 0.0160000000 0.0110000000 6.000000e-03 0.0090000000 4.000000e-03 3.000000e-03 6.000000e-03 3.000000e-03 0.0060000000
   13    1      2      0    0      1      -1      -1  1000 0.031000000 0.12800000 0.19700000 0.11900000 0.08200000 0.09900000 0.05100000 0.05700000 0.05900000 0.028000000 0.028000000 0.015000000 0.018000000 0.014000000 0.020000000 0.008000000 0.0130000000 0.0040000000 7.000000e-03 0.0040000000 3.000000e-03 1.000000e-03 5.000000e-03 0.000000e+00 0.0090000000
   14    1      2      0    0      1      -1      -1  1000 0.033000000 0.15200000 0.14100000 0.12700000 0.10800000 0.06300000 0.07500000 0.05700000 0.03700000 0.048000000 0.021000000 0.027000000 0.015000000 0.020000000 0.018000000 0.010000000 0.0070000000 0.0090000000 1.000000e-02 0.0050000000 7.000000e-03 0.000000e+00 3.000000e-03 1.000000e-03 0.0060000000
   15    1      2      0    0      1      -1      -1  1000 0.036000000 0.14300000 0.13300000 0.12100000 0.12900000 0.07600000 0.05300000 0.05500000 0.05300000 0.022000000 0.033000000 0.025000000 0.019000000 0.014000000 0.017000000 0.017000000 0.0050000000 0.0060000000 9.000000e-03 0.0060000000 6.000000e-03 6.000000e-03 5.000000e-03 1.000000e-03 0.0100000000
   16    1      2      0    0      1      -1      -1  1000 0.023000000 0.11900000 0.15900000 0.11200000 0.09800000 0.11000000 0.07100000 0.04100000 0.04900000 0.031000000 0.019000000 0.041000000 0.027000000 0.025000000 0.013000000 0.012000000 0.0110000000 0.0100000000 3.000000e-03 0.0060000000 2.000000e-03 3.000000e-03 5.000000e-03 2.000000e-03 0.0080000000
   17    1      2      0    0      1      -1      -1  1000 0.059000000 0.16300000 0.10600000 0.11100000 0.09400000 0.08300000 0.07100000 0.06800000 0.03600000 0.044000000 0.023000000 0.025000000 0.028000000 0.019000000 0.012000000 0.005000000 0.0110000000 0.0090000000 4.000000e-03 0.0050000000 6.000000e-03 3.000000e-03 3.000000e-03 2.000000e-03 0.0100000000
   18    1      2      0    0      1      -1      -1  1000 0.035000000 0.21400000 0.13000000 0.09600000 0.09000000 0.07900000 0.06800000 0.06900000 0.03400000 0.020000000 0.028000000 0.019000000 0.010000000 0.016000000 0.013000000 0.020000000 0.0080000000 0.0120000000 8.000000e-03 0.0060000000 3.000000e-03 6.000000e-03 1.000000e-03 3.000000e-03 0.0120000000
   19    1      2      0    0      1      -1      -1  1000 0.019000000 0.13900000 0.24100000 0.10100000 0.07100000 0.06100000 0.05500000 0.03900000 0.05500000 0.052000000 0.023000000 0.016000000 0.023000000 0.012000000 0.016000000 0.010000000 0.0110000000 0.0060000000 1.400000e-02 0.0080000000 7.000000e-03 4.000000e-03 6.000000e-03 0.000000e+00 0.0110000000
   20    1      2      0    0      1      -1      -1  1000 0.034000000 0.12300000 0.14000000 0.22000000 0.10300000 0.05000000 0.05000000 0.04700000 0.04100000 0.036000000 0.026000000 0.018000000 0.025000000 0.012000000 0.010000000 0.015000000 0.0060000000 0.0090000000 1.000000e-03 0.0060000000 6.000000e-03 4.000000e-03 4.000000e-03 3.000000e-03 0.0110000000
   21    1      2      0    0      1      -1      -1  1000 0.023000000 0.15900000 0.10200000 0.14000000 0.17600000 0.08500000 0.04200000 0.04900000 0.03500000 0.034000000 0.038000000 0.023000000 0.009000000 0.017000000 0.011000000 0.009000000 0.0130000000 0.0040000000 0.000000e+00 0.0010000000 3.000000e-03 4.000000e-03 5.000000e-03 4.000000e-03 0.0140000000
   22    1      2      0    0      1      -1      -1  1000 0.078000000 0.11600000 0.15300000 0.09100000 0.10900000 0.13400000 0.06700000 0.04600000 0.03800000 0.025000000 0.032000000 0.027000000 0.017000000 0.007000000 0.007000000 0.011000000 0.0060000000 0.0100000000 3.000000e-03 0.0070000000 5.000000e-03 3.000000e-03 0.000000e+00 4.000000e-03 0.0040000000
   23    1      2      0    0      1      -1      -1  1000 0.049000000 0.32500000 0.08200000 0.09600000 0.04600000 0.05300000 0.08800000 0.05200000 0.03500000 0.030000000 0.015000000 0.025000000 0.024000000 0.014000000 0.006000000 0.011000000 0.0100000000 0.0050000000 8.000000e-03 0.0050000000 2.000000e-03 1.000000e-03 3.000000e-03 5.000000e-03 0.0100000000
   24    1      2      0    0      1      -1      -1  1000 0.016000000 0.16300000 0.30300000 0.08100000 0.08500000 0.04900000 0.05400000 0.06700000 0.03400000 0.015000000 0.024000000 0.020000000 0.013000000 0.010000000 0.016000000 0.015000000 0.0050000000 0.0100000000 2.000000e-03 0.0030000000 1.000000e-03 3.000000e-03 2.000000e-03 0.000000e+00 0.0090000000
   25    1      2      0    0      1      -1      -1  1000 0.032000000 0.12400000 0.17700000 0.26200000 0.05600000 0.04600000 0.03100000 0.04400000 0.05500000 0.039000000 0.023000000 0.016000000 0.018000000 0.015000000 0.017000000 0.001000000 0.0040000000 0.0070000000 1.000000e-02 0.0020000000 4.000000e-03 2.000000e-03 1.000000e-03 2.000000e-03 0.0120000000
   26    1      2      0    0      1      -1      -1  1000 0.018000000 0.11700000 0.12400000 0.15300000 0.22400000 0.05800000 0.05200000 0.03200000 0.04500000 0.045000000 0.033000000 0.010000000 0.012000000 0.015000000 0.011000000 0.011000000 0.0080000000 0.0050000000 3.000000e-03 0.0010000000 2.000000e-03 3.000000e-03 2.000000e-03 5.000000e-03 0.0110000000
   27    1      2      0    0      1      -1      -1  1000 0.037000000 0.11100000 0.13300000 0.10300000 0.11800000 0.18000000 0.04900000 0.05100000 0.02900000 0.030000000 0.047000000 0.026000000 0.013000000 0.013000000 0.018000000 0.006000000 0.0050000000 0.0040000000 5.000000e-03 0.0060000000 1.000000e-03 2.000000e-03 3.000000e-03 1.000000e-03 0.0090000000
   28    1      2      0    0      1      -1      -1  1000 0.032000000 0.14500000 0.10200000 0.09500000 0.08100000 0.11800000 0.17500000 0.02400000 0.04100000 0.024000000 0.034000000 0.040000000 0.012000000 0.008000000 0.011000000 0.011000000 0.0100000000 0.0070000000 2.000000e-03 0.0050000000 2.000000e-03 5.000000e-03 2.000000e-03 3.000000e-03 0.0110000000
   29    1      2      0    0      1      -1      -1  1000 0.035000000 0.14300000 0.13200000 0.09500000 0.09100000 0.07800000 0.10100000 0.12100000 0.02200000 0.028000000 0.019000000 0.017000000 0.027000000 0.017000000 0.007000000 0.014000000 0.0100000000 0.0070000000 7.000000e-03 0.0020000000 4.000000e-03 3.000000e-03 3.000000e-03 1.000000e-03 0.0160000000
   30    1      2      0    0      1      -1      -1  1000 0.037000000 0.16700000 0.14100000 0.12000000 0.06500000 0.07700000 0.06200000 0.06200000 0.10300000 0.019000000 0.027000000 0.022000000 0.011000000 0.022000000 0.008000000 0.008000000 0.0080000000 0.0040000000 6.000000e-03 0.0060000000 7.000000e-03 3.000000e-03 1.000000e-03 2.000000e-03 0.0120000000
   31    1      2      0    0      1      -1      -1  1000 0.052000000 0.19200000 0.16200000 0.10800000 0.09900000 0.05200000 0.04300000 0.04700000 0.05100000 0.077000000 0.016000000 0.022000000 0.007000000 0.012000000 0.017000000 0.010000000 0.0040000000 0.0040000000 2.000000e-03 0.0020000000 6.000000e-03 1.000000e-03 1.000000e-03 2.000000e-03 0.0110000000
   32    1      2      0    0      1      -1      -1  1000 0.022000000 0.19700000 0.16400000 0.10000000 0.08000000 0.08500000 0.04500000 0.04900000 0.03900000 0.039000000 0.076000000 0.010000000 0.014000000 0.010000000 0.014000000 0.016000000 0.0080000000 0.0060000000 5.000000e-03 0.0070000000 3.000000e-03 0.000000e+00 2.000000e-03 2.000000e-03 0.0070000000
   33    1      2      0    0      1      -1      -1  1000 0.031000000 0.10800000 0.19000000 0.14200000 0.11300000 0.08300000 0.05400000 0.03900000 0.02800000 0.030000000 0.039000000 0.048000000 0.013000000 0.014000000 0.010000000 0.007000000 0.0100000000 0.0070000000 3.000000e-03 0.0080000000 5.000000e-03 5.000000e-03 2.000000e-03 2.000000e-03 0.0090000000
   34    1      2      0    0      1      -1      -1  1000 0.017000000 0.17100000 0.10500000 0.18700000 0.11300000 0.08400000 0.07100000 0.03800000 0.03100000 0.031000000 0.022000000 0.030000000 0.038000000 0.006000000 0.011000000 0.005000000 0.0070000000 0.0110000000 1.000000e-03 0.0020000000 3.000000e-03 0.000000e+00 2.000000e-03 4.000000e-03 0.0100000000
   35    1      2      0    0      1      -1      -1  1000 0.047000000 0.08600000 0.17200000 0.09000000 0.13800000 0.09900000 0.07300000 0.05200000 0.04400000 0.017000000 0.027000000 0.024000000 0.025000000 0.042000000 0.011000000 0.015000000 0.0030000000 0.0070000000 3.000000e-03 0.0050000000 0.000000e+00 4.000000e-03 2.000000e-03 3.000000e-03 0.0110000000
   36    1      2      0    0      1      -1      -1  1000 0.037000000 0.22800000 0.08700000 0.12400000 0.06000000 0.12500000 0.08200000 0.04300000 0.04000000 0.030000000 0.028000000 0.018000000 0.019000000 0.018000000 0.025000000 0.004000000 0.0090000000 0.0000000000 4.000000e-03 0.0030000000 4.000000e-03 1.000000e-03 1.000000e-03 0.000000e+00 0.0100000000
   37    1      2      0    0      1      -1      -1  1000 0.073000000 0.17400000 0.22000000 0.05900000 0.08900000 0.03900000 0.08500000 0.04900000 0.04100000 0.028000000 0.029000000 0.013000000 0.018000000 0.014000000 0.010000000 0.020000000 0.0030000000 0.0060000000 3.000000e-03 0.0050000000 5.000000e-03 3.000000e-03 4.000000e-03 1.000000e-03 0.0090000000
   38    1      2      0    0      1      -1      -1  1000 0.042000000 0.28100000 0.13500000 0.16200000 0.04200000 0.06600000 0.03000000 0.05100000 0.04500000 0.021000000 0.022000000 0.019000000 0.007000000 0.009000000 0.013000000 0.007000000 0.0230000000 0.0020000000 6.000000e-03 0.0050000000 4.000000e-03 3.000000e-03 1.000000e-03 0.000000e+00 0.0040000000
   39    1      2      0    0      1      -1      -1  1000 0.064000000 0.17800000 0.26500000 0.10800000 0.10300000 0.02400000 0.05500000 0.02500000 0.05000000 0.021000000 0.017000000 0.016000000 0.006000000 0.005000000 0.011000000 0.004000000 0.0120000000 0.0150000000 4.000000e-03 0.0020000000 2.000000e-03 2.000000e-03 3.000000e-03 4.000000e-03 0.0040000000
   40    1      2      0    0      1      -1      -1  1000 0.025000000 0.32800000 0.12900000 0.18600000 0.07000000 0.07700000 0.02900000 0.03700000 0.01400000 0.025000000 0.018000000 0.011000000 0.006000000 0.011000000 0.005000000 0.004000000 0.0030000000 0.0060000000 5.000000e-03 0.0010000000 4.000000e-03 2.000000e-03 1.000000e-03 1.000000e-03 0.0020000000
   41    1      2      0    0      1      -1      -1  1000 0.033000000 0.12700000 0.33000000 0.12900000 0.11600000 0.05900000 0.04900000 0.01600000 0.02800000 0.013000000 0.025000000 0.014000000 0.009000000 0.010000000 0.007000000 0.007000000 0.0040000000 0.0020000000 5.000000e-03 0.0050000000 0.000000e+00 3.000000e-03 2.000000e-03 1.000000e-03 0.0060000000
   42    1      2      0    0      1      -1      -1  1000 0.085000000 0.17800000 0.11400000 0.24300000 0.09200000 0.08800000 0.05400000 0.03900000 0.01000000 0.020000000 0.010000000 0.017000000 0.013000000 0.004000000 0.007000000 0.006000000 0.0010000000 0.0020000000 4.000000e-03 0.0070000000 1.000000e-03 0.000000e+00 0.000000e+00 2.000000e-03 0.0030000000
   43    1      2      0    0      1      -1      -1  1000 0.044000000 0.32500000 0.13900000 0.08600000 0.16300000 0.05600000 0.06200000 0.02600000 0.03000000 0.009000000 0.009000000 0.005000000 0.008000000 0.008000000 0.006000000 0.008000000 0.0010000000 0.0010000000 2.000000e-03 0.0000000000 1.000000e-03 6.000000e-03 1.000000e-03 0.000000e+00 0.0040000000
   44    1      2      0    0      1      -1      -1  1000 0.027000000 0.20700000 0.29400000 0.09600000 0.07700000 0.11900000 0.03500000 0.05300000 0.02500000 0.022000000 0.004000000 0.004000000 0.005000000 0.006000000 0.003000000 0.010000000 0.0020000000 0.0010000000 2.000000e-03 0.0020000000 2.000000e-03 0.000000e+00 2.000000e-03 0.000000e+00 0.0020000000
   45    1      2      0    0      1      -1      -1  1000 0.057000000 0.13300000 0.21800000 0.22100000 0.09600000 0.03800000 0.08400000 0.02800000 0.04400000 0.021000000 0.024000000 0.004000000 0.009000000 0.002000000 0.003000000 0.001000000 0.0050000000 0.0030000000 1.000000e-03 0.0000000000 1.000000e-03 2.000000e-03 1.000000e-03 2.000000e-03 0.0020000000
   46    1      2      0    0      1      -1      -1  1000 0.046000000 0.23700000 0.11700000 0.16200000 0.15800000 0.05200000 0.04200000 0.07400000 0.02600000 0.025000000 0.007000000 0.010000000 0.004000000 0.005000000 0.007000000 0.007000000 0.0070000000 0.0030000000 2.000000e-03 0.0020000000 3.000000e-03 1.000000e-03 0.000000e+00 1.000000e-03 0.0020000000
   47    1      2      0    0      1      -1      -1  1000 0.025000000 0.18200000 0.23100000 0.10300000 0.11400000 0.12400000 0.05000000 0.03000000 0.05500000 0.020000000 0.027000000 0.008000000 0.008000000 0.000000000 0.003000000 0.001000000 0.0040000000 0.0060000000 2.000000e-03 0.0010000000 1.000000e-03 1.000000e-03 1.000000e-03 0.000000e+00 0.0030000000
   48    1      2      0    0      1      -1      -1  1000 0.038000000 0.15000000 0.17700000 0.16500000 0.07500000 0.09900000 0.10500000 0.04000000 0.02800000 0.052000000 0.014000000 0.014000000 0.007000000 0.010000000 0.001000000 0.002000000 0.0030000000 0.0050000000 2.000000e-03 0.0030000000 2.000000e-03 2.000000e-03 1.000000e-03 1.000000e-03 0.0040000000
   49    1      2      0    0      1      -1      -1  1000 0.027000000 0.22500000 0.11200000 0.16100000 0.14900000 0.06100000 0.07500000 0.06800000 0.03200000 0.010000000 0.040000000 0.006000000 0.011000000 0.003000000 0.008000000 0.000000000 0.0040000000 0.0000000000 0.000000e+00 0.0000000000 2.000000e-03 1.000000e-03 0.000000e+00 0.000000e+00 0.0050000000
   50    1      2      0    0      1      -1      -1  1000 0.037000000 0.13200000 0.19900000 0.12000000 0.12000000 0.11900000 0.05600000 0.05400000 0.06900000 0.025000000 0.014000000 0.022000000 0.011000000 0.007000000 0.004000000 0.001000000 0.0010000000 0.0030000000 0.000000e+00 0.0010000000 2.000000e-03 1.000000e-03 2.000000e-03 0.000000e+00 0.0000000000
   51    1      2      0    0      1      -1      -1  1000 0.064000000 0.18000000 0.15000000 0.15500000 0.09100000 0.07500000 0.07400000 0.03600000 0.04500000 0.047000000 0.021000000 0.010000000 0.022000000 0.005000000 0.010000000 0.006000000 0.0030000000 0.0000000000 1.000000e-03 0.0010000000 0.000000e+00 0.000000e+00 0.000000e+00 1.000000e-03 0.0030000000
   52    1      2      0    0      1      -1      -1  1000 0.053000000 0.23800000 0.17600000 0.08900000 0.10900000 0.06000000 0.04800000 0.06200000 0.03000000 0.031000000 0.028000000 0.012000000 0.008000000 0.024000000 0.005000000 0.009000000 0.0020000000 0.0060000000 1.000000e-03 0.0000000000 0.000000e+00 2.000000e-03 2.000000e-03 0.000000e+00 0.0050000000
   53    1      2      0    0      1      -1      -1  1000 0.022000000 0.25900000 0.22400000 0.11000000 0.06400000 0.07300000 0.03700000 0.04900000 0.04400000 0.022000000 0.025000000 0.032000000 0.008000000 0.004000000 0.009000000 0.002000000 0.0080000000 0.0000000000 2.000000e-03 0.0010000000 0.000000e+00 1.000000e-03 0.000000e+00 2.000000e-03 0.0020000000
   54    1      2      0    0      1      -1      -1  1000 0.070000000 0.08100000 0.25600000 0.17900000 0.09600000 0.05700000 0.05600000 0.03200000 0.04600000 0.040000000 0.016000000 0.019000000 0.024000000 0.007000000 0.003000000 0.006000000 0.0060000000 0.0030000000 1.000000e-03 0.0010000000 0.000000e+00 0.000000e+00 1.000000e-03 0.000000e+00 0.0000000000
   55    1      2      0    0      1      -1      -1  1000 0.065000000 0.25300000 0.08000000 0.18500000 0.12200000 0.07600000 0.03400000 0.03800000 0.03200000 0.022000000 0.025000000 0.014000000 0.013000000 0.015000000 0.003000000 0.005000000 0.0090000000 0.0030000000 4.000000e-03 0.0010000000 0.000000e+00 0.000000e+00 0.000000e+00 0.000000e+00 0.0010000000
   56    1      2      0    0      1      -1      -1  1000 0.036000000 0.27900000 0.18800000 0.05500000 0.13200000 0.08100000 0.04700000 0.03700000 0.03500000 0.009000000 0.023000000 0.023000000 0.019000000 0.010000000 0.008000000 0.002000000 0.0040000000 0.0050000000 2.000000e-03 0.0010000000 2.000000e-03 2.000000e-03 0.000000e+00 0.000000e+00 0.0000000000
   57    1      2      0    0      1      -1      -1  1000 0.028000000 0.22900000 0.29600000 0.14400000 0.02300000 0.08800000 0.05700000 0.03800000 0.01900000 0.015000000 0.011000000 0.011000000 0.008000000 0.007000000 0.010000000 0.007000000 0.0000000000 0.0010000000 5.000000e-03 0.0000000000 1.000000e-03 0.000000e+00 1.000000e-03 1.000000e-03 0.0000000000
   58    1      2      0    0      1      -1      -1  1000 0.021000000 0.12700000 0.20500000 0.24600000 0.12400000 0.02200000 0.07300000 0.05400000 0.03500000 0.023000000 0.017000000 0.008000000 0.013000000 0.011000000 0.008000000 0.002000000 0.0030000000 0.0030000000 0.000000e+00 0.0020000000 1.000000e-03 1.000000e-03 0.000000e+00 0.000000e+00 0.0010000000
   59    1      2      0    0      1      -1      -1  1000 0.021000000 0.12700000 0.12200000 0.16400000 0.22300000 0.09700000 0.02700000 0.05600000 0.05900000 0.024000000 0.012000000 0.019000000 0.011000000 0.007000000 0.008000000 0.004000000 0.0050000000 0.0070000000 2.000000e-03 0.0000000000 3.000000e-03 1.000000e-03 1.000000e-03 0.000000e+00 0.0000000000
   60    1      2      0    0      1      -1      -1  1000 0.072000000 0.08900000 0.11400000 0.11000000 0.14700000 0.16400000 0.09400000 0.02600000 0.05400000 0.040000000 0.023000000 0.023000000 0.011000000 0.010000000 0.002000000 0.006000000 0.0010000000 0.0060000000 5.000000e-03 0.0020000000 0.000000e+00 0.000000e+00 0.000000e+00 1.000000e-03 0.0000000000
   61    1      2      0    0      1      -1      -1  1000 0.036000000 0.32700000 0.07200000 0.06900000 0.07800000 0.10200000 0.11700000 0.06000000 0.01300000 0.043000000 0.023000000 0.014000000 0.010000000 0.013000000 0.003000000 0.006000000 0.0010000000 0.0010000000 6.000000e-03 0.0030000000 0.000000e+00 0.000000e+00 1.000000e-03 0.000000e+00 0.0020000000
   62    1      2      0    0      1      -1      -1  1000 0.038000000 0.16800000 0.28900000 0.06400000 0.04900000 0.05900000 0.07900000 0.08800000 0.05400000 0.017000000 0.027000000 0.018000000 0.013000000 0.004000000 0.004000000 0.006000000 0.0070000000 0.0060000000 1.000000e-03 0.0020000000 2.000000e-03 1.000000e-03 0.000000e+00 1.000000e-03 0.0030000000
   63    1      2      0    0      1      -1      -1  1000 0.026000000 0.17700000 0.16000000 0.24700000 0.04500000 0.04400000 0.05500000 0.05100000 0.06500000 0.036000000 0.008000000 0.031000000 0.016000000 0.004000000 0.010000000 0.003000000 0.0060000000 0.0030000000 3.000000e-03 0.0030000000 2.000000e-03 4.000000e-03 1.000000e-03 0.000000e+00 0.0000000000
   64    1      2      0    0      1      -1      -1  1000 0.027000000 0.15600000 0.15900000 0.12400000 0.18100000 0.04100000 0.04700000 0.04500000 0.05000000 0.055000000 0.036000000 0.007000000 0.022000000 0.019000000 0.006000000 0.003000000 0.0050000000 0.0010000000 5.000000e-03 0.0020000000 1.000000e-03 2.000000e-03 2.000000e-03 2.000000e-03 0.0020000000
   65    1      2      0    0      1      -1      -1  1000 0.054000000 0.13000000 0.13500000 0.13700000 0.09700000 0.16400000 0.04200000 0.03400000 0.02900000 0.042000000 0.055000000 0.029000000 0.007000000 0.013000000 0.008000000 0.006000000 0.0030000000 0.0030000000 0.000000e+00 0.0020000000 4.000000e-03 1.000000e-03 1.000000e-03 1.000000e-03 0.0030000000
   66    1      2      0    0      1      -1      -1  1000 0.024000000 0.26500000 0.11400000 0.12000000 0.08800000 0.06400000 0.12000000 0.03100000 0.02700000 0.029000000 0.020000000 0.033000000 0.019000000 0.006000000 0.014000000 0.005000000 0.0040000000 0.0040000000 5.000000e-03 0.0020000000 1.000000e-03 2.000000e-03 0.000000e+00 1.000000e-03 0.0020000000
   67    1      2      0    0      1      -1      -1  1000 0.025000000 0.12500000 0.25600000 0.11000000 0.09200000 0.07300000 0.05500000 0.08400000 0.01900000 0.019000000 0.014000000 0.032000000 0.033000000 0.020000000 0.004000000 0.006000000 0.0100000000 0.0070000000 5.000000e-03 0.0020000000 1.000000e-03 3.000000e-03 0.000000e+00 1.000000e-03 0.0040000000
   68    1      2      0    0      1      -1      -1  1000 0.031000000 0.11500000 0.12900000 0.23600000 0.07700000 0.06700000 0.06500000 0.04900000 0.09500000 0.012000000 0.024000000 0.014000000 0.015000000 0.022000000 0.014000000 0.002000000 0.0050000000 0.0070000000 3.000000e-03 0.0000000000 6.000000e-03 2.000000e-03 2.000000e-03 5.000000e-03 0.0030000000
   69    1      2      0    0      1      -1      -1  1000 0.038000000 0.17500000 0.13200000 0.11600000 0.17800000 0.06500000 0.06500000 0.05600000 0.02800000 0.060000000 0.009000000 0.013000000 0.007000000 0.015000000 0.022000000 0.003000000 0.0030000000 0.0040000000 4.000000e-03 0.0010000000 1.000000e-03 1.000000e-03 2.000000e-03 0.000000e+00 0.0020000000
   70    1      2      0    0      1      -1      -1  1000 0.043000000 0.23900000 0.15200000 0.08900000 0.07300000 0.12900000 0.04300000 0.04000000 0.02500000 0.039000000 0.059000000 0.003000000 0.010000000 0.012000000 0.008000000 0.007000000 0.0080000000 0.0010000000 8.000000e-03 0.0010000000 4.000000e-03 1.000000e-03 1.000000e-03 2.000000e-03 0.0030000000
   71    1      2      0    0      1      -1      -1  1000 0.067000000 0.21200000 0.19400000 0.10900000 0.06100000 0.04900000 0.09700000 0.03400000 0.02700000 0.026000000 0.026000000 0.038000000 0.007000000 0.006000000 0.008000000 0.011000000 0.0160000000 0.0030000000 1.000000e-03 0.0030000000 1.000000e-03 3.000000e-03 0.000000e+00 1.000000e-03 0.0000000000
   72    1      2      0    0      1      -1      -1  1000 0.030000000 0.30400000 0.15000000 0.15500000 0.06600000 0.03600000 0.03500000 0.06900000 0.02600000 0.027000000 0.021000000 0.014000000 0.023000000 0.001000000 0.006000000 0.004000000 0.0030000000 0.0100000000 1.100000e-02 0.0000000000 4.000000e-03 3.000000e-03 0.000000e+00 1.000000e-03 0.0010000000
   73    1      2      0    0      1      -1      -1  1000 0.034000000 0.12500000 0.31300000 0.14100000 0.09900000 0.05600000 0.04200000 0.02400000 0.06000000 0.011000000 0.020000000 0.016000000 0.017000000 0.012000000 0.005000000 0.005000000 0.0030000000 0.0020000000 5.000000e-03 0.0030000000 0.000000e+00 2.000000e-03 2.000000e-03 0.000000e+00 0.0030000000
   74    1      2      0    0      1      -1      -1  1000 0.033000000 0.14700000 0.12000000 0.24100000 0.09900000 0.10400000 0.04400000 0.03300000 0.02100000 0.046000000 0.026000000 0.016000000 0.016000000 0.005000000 0.015000000 0.005000000 0.0050000000 0.0050000000 6.000000e-03 0.0040000000 3.000000e-03 0.000000e+00 2.000000e-03 0.000000e+00 0.0040000000
   75    1      2      0    0      1      -1      -1  1000 0.042000000 0.18200000 0.15200000 0.09600000 0.17600000 0.08200000 0.07100000 0.04000000 0.02400000 0.021000000 0.039000000 0.013000000 0.007000000 0.008000000 0.013000000 0.011000000 0.0050000000 0.0010000000 1.000000e-03 0.0020000000 7.000000e-03 2.000000e-03 1.000000e-03 0.000000e+00 0.0040000000
   76    1      2      0    0      1      -1      -1  1000 0.044000000 0.23200000 0.15100000 0.10000000 0.07400000 0.15200000 0.05100000 0.05800000 0.02800000 0.019000000 0.016000000 0.027000000 0.010000000 0.009000000 0.007000000 0.003000000 0.0110000000 0.0030000000 0.000000e+00 0.0000000000 1.000000e-03 2.000000e-03 0.000000e+00 0.000000e+00 0.0020000000
   77    1      2      0    0      1      -1      -1  1000 0.047000000 0.25200000 0.22000000 0.09300000 0.05700000 0.04700000 0.10800000 0.03900000 0.03900000 0.023000000 0.009000000 0.011000000 0.025000000 0.002000000 0.004000000 0.006000000 0.0040000000 0.0040000000 1.000000e-03 0.0010000000 2.000000e-03 1.000000e-03 1.000000e-03 2.000000e-03 0.0020000000
   78    1      2      0    0      1      -1      -1  1000 0.061000000 0.20400000 0.22800000 0.15200000 0.07200000 0.03800000 0.03800000 0.06800000 0.02800000 0.031000000 0.015000000 0.003000000 0.009000000 0.016000000 0.007000000 0.008000000 0.0030000000 0.0030000000 8.000000e-03 0.0020000000 0.000000e+00 2.000000e-03 1.000000e-03 1.000000e-03 0.0020000000
   79    1      2      0    0      1      -1      -1  1000 0.044000000 0.27400000 0.15700000 0.15400000 0.11100000 0.04500000 0.04000000 0.02400000 0.05900000 0.017000000 0.017000000 0.009000000 0.009000000 0.004000000 0.008000000 0.003000000 0.0030000000 0.0090000000 3.000000e-03 0.0060000000 0.000000e+00 1.000000e-03 1.000000e-03 0.000000e+00 0.0020000000
   80    1      2      0    0      1      -1      -1  1000 0.066000000 0.18800000 0.22400000 0.13500000 0.11200000 0.06800000 0.04300000 0.02300000 0.02000000 0.035000000 0.017000000 0.017000000 0.008000000 0.006000000 0.004000000 0.009000000 0.0030000000 0.0060000000 7.000000e-03 0.0030000000 5.000000e-03 0.000000e+00 0.000000e+00 0.000000e+00 0.0010000000
   81    1      2      0    0      1      -1      -1  1000 0.031000000 0.26400000 0.17800000 0.16600000 0.07900000 0.08400000 0.05900000 0.03100000 0.02200000 0.013000000 0.029000000 0.012000000 0.008000000 0.004000000 0.002000000 0.003000000 0.0010000000 0.0040000000 1.000000e-03 0.0030000000 3.000000e-03 0.000000e+00 0.000000e+00 0.000000e+00 0.0030000000
   82    1      2      0    0      1      -1      -1  1000 0.032000000 0.14000000 0.23700000 0.12400000 0.13900000 0.08400000 0.05700000 0.05800000 0.03100000 0.020000000 0.011000000 0.027000000 0.005000000 0.015000000 0.003000000 0.004000000 0.0030000000 0.0040000000 1.000000e-03 0.0020000000 1.000000e-03 1.000000e-03 0.000000e+00 0.000000e+00 0.0010000000
   83    1      2      0    0      1      -1      -1  1000 0.042000000 0.15400000 0.14600000 0.22500000 0.09400000 0.10600000 0.06600000 0.05400000 0.02900000 0.019000000 0.010000000 0.015000000 0.013000000 0.011000000 0.004000000 0.002000000 0.0000000000 0.0020000000 3.000000e-03 0.0010000000 0.000000e+00 1.000000e-03 0.000000e+00 2.000000e-03 0.0010000000
   84    1      2      0    0      1      -1      -1  1000 0.042000000 0.23900000 0.11700000 0.09700000 0.15200000 0.07700000 0.07600000 0.04800000 0.03800000 0.034000000 0.011000000 0.016000000 0.009000000 0.012000000 0.011000000 0.008000000 0.0050000000 0.0020000000 1.000000e-03 0.0020000000 1.000000e-03 0.000000e+00 1.000000e-03 0.000000e+00 0.0010000000
   85    1      2      0    0      1      -1      -1  1000 0.046000000 0.17100000 0.21900000 0.09500000 0.08400000 0.12900000 0.06000000 0.06400000 0.03400000 0.027000000 0.017000000 0.010000000 0.010000000 0.005000000 0.008000000 0.004000000 0.0050000000 0.0030000000 3.000000e-03 0.0000000000 4.000000e-03 1.000000e-03 1.000000e-03 0.000000e+00 0.0000000000
   86    1      2      0    0      1      -1      -1  1000 0.042000000 0.22100000 0.16000000 0.16800000 0.06000000 0.05600000 0.07900000 0.05600000 0.05100000 0.031000000 0.020000000 0.021000000 0.004000000 0.005000000 0.004000000 0.009000000 0.0020000000 0.0030000000 1.000000e-03 0.0010000000 1.000000e-03 2.000000e-03 0.000000e+00 0.000000e+00 0.0030000000
   87    1      2      0    0      1      -1      -1  1000 0.025000000 0.25900000 0.15400000 0.11200000 0.12500000 0.05000000 0.05100000 0.06200000 0.03600000 0.033000000 0.017000000 0.021000000 0.018000000 0.007000000 0.005000000 0.002000000 0.0100000000 0.0010000000 3.000000e-03 0.0020000000 1.000000e-03 2.000000e-03 2.000000e-03 0.000000e+00 0.0020000000
   88    1      2      0    0      1      -1      -1  1000 0.051000000 0.09200000 0.25300000 0.15300000 0.10900000 0.10500000 0.04600000 0.03900000 0.04900000 0.018000000 0.029000000 0.019000000 0.013000000 0.005000000 0.004000000 0.002000000 0.0020000000 0.0040000000 2.000000e-03 0.0010000000 0.000000e+00 1.000000e-03 2.000000e-03 0.000000e+00 0.0010000000
   89    1      2      0    0      1      -1      -1  1000 0.049000000 0.18500000 0.10800000 0.17300000 0.11800000 0.08700000 0.09100000 0.03600000 0.02700000 0.027000000 0.026000000 0.029000000 0.007000000 0.015000000 0.007000000 0.004000000 0.0010000000 0.0010000000 3.000000e-03 0.0020000000 1.000000e-03 2.000000e-03 0.000000e+00 0.000000e+00 0.0010000000
   90    1      2      0    0      1      -1      -1  1000 0.033000000 0.18600000 0.19200000 0.07700000 0.14000000 0.09300000 0.06200000 0.05800000 0.02800000 0.013000000 0.029000000 0.021000000 0.025000000 0.005000000 0.011000000 0.007000000 0.0040000000 0.0010000000 1.000000e-03 0.0090000000 1.000000e-03 0.000000e+00 1.000000e-03 0.000000e+00 0.0030000000
   91    1      2      0    0      1      -1      -1  1000 0.049000000 0.20100000 0.16700000 0.16200000 0.05300000 0.09400000 0.06700000 0.04300000 0.03800000 0.024000000 0.019000000 0.021000000 0.028000000 0.012000000 0.009000000 0.002000000 0.0010000000 0.0020000000 0.000000e+00 0.0000000000 3.000000e-03 0.000000e+00 3.000000e-03 1.000000e-03 0.0010000000
   92    1      2      0    0      1      -1      -1  1000 0.026000000 0.19500000 0.17100000 0.13700000 0.11200000 0.05000000 0.08700000 0.06400000 0.03500000 0.043000000 0.015000000 0.010000000 0.014000000 0.011000000 0.007000000 0.010000000 0.0060000000 0.0060000000 1.000000e-03 0.0000000000 0.000000e+00 0.000000e+00 0.000000e+00 0.000000e+00 0.0000000000
   93    1      2      0    0      1      -1      -1  1000 0.070000000 0.15900000 0.17100000 0.13600000 0.11900000 0.10600000 0.02800000 0.05200000 0.04400000 0.025000000 0.034000000 0.011000000 0.010000000 0.014000000 0.006000000 0.003000000 0.0030000000 0.0000000000 4.000000e-03 0.0010000000 0.000000e+00 2.000000e-03 2.000000e-03 0.000000e+00 0.0000000000
   94    1      2      0    0      1      -1      -1  1000 0.037000000 0.26800000 0.12200000 0.13400000 0.09600000 0.09100000 0.05100000 0.02400000 0.05100000 0.029000000 0.027000000 0.025000000 0.004000000 0.004000000 0.010000000 0.006000000 0.0070000000 0.0040000000 5.000000e-03 0.0010000000 1.000000e-03 0.000000e+00 0.000000e+00 2.000000e-03 0.0010000000
   95    1      2      0    0      1      -1      -1  1000 0.049000000 0.21000000 0.22700000 0.09600000 0.09300000 0.07500000 0.05300000 0.05600000 0.01600000 0.037000000 0.023000000 0.013000000 0.015000000 0.012000000 0.002000000 0.007000000 0.0040000000 0.0050000000 4.000000e-03 0.0000000000 0.000000e+00 0.000000e+00 0.000000e+00 0.000000e+00 0.0030000000
   96    1      2      0    0      1      -1      -1  1000 0.075000000 0.21900000 0.17100000 0.16500000 0.06800000 0.07300000 0.06000000 0.03500000 0.03100000 0.019000000 0.031000000 0.011000000 0.011000000 0.007000000 0.001000000 0.006000000 0.0040000000 0.0010000000 3.000000e-03 0.0040000000 2.000000e-03 0.000000e+00 0.000000e+00 1.000000e-03 0.0020000000
   97    1      2      0    0      1      -1      -1  1000 0.025000000 0.29300000 0.21100000 0.11600000 0.12300000 0.03600000 0.04400000 0.03500000 0.03700000 0.023000000 0.007000000 0.015000000 0.008000000 0.005000000 0.004000000 0.003000000 0.0030000000 0.0030000000 0.000000e+00 0.0030000000 0.000000e+00 2.000000e-03 1.000000e-03 1.000000e-03 0.0020000000
   98    1      2      0    0      1      -1      -1  1000 0.043000000 0.10100000 0.29200000 0.17300000 0.09500000 0.10800000 0.02900000 0.03900000 0.03000000 0.024000000 0.010000000 0.006000000 0.016000000 0.008000000 0.001000000 0.002000000 0.0020000000 0.0070000000 5.000000e-03 0.0010000000 3.000000e-03 2.000000e-03 1.000000e-03 1.000000e-03 0.0010000000
   99    1      2      0    0      1      -1      -1  1000 0.035000000 0.17200000 0.10100000 0.22000000 0.13600000 0.08800000 0.08000000 0.02400000 0.03400000 0.021000000 0.020000000 0.027000000 0.007000000 0.008000000 0.005000000 0.001000000 0.0080000000 0.0010000000 3.000000e-03 0.0020000000 2.000000e-03 2.000000e-03 2.000000e-03 0.000000e+00 0.0010000000
  100    1      2      0    0      1      -1      -1  1000 0.022000000 0.19800000 0.14500000 0.07800000 0.19100000 0.11300000 0.06800000 0.05200000 0.02800000 0.020000000 0.027000000 0.012000000 0.014000000 0.005000000 0.003000000 0.007000000 0.0020000000 0.0070000000 1.000000e-03 0.0020000000 1.000000e-03 1.000000e-03 1.000000e-03 1.000000e-03 0.0010000000
0 #_N_MeanSize_at_Age_obs
0 #_N_environ_variables
0 #_N_environ_obs
0 #_N_sizefreq_methods
0 #_do_tags
0 #_morphcomp_data
#
999
