#C data file created using the SS_writedat function in the R package r4ss
#C should work with SS version: 
#C file write time: 2014-11-06 19:29:51
#
1 #_styr
100 #_endyr
1 #_nseas
12 #_months_per_seas
1 #_spawn_seas
1 #_Nfleet
2 #_Nsurveys
1 #_N_areas
Fishery%Survey%CPUE #_fleetnames
0.5 0.5 0.5 #_surveytiming_in_season
1 1 1 #_area_assignments_for_each_fishery_and_survey
1 #_units of catch:  1=bio; 2=num
0.01 #_se of log(catch) only used for init_eq_catch and for Fmethod 2 and 3
1 #_Ngenders
25 #_Nages
0 #_init_equil_catch_for_each_fishery
100 #_N_lines_of_catch_to_read
 #_Fishery year seas
         0    1    1
         0    2    1
         0    3    1
         0    4    1
         0    5    1
         0    6    1
         0    7    1
         0    8    1
         0    9    1
         0   10    1
         0   11    1
         0   12    1
         0   13    1
         0   14    1
         0   15    1
         0   16    1
         0   17    1
         0   18    1
         0   19    1
         0   20    1
         0   21    1
         0   22    1
         0   23    1
         0   24    1
         0   25    1
 272154000   26    1
 259167000   27    1
 249534000   28    1
 243067000   29    1
 241716000   30    1
 247756000   31    1
 248173000   32    1
 240596000   33    1
 231067000   34    1
 221904000   35    1
 212538000   36    1
 203479000   37    1
 196758000   38    1
 188065000   39    1
 179044000   40    1
 170134000   41    1
 160764000   42    1
 153895000   43    1
 148700000   44    1
 144042000   45    1
 142180000   46    1
 141282000   47    1
 143239000   48    1
 152517000   49    1
 160547000   50    1
 163582000   51    1
 162619000   52    1
 161316000   53    1
 161689000   54    1
 161395000   55    1
 161112000   56    1
 162713000   57    1
 164068000   58    1
 162391000   59    1
 159199000   60    1
 158273000   61    1
 156992000   62    1
 154574000   63    1
 151596000   64    1
 150330000   65    1
 151363000   66    1
 153830000   67    1
 156751000   68    1
 155079000   69    1
 151431000   70    1
 151396000   71    1
 152895000   72    1
 155211000   73    1
 158797000   74    1
 160681000   75    1
 162188000   76    1
 161492000   77    1
 159779000   78    1
 157684000   79    1
 155749000   80    1
 155029000   81    1
 155711000   82    1
 153862000   83    1
 152256000   84    1
 153316000   85    1
 154293000   86    1
 153696000   87    1
 156810000   88    1
 162256000   89    1
 165380000   90    1
 167302000   91    1
 165090000   92    1
 160826000   93    1
 160674000   94    1
 165892000   95    1
 165523000   96    1
 161324000   97    1
 155258000   98    1
 151646000   99    1
 150397000  100    1
76 #_N_cpue
 #_Fleet Units Errtype
       1     1       0
       2     1       0
       3     1       0
 #_year seas index        obs se_log
     25    1     2 3835195146    0.2
     26    1     2 4627143890    0.2
     27    1     2 2875986321    0.2
     28    1     2 4121618592    0.2
     29    1     2 3174806008    0.2
     30    1     2 3625011241    0.2
     31    1     2 3380099895    0.2
     32    1     2 2706222927    0.2
     33    1     2 3424255153    0.2
     34    1     2 3608459898    0.2
     35    1     2 2708175212    0.2
     36    1     2 2871029118    0.2
     37    1     2 2500047169    0.2
     38    1     2 2014951571    0.2
     39    1     2 2953898049    0.2
     40    1     2 2913369146    0.2
     41    1     2 1976562216    0.2
     42    1     2 2348171845    0.2
     43    1     2 1583770916    0.2
     44    1     2 1989992502    0.2
     45    1     2 1657953128    0.2
     46    1     2 1527169094    0.2
     47    1     2 2312341284    0.2
     48    1     2 2082818177    0.2
     49    1     2 2793997114    0.2
     50    1     2 1813624292    0.2
     51    1     2 1519008511    0.2
     52    1     2 2765501297    0.2
     53    1     2 2223644637    0.2
     54    1     2 2865417498    0.2
     55    1     2 1576784915    0.2
     56    1     2 1607930605    0.2
     57    1     2 2941313998    0.2
     58    1     2 2815891074    0.2
     59    1     2 2845550089    0.2
     60    1     2 2701079770    0.2
     61    1     2 1954289892    0.2
     62    1     2 2304303570    0.2
     63    1     2 1546339249    0.2
     64    1     2 2494395836    0.2
     65    1     2 1626922893    0.2
     66    1     2 2096862742    0.2
     67    1     2 1722894695    0.2
     68    1     2 2447300648    0.2
     69    1     2 2079525407    0.2
     70    1     2 1970808583    0.2
     71    1     2 2053642284    0.2
     72    1     2 1685818475    0.2
     73    1     2 1850498367    0.2
     74    1     2 2758817820    0.2
     75    1     2 3173654371    0.2
     76    1     2 2157215316    0.2
     77    1     2 2162401890    0.2
     78    1     2 2554002554    0.2
     79    1     2 3721786191    0.2
     80    1     2 2115543619    0.2
     81    1     2 3171844214    0.2
     82    1     2 2451480990    0.2
     83    1     2 2306650381    0.2
     84    1     2 2100872114    0.2
     85    1     2 2678288106    0.2
     86    1     2 2540438834    0.2
     87    1     2 2115232140    0.2
     88    1     2 2292619421    0.2
     89    1     2 2532466164    0.2
     90    1     2 2011466289    0.2
     91    1     2 1932231063    0.2
     92    1     2 2684980089    0.2
     93    1     2 1743120125    0.2
     94    1     2 2615163132    0.2
     95    1     2 3250737717    0.2
     96    1     2 2310332624    0.2
     97    1     2 2968119355    0.2
     98    1     2 2946007096    0.2
     99    1     2 1757074445    0.2
    100    1     2 2106747648    0.2
0 #_N_discard_fleets
#_discard_units (1=same_as_catchunits(bio/num); 2=fraction; 3=numbers)
#_discard_errtype:  >0 for DF of T-dist(read CV below); 0 for normal with CV; -1 for normal with se; -2 for lognormal
0 #_N_discard
0 #_N_meanbodywt
1 #_DF_for_meanbodywt_T-distribution_like
2 # length bin method: 1=use databins; 2=generate from binwidth,min,max below; 3=read vector
1 # binwidth for population size comp
10 # minimum size in the population (lower edge of first bin and size at age 0.00)
200 # maximum size in the population (lower edge of last bin)
-0.001 #_comp_tail_compression
1e-05 #_add_to_comp
0 #_combine males into females at or below this bin number
21 #_N_lbins
#_lbin_vector
10 53 70 83 94 101 107 111 114 117 120 123 125 127 130 132 135 138 142 148 200
0 #_N_Length_comp_observations
25 #_N_agebins
#_agebin_vector
1 2 3 4 5 6 7 8 9 10 11 12 13 14 15 16 17 18 19 20 21 22 23 24 25
1 #_N_ageerror_definitions
 #_age0   age1   age2   age3   age4   age5   age6   age7   age8   age9  age10  age11  age12  age13  age14  age15  age16  age17  age18  age19  age20  age21  age22  age23  age24  age25
 -1.000 -1.000 -1.000 -1.000 -1.000 -1.000 -1.000 -1.000 -1.000 -1.000 -1.000 -1.000 -1.000 -1.000 -1.000 -1.000 -1.000 -1.000 -1.000 -1.000 -1.000 -1.000 -1.000 -1.000 -1.000 -1.000
  0.001  0.001  0.001  0.001  0.001  0.001  0.001  0.001  0.001  0.001  0.001  0.001  0.001  0.001  0.001  0.001  0.001  0.001  0.001  0.001  0.001  0.001  0.001  0.001  0.001  0.001
198 #_N_agecomp
1 #_Lbin_method: 1=poplenbins; 2=datalenbins; 3=lengths
-1 #_combine males into females at or below this bin number
 #_Yr Seas FltSvy Gender Part Ageerr Lbin_lo Lbin_hi Nsamp           a1         a2         a3         a4          a5         a6         a7          a8          a9         a10          a11          a12          a13          a14          a15          a16          a17          a18          a19          a20          a21          a22          a23          a24          a25
    2    1      1      0    0      1      -1      -1   100 0.0308506849 0.12407928 0.14528493 0.13435769 0.112474842 0.06909752 0.05762668 0.060094041 0.033552994 0.095044046 0.0140692763 0.0154527593 0.0225449992 6.338507e-03 5.447270e-03 1.649825e-02 1.315343e-03 7.774261e-05 2.549800e-02 3.010982e-03 6.297576e-03 5.131310e-04 6.762937e-05 4.102819e-07 2.040542e-02
    3    1      1      0    0      1      -1      -1   100 0.0032279431 0.11247729 0.17887031 0.12691189 0.137589676 0.06434235 0.08660536 0.038221571 0.040729594 0.037763442 0.0154207737 0.0405499100 0.0047884060 1.148528e-02 1.532845e-03 1.691946e-03 6.933948e-03 2.259748e-04 4.041976e-02 4.370367e-03 4.101263e-03 3.944688e-06 9.041652e-03 1.785531e-02 1.483919e-02
    4    1      1      0    0      1      -1      -1   100 0.0214610896 0.13287574 0.20404219 0.10306486 0.056090553 0.06570408 0.06830702 0.068559580 0.030662240 0.040733728 0.0680352634 0.0180836274 0.0320411698 1.409749e-02 6.997417e-03 5.737558e-04 9.036601e-03 1.832792e-02 7.470850e-03 6.003462e-03 7.657942e-03 1.052627e-04 3.745042e-05 4.411992e-04 1.958951e-02
    5    1      1      0    0      1      -1      -1   100 0.0049435337 0.12186075 0.16575263 0.16880573 0.090068977 0.06534682 0.07219829 0.053753186 0.038878968 0.055871974 0.0192011470 0.0423538942 0.0035354137 1.791741e-02 1.515472e-02 1.090223e-02 3.986439e-03 7.573057e-03 1.886635e-03 1.176977e-02 2.107637e-03 1.855677e-02 8.887261e-04 1.593457e-05 6.669363e-03
    6    1      1      0    0      1      -1      -1   100 0.0013371833 0.09039012 0.24665291 0.13560497 0.085186816 0.06099303 0.08191979 0.033488660 0.099653659 0.031973003 0.0338465027 0.0136437814 0.0196111764 7.393716e-03 5.538561e-03 2.926737e-03 1.464884e-03 2.033339e-03 1.785717e-02 2.702985e-03 3.105687e-03 1.892744e-03 4.104222e-04 4.472408e-04 1.992491e-02
    7    1      1      0    0      1      -1      -1   100 0.0053745262 0.11235563 0.18141858 0.17241218 0.124768972 0.05718320 0.08511145 0.071076224 0.035091975 0.044253243 0.0156053490 0.0223078821 0.0250381324 6.418474e-03 1.842548e-02 3.419673e-03 9.306053e-03 2.684017e-04 1.541079e-03 3.115751e-03 5.380220e-04 4.640237e-07 1.325784e-07 1.009893e-05 4.959023e-03
    8    1      1      0    0      1      -1      -1   100 0.0176280115 0.05534131 0.16797979 0.11605990 0.159981932 0.10114098 0.06244220 0.053467963 0.041048109 0.029930873 0.0277179438 0.0226285159 0.0145589794 3.691423e-02 6.477034e-03 1.625173e-02 2.658773e-02 1.071151e-03 1.653117e-05 4.865724e-06 7.590351e-04 4.812912e-04 1.393866e-03 3.677002e-03 3.643904e-02
    9    1      1      0    0      1      -1      -1   100 0.0144636751 0.18653940 0.17981602 0.12191145 0.069546371 0.08709016 0.08293505 0.074014206 0.024745825 0.010251910 0.0146624884 0.0207703621 0.0369876842 2.065985e-03 2.479899e-02 2.775682e-04 7.665414e-04 6.408841e-04 2.470860e-03 3.382893e-03 8.139821e-04 1.491721e-03 1.588823e-02 9.326597e-04 2.273509e-02
   10    1      1      0    0      1      -1      -1   100 0.0078190987 0.05060234 0.19537177 0.11777106 0.125166844 0.08732800 0.08631933 0.066340364 0.035340272 0.036471563 0.0513167516 0.0203907798 0.0164409553 1.961714e-02 2.038220e-02 1.350016e-02 2.936064e-03 6.157312e-03 7.576519e-03 8.877717e-04 1.232742e-03 1.570983e-04 4.292871e-05 5.242382e-03 2.558856e-02
   11    1      1      0    0      1      -1      -1   100 0.0010329382 0.13826025 0.10265994 0.20733743 0.136957231 0.09455207 0.03458787 0.082907378 0.028541666 0.018292559 0.0169065295 0.0222382919 0.0089830163 3.341092e-02 3.801438e-03 9.713705e-03 9.432192e-03 6.421556e-03 4.936729e-05 1.315779e-02 7.936092e-03 3.330732e-03 1.513751e-03 2.066268e-04 1.776866e-02
   12    1      1      0    0      1      -1      -1   100 0.0420087746 0.08017510 0.11151682 0.10041858 0.210116439 0.07819256 0.11518050 0.043606638 0.011198050 0.036014409 0.0312426930 0.0079703575 0.0162977136 2.365970e-03 1.354500e-02 1.353632e-02 3.229976e-03 7.248906e-03 5.413630e-03 2.655061e-03 8.826223e-03 3.504584e-05 5.045575e-03 1.556256e-07 5.415950e-02
   13    1      1      0    0      1      -1      -1   100 0.0160142728 0.09073584 0.13955830 0.13342440 0.060247974 0.19140437 0.05904997 0.037654112 0.028156636 0.030007499 0.0617876796 0.0478238497 0.0301288900 1.113270e-02 3.471380e-03 4.509243e-03 7.243834e-04 7.047514e-03 2.200440e-03 1.204816e-02 6.496352e-03 1.015247e-02 5.094100e-03 1.048576e-03 1.008088e-02
   14    1      1      0    0      1      -1      -1   100 0.0154832513 0.13615203 0.16090166 0.11058461 0.072507443 0.08961497 0.15065716 0.071106666 0.017407014 0.013362288 0.0326760299 0.0107681332 0.0187521009 1.481163e-02 1.185085e-02 2.461962e-03 8.506490e-03 4.843875e-03 8.907303e-03 1.145739e-03 7.083434e-03 3.775310e-03 6.196308e-06 4.873552e-05 3.658513e-02
   15    1      1      0    0      1      -1      -1   100 0.0026760200 0.16317716 0.21550914 0.12289668 0.060180441 0.05813352 0.04816292 0.110379574 0.051118477 0.067451128 0.0087779259 0.0133839975 0.0101892443 1.519487e-02 1.690111e-02 7.481675e-04 1.568459e-02 8.515017e-06 1.603786e-03 7.839157e-03 3.155422e-03 5.178226e-03 9.605373e-06 7.959418e-05 1.560736e-03
   16    1      1      0    0      1      -1      -1   100 0.0006610648 0.10122671 0.20906699 0.11034959 0.091065511 0.07091202 0.05654641 0.062449790 0.053727378 0.031349930 0.0317923115 0.0267646380 0.0487601716 1.681711e-02 2.823825e-02 3.210825e-02 1.328848e-02 6.959227e-03 1.536295e-03 6.544544e-05 5.257318e-04 1.925629e-04 6.217417e-04 1.388914e-05 4.960484e-03
   17    1      1      0    0      1      -1      -1   100 0.0026337687 0.06854149 0.19037920 0.10886962 0.103642085 0.04650132 0.06162920 0.010566234 0.056413366 0.040521945 0.0254700666 0.0893953635 0.0216946678 7.064953e-02 4.721325e-02 8.714900e-03 1.353563e-02 1.194211e-03 4.326868e-03 5.341394e-05 3.752769e-03 9.363876e-03 2.519864e-05 4.556810e-05 1.486647e-02
   18    1      1      0    0      1      -1      -1   100 0.0098676862 0.14399090 0.13805942 0.17408431 0.093454163 0.07520146 0.03611704 0.052090190 0.028320397 0.025859559 0.0522861341 0.0492828846 0.0325121554 1.333400e-02 1.151483e-03 2.216465e-02 8.998067e-03 2.182946e-02 5.152475e-03 7.655034e-03 2.389557e-03 1.096473e-03 4.564327e-04 8.322863e-05 4.562839e-03
   19    1      1      0    0      1      -1      -1   100 0.0177731341 0.21775152 0.07493219 0.17629448 0.084096314 0.06594157 0.04499435 0.064906388 0.031368656 0.052299118 0.0116893839 0.0289399146 0.0134271652 7.545616e-03 1.096315e-02 2.439327e-03 2.379888e-02 1.741676e-02 7.191526e-04 5.720606e-04 4.666187e-02 3.755353e-03 2.171839e-07 1.051324e-05 1.702902e-03
   20    1      1      0    0      1      -1      -1   100 0.0215371935 0.10527119 0.21665122 0.10154254 0.072539063 0.11642830 0.09564296 0.059356208 0.038386498 0.044917286 0.0235922243 0.0227806395 0.0199168382 1.245905e-02 2.139023e-03 1.607490e-03 1.625289e-02 9.238657e-03 3.597346e-03 3.422792e-03 2.604204e-03 1.613188e-04 1.281444e-03 4.637269e-03 4.036368e-03
   21    1      1      0    0      1      -1      -1   100 0.0006634919 0.06163529 0.19775486 0.26410820 0.104077935 0.05631250 0.03534904 0.053132072 0.077813332 0.007661478 0.0339479202 0.0020325968 0.0025501912 2.451151e-02 1.175278e-02 1.666901e-02 4.098761e-03 5.481132e-03 9.010331e-04 2.224187e-03 3.025274e-03 3.068671e-07 1.305900e-02 7.877417e-04 2.045035e-02
   22    1      1      0    0      1      -1      -1   100 0.0160216222 0.06788634 0.09140660 0.18571760 0.105129540 0.09653262 0.04208312 0.033436779 0.088266576 0.057815695 0.0251458813 0.0127060711 0.0263481151 7.269948e-03 1.605682e-02 1.668110e-02 5.940824e-02 8.749495e-05 4.134344e-02 6.011407e-04 4.403759e-03 7.287391e-04 1.596451e-03 5.181084e-04 2.808193e-03
   23    1      1      0    0      1      -1      -1   100 0.0104762628 0.10248095 0.07669236 0.13007549 0.180222292 0.09630568 0.04579561 0.018641389 0.059019893 0.065237762 0.0246167579 0.0157298635 0.0381835455 4.856926e-02 1.640731e-02 9.892901e-03 7.054696e-03 5.722899e-03 1.127229e-02 1.756689e-03 6.538974e-05 5.021429e-04 4.401001e-03 8.841781e-04 2.999339e-02
   24    1      1      0    0      1      -1      -1   100 0.0188642906 0.17803988 0.10588967 0.08116192 0.091752124 0.08536701 0.07997408 0.029493981 0.030849848 0.040355046 0.0428418454 0.0498112655 0.0094003332 2.301046e-02 1.255235e-02 3.809108e-02 2.440398e-02 9.761464e-03 8.892371e-03 2.375815e-03 1.053674e-03 6.962393e-03 9.664031e-05 7.624016e-04 2.823606e-02
   25    1      1      0    0      1      -1      -1   100 0.0159219936 0.12912585 0.17112012 0.09753761 0.083908754 0.10810638 0.07135307 0.074429333 0.028770208 0.027388995 0.0295929569 0.0212846131 0.0476777380 9.659974e-03 6.756783e-03 3.027912e-02 4.009355e-03 6.878563e-03 3.939456e-04 1.240914e-03 5.287161e-03 1.964447e-04 2.741685e-05 6.361049e-03 2.269166e-02
   26    1      1      0    0      1      -1      -1   100 0.0131562150 0.20467016 0.13313531 0.15273966 0.042869762 0.05378131 0.04894045 0.063344337 0.042922805 0.049980991 0.0104882699 0.0018633346 0.0273037491 4.700709e-02 6.106448e-03 4.857308e-04 1.812934e-04 2.017432e-02 9.871585e-03 3.345274e-02 6.844539e-03 3.808222e-04 7.752368e-03 3.600304e-05 2.251073e-02
   27    1      1      0    0      1      -1      -1   100 0.0067332196 0.16262047 0.12753256 0.13939548 0.088203022 0.01903215 0.03404206 0.031957863 0.040644222 0.142604446 0.0128379774 0.0078555693 0.0222122477 1.828661e-02 2.459112e-02 1.705278e-03 2.137273e-03 1.316503e-02 1.715264e-05 8.479353e-03 1.049109e-02 3.850473e-02 1.689169e-02 2.726563e-04 2.978673e-02
   28    1      1      0    0      1      -1      -1   100 0.0227516831 0.17588531 0.10864466 0.17628983 0.076847746 0.11809400 0.05059668 0.057529217 0.026330112 0.046651238 0.0386216117 0.0159447039 0.0080562967 1.274413e-02 1.655021e-02 1.327747e-02 4.846447e-03 4.984882e-03 2.718004e-04 1.990831e-02 7.987032e-05 6.935813e-04 1.830107e-04 4.882402e-04 3.728969e-03
   29    1      1      0    0      1      -1      -1   100 0.0060852392 0.22351573 0.15154467 0.09668783 0.124886493 0.08246383 0.06490573 0.073485330 0.009050586 0.038990564 0.0101225814 0.0365507020 0.0049085869 1.382288e-02 3.529036e-03 2.009769e-02 4.377239e-04 1.195775e-03 5.124796e-04 1.705166e-02 1.751276e-02 4.275881e-04 2.371492e-05 4.654739e-04 1.725342e-03
   30    1      1      0    0      1      -1      -1   100 0.0171780945 0.28561515 0.13494989 0.17554080 0.096733911 0.06316802 0.02203651 0.048972840 0.016868685 0.008585335 0.0378852784 0.0343978590 0.0253870152 2.708816e-05 1.980176e-03 7.600800e-03 5.596425e-03 2.088295e-03 2.651141e-04 1.848687e-03 6.064565e-08 4.552731e-06 5.433161e-04 9.618483e-09 1.272608e-02
   31    1      1      0    0      1      -1      -1   100 0.0022115465 0.12055400 0.30571933 0.08266515 0.113672408 0.12491708 0.09738093 0.074707111 0.025002373 0.004114969 0.0077980145 0.0015560673 0.0016212166 1.769149e-02 1.908331e-03 3.597246e-03 5.942230e-03 1.985707e-04 1.743982e-04 6.371436e-05 4.990352e-03 5.620437e-04 1.013458e-04 1.169179e-03 1.680902e-03
   32    1      1      0    0      1      -1      -1   100 0.0160080658 0.08608396 0.19974690 0.27411621 0.055152388 0.10824209 0.08529424 0.034086791 0.018544795 0.029246323 0.0021097928 0.0219647616 0.0064427789 2.841811e-04 8.759429e-03 1.355666e-02 1.992136e-02 2.296266e-04 1.996786e-03 1.626806e-03 1.167052e-04 8.374433e-03 7.733921e-07 2.340627e-09 8.094147e-03
   33    1      1      0    0      1      -1      -1   100 0.0103919701 0.09670145 0.08433010 0.18643906 0.196835087 0.07245483 0.10809307 0.046001272 0.048860861 0.014468675 0.0408587078 0.0141872359 0.0033811880 7.983691e-03 3.806018e-03 1.928940e-02 3.911044e-05 6.309783e-03 3.732254e-03 1.011872e-02 7.257821e-03 8.189735e-07 2.034867e-03 1.337899e-03 1.508611e-02
   34    1      1      0    0      1      -1      -1   100 0.0041915853 0.12429055 0.13895499 0.05828031 0.203872792 0.18187359 0.04748468 0.075963972 0.043484320 0.021700393 0.0137872760 0.0229540498 0.0094977671 6.805702e-04 5.156719e-03 1.329166e-02 1.318873e-02 2.507343e-03 5.935799e-04 1.734053e-03 2.786238e-04 6.951179e-04 1.678485e-04 3.536789e-04 1.501581e-02
   35    1      1      0    0      1      -1      -1   100 0.0017387696 0.18474095 0.21736301 0.08319516 0.009781647 0.09662468 0.14885548 0.061745567 0.062786955 0.024171142 0.0145769548 0.0210635286 0.0020934845 1.630910e-02 1.850300e-02 4.241972e-05 4.087777e-03 7.310192e-05 2.424095e-03 1.405505e-05 3.586630e-05 7.459399e-03 2.067619e-02 6.471092e-04 9.905528e-04
   36    1      1      0    0      1      -1      -1   100 0.0576367258 0.14057743 0.19072333 0.05860882 0.113534791 0.05214673 0.06336497 0.180729578 0.046959477 0.018344598 0.0219105780 0.0330496028 0.0115948318 2.915448e-03 5.313424e-04 6.188472e-06 3.390346e-05 2.512038e-03 3.002190e-03 9.367231e-04 8.847537e-11 3.685824e-04 1.343662e-05 1.257106e-05 4.861116e-04
   37    1      1      0    0      1      -1      -1   100 0.0098748223 0.21082775 0.08492988 0.13704826 0.151987489 0.04985324 0.02907699 0.056279959 0.067790597 0.012772024 0.0569842629 0.0438391934 0.0156260125 1.226568e-03 1.255430e-02 1.719512e-04 3.388777e-02 5.068100e-03 6.046749e-03 3.655998e-05 6.757032e-06 7.094257e-05 9.436192e-03 7.997963e-04 3.803835e-03
   38    1      1      0    0      1      -1      -1   100 0.0003858740 0.21640281 0.14150190 0.06011721 0.081001044 0.05804390 0.08016870 0.004836646 0.133632704 0.087790526 0.0339159923 0.0485945606 0.0156203062 2.526226e-03 1.346965e-02 1.131301e-03 8.082313e-03 2.070194e-05 8.512323e-03 2.633457e-04 1.314004e-03 1.523769e-07 1.251674e-11 3.784762e-04 2.289337e-03
   39    1      1      0    0      1      -1      -1   100 0.0050271622 0.09381925 0.17186271 0.16863494 0.161074241 0.08419644 0.04661748 0.034546092 0.057673433 0.038199990 0.0447627065 0.0237320150 0.0119622910 2.479884e-02 4.259453e-03 1.438678e-03 1.323255e-02 1.656178e-03 2.672608e-03 3.049195e-05 1.994577e-04 2.790343e-03 3.882036e-05 6.030053e-03 7.437807e-04
   40    1      1      0    0      1      -1      -1   100 0.0083086315 0.16208175 0.14242508 0.14649816 0.223871230 0.04447652 0.07738567 0.043784941 0.046406638 0.002509999 0.0219891396 0.0339000488 0.0044213628 1.457674e-02 6.317324e-03 6.654910e-03 1.710159e-03 4.438941e-03 4.143102e-03 3.006394e-04 1.552728e-04 2.757347e-06 1.617242e-03 5.775504e-08 2.023692e-03
   41    1      1      0    0      1      -1      -1   100 0.0291681907 0.11334687 0.18070841 0.05907914 0.091395051 0.08296986 0.10330050 0.075948252 0.058097451 0.034779905 0.0063950104 0.0120298283 0.0907802238 2.244489e-02 2.263068e-02 3.297778e-03 2.140129e-03 1.013503e-02 3.638794e-04 4.312742e-08 9.534974e-04 6.133175e-06 2.465633e-05 6.670437e-07 3.928852e-06
   42    1      1      0    0      1      -1      -1   100 0.0304408230 0.12226131 0.17027569 0.21515204 0.090822818 0.05269447 0.08533936 0.044388947 0.032125735 0.021926225 0.0029465889 0.0013833302 0.0235875356 3.324394e-02 5.023644e-03 1.850869e-02 1.074850e-02 3.887973e-03 5.449978e-03 6.037627e-03 1.200224e-03 6.032843e-06 1.628465e-02 1.829164e-10 6.263884e-03
   43    1      1      0    0      1      -1      -1   100 0.0060949120 0.11411152 0.17977075 0.12004792 0.166895078 0.05712894 0.06428218 0.118912203 0.022896947 0.040665485 0.0278722606 0.0254997803 0.0145591082 4.883980e-03 6.896456e-03 1.815234e-02 6.698025e-03 1.653203e-03 2.809009e-06 1.139399e-06 2.343360e-03 4.552105e-09 2.534223e-04 9.891966e-08 3.780791e-04
   44    1      1      0    0      1      -1      -1   100 0.0096306489 0.13562084 0.19455466 0.19530013 0.025251387 0.09706573 0.09728825 0.070099361 0.065146846 0.015225983 0.0090855822 0.0177518763 0.0053922816 4.614510e-04 8.769671e-03 2.345846e-02 1.950465e-02 1.181410e-04 3.891991e-04 8.572084e-03 2.113217e-05 1.828792e-04 2.826730e-09 2.595884e-08 1.108723e-03
   45    1      1      0    0      1      -1      -1   100 0.0595669374 0.14904095 0.13886292 0.20229654 0.091218371 0.01678415 0.10668448 0.030263974 0.038841356 0.050658505 0.0182588461 0.0061583294 0.0199819607 1.163477e-03 4.059837e-04 1.943969e-02 3.090383e-02 7.300742e-06 3.665132e-04 6.651012e-03 1.092388e-02 2.257685e-04 7.505080e-09 8.984405e-04 3.967799e-04
   46    1      1      0    0      1      -1      -1   100 0.0273176645 0.25309292 0.19928944 0.11036899 0.076432657 0.10800779 0.03781600 0.035520770 0.013658649 0.040337430 0.0241019288 0.0025867280 0.0092189212 1.755180e-02 1.102037e-04 5.426026e-08 2.179162e-04 1.296518e-02 2.669291e-02 2.318863e-03 1.441521e-04 1.592059e-03 1.852963e-09 7.743294e-15 6.569715e-04
   47    1      1      0    0      1      -1      -1   100 0.0331104021 0.09957404 0.25058627 0.13666412 0.048187640 0.14140336 0.08673048 0.021257528 0.015546777 0.028259906 0.0352079341 0.0323330741 0.0033749420 7.201123e-03 3.634800e-03 2.651265e-02 9.047001e-03 1.443509e-03 4.772737e-03 1.617896e-03 1.761986e-04 7.714369e-03 1.172466e-08 7.368594e-04 4.906371e-03
   48    1      1      0    0      1      -1      -1   100 0.0136405004 0.34742932 0.07854345 0.10745153 0.143488278 0.09035265 0.04969520 0.040838565 0.035629699 0.014816457 0.0155021117 0.0017365385 0.0392454854 3.298784e-03 3.448633e-04 3.207869e-04 4.279848e-03 5.991109e-04 1.059625e-04 5.200716e-11 1.146195e-02 8.449845e-04 1.146111e-08 3.738988e-04 2.140233e-09
   49    1      1      0    0      1      -1      -1   100 0.0028532793 0.17104126 0.33837670 0.10121658 0.058515671 0.06209231 0.07538281 0.037235122 0.018509699 0.008552624 0.0278178180 0.0003564528 0.0170630928 4.529399e-03 1.660179e-02 3.074436e-02 3.102516e-03 1.087173e-03 1.731357e-03 2.297243e-04 1.351516e-02 3.237993e-09 1.367726e-05 2.980171e-08 9.431386e-03
   50    1      1      0    0      1      -1      -1   100 0.0008964082 0.13228174 0.28063783 0.22107926 0.073141840 0.08901512 0.05886703 0.025733769 0.041124339 0.024811770 0.0088654734 0.0080964190 0.0072700053 6.542011e-04 6.464639e-03 8.258062e-03 5.846910e-03 2.497624e-03 2.456577e-04 1.363188e-06 3.799350e-06 6.793155e-05 9.589155e-05 1.522214e-04 3.890705e-03
   51    1      1      0    0      1      -1      -1   100 0.0232013396 0.14758904 0.18086608 0.16254951 0.230745872 0.06381938 0.06305223 0.036534776 0.026520530 0.036708566 0.0060248888 0.0041983190 0.0045026917 6.244239e-03 3.614734e-04 3.673006e-03 1.062492e-04 4.238164e-04 7.836213e-04 7.381188e-09 4.270127e-10 5.030243e-04 5.615555e-06 3.415509e-04 1.244170e-03
   52    1      1      0    0      1      -1      -1   100 0.0312985482 0.08983609 0.17915880 0.12143596 0.173130330 0.18846250 0.01548633 0.059536919 0.035076293 0.018025418 0.0330176505 0.0111065421 0.0003099029 3.304979e-02 2.656950e-03 3.417436e-03 3.244893e-03 1.093000e-06 1.037396e-03 6.735242e-04 5.331638e-15 1.550975e-08 3.710449e-05 2.209552e-09 5.082624e-07
   53    1      1      0    0      1      -1      -1   100 0.0505969290 0.20410285 0.10380497 0.05669160 0.079472257 0.25693248 0.09620042 0.041164402 0.014297300 0.027579411 0.0251784043 0.0063505489 0.0243541469 3.294391e-04 1.828494e-03 3.980626e-03 8.253415e-06 5.192503e-03 1.487537e-10 1.729496e-05 2.098544e-06 1.832079e-09 1.250324e-04 2.688888e-12 1.790532e-03
   54    1      1      0    0      1      -1      -1   100 0.0094821517 0.17574625 0.23023983 0.10181570 0.087392897 0.09412496 0.09833862 0.069251454 0.013926060 0.018837645 0.0510530235 0.0238719281 0.0049044680 1.952936e-03 4.549997e-07 3.849015e-05 6.993982e-08 1.471798e-02 1.416591e-03 1.590218e-06 1.133199e-08 6.344199e-10 2.761714e-07 2.843582e-03 4.303997e-05
   55    1      1      0    0      1      -1      -1   100 0.0271640580 0.13124664 0.17001097 0.18153851 0.082989560 0.03197153 0.14143458 0.073784979 0.056097542 0.005408518 0.0265340547 0.0229232897 0.0249377496 6.811528e-04 2.005830e-03 5.698136e-04 1.821030e-03 1.098518e-03 1.047282e-05 7.669515e-04 3.416851e-08 4.905684e-04 1.031450e-03 7.340834e-06 1.547486e-02
   56    1      1      0    0      1      -1      -1   100 0.0180955342 0.20112053 0.15799505 0.14196982 0.146792503 0.12996677 0.02950092 0.028628808 0.047505599 0.047476765 0.0055791917 0.0202793738 0.0084853485 7.590671e-03 1.545509e-05 3.216094e-03 1.328508e-03 4.805943e-10 1.146690e-03 2.139075e-03 1.528471e-04 4.937845e-04 3.869837e-05 4.827417e-13 4.819707e-04
   57    1      1      0    0      1      -1      -1   100 0.0177373794 0.18134074 0.23602055 0.14127611 0.081574426 0.08665692 0.03530219 0.024842213 0.023634553 0.063920357 0.0706810284 0.0023386556 0.0187597411 8.028782e-03 8.335724e-04 2.160989e-03 1.731576e-03 9.724876e-08 2.458636e-09 4.603209e-06 1.095757e-03 2.039216e-03 1.320172e-07 3.602185e-20 2.041267e-05
   58    1      1      0    0      1      -1      -1   100 0.0076308663 0.20291750 0.24094749 0.20089309 0.077726340 0.07041547 0.08047489 0.038143559 0.017680344 0.008325732 0.0269257835 0.0095795047 0.0008079786 1.333584e-03 6.918603e-03 1.175739e-05 8.010183e-03 1.162474e-03 2.840894e-06 2.662944e-08 6.375762e-06 5.280873e-05 1.679715e-10 5.147400e-06 2.765468e-05
   59    1      1      0    0      1      -1      -1   100 0.0444888073 0.09897992 0.16630217 0.19173966 0.144727049 0.05114725 0.07258375 0.041188653 0.012522063 0.005983831 0.0357483506 0.0297354580 0.0454038569 6.986669e-03 1.862880e-02 5.557221e-03 8.454636e-03 1.475683e-04 1.593164e-02 1.062335e-09 3.824006e-07 4.895024e-04 2.200437e-03 1.352928e-04 9.170264e-04
   60    1      1      0    0      1      -1      -1   100 0.0056610433 0.19540092 0.05615499 0.19720814 0.211183693 0.11048608 0.03498437 0.044133808 0.022735091 0.041462716 0.0043666675 0.0090571293 0.0170808437 1.989689e-02 6.866831e-04 6.357936e-03 2.082199e-02 3.662975e-06 2.302960e-03 1.319007e-05 5.472007e-23 8.387770e-07 3.439882e-07 8.209240e-10 1.685537e-08
   61    1      1      0    0      1      -1      -1   100 0.0049745084 0.16716617 0.22733587 0.08219955 0.068156329 0.15995005 0.10332403 0.017204220 0.028225725 0.047549764 0.0072075602 0.0195239975 0.0040759648 3.943115e-02 1.523701e-02 2.119627e-05 8.842180e-07 2.071138e-03 6.293868e-04 5.100840e-03 6.097558e-04 3.477864e-10 4.847917e-07 4.403042e-06 1.787537e-08
   62    1      1      0    0      1      -1      -1   100 0.0114430861 0.19834595 0.17904801 0.12732951 0.060334827 0.09514738 0.07976073 0.066234262 0.043836886 0.018240699 0.0153767613 0.0218950220 0.0177361874 5.683356e-03 5.288589e-03 1.428180e-02 6.062374e-03 3.652284e-06 2.316764e-02 1.008286e-06 8.415197e-05 9.827669e-06 3.075898e-15 6.810108e-05 1.062019e-02
   63    1      1      0    0      1      -1      -1   100 0.0609165461 0.15606446 0.23606192 0.15406542 0.105047204 0.03108316 0.02521459 0.063670896 0.033418178 0.052826433 0.0202746248 0.0243696543 0.0051593115 3.285193e-03 1.167202e-02 2.794788e-03 8.042385e-04 2.219224e-05 1.687672e-03 1.850519e-04 6.037879e-07 1.874779e-06 3.991592e-08 5.601782e-11 1.137394e-02
   64    1      1      0    0      1      -1      -1   100 0.0139559368 0.13018712 0.16417072 0.12061167 0.116848601 0.20896491 0.02389957 0.077845689 0.067943222 0.017308632 0.0148358873 0.0071583853 0.0240666198 2.131212e-03 9.566157e-05 1.667392e-03 4.776855e-03 7.547619e-04 3.301780e-04 5.782244e-11 4.902445e-05 2.289181e-09 3.430777e-04 1.719591e-03 3.352691e-04
   65    1      1      0    0      1      -1      -1   100 0.0383961116 0.18061511 0.18328124 0.08324601 0.105671879 0.07876036 0.11574509 0.071225052 0.030841633 0.046664303 0.0334559302 0.0047678457 0.0079346247 3.792532e-03 5.235312e-03 2.279518e-04 6.629549e-04 2.234691e-03 4.374768e-03 1.127462e-06 2.562603e-03 2.392617e-04 1.177603e-20 1.010433e-16 6.360641e-05
   66    1      1      0    0      1      -1      -1   100 0.0172673518 0.17364905 0.26163616 0.07670964 0.085895828 0.08692117 0.06151680 0.048725224 0.058556571 0.031290687 0.0326179208 0.0229793887 0.0051573090 7.218257e-03 4.729879e-04 9.564257e-05 2.479798e-05 7.925326e-04 1.638601e-03 1.420573e-02 2.618654e-03 1.095066e-04 8.125390e-10 2.013568e-04 9.698827e-03
   67    1      1      0    0      1      -1      -1   100 0.0230285051 0.27781404 0.23836841 0.13626159 0.061179281 0.05115923 0.08604862 0.037934397 0.042201292 0.008745989 0.0051705310 0.0128816012 0.0038511347 2.994734e-03 8.157547e-04 8.578587e-03 1.528991e-05 8.245740e-09 1.024966e-04 8.596739e-04 1.661953e-03 2.505086e-06 7.084538e-05 6.690681e-10 2.535342e-04
   68    1      1      0    0      1      -1      -1   100 0.0014179853 0.16820889 0.23876989 0.17416520 0.090210332 0.08858229 0.04838699 0.038886213 0.036659556 0.033770889 0.0018187747 0.0333138594 0.0099573095 2.042689e-02 3.363039e-03 5.311799e-04 7.801832e-04 1.000739e-08 4.727211e-15 5.180085e-03 6.483866e-05 5.494936e-03 4.232567e-07 6.050896e-08 1.017429e-05
   69    1      1      0    0      1      -1      -1   100 0.0193443006 0.10504864 0.17219024 0.19269156 0.144497637 0.10893578 0.05979983 0.042935912 0.054676166 0.009757761 0.0134142888 0.0008076897 0.0205616476 9.410215e-03 5.415832e-04 2.815182e-03 6.705710e-03 2.304460e-03 4.789376e-03 2.468471e-05 3.666915e-03 1.013150e-05 7.245721e-07 3.598877e-26 2.506957e-02
   70    1      1      0    0      1      -1      -1   100 0.0411368839 0.16643599 0.10138477 0.11457636 0.147117126 0.13492332 0.13071309 0.021577423 0.024401113 0.015967644 0.0181189129 0.0321184196 0.0006260945 1.253792e-02 1.087777e-02 2.366316e-02 2.998936e-05 8.868243e-04 2.013632e-05 9.290198e-10 2.067179e-04 5.288319e-12 2.609484e-03 6.845376e-05 2.383167e-06
   71    1      1      0    0      1      -1      -1   100 0.0346102952 0.20791701 0.21371269 0.05951286 0.106053318 0.12008502 0.04108814 0.022962552 0.036993583 0.011751586 0.0118252534 0.0475292960 0.0067067265 6.208892e-04 1.882735e-02 3.477001e-02 5.200781e-03 8.217203e-03 3.510531e-07 1.123609e-02 1.547764e-04 1.756812e-08 2.415630e-05 4.157694e-07 1.996256e-04
   72    1      1      0    0      1      -1      -1   100 0.0492433265 0.15596670 0.28357743 0.14940207 0.028531835 0.05892700 0.10273234 0.067080158 0.020099275 0.015776383 0.0046037831 0.0278604275 0.0168285118 1.032936e-03 2.288637e-03 3.460704e-03 1.147972e-03 2.693833e-06 2.093023e-09 2.549735e-09 2.318550e-07 5.727920e-13 2.762281e-16 3.028715e-03 8.408864e-03
   73    1      1      0    0      1      -1      -1   100 0.0148132723 0.20670554 0.11972253 0.35477782 0.058322528 0.03291057 0.04850535 0.029228663 0.039923721 0.042612260 0.0278901639 0.0029711672 0.0075737800 6.732753e-04 5.465945e-03 9.538828e-06 6.346238e-06 6.464457e-03 1.890977e-04 2.517438e-07 2.464113e-20 1.233623e-03 4.647075e-12 9.358469e-18 1.009295e-07
   74    1      1      0    0      1      -1      -1   100 0.0134021869 0.16066465 0.19318743 0.12775527 0.159454134 0.07904835 0.01206735 0.048504540 0.066590953 0.025738654 0.0257418143 0.0133546422 0.0029676722 2.050194e-02 1.105687e-02 6.203102e-05 7.586597e-05 2.756038e-04 3.137446e-02 7.956681e-03 2.254936e-07 1.619402e-06 2.167761e-04 2.506926e-07 1.896561e-08
   75    1      1      0    0      1      -1      -1   100 0.0009061740 0.15576228 0.15926131 0.22822504 0.089546924 0.08320086 0.14566167 0.023950589 0.005811407 0.029961782 0.0090291726 0.0059983274 0.0224693977 8.003118e-03 8.208413e-04 1.336006e-02 1.173494e-02 7.667242e-05 1.644579e-07 5.446228e-03 2.082867e-04 1.338240e-05 1.175353e-07 2.738938e-05 5.238691e-04
   76    1      1      0    0      1      -1      -1   100 0.0167233172 0.15249277 0.16896548 0.20101642 0.153344660 0.06059274 0.04866203 0.074671011 0.001927655 0.028028807 0.0165541336 0.0301902921 0.0028569585 6.482390e-03 2.059494e-02 2.217676e-04 1.694463e-03 5.506677e-03 3.033648e-07 3.179265e-04 6.398612e-03 5.892668e-12 2.131797e-03 6.247698e-04 6.056169e-08
   77    1      1      0    0      1      -1      -1   100 0.0149988432 0.12144460 0.19146375 0.19736323 0.096814681 0.08160611 0.07338886 0.093314724 0.036030009 0.006186497 0.0008634518 0.0367303381 0.0011779148 2.616114e-02 2.508810e-04 3.189263e-03 2.482824e-03 7.846830e-03 5.281482e-06 1.230665e-04 6.882170e-04 1.949508e-10 3.820660e-07 2.468456e-07 7.868863e-03
   78    1      1      0    0      1      -1      -1   100 0.0043189543 0.13803651 0.26657382 0.06829954 0.136911847 0.11429050 0.09374887 0.040311219 0.021599748 0.046779196 0.0221735115 0.0022777050 0.0186003640 1.225850e-03 5.735015e-05 2.319368e-03 7.243447e-03 1.206244e-02 5.549698e-05 1.126654e-03 3.254654e-12 2.700920e-07 1.629463e-15 4.954118e-06 1.982391e-03
   79    1      1      0    0      1      -1      -1   100 0.0025295468 0.13265368 0.19619551 0.18316252 0.089333454 0.13437643 0.08094478 0.049525048 0.042750388 0.027680712 0.0174436720 0.0040554040 0.0079956534 9.625536e-03 3.966142e-04 1.118916e-02 1.031576e-04 2.314402e-05 2.138516e-13 6.275478e-03 5.485030e-12 6.311666e-05 1.813960e-05 3.095261e-05 3.627890e-03
   80    1      1      0    0      1      -1      -1   100 0.0088653834 0.12487723 0.18811986 0.14172491 0.144773654 0.07287012 0.07069113 0.021561396 0.074298364 0.010725803 0.0254915392 0.0585603273 0.0105926697 1.564237e-03 1.500518e-02 7.394192e-04 4.798128e-03 1.116143e-03 1.259028e-03 2.947610e-07 3.072832e-13 9.239615e-12 2.236466e-02 5.063988e-07 2.471211e-09
   81    1      1      0    0      1      -1      -1   100 0.0016560213 0.12308756 0.17149676 0.19526343 0.093431771 0.09497660 0.06390397 0.051388116 0.021827556 0.072082242 0.0415024865 0.0145865750 0.0059692789 4.088766e-03 1.720264e-02 4.489931e-03 1.020744e-05 1.562369e-02 5.912819e-03 1.329323e-03 9.477291e-10 3.941810e-10 5.187787e-07 2.108319e-23 1.697488e-04
   82    1      1      0    0      1      -1      -1   100 0.0054398669 0.08399968 0.28141911 0.19767313 0.107890955 0.06493747 0.04203525 0.020788881 0.064832863 0.031673066 0.0243416028 0.0354596105 0.0057342392 8.916908e-03 2.333869e-10 6.631948e-04 6.602032e-03 2.905590e-04 1.679636e-02 1.686892e-07 8.057926e-10 5.026453e-04 4.748315e-10 8.281698e-08 2.314287e-06
   83    1      1      0    0      1      -1      -1   100 0.0262427286 0.09928450 0.17597307 0.22498003 0.068529190 0.08948571 0.05813587 0.054391892 0.043800986 0.059593088 0.0201493852 0.0215811897 0.0242758604 1.767949e-02 3.150181e-04 1.633993e-03 3.496384e-03 1.939793e-03 3.282138e-03 1.542622e-04 6.399543e-04 5.684027e-05 2.817254e-10 2.330038e-07 4.378389e-03
   84    1      1      0    0      1      -1      -1   100 0.0179782514 0.16928373 0.16116013 0.10687032 0.124588369 0.10613203 0.09210454 0.040928805 0.021929209 0.023784226 0.0389898899 0.0115926281 0.0375442863 2.119222e-02 1.018387e-02 4.321791e-05 1.204227e-07 1.106831e-02 9.960548e-04 9.029589e-04 2.696784e-03 1.193401e-23 7.157259e-17 1.683764e-11 3.004805e-05
   85    1      1      0    0      1      -1      -1   100 0.0126036215 0.11084733 0.27615237 0.14456818 0.056193310 0.15636632 0.03988789 0.053238327 0.021856146 0.024112505 0.0232565655 0.0047420058 0.0108640793 1.066760e-02 2.359711e-02 6.155062e-03 2.178916e-02 3.293386e-10 5.394455e-21 2.826351e-06 3.068902e-03 4.873278e-07 2.684932e-15 1.809374e-23 3.020367e-05
   86    1      1      0    0      1      -1      -1   100 0.0222449682 0.12854292 0.25881232 0.23537331 0.054041638 0.04385095 0.06733284 0.046110351 0.036339262 0.026717626 0.0008189641 0.0215951417 0.0198887279 1.273036e-03 6.774454e-03 3.695306e-03 2.293733e-04 8.846546e-03 2.741920e-04 1.197326e-02 1.134800e-04 3.296202e-03 1.534011e-03 4.879547e-08 3.210829e-04
   87    1      1      0    0      1      -1      -1   100 0.0571323969 0.21445337 0.11662822 0.14156192 0.129498792 0.05460578 0.05791148 0.101019300 0.021000562 0.022900629 0.0341143554 0.0029940646 0.0058158025 5.906166e-03 5.966233e-03 6.915680e-03 1.295071e-03 1.421459e-03 6.968831e-04 4.273973e-15 1.653166e-02 1.594820e-03 2.572570e-05 3.128476e-30 9.632140e-06
   88    1      1      0    0      1      -1      -1   100 0.0110231371 0.23508197 0.26083694 0.10785994 0.095284839 0.04963846 0.04465958 0.009206782 0.058048617 0.038539522 0.0139526975 0.0181926132 0.0053278665 8.755578e-04 1.401645e-02 1.261052e-03 1.749232e-02 1.478602e-05 2.557556e-03 1.073926e-03 7.247902e-09 3.983471e-09 1.505153e-02 3.850523e-06 5.341065e-09
   89    1      1      0    0      1      -1      -1   100 0.0249728605 0.06893435 0.31868291 0.12693847 0.097484900 0.12422954 0.10303991 0.021790939 0.030904290 0.020512325 0.0110684619 0.0091494059 0.0284425357 7.361957e-04 3.018837e-03 1.290237e-03 3.703668e-03 1.562081e-04 2.201382e-04 8.612578e-14 4.427525e-03 2.910630e-04 8.829987e-22 4.600326e-06 6.301613e-07
   90    1      1      0    0      1      -1      -1   100 0.0049880600 0.18962909 0.18512046 0.25294694 0.093487689 0.05775088 0.06746762 0.055005251 0.005119942 0.018343206 0.0162203481 0.0161576522 0.0060450619 1.012660e-02 1.587686e-04 1.612614e-03 2.379967e-03 3.626359e-03 7.529789e-03 1.405941e-03 7.692231e-06 4.865768e-03 1.077588e-33 3.288499e-06 1.003242e-06
   91    1      1      0    0      1      -1      -1   100 0.0050201652 0.08051222 0.26397837 0.10482251 0.205666650 0.06828514 0.07030062 0.036175309 0.043865238 0.010802484 0.0160514678 0.0059309178 0.0109245890 3.149836e-02 8.429108e-05 5.464055e-07 6.974069e-03 2.061841e-02 5.420157e-05 4.298464e-04 3.656792e-11 1.622320e-02 1.781402e-03 9.295564e-12 1.461898e-11
   92    1      1      0    0      1      -1      -1   100 0.0066154762 0.12539518 0.17065379 0.23001390 0.078778362 0.10059124 0.07899720 0.033219711 0.088589055 0.029156836 0.0050082141 0.0011432846 0.0146214978 8.385456e-03 1.504441e-02 3.922423e-04 2.851927e-03 1.271644e-03 6.727875e-03 1.506206e-03 3.544072e-04 2.041180e-06 2.298748e-05 6.448448e-04 1.222010e-05
   93    1      1      0    0      1      -1      -1   100 0.0255255616 0.09014194 0.14464137 0.12381886 0.242387167 0.09151235 0.12946993 0.052720936 0.015080446 0.023863294 0.0209128316 0.0126932119 0.0003893899 6.176260e-03 2.693495e-03 1.795890e-04 2.435980e-03 2.530730e-03 4.906557e-03 8.010698e-04 5.804642e-03 1.013309e-03 2.880479e-04 1.275145e-05 2.844940e-07
   94    1      1      0    0      1      -1      -1   100 0.0018662756 0.32818624 0.16740414 0.10610079 0.060751314 0.09780014 0.04824705 0.066719885 0.053491831 0.002514986 0.0187468357 0.0126913457 0.0134094963 3.743125e-03 7.114641e-04 5.194492e-09 3.396744e-05 2.134317e-03 6.309386e-06 1.047678e-02 1.605404e-04 7.431174e-16 4.560793e-03 3.565738e-05 2.067147e-04
   95    1      1      0    0      1      -1      -1   100 0.0070767962 0.09055220 0.33113380 0.06944093 0.112703642 0.05431818 0.04818221 0.033021937 0.070621462 0.068412185 0.0318226190 0.0568699837 0.0039239984 7.943470e-04 4.539780e-03 8.334202e-03 1.272387e-05 2.595401e-03 6.186913e-07 9.004209e-11 5.097821e-07 5.188635e-04 2.792244e-09 1.386745e-09 5.123610e-03
   96    1      1      0    0      1      -1      -1   100 0.0076216017 0.09631038 0.14392545 0.30932831 0.055946201 0.05779179 0.06165412 0.056327304 0.015684327 0.046972320 0.0455590222 0.0155913004 0.0016636408 2.987340e-02 3.382327e-03 1.768526e-03 3.175684e-02 1.561419e-02 5.059376e-04 2.198272e-03 1.330279e-05 6.845251e-05 4.316990e-04 1.107382e-05 2.162438e-07
   97    1      1      0    0      1      -1      -1   100 0.0112026342 0.04013776 0.11475833 0.11553247 0.362507306 0.02875116 0.05265595 0.037337103 0.090552434 0.045521852 0.0554232447 0.0206702884 0.0032071523 3.717130e-03 1.885933e-04 1.166494e-02 1.332044e-04 1.010828e-04 2.488405e-03 3.381853e-03 2.388923e-09 1.197908e-05 3.412904e-12 5.068694e-05 4.443944e-06
   98    1      1      0    0      1      -1      -1   100 0.0324915209 0.15556503 0.07876850 0.11849639 0.089539905 0.25339895 0.05376805 0.037372387 0.023737443 0.041317021 0.0140809682 0.0441581519 0.0094208261 3.982853e-03 2.771786e-02 6.326450e-03 4.968275e-06 4.182490e-06 4.221620e-03 4.101149e-03 1.209408e-03 3.453581e-05 2.723129e-04 2.845183e-12 9.512205e-06
   99    1      1      0    0      1      -1      -1   100 0.0109541458 0.18285881 0.19566210 0.12612821 0.068469097 0.08757792 0.17068009 0.029653513 0.023320290 0.010032734 0.0171122867 0.0030073683 0.0287222259 1.211290e-02 1.183625e-04 2.533063e-04 1.561209e-02 4.444639e-06 2.915973e-06 1.230956e-02 3.512497e-03 1.506619e-03 1.929447e-10 1.794832e-06 3.867070e-04
  100    1      1      0    0      1      -1      -1   100 0.0201788851 0.23861013 0.14623595 0.09197342 0.028153187 0.07625803 0.04654835 0.204702317 0.023934081 0.034349055 0.0176032063 0.0353633918 0.0041705562 1.655296e-02 3.915720e-03 9.902423e-04 1.337508e-03 3.727494e-05 1.500786e-06 2.332723e-06 3.079145e-03 1.306970e-08 5.978118e-03 1.562556e-15 2.462613e-05
    2    1      2      0    0      1      -1      -1   100 0.0300000000 0.20000000 0.18000000 0.07000000 0.150000000 0.04000000 0.05000000 0.050000000 0.020000000 0.010000000 0.0400000000 0.0500000000 0.0400000000 2.000000e-02 0.000000e+00 1.000000e-02 2.000000e-02 0.000000e+00 1.000000e-02 1.000000e-02 0.000000e+00 0.000000e+00 0.000000e+00 0.000000e+00 0.000000e+00
    3    1      2      0    0      1      -1      -1   100 0.0100000000 0.17000000 0.12000000 0.08000000 0.050000000 0.10000000 0.07000000 0.080000000 0.050000000 0.020000000 0.0300000000 0.0700000000 0.0300000000 3.000000e-02 2.000000e-02 1.000000e-02 1.000000e-02 1.000000e-02 1.000000e-02 1.000000e-02 0.000000e+00 0.000000e+00 1.000000e-02 0.000000e+00 1.000000e-02
    4    1      2      0    0      1      -1      -1   100 0.0300000000 0.19000000 0.15000000 0.15000000 0.080000000 0.05000000 0.07000000 0.090000000 0.020000000 0.000000000 0.0200000000 0.0300000000 0.0200000000 1.000000e-02 1.000000e-02 1.000000e-02 0.000000e+00 1.000000e-02 1.000000e-02 2.000000e-02 0.000000e+00 1.000000e-02 0.000000e+00 2.000000e-02 0.000000e+00
    5    1      2      0    0      1      -1      -1   100 0.0300000000 0.08000000 0.20000000 0.09000000 0.090000000 0.06000000 0.16000000 0.020000000 0.060000000 0.030000000 0.0600000000 0.0100000000 0.0100000000 1.000000e-02 2.000000e-02 2.000000e-02 0.000000e+00 3.000000e-02 1.000000e-02 0.000000e+00 1.000000e-02 0.000000e+00 0.000000e+00 0.000000e+00 0.000000e+00
    6    1      2      0    0      1      -1      -1   100 0.0000000000 0.18000000 0.11000000 0.10000000 0.150000000 0.09000000 0.06000000 0.050000000 0.060000000 0.040000000 0.0300000000 0.0300000000 0.0200000000 2.000000e-02 2.000000e-02 0.000000e+00 1.000000e-02 0.000000e+00 1.000000e-02 0.000000e+00 0.000000e+00 0.000000e+00 1.000000e-02 0.000000e+00 1.000000e-02
    7    1      2      0    0      1      -1      -1   100 0.0400000000 0.13000000 0.13000000 0.19000000 0.130000000 0.06000000 0.11000000 0.020000000 0.060000000 0.010000000 0.0200000000 0.0100000000 0.0200000000 0.000000e+00 1.000000e-02 2.000000e-02 2.000000e-02 0.000000e+00 0.000000e+00 1.000000e-02 1.000000e-02 0.000000e+00 0.000000e+00 0.000000e+00 0.000000e+00
    8    1      2      0    0      1      -1      -1   100 0.0900000000 0.11000000 0.21000000 0.09000000 0.100000000 0.11000000 0.06000000 0.050000000 0.010000000 0.050000000 0.0200000000 0.0100000000 0.0000000000 2.000000e-02 2.000000e-02 3.000000e-02 0.000000e+00 1.000000e-02 0.000000e+00 0.000000e+00 0.000000e+00 0.000000e+00 0.000000e+00 1.000000e-02 0.000000e+00
    9    1      2      0    0      1      -1      -1   100 0.0100000000 0.24000000 0.12000000 0.08000000 0.090000000 0.11000000 0.07000000 0.050000000 0.080000000 0.000000000 0.0500000000 0.0200000000 0.0100000000 2.000000e-02 1.000000e-02 2.000000e-02 0.000000e+00 0.000000e+00 1.000000e-02 0.000000e+00 0.000000e+00 0.000000e+00 0.000000e+00 0.000000e+00 1.000000e-02
   10    1      2      0    0      1      -1      -1   100 0.0100000000 0.09000000 0.27000000 0.09000000 0.090000000 0.11000000 0.06000000 0.050000000 0.020000000 0.030000000 0.0400000000 0.0200000000 0.0200000000 2.000000e-02 0.000000e+00 1.000000e-02 0.000000e+00 0.000000e+00 0.000000e+00 1.000000e-02 2.000000e-02 2.000000e-02 0.000000e+00 0.000000e+00 2.000000e-02
   11    1      2      0    0      1      -1      -1   100 0.0100000000 0.11000000 0.18000000 0.16000000 0.060000000 0.06000000 0.05000000 0.090000000 0.030000000 0.050000000 0.0400000000 0.0500000000 0.0000000000 3.000000e-02 2.000000e-02 0.000000e+00 1.000000e-02 2.000000e-02 1.000000e-02 0.000000e+00 0.000000e+00 0.000000e+00 0.000000e+00 1.000000e-02 1.000000e-02
   12    1      2      0    0      1      -1      -1   100 0.0500000000 0.15000000 0.09000000 0.07000000 0.200000000 0.06000000 0.06000000 0.070000000 0.060000000 0.050000000 0.0100000000 0.0000000000 0.0300000000 2.000000e-02 0.000000e+00 3.000000e-02 2.000000e-02 0.000000e+00 0.000000e+00 0.000000e+00 1.000000e-02 1.000000e-02 0.000000e+00 0.000000e+00 1.000000e-02
   13    1      2      0    0      1      -1      -1   100 0.0800000000 0.12000000 0.13000000 0.06000000 0.040000000 0.20000000 0.06000000 0.030000000 0.050000000 0.070000000 0.0300000000 0.0200000000 0.0200000000 2.000000e-02 0.000000e+00 1.000000e-02 2.000000e-02 1.000000e-02 1.000000e-02 1.000000e-02 0.000000e+00 0.000000e+00 1.000000e-02 0.000000e+00 0.000000e+00
   14    1      2      0    0      1      -1      -1   100 0.0300000000 0.26000000 0.08000000 0.09000000 0.090000000 0.04000000 0.10000000 0.030000000 0.050000000 0.020000000 0.0400000000 0.0500000000 0.0200000000 3.000000e-02 0.000000e+00 2.000000e-02 0.000000e+00 3.000000e-02 0.000000e+00 1.000000e-02 0.000000e+00 0.000000e+00 1.000000e-02 0.000000e+00 0.000000e+00
   15    1      2      0    0      1      -1      -1   100 0.0600000000 0.18000000 0.12000000 0.10000000 0.070000000 0.02000000 0.03000000 0.100000000 0.060000000 0.060000000 0.0300000000 0.0200000000 0.0300000000 2.000000e-02 2.000000e-02 4.000000e-02 0.000000e+00 1.000000e-02 0.000000e+00 0.000000e+00 0.000000e+00 0.000000e+00 1.000000e-02 0.000000e+00 2.000000e-02
   16    1      2      0    0      1      -1      -1   100 0.0300000000 0.12000000 0.21000000 0.16000000 0.070000000 0.03000000 0.05000000 0.030000000 0.080000000 0.050000000 0.0400000000 0.0300000000 0.0300000000 1.000000e-02 3.000000e-02 0.000000e+00 0.000000e+00 0.000000e+00 1.000000e-02 0.000000e+00 1.000000e-02 0.000000e+00 0.000000e+00 0.000000e+00 1.000000e-02
   17    1      2      0    0      1      -1      -1   100 0.0000000000 0.10000000 0.13000000 0.16000000 0.180000000 0.05000000 0.04000000 0.010000000 0.050000000 0.060000000 0.0400000000 0.0600000000 0.0200000000 3.000000e-02 4.000000e-02 0.000000e+00 1.000000e-02 1.000000e-02 0.000000e+00 1.000000e-02 0.000000e+00 0.000000e+00 0.000000e+00 0.000000e+00 0.000000e+00
   18    1      2      0    0      1      -1      -1   100 0.0500000000 0.16000000 0.10000000 0.08000000 0.140000000 0.06000000 0.07000000 0.040000000 0.040000000 0.030000000 0.1000000000 0.0300000000 0.0300000000 1.000000e-02 1.000000e-02 2.000000e-02 1.000000e-02 1.000000e-02 0.000000e+00 0.000000e+00 1.000000e-02 0.000000e+00 0.000000e+00 0.000000e+00 0.000000e+00
   19    1      2      0    0      1      -1      -1   100 0.0300000000 0.27000000 0.07000000 0.02000000 0.140000000 0.16000000 0.05000000 0.040000000 0.020000000 0.020000000 0.0200000000 0.0400000000 0.0000000000 4.000000e-02 3.000000e-02 0.000000e+00 0.000000e+00 0.000000e+00 1.000000e-02 1.000000e-02 0.000000e+00 2.000000e-02 1.000000e-02 0.000000e+00 0.000000e+00
   20    1      2      0    0      1      -1      -1   100 0.0100000000 0.21000000 0.22000000 0.06000000 0.060000000 0.09000000 0.07000000 0.050000000 0.020000000 0.020000000 0.0100000000 0.0500000000 0.0300000000 3.000000e-02 3.000000e-02 1.000000e-02 0.000000e+00 1.000000e-02 0.000000e+00 1.000000e-02 0.000000e+00 0.000000e+00 0.000000e+00 1.000000e-02 0.000000e+00
   21    1      2      0    0      1      -1      -1   100 0.0200000000 0.23000000 0.11000000 0.13000000 0.040000000 0.05000000 0.09000000 0.070000000 0.070000000 0.030000000 0.0100000000 0.0300000000 0.0100000000 0.000000e+00 4.000000e-02 4.000000e-02 0.000000e+00 0.000000e+00 2.000000e-02 0.000000e+00 0.000000e+00 0.000000e+00 1.000000e-02 0.000000e+00 0.000000e+00
   22    1      2      0    0      1      -1      -1   100 0.0500000000 0.12000000 0.17000000 0.17000000 0.090000000 0.07000000 0.02000000 0.080000000 0.040000000 0.030000000 0.0200000000 0.0000000000 0.0000000000 2.000000e-02 3.000000e-02 0.000000e+00 2.000000e-02 0.000000e+00 0.000000e+00 1.000000e-02 1.000000e-02 0.000000e+00 2.000000e-02 0.000000e+00 3.000000e-02
   23    1      2      0    0      1      -1      -1   100 0.0000000000 0.12000000 0.11000000 0.14000000 0.110000000 0.15000000 0.09000000 0.040000000 0.030000000 0.020000000 0.0600000000 0.0000000000 0.0000000000 3.000000e-02 2.000000e-02 1.000000e-02 1.000000e-02 1.000000e-02 0.000000e+00 0.000000e+00 1.000000e-02 1.000000e-02 0.000000e+00 0.000000e+00 3.000000e-02
   24    1      2      0    0      1      -1      -1   100 0.0100000000 0.22000000 0.13000000 0.07000000 0.070000000 0.06000000 0.12000000 0.050000000 0.020000000 0.040000000 0.0600000000 0.0200000000 0.0100000000 1.000000e-02 0.000000e+00 3.000000e-02 2.000000e-02 0.000000e+00 1.000000e-02 1.000000e-02 1.000000e-02 1.000000e-02 0.000000e+00 0.000000e+00 2.000000e-02
   25    1      2      0    0      1      -1      -1   100 0.0400000000 0.11000000 0.20000000 0.06000000 0.070000000 0.14000000 0.05000000 0.050000000 0.010000000 0.030000000 0.0300000000 0.0400000000 0.0500000000 1.000000e-02 0.000000e+00 0.000000e+00 4.000000e-02 2.000000e-02 0.000000e+00 0.000000e+00 1.000000e-02 0.000000e+00 0.000000e+00 1.000000e-02 3.000000e-02
   26    1      2      0    0      1      -1      -1   100 0.0600000000 0.27000000 0.09000000 0.09000000 0.040000000 0.04000000 0.08000000 0.060000000 0.070000000 0.040000000 0.0100000000 0.0500000000 0.0400000000 1.000000e-02 2.000000e-02 1.000000e-02 0.000000e+00 1.000000e-02 0.000000e+00 1.000000e-02 0.000000e+00 0.000000e+00 0.000000e+00 0.000000e+00 0.000000e+00
   27    1      2      0    0      1      -1      -1   100 0.0600000000 0.13000000 0.19000000 0.13000000 0.120000000 0.06000000 0.05000000 0.040000000 0.060000000 0.050000000 0.0100000000 0.0100000000 0.0300000000 3.000000e-02 0.000000e+00 1.000000e-02 0.000000e+00 0.000000e+00 0.000000e+00 0.000000e+00 0.000000e+00 0.000000e+00 0.000000e+00 0.000000e+00 2.000000e-02
   28    1      2      0    0      1      -1      -1   100 0.0400000000 0.29000000 0.15000000 0.07000000 0.080000000 0.12000000 0.05000000 0.010000000 0.070000000 0.010000000 0.0400000000 0.0200000000 0.0000000000 0.000000e+00 0.000000e+00 2.000000e-02 0.000000e+00 0.000000e+00 0.000000e+00 1.000000e-02 2.000000e-02 0.000000e+00 0.000000e+00 0.000000e+00 0.000000e+00
   29    1      2      0    0      1      -1      -1   100 0.0700000000 0.09000000 0.21000000 0.12000000 0.110000000 0.05000000 0.08000000 0.030000000 0.030000000 0.010000000 0.0200000000 0.0500000000 0.0300000000 1.000000e-02 1.000000e-02 4.000000e-02 1.000000e-02 1.000000e-02 0.000000e+00 1.000000e-02 0.000000e+00 1.000000e-02 0.000000e+00 0.000000e+00 0.000000e+00
   30    1      2      0    0      1      -1      -1   100 0.0200000000 0.28000000 0.15000000 0.15000000 0.080000000 0.05000000 0.05000000 0.080000000 0.020000000 0.000000000 0.0300000000 0.0400000000 0.0100000000 2.000000e-02 1.000000e-02 0.000000e+00 0.000000e+00 0.000000e+00 0.000000e+00 1.000000e-02 0.000000e+00 0.000000e+00 0.000000e+00 0.000000e+00 0.000000e+00
   31    1      2      0    0      1      -1      -1   100 0.0300000000 0.17000000 0.31000000 0.09000000 0.100000000 0.04000000 0.09000000 0.040000000 0.040000000 0.010000000 0.0000000000 0.0200000000 0.0200000000 1.000000e-02 0.000000e+00 0.000000e+00 2.000000e-02 1.000000e-02 0.000000e+00 0.000000e+00 0.000000e+00 0.000000e+00 0.000000e+00 0.000000e+00 0.000000e+00
   32    1      2      0    0      1      -1      -1   100 0.0700000000 0.10000000 0.21000000 0.33000000 0.050000000 0.05000000 0.05000000 0.020000000 0.020000000 0.040000000 0.0000000000 0.0000000000 0.0100000000 1.000000e-02 1.000000e-02 0.000000e+00 0.000000e+00 1.000000e-02 0.000000e+00 1.000000e-02 0.000000e+00 0.000000e+00 0.000000e+00 0.000000e+00 1.000000e-02
   33    1      2      0    0      1      -1      -1   100 0.0500000000 0.14000000 0.05000000 0.18000000 0.140000000 0.06000000 0.09000000 0.060000000 0.090000000 0.040000000 0.0000000000 0.0200000000 0.0100000000 1.000000e-02 2.000000e-02 2.000000e-02 0.000000e+00 0.000000e+00 1.000000e-02 0.000000e+00 0.000000e+00 0.000000e+00 0.000000e+00 0.000000e+00 1.000000e-02
   34    1      2      0    0      1      -1      -1   100 0.0700000000 0.13000000 0.12000000 0.04000000 0.140000000 0.16000000 0.06000000 0.050000000 0.040000000 0.040000000 0.0300000000 0.0600000000 0.0000000000 0.000000e+00 2.000000e-02 0.000000e+00 2.000000e-02 0.000000e+00 0.000000e+00 0.000000e+00 0.000000e+00 1.000000e-02 0.000000e+00 0.000000e+00 1.000000e-02
   35    1      2      0    0      1      -1      -1   100 0.0400000000 0.19000000 0.16000000 0.09000000 0.040000000 0.12000000 0.12000000 0.020000000 0.040000000 0.040000000 0.0100000000 0.0100000000 0.0300000000 1.000000e-02 2.000000e-02 0.000000e+00 1.000000e-02 1.000000e-02 0.000000e+00 1.000000e-02 2.000000e-02 0.000000e+00 0.000000e+00 0.000000e+00 1.000000e-02
   36    1      2      0    0      1      -1      -1   100 0.0400000000 0.16000000 0.20000000 0.15000000 0.060000000 0.03000000 0.08000000 0.100000000 0.020000000 0.030000000 0.0300000000 0.0100000000 0.0300000000 1.000000e-02 0.000000e+00 1.000000e-02 1.000000e-02 1.000000e-02 0.000000e+00 0.000000e+00 0.000000e+00 0.000000e+00 0.000000e+00 0.000000e+00 2.000000e-02
   37    1      2      0    0      1      -1      -1   100 0.0200000000 0.25000000 0.11000000 0.13000000 0.070000000 0.07000000 0.04000000 0.050000000 0.100000000 0.040000000 0.0300000000 0.0200000000 0.0100000000 2.000000e-02 0.000000e+00 3.000000e-02 0.000000e+00 0.000000e+00 0.000000e+00 0.000000e+00 0.000000e+00 0.000000e+00 0.000000e+00 0.000000e+00 1.000000e-02
   38    1      2      0    0      1      -1      -1   100 0.0300000000 0.08000000 0.26000000 0.08000000 0.080000000 0.06000000 0.06000000 0.040000000 0.050000000 0.110000000 0.0000000000 0.0300000000 0.0400000000 1.000000e-02 1.000000e-02 0.000000e+00 0.000000e+00 0.000000e+00 2.000000e-02 1.000000e-02 0.000000e+00 2.000000e-02 0.000000e+00 0.000000e+00 1.000000e-02
   39    1      2      0    0      1      -1      -1   100 0.0700000000 0.18000000 0.16000000 0.16000000 0.080000000 0.07000000 0.06000000 0.070000000 0.020000000 0.040000000 0.0300000000 0.0100000000 0.0000000000 2.000000e-02 0.000000e+00 0.000000e+00 1.000000e-02 0.000000e+00 1.000000e-02 1.000000e-02 0.000000e+00 0.000000e+00 0.000000e+00 0.000000e+00 0.000000e+00
   40    1      2      0    0      1      -1      -1   100 0.0500000000 0.23000000 0.13000000 0.16000000 0.170000000 0.02000000 0.05000000 0.030000000 0.040000000 0.020000000 0.0400000000 0.0200000000 0.0100000000 0.000000e+00 0.000000e+00 0.000000e+00 1.000000e-02 1.000000e-02 0.000000e+00 0.000000e+00 0.000000e+00 0.000000e+00 0.000000e+00 0.000000e+00 1.000000e-02
   41    1      2      0    0      1      -1      -1   100 0.0400000000 0.13000000 0.19000000 0.12000000 0.120000000 0.15000000 0.04000000 0.030000000 0.010000000 0.000000000 0.0200000000 0.0300000000 0.0500000000 2.000000e-02 2.000000e-02 1.000000e-02 1.000000e-02 0.000000e+00 0.000000e+00 0.000000e+00 1.000000e-02 0.000000e+00 0.000000e+00 0.000000e+00 0.000000e+00
   42    1      2      0    0      1      -1      -1   100 0.1100000000 0.15000000 0.12000000 0.14000000 0.080000000 0.09000000 0.06000000 0.040000000 0.080000000 0.020000000 0.0100000000 0.0200000000 0.0300000000 2.000000e-02 1.000000e-02 0.000000e+00 0.000000e+00 1.000000e-02 0.000000e+00 0.000000e+00 0.000000e+00 0.000000e+00 0.000000e+00 0.000000e+00 1.000000e-02
   43    1      2      0    0      1      -1      -1   100 0.0300000000 0.21000000 0.16000000 0.04000000 0.150000000 0.07000000 0.04000000 0.110000000 0.030000000 0.020000000 0.0400000000 0.0100000000 0.0100000000 2.000000e-02 3.000000e-02 1.000000e-02 1.000000e-02 0.000000e+00 0.000000e+00 1.000000e-02 0.000000e+00 0.000000e+00 0.000000e+00 0.000000e+00 0.000000e+00
   44    1      2      0    0      1      -1      -1   100 0.0400000000 0.19000000 0.24000000 0.13000000 0.050000000 0.12000000 0.03000000 0.020000000 0.030000000 0.020000000 0.0300000000 0.0400000000 0.0000000000 1.000000e-02 0.000000e+00 1.000000e-02 1.000000e-02 0.000000e+00 0.000000e+00 0.000000e+00 0.000000e+00 3.000000e-02 0.000000e+00 0.000000e+00 0.000000e+00
   45    1      2      0    0      1      -1      -1   100 0.0900000000 0.15000000 0.10000000 0.19000000 0.120000000 0.05000000 0.08000000 0.020000000 0.030000000 0.060000000 0.0300000000 0.0300000000 0.0200000000 2.000000e-02 0.000000e+00 0.000000e+00 1.000000e-02 0.000000e+00 0.000000e+00 0.000000e+00 0.000000e+00 0.000000e+00 0.000000e+00 0.000000e+00 0.000000e+00
   46    1      2      0    0      1      -1      -1   100 0.0300000000 0.29000000 0.13000000 0.07000000 0.110000000 0.13000000 0.08000000 0.020000000 0.030000000 0.000000000 0.0200000000 0.0300000000 0.0100000000 0.000000e+00 1.000000e-02 2.000000e-02 0.000000e+00 1.000000e-02 1.000000e-02 0.000000e+00 0.000000e+00 0.000000e+00 0.000000e+00 0.000000e+00 0.000000e+00
   47    1      2      0    0      1      -1      -1   100 0.1100000000 0.22000000 0.16000000 0.22000000 0.050000000 0.06000000 0.03000000 0.000000000 0.040000000 0.030000000 0.0200000000 0.0200000000 0.0100000000 0.000000e+00 1.000000e-02 1.000000e-02 0.000000e+00 0.000000e+00 1.000000e-02 0.000000e+00 0.000000e+00 0.000000e+00 0.000000e+00 0.000000e+00 0.000000e+00
   48    1      2      0    0      1      -1      -1   100 0.0500000000 0.39000000 0.06000000 0.16000000 0.080000000 0.03000000 0.07000000 0.040000000 0.010000000 0.030000000 0.0200000000 0.0000000000 0.0100000000 1.000000e-02 1.000000e-02 1.000000e-02 0.000000e+00 0.000000e+00 1.000000e-02 1.000000e-02 0.000000e+00 0.000000e+00 0.000000e+00 0.000000e+00 0.000000e+00
   49    1      2      0    0      1      -1      -1   100 0.0200000000 0.20000000 0.36000000 0.05000000 0.130000000 0.07000000 0.02000000 0.020000000 0.040000000 0.000000000 0.0200000000 0.0200000000 0.0100000000 0.000000e+00 1.000000e-02 1.000000e-02 0.000000e+00 0.000000e+00 0.000000e+00 1.000000e-02 0.000000e+00 0.000000e+00 0.000000e+00 1.000000e-02 0.000000e+00
   50    1      2      0    0      1      -1      -1   100 0.0100000000 0.12000000 0.23000000 0.30000000 0.060000000 0.07000000 0.09000000 0.020000000 0.070000000 0.010000000 0.0000000000 0.0000000000 0.0000000000 0.000000e+00 2.000000e-02 0.000000e+00 0.000000e+00 0.000000e+00 0.000000e+00 0.000000e+00 0.000000e+00 0.000000e+00 0.000000e+00 0.000000e+00 0.000000e+00
   51    1      2      0    0      1      -1      -1   100 0.0600000000 0.10000000 0.19000000 0.19000000 0.190000000 0.06000000 0.08000000 0.040000000 0.020000000 0.010000000 0.0100000000 0.0100000000 0.0000000000 0.000000e+00 1.000000e-02 0.000000e+00 1.000000e-02 0.000000e+00 0.000000e+00 1.000000e-02 0.000000e+00 0.000000e+00 1.000000e-02 0.000000e+00 0.000000e+00
   52    1      2      0    0      1      -1      -1   100 0.0700000000 0.16000000 0.13000000 0.10000000 0.200000000 0.16000000 0.05000000 0.050000000 0.010000000 0.010000000 0.0000000000 0.0100000000 0.0100000000 0.000000e+00 0.000000e+00 0.000000e+00 2.000000e-02 0.000000e+00 0.000000e+00 1.000000e-02 0.000000e+00 0.000000e+00 1.000000e-02 0.000000e+00 0.000000e+00
   53    1      2      0    0      1      -1      -1   100 0.0500000000 0.21000000 0.14000000 0.06000000 0.130000000 0.14000000 0.10000000 0.030000000 0.030000000 0.020000000 0.0200000000 0.0000000000 0.0000000000 2.000000e-02 4.000000e-02 0.000000e+00 0.000000e+00 0.000000e+00 1.000000e-02 0.000000e+00 0.000000e+00 0.000000e+00 0.000000e+00 0.000000e+00 0.000000e+00
   54    1      2      0    0      1      -1      -1   100 0.0200000000 0.26000000 0.23000000 0.10000000 0.020000000 0.04000000 0.13000000 0.040000000 0.010000000 0.040000000 0.0400000000 0.0300000000 0.0000000000 1.000000e-02 0.000000e+00 1.000000e-02 0.000000e+00 1.000000e-02 0.000000e+00 0.000000e+00 0.000000e+00 1.000000e-02 0.000000e+00 0.000000e+00 0.000000e+00
   55    1      2      0    0      1      -1      -1   100 0.0800000000 0.17000000 0.22000000 0.13000000 0.070000000 0.04000000 0.08000000 0.070000000 0.080000000 0.010000000 0.0000000000 0.0000000000 0.0000000000 3.000000e-02 0.000000e+00 0.000000e+00 0.000000e+00 0.000000e+00 1.000000e-02 0.000000e+00 0.000000e+00 0.000000e+00 0.000000e+00 0.000000e+00 1.000000e-02
   56    1      2      0    0      1      -1      -1   100 0.0400000000 0.22000000 0.09000000 0.21000000 0.160000000 0.00000000 0.04000000 0.050000000 0.090000000 0.040000000 0.0100000000 0.0200000000 0.0100000000 0.000000e+00 1.000000e-02 0.000000e+00 1.000000e-02 0.000000e+00 0.000000e+00 0.000000e+00 0.000000e+00 0.000000e+00 0.000000e+00 0.000000e+00 0.000000e+00
   57    1      2      0    0      1      -1      -1   100 0.0500000000 0.21000000 0.22000000 0.09000000 0.070000000 0.11000000 0.03000000 0.030000000 0.050000000 0.030000000 0.0400000000 0.0100000000 0.0200000000 1.000000e-02 0.000000e+00 0.000000e+00 1.000000e-02 0.000000e+00 0.000000e+00 1.000000e-02 0.000000e+00 1.000000e-02 0.000000e+00 0.000000e+00 0.000000e+00
   58    1      2      0    0      1      -1      -1   100 0.0300000000 0.16000000 0.22000000 0.21000000 0.110000000 0.10000000 0.08000000 0.000000000 0.020000000 0.010000000 0.0200000000 0.0300000000 0.0000000000 0.000000e+00 0.000000e+00 0.000000e+00 0.000000e+00 0.000000e+00 1.000000e-02 0.000000e+00 0.000000e+00 0.000000e+00 0.000000e+00 0.000000e+00 0.000000e+00
   59    1      2      0    0      1      -1      -1   100 0.0700000000 0.13000000 0.13000000 0.13000000 0.170000000 0.16000000 0.07000000 0.050000000 0.010000000 0.010000000 0.0100000000 0.0300000000 0.0100000000 0.000000e+00 1.000000e-02 0.000000e+00 1.000000e-02 0.000000e+00 0.000000e+00 0.000000e+00 0.000000e+00 0.000000e+00 0.000000e+00 0.000000e+00 0.000000e+00
   60    1      2      0    0      1      -1      -1   100 0.0700000000 0.22000000 0.09000000 0.12000000 0.170000000 0.08000000 0.03000000 0.050000000 0.020000000 0.040000000 0.0100000000 0.0000000000 0.0100000000 3.000000e-02 1.000000e-02 0.000000e+00 0.000000e+00 2.000000e-02 0.000000e+00 0.000000e+00 0.000000e+00 2.000000e-02 1.000000e-02 0.000000e+00 0.000000e+00
   61    1      2      0    0      1      -1      -1   100 0.0400000000 0.25000000 0.21000000 0.09000000 0.050000000 0.12000000 0.08000000 0.020000000 0.060000000 0.030000000 0.0100000000 0.0100000000 0.0100000000 1.000000e-02 1.000000e-02 0.000000e+00 0.000000e+00 0.000000e+00 0.000000e+00 0.000000e+00 0.000000e+00 0.000000e+00 0.000000e+00 0.000000e+00 0.000000e+00
   62    1      2      0    0      1      -1      -1   100 0.0200000000 0.15000000 0.23000000 0.17000000 0.050000000 0.05000000 0.10000000 0.060000000 0.020000000 0.020000000 0.0400000000 0.0200000000 0.0100000000 1.000000e-02 2.000000e-02 1.000000e-02 0.000000e+00 0.000000e+00 1.000000e-02 0.000000e+00 0.000000e+00 1.000000e-02 0.000000e+00 0.000000e+00 0.000000e+00
   63    1      2      0    0      1      -1      -1   100 0.0400000000 0.04000000 0.13000000 0.18000000 0.160000000 0.04000000 0.10000000 0.080000000 0.040000000 0.040000000 0.0300000000 0.0300000000 0.0100000000 0.000000e+00 1.000000e-02 2.000000e-02 0.000000e+00 1.000000e-02 0.000000e+00 1.000000e-02 0.000000e+00 1.000000e-02 0.000000e+00 0.000000e+00 2.000000e-02
   64    1      2      0    0      1      -1      -1   100 0.0600000000 0.13000000 0.22000000 0.12000000 0.110000000 0.11000000 0.05000000 0.030000000 0.040000000 0.040000000 0.0000000000 0.0300000000 0.0000000000 0.000000e+00 1.000000e-02 0.000000e+00 0.000000e+00 2.000000e-02 0.000000e+00 0.000000e+00 1.000000e-02 0.000000e+00 0.000000e+00 1.000000e-02 1.000000e-02
   65    1      2      0    0      1      -1      -1   100 0.0400000000 0.26000000 0.11000000 0.11000000 0.060000000 0.09000000 0.10000000 0.040000000 0.050000000 0.050000000 0.0200000000 0.0200000000 0.0200000000 1.000000e-02 0.000000e+00 0.000000e+00 0.000000e+00 0.000000e+00 0.000000e+00 0.000000e+00 1.000000e-02 0.000000e+00 1.000000e-02 0.000000e+00 0.000000e+00
   66    1      2      0    0      1      -1      -1   100 0.0200000000 0.17000000 0.22000000 0.14000000 0.100000000 0.06000000 0.05000000 0.050000000 0.010000000 0.050000000 0.0300000000 0.0200000000 0.0200000000 2.000000e-02 1.000000e-02 0.000000e+00 0.000000e+00 2.000000e-02 0.000000e+00 1.000000e-02 0.000000e+00 0.000000e+00 0.000000e+00 0.000000e+00 0.000000e+00
   67    1      2      0    0      1      -1      -1   100 0.0200000000 0.36000000 0.13000000 0.17000000 0.120000000 0.04000000 0.03000000 0.040000000 0.020000000 0.000000000 0.0100000000 0.0200000000 0.0200000000 0.000000e+00 0.000000e+00 0.000000e+00 0.000000e+00 1.000000e-02 0.000000e+00 1.000000e-02 0.000000e+00 0.000000e+00 0.000000e+00 0.000000e+00 0.000000e+00
   68    1      2      0    0      1      -1      -1   100 0.0400000000 0.10000000 0.27000000 0.17000000 0.100000000 0.05000000 0.04000000 0.040000000 0.030000000 0.010000000 0.0000000000 0.0200000000 0.0500000000 2.000000e-02 1.000000e-02 0.000000e+00 2.000000e-02 0.000000e+00 0.000000e+00 0.000000e+00 2.000000e-02 0.000000e+00 0.000000e+00 1.000000e-02 0.000000e+00
   69    1      2      0    0      1      -1      -1   100 0.0900000000 0.10000000 0.14000000 0.28000000 0.170000000 0.06000000 0.03000000 0.030000000 0.010000000 0.000000000 0.0200000000 0.0000000000 0.0100000000 1.000000e-02 1.000000e-02 0.000000e+00 2.000000e-02 0.000000e+00 0.000000e+00 0.000000e+00 0.000000e+00 1.000000e-02 1.000000e-02 0.000000e+00 0.000000e+00
   70    1      2      0    0      1      -1      -1   100 0.1000000000 0.28000000 0.04000000 0.14000000 0.160000000 0.12000000 0.03000000 0.030000000 0.020000000 0.010000000 0.0100000000 0.0200000000 0.0000000000 0.000000e+00 0.000000e+00 1.000000e-02 1.000000e-02 1.000000e-02 1.000000e-02 0.000000e+00 0.000000e+00 0.000000e+00 0.000000e+00 0.000000e+00 0.000000e+00
   71    1      2      0    0      1      -1      -1   100 0.0200000000 0.35000000 0.21000000 0.06000000 0.050000000 0.10000000 0.05000000 0.030000000 0.020000000 0.010000000 0.0200000000 0.0100000000 0.0100000000 0.000000e+00 2.000000e-02 0.000000e+00 1.000000e-02 0.000000e+00 0.000000e+00 0.000000e+00 1.000000e-02 0.000000e+00 1.000000e-02 1.000000e-02 0.000000e+00
   72    1      2      0    0      1      -1      -1   100 0.0600000000 0.33000000 0.16000000 0.12000000 0.050000000 0.08000000 0.06000000 0.010000000 0.050000000 0.020000000 0.0300000000 0.0000000000 0.0100000000 0.000000e+00 0.000000e+00 1.000000e-02 0.000000e+00 0.000000e+00 0.000000e+00 0.000000e+00 1.000000e-02 0.000000e+00 0.000000e+00 0.000000e+00 0.000000e+00
   73    1      2      0    0      1      -1      -1   100 0.0300000000 0.36000000 0.13000000 0.08000000 0.090000000 0.01000000 0.03000000 0.040000000 0.050000000 0.060000000 0.0100000000 0.0000000000 0.0200000000 2.000000e-02 1.000000e-02 0.000000e+00 1.000000e-02 3.000000e-02 0.000000e+00 0.000000e+00 0.000000e+00 1.000000e-02 0.000000e+00 0.000000e+00 1.000000e-02
   74    1      2      0    0      1      -1      -1   100 0.0500000000 0.21000000 0.22000000 0.13000000 0.080000000 0.09000000 0.00000000 0.040000000 0.060000000 0.020000000 0.0400000000 0.0100000000 0.0000000000 1.000000e-02 1.000000e-02 0.000000e+00 0.000000e+00 0.000000e+00 0.000000e+00 0.000000e+00 0.000000e+00 0.000000e+00 2.000000e-02 0.000000e+00 1.000000e-02
   75    1      2      0    0      1      -1      -1   100 0.0700000000 0.28000000 0.16000000 0.15000000 0.080000000 0.12000000 0.04000000 0.020000000 0.010000000 0.050000000 0.0100000000 0.0000000000 0.0000000000 0.000000e+00 0.000000e+00 0.000000e+00 0.000000e+00 0.000000e+00 1.000000e-02 0.000000e+00 0.000000e+00 0.000000e+00 0.000000e+00 0.000000e+00 0.000000e+00
   76    1      2      0    0      1      -1      -1   100 0.0400000000 0.19000000 0.16000000 0.13000000 0.110000000 0.09000000 0.15000000 0.030000000 0.010000000 0.000000000 0.0300000000 0.0200000000 0.0100000000 2.000000e-02 0.000000e+00 0.000000e+00 0.000000e+00 0.000000e+00 0.000000e+00 0.000000e+00 0.000000e+00 0.000000e+00 0.000000e+00 1.000000e-02 0.000000e+00
   77    1      2      0    0      1      -1      -1   100 0.0100000000 0.15000000 0.13000000 0.18000000 0.110000000 0.17000000 0.07000000 0.060000000 0.010000000 0.010000000 0.0300000000 0.0400000000 0.0100000000 0.000000e+00 0.000000e+00 0.000000e+00 1.000000e-02 0.000000e+00 0.000000e+00 0.000000e+00 1.000000e-02 0.000000e+00 0.000000e+00 0.000000e+00 0.000000e+00
   78    1      2      0    0      1      -1      -1   100 0.0500000000 0.19000000 0.17000000 0.12000000 0.140000000 0.09000000 0.07000000 0.070000000 0.060000000 0.020000000 0.0000000000 0.0100000000 0.0000000000 1.000000e-02 0.000000e+00 0.000000e+00 0.000000e+00 0.000000e+00 0.000000e+00 0.000000e+00 0.000000e+00 0.000000e+00 0.000000e+00 0.000000e+00 0.000000e+00
   79    1      2      0    0      1      -1      -1   100 0.0500000000 0.12000000 0.25000000 0.07000000 0.080000000 0.07000000 0.08000000 0.080000000 0.040000000 0.060000000 0.0400000000 0.0000000000 0.0000000000 3.000000e-02 0.000000e+00 1.000000e-02 0.000000e+00 1.000000e-02 0.000000e+00 1.000000e-02 0.000000e+00 0.000000e+00 0.000000e+00 0.000000e+00 0.000000e+00
   80    1      2      0    0      1      -1      -1   100 0.0800000000 0.17000000 0.16000000 0.18000000 0.110000000 0.11000000 0.04000000 0.050000000 0.010000000 0.030000000 0.0100000000 0.0200000000 0.0100000000 0.000000e+00 1.000000e-02 0.000000e+00 0.000000e+00 0.000000e+00 1.000000e-02 0.000000e+00 0.000000e+00 0.000000e+00 0.000000e+00 0.000000e+00 0.000000e+00
   81    1      2      0    0      1      -1      -1   100 0.0400000000 0.24000000 0.15000000 0.18000000 0.110000000 0.11000000 0.03000000 0.060000000 0.020000000 0.020000000 0.0300000000 0.0000000000 0.0000000000 0.000000e+00 0.000000e+00 0.000000e+00 0.000000e+00 0.000000e+00 0.000000e+00 1.000000e-02 0.000000e+00 0.000000e+00 0.000000e+00 0.000000e+00 0.000000e+00
   82    1      2      0    0      1      -1      -1   100 0.0500000000 0.16000000 0.20000000 0.12000000 0.100000000 0.07000000 0.06000000 0.090000000 0.040000000 0.030000000 0.0100000000 0.0200000000 0.0100000000 2.000000e-02 1.000000e-02 0.000000e+00 0.000000e+00 0.000000e+00 0.000000e+00 0.000000e+00 0.000000e+00 1.000000e-02 0.000000e+00 0.000000e+00 0.000000e+00
   83    1      2      0    0      1      -1      -1   100 0.0800000000 0.17000000 0.11000000 0.15000000 0.060000000 0.12000000 0.10000000 0.030000000 0.040000000 0.040000000 0.0500000000 0.0200000000 0.0000000000 0.000000e+00 1.000000e-02 0.000000e+00 0.000000e+00 1.000000e-02 1.000000e-02 0.000000e+00 0.000000e+00 0.000000e+00 0.000000e+00 0.000000e+00 0.000000e+00
   84    1      2      0    0      1      -1      -1   100 0.0800000000 0.28000000 0.09000000 0.14000000 0.110000000 0.06000000 0.10000000 0.020000000 0.030000000 0.000000000 0.0300000000 0.0200000000 0.0100000000 0.000000e+00 0.000000e+00 2.000000e-02 0.000000e+00 0.000000e+00 1.000000e-02 0.000000e+00 0.000000e+00 0.000000e+00 0.000000e+00 0.000000e+00 0.000000e+00
   85    1      2      0    0      1      -1      -1   100 0.0200000000 0.25000000 0.21000000 0.06000000 0.070000000 0.19000000 0.07000000 0.010000000 0.040000000 0.020000000 0.0100000000 0.0400000000 0.0000000000 1.000000e-02 0.000000e+00 0.000000e+00 0.000000e+00 0.000000e+00 0.000000e+00 0.000000e+00 0.000000e+00 0.000000e+00 0.000000e+00 0.000000e+00 0.000000e+00
   86    1      2      0    0      1      -1      -1   100 0.0300000000 0.11000000 0.21000000 0.17000000 0.090000000 0.07000000 0.09000000 0.050000000 0.030000000 0.060000000 0.0100000000 0.0100000000 0.0200000000 2.000000e-02 3.000000e-02 0.000000e+00 0.000000e+00 0.000000e+00 0.000000e+00 0.000000e+00 0.000000e+00 0.000000e+00 0.000000e+00 0.000000e+00 0.000000e+00
   87    1      2      0    0      1      -1      -1   100 0.0700000000 0.17000000 0.15000000 0.19000000 0.110000000 0.07000000 0.05000000 0.040000000 0.030000000 0.020000000 0.0100000000 0.0100000000 0.0200000000 2.000000e-02 0.000000e+00 1.000000e-02 1.000000e-02 0.000000e+00 0.000000e+00 0.000000e+00 0.000000e+00 0.000000e+00 0.000000e+00 0.000000e+00 2.000000e-02
   88    1      2      0    0      1      -1      -1   100 0.0200000000 0.39000000 0.13000000 0.10000000 0.120000000 0.05000000 0.04000000 0.010000000 0.040000000 0.000000000 0.0200000000 0.0100000000 0.0200000000 1.000000e-02 1.000000e-02 0.000000e+00 0.000000e+00 1.000000e-02 0.000000e+00 0.000000e+00 0.000000e+00 0.000000e+00 1.000000e-02 0.000000e+00 1.000000e-02
   89    1      2      0    0      1      -1      -1   100 0.0400000000 0.15000000 0.33000000 0.18000000 0.060000000 0.03000000 0.05000000 0.060000000 0.030000000 0.000000000 0.0000000000 0.0400000000 0.0100000000 2.000000e-02 0.000000e+00 0.000000e+00 0.000000e+00 0.000000e+00 0.000000e+00 0.000000e+00 0.000000e+00 0.000000e+00 0.000000e+00 0.000000e+00 0.000000e+00
   90    1      2      0    0      1      -1      -1   100 0.0300000000 0.14000000 0.18000000 0.14000000 0.140000000 0.05000000 0.10000000 0.060000000 0.000000000 0.060000000 0.0000000000 0.0000000000 0.0300000000 0.000000e+00 2.000000e-02 0.000000e+00 0.000000e+00 0.000000e+00 0.000000e+00 1.000000e-02 1.000000e-02 0.000000e+00 0.000000e+00 1.000000e-02 2.000000e-02
   91    1      2      0    0      1      -1      -1   100 0.0500000000 0.15000000 0.20000000 0.10000000 0.170000000 0.09000000 0.07000000 0.070000000 0.030000000 0.030000000 0.0100000000 0.0100000000 0.0000000000 1.000000e-02 0.000000e+00 0.000000e+00 0.000000e+00 0.000000e+00 1.000000e-02 0.000000e+00 0.000000e+00 0.000000e+00 0.000000e+00 0.000000e+00 0.000000e+00
   92    1      2      0    0      1      -1      -1   100 0.0300000000 0.17000000 0.15000000 0.17000000 0.110000000 0.09000000 0.06000000 0.070000000 0.010000000 0.040000000 0.0300000000 0.0300000000 0.0300000000 0.000000e+00 0.000000e+00 0.000000e+00 0.000000e+00 1.000000e-02 0.000000e+00 0.000000e+00 0.000000e+00 0.000000e+00 0.000000e+00 0.000000e+00 0.000000e+00
   93    1      2      0    0      1      -1      -1   100 0.1100000000 0.09000000 0.11000000 0.14000000 0.120000000 0.09000000 0.18000000 0.050000000 0.020000000 0.030000000 0.0300000000 0.0000000000 0.0000000000 2.000000e-02 0.000000e+00 1.000000e-02 0.000000e+00 0.000000e+00 0.000000e+00 0.000000e+00 0.000000e+00 0.000000e+00 0.000000e+00 0.000000e+00 0.000000e+00
   94    1      2      0    0      1      -1      -1   100 0.0100000000 0.36000000 0.08000000 0.10000000 0.070000000 0.06000000 0.03000000 0.090000000 0.020000000 0.040000000 0.0300000000 0.0600000000 0.0000000000 1.000000e-02 1.000000e-02 0.000000e+00 1.000000e-02 0.000000e+00 1.000000e-02 0.000000e+00 0.000000e+00 0.000000e+00 0.000000e+00 1.000000e-02 0.000000e+00
   95    1      2      0    0      1      -1      -1   100 0.0700000000 0.18000000 0.37000000 0.07000000 0.050000000 0.03000000 0.03000000 0.070000000 0.040000000 0.030000000 0.0000000000 0.0300000000 0.0000000000 0.000000e+00 0.000000e+00 1.000000e-02 0.000000e+00 0.000000e+00 0.000000e+00 1.000000e-02 0.000000e+00 0.000000e+00 0.000000e+00 0.000000e+00 1.000000e-02
   96    1      2      0    0      1      -1      -1   100 0.0400000000 0.22000000 0.14000000 0.30000000 0.040000000 0.03000000 0.02000000 0.040000000 0.030000000 0.030000000 0.0200000000 0.0200000000 0.0200000000 0.000000e+00 1.000000e-02 0.000000e+00 1.000000e-02 1.000000e-02 0.000000e+00 0.000000e+00 0.000000e+00 0.000000e+00 1.000000e-02 1.000000e-02 0.000000e+00
   97    1      2      0    0      1      -1      -1   100 0.0800000000 0.10000000 0.08000000 0.05000000 0.300000000 0.09000000 0.06000000 0.020000000 0.060000000 0.020000000 0.0400000000 0.0200000000 0.0100000000 1.000000e-02 2.000000e-02 0.000000e+00 1.000000e-02 2.000000e-02 0.000000e+00 0.000000e+00 0.000000e+00 0.000000e+00 0.000000e+00 1.000000e-02 0.000000e+00
   98    1      2      0    0      1      -1      -1   100 0.0100000000 0.19000000 0.10000000 0.08000000 0.060000000 0.20000000 0.03000000 0.040000000 0.070000000 0.040000000 0.0200000000 0.0600000000 0.0100000000 2.000000e-02 2.000000e-02 0.000000e+00 0.000000e+00 0.000000e+00 2.000000e-02 1.000000e-02 0.000000e+00 1.000000e-02 0.000000e+00 1.000000e-02 0.000000e+00
   99    1      2      0    0      1      -1      -1   100 0.0900000000 0.22000000 0.22000000 0.06000000 0.060000000 0.05000000 0.09000000 0.030000000 0.010000000 0.020000000 0.0400000000 0.0000000000 0.0200000000 3.000000e-02 1.000000e-02 0.000000e+00 0.000000e+00 2.000000e-02 1.000000e-02 1.000000e-02 0.000000e+00 1.000000e-02 0.000000e+00 0.000000e+00 0.000000e+00
  100    1      2      0    0      1      -1      -1   100 0.0500000000 0.29000000 0.22000000 0.09000000 0.020000000 0.06000000 0.04000000 0.100000000 0.020000000 0.020000000 0.0300000000 0.0100000000 0.0000000000 0.000000e+00 0.000000e+00 3.000000e-02 1.000000e-02 0.000000e+00 0.000000e+00 0.000000e+00 1.000000e-02 0.000000e+00 0.000000e+00 0.000000e+00 0.000000e+00
0 #_N_MeanSize_at_Age_obs
0 #_N_environ_variables
0 #_N_environ_obs
0 #_N_sizefreq_methods
0 #_do_tags
0 #_morphcomp_data
#
999
