#C data file created using the SS_writedat function in the R package r4ss
#C should work with SS version: 
#C file write time: 2014-11-06 10:46:19
#
1 #_styr
100 #_endyr
1 #_nseas
12 #_months_per_seas
1 #_spawn_seas
1 #_Nfleet
2 #_Nsurveys
1 #_N_areas
Fishery%Survey%CPUE #_fleetnames
0.5 0.5 0.5 #_surveytiming_in_season
1 1 1 #_area_assignments_for_each_fishery_and_survey
1 #_units of catch:  1=bio; 2=num
0.01 #_se of log(catch) only used for init_eq_catch and for Fmethod 2 and 3
1 #_Ngenders
25 #_Nages
0 #_init_equil_catch_for_each_fishery
100 #_N_lines_of_catch_to_read
 #_Fishery year seas
         0    1    1
         0    2    1
         0    3    1
         0    4    1
         0    5    1
         0    6    1
         0    7    1
         0    8    1
         0    9    1
         0   10    1
         0   11    1
         0   12    1
         0   13    1
         0   14    1
         0   15    1
         0   16    1
         0   17    1
         0   18    1
         0   19    1
         0   20    1
         0   21    1
         0   22    1
         0   23    1
         0   24    1
         0   25    1
 286096000   26    1
 267572000   27    1
 250796000   28    1
 233529000   29    1
 223273000   30    1
 219444000   31    1
 210697000   32    1
 201793000   33    1
 194950000   34    1
 189969000   35    1
 183580000   36    1
 179051000   37    1
 174865000   38    1
 170190000   39    1
 164848000   40    1
 159765000   41    1
 157773000   42    1
 156834000   43    1
 153925000   44    1
 154050000   45    1
 155337000   46    1
 155676000   47    1
 153898000   48    1
 152397000   49    1
 152296000   50    1
 155534000   51    1
 161488000   52    1
 164058000   53    1
 167265000   54    1
 169915000   55    1
 169778000   56    1
 169033000   57    1
 169607000   58    1
 171377000   59    1
 170936000   60    1
 170008000   61    1
 168334000   62    1
 165691000   63    1
 164837000   64    1
 160796000   65    1
 152435000   66    1
 144885000   67    1
 141366000   68    1
 140884000   69    1
 141920000   70    1
 141551000   71    1
 143663000   72    1
 145674000   73    1
 149821000   74    1
 154051000   75    1
 155455000   76    1
 154415000   77    1
 153961000   78    1
 154348000   79    1
 152041000   80    1
 147867000   81    1
 143077000   82    1
 136742000   83    1
 133247000   84    1
 135192000   85    1
 136522000   86    1
 135936000   87    1
 135142000   88    1
 136230000   89    1
 138225000   90    1
 143472000   91    1
 146155000   92    1
 146981000   93    1
 149062000   94    1
 149576000   95    1
 149165000   96    1
 148472000   97    1
 146555000   98    1
 144350000   99    1
 144295000  100    1
13 #_N_cpue
 #_Fleet Units Errtype
       1     1       0
       2     1       0
       3     1       0
 #_year seas index        obs se_log
     76    1     2 2470823450    0.2
     78    1     2 2061348436    0.2
     80    1     2 2227801206    0.2
     82    1     2 1347640180    0.2
     84    1     2 2298524142    0.2
     86    1     2 1943803979    0.2
     88    1     2 1863129556    0.2
     90    1     2 1577284093    0.2
     92    1     2 2347766183    0.2
     94    1     2 1883454723    0.2
     96    1     2 2510914929    0.2
     98    1     2 1718033083    0.2
    100    1     2 1778940974    0.2
0 #_N_discard_fleets
#_discard_units (1=same_as_catchunits(bio/num); 2=fraction; 3=numbers)
#_discard_errtype:  >0 for DF of T-dist(read CV below); 0 for normal with CV; -1 for normal with se; -2 for lognormal
0 #_N_discard
0 #_N_meanbodywt
1 #_DF_for_meanbodywt_T-distribution_like
2 # length bin method: 1=use databins; 2=generate from binwidth,min,max below; 3=read vector
1 # binwidth for population size comp
10 # minimum size in the population (lower edge of first bin and size at age 0.00)
200 # maximum size in the population (lower edge of last bin)
-0.001 #_comp_tail_compression
1e-05 #_add_to_comp
0 #_combine males into females at or below this bin number
21 #_N_lbins
#_lbin_vector
10 53 70 83 94 101 107 111 114 117 120 123 125 127 130 132 135 138 142 148 200
0 #_N_Length_comp_observations
25 #_N_agebins
#_agebin_vector
1 2 3 4 5 6 7 8 9 10 11 12 13 14 15 16 17 18 19 20 21 22 23 24 25
1 #_N_ageerror_definitions
 #_age0   age1   age2   age3   age4   age5   age6   age7   age8   age9  age10  age11  age12  age13  age14  age15  age16  age17  age18  age19  age20  age21  age22  age23  age24  age25
 -1.000 -1.000 -1.000 -1.000 -1.000 -1.000 -1.000 -1.000 -1.000 -1.000 -1.000 -1.000 -1.000 -1.000 -1.000 -1.000 -1.000 -1.000 -1.000 -1.000 -1.000 -1.000 -1.000 -1.000 -1.000 -1.000
  0.001  0.001  0.001  0.001  0.001  0.001  0.001  0.001  0.001  0.001  0.001  0.001  0.001  0.001  0.001  0.001  0.001  0.001  0.001  0.001  0.001  0.001  0.001  0.001  0.001  0.001
198 #_N_agecomp
1 #_Lbin_method: 1=poplenbins; 2=datalenbins; 3=lengths
-1 #_combine males into females at or below this bin number
 #_Yr Seas FltSvy Gender Part Ageerr Lbin_lo Lbin_hi Nsamp          a1         a2         a3         a4         a5         a6         a7         a8         a9         a10         a11         a12         a13         a14         a15         a16          a17          a18          a19          a20          a21          a22          a23          a24          a25
    2    1      1      0    0      1      -1      -1  1000 0.004092110 0.12675817 0.16127661 0.11172192 0.10121968 0.07660605 0.07726030 0.06468094 0.04629072 0.051534997 0.027484084 0.022185154 0.028072719 0.018564521 0.018931781 0.012581863 0.0114187826 0.0060534932 1.033543e-02 9.040896e-03 1.612875e-03 3.445119e-03 1.042091e-03 8.251025e-04 0.0069645996
    3    1      1      0    0      1      -1      -1  1000 0.005561733 0.05633329 0.15146310 0.11885005 0.10958375 0.09709758 0.08922674 0.05786841 0.05952905 0.037872067 0.041489376 0.022553435 0.022679862 0.021167905 0.015627557 0.012469350 0.0132527508 0.0079423636 8.273850e-03 1.950658e-02 3.107950e-03 6.837615e-03 5.282379e-03 1.676134e-03 0.0147471367
    4    1      1      0    0      1      -1      -1  1000 0.012312052 0.10503157 0.09200996 0.16338021 0.09603873 0.11901251 0.07081480 0.07081059 0.05114575 0.045767705 0.026415593 0.030745874 0.028388531 0.020898125 0.013800430 0.008639773 0.0073333385 0.0062352658 4.454181e-03 2.695104e-03 6.312547e-03 6.283168e-03 2.230152e-03 1.059125e-03 0.0081849118
    5    1      1      0    0      1      -1      -1  1000 0.004860706 0.13959798 0.14428581 0.07889232 0.12264933 0.09812805 0.07303520 0.05618004 0.05028830 0.047426596 0.028082256 0.031713335 0.024394511 0.023227888 0.013252295 0.011758847 0.0094634622 0.0061948830 8.741023e-03 2.201098e-03 5.651416e-03 4.042484e-03 4.793532e-03 4.136438e-04 0.0107249776
    6    1      1      0    0      1      -1      -1  1000 0.014240891 0.05631552 0.16841803 0.12708551 0.05842931 0.10850292 0.08450177 0.06419495 0.05523141 0.050381065 0.044640585 0.028491415 0.020749965 0.021353703 0.018299248 0.013875877 0.0081835977 0.0129310546 1.169173e-02 6.112144e-03 5.394608e-03 2.329985e-03 2.902839e-03 5.962277e-03 0.0097795987
    7    1      1      0    0      1      -1      -1  1000 0.015112178 0.14799868 0.08595311 0.14896592 0.10355103 0.03666878 0.07065945 0.05957264 0.05744772 0.052404774 0.042607251 0.034510170 0.030787025 0.016065996 0.014461765 0.013969658 0.0158453221 0.0083934404 5.553926e-03 6.890628e-03 6.721706e-03 2.022600e-03 2.346263e-03 2.674561e-03 0.0188154067
    8    1      1      0    0      1      -1      -1  1000 0.010667531 0.11712853 0.18858183 0.06931364 0.13387121 0.05973126 0.03362100 0.05672451 0.05859124 0.045626278 0.039474052 0.036989748 0.025132417 0.022417994 0.019097160 0.022086357 0.0051060336 0.0141058644 8.828498e-03 5.199229e-03 6.803660e-03 5.887070e-03 7.572448e-04 2.159370e-03 0.0120982711
    9    1      1      0    0      1      -1      -1  1000 0.021656096 0.11500576 0.15456722 0.14639775 0.06604220 0.10160301 0.06305362 0.03887636 0.05485828 0.039791967 0.045741060 0.027506561 0.019590465 0.015326217 0.017581442 0.010457246 0.0160973529 0.0075844958 9.598285e-03 5.716720e-03 3.426757e-03 2.238154e-03 1.792267e-03 2.113036e-03 0.0133776832
   10    1      1      0    0      1      -1      -1  1000 0.030442753 0.17803360 0.15057886 0.14507387 0.10946429 0.03835283 0.07226336 0.04900807 0.02149128 0.037950347 0.027006356 0.032915164 0.018614577 0.023114221 0.010342967 0.012883128 0.0051646646 0.0056342757 8.415682e-03 3.662622e-03 2.044565e-03 4.394693e-03 2.653835e-03 9.903731e-04 0.0095036200
   11    1      1      0    0      1      -1      -1  1000 0.006717874 0.15244146 0.25358920 0.07790950 0.08605472 0.10438682 0.03453338 0.06152118 0.03877977 0.014833897 0.026232999 0.029413230 0.019238709 0.015588555 0.017650887 0.012161819 0.0087773211 0.0076400677 6.410812e-03 1.468335e-03 4.461108e-03 4.604823e-03 3.243880e-03 1.473955e-03 0.0108656907
   12    1      1      0    0      1      -1      -1  1000 0.009410626 0.07836703 0.24586890 0.19285638 0.09983381 0.06569225 0.06142772 0.02224078 0.04351272 0.023896891 0.011212611 0.024032495 0.018281321 0.020659799 0.013973069 0.012062062 0.0124817496 0.0111023221 9.030098e-04 6.576186e-03 2.373898e-03 6.943688e-03 1.084363e-03 4.100830e-03 0.0111054955
   13    1      1      0    0      1      -1      -1  1000 0.030818372 0.09463172 0.12626908 0.19473645 0.16497642 0.06673837 0.06803893 0.04919767 0.01821325 0.042975476 0.026715870 0.009121718 0.017673995 0.013638338 0.013622770 0.010730527 0.0062947390 0.0092223743 4.291185e-03 4.854462e-03 2.284895e-03 2.655610e-03 2.987198e-03 4.814403e-03 0.0144961593
   14    1      1      0    0      1      -1      -1  1000 0.013781301 0.21519918 0.11645801 0.09369328 0.15384775 0.11419535 0.04614315 0.04383799 0.04084595 0.015338474 0.025623165 0.020605537 0.011358721 0.017455815 0.015879108 0.014154634 0.0048025618 0.0088681334 4.069643e-03 1.817307e-03 2.526504e-03 5.425102e-03 1.840255e-03 3.100265e-03 0.0091328191
   15    1      1      0    0      1      -1      -1  1000 0.013214156 0.09690827 0.27512742 0.08314800 0.07646887 0.12987898 0.08633480 0.05241381 0.04340551 0.030371173 0.013567660 0.032988129 0.009614574 0.003873161 0.012098398 0.008549393 0.0051051041 0.0040940186 6.533833e-03 4.511558e-03 1.591903e-03 4.178060e-04 1.146133e-03 1.315834e-03 0.0073215033
   16    1      1      0    0      1      -1      -1  1000 0.008574686 0.15109385 0.13121370 0.21195098 0.09023526 0.06556221 0.09182518 0.07292632 0.02822511 0.027583969 0.020424070 0.006911085 0.023441710 0.008166013 0.008185098 0.008137230 0.0047113251 0.0089124319 6.037058e-03 5.533636e-03 6.608427e-03 3.093119e-03 2.789895e-03 1.857099e-04 0.0076719416
   17    1      1      0    0      1      -1      -1  1000 0.015036010 0.03788207 0.22508529 0.10537159 0.18117838 0.05601063 0.06288059 0.08253886 0.06424419 0.025164370 0.026548266 0.016354562 0.007915146 0.019324121 0.012405908 0.008356446 0.0105337752 0.0066917029 1.200781e-02 7.758170e-03 2.559737e-03 4.473234e-04 4.962163e-03 3.529596e-03 0.0052133153
   18    1      1      0    0      1      -1      -1  1000 0.015506904 0.09874202 0.06868352 0.17697160 0.10743306 0.15156398 0.07129404 0.04406131 0.07467011 0.057080892 0.018168534 0.025319128 0.019469684 0.008469359 0.021496939 0.005334240 0.0014150794 0.0051120232 8.697720e-03 3.011434e-03 3.355689e-03 1.365857e-03 1.527011e-03 4.205148e-04 0.0108293565
   19    1      1      0    0      1      -1      -1  1000 0.012593021 0.13067549 0.15999474 0.05331186 0.14761793 0.06617309 0.15241348 0.04379954 0.03922427 0.047329427 0.039138540 0.020944401 0.015062267 0.018012450 0.005865735 0.010610975 0.0045824938 0.0014151574 3.070426e-03 4.504696e-03 7.915229e-03 3.503632e-03 5.920658e-04 4.822403e-04 0.0111668451
   20    1      1      0    0      1      -1      -1  1000 0.014596149 0.12804480 0.17292148 0.11301983 0.04046830 0.13179658 0.06142333 0.10123117 0.04450465 0.026629280 0.033979998 0.034022069 0.017547707 0.009257854 0.010230694 0.006604557 0.0055093925 0.0070571502 1.929881e-03 4.456983e-03 5.337401e-03 1.615298e-03 2.934428e-03 2.464788e-03 0.0224162204
   21    1      1      0    0      1      -1      -1  1000 0.007773321 0.11247397 0.14670983 0.13443913 0.10389887 0.03368091 0.10096270 0.05238115 0.10268629 0.024795034 0.029732041 0.037834511 0.039386207 0.010402075 0.013137478 0.009078917 0.0076730946 0.0063960369 3.442977e-03 1.911582e-03 4.776141e-03 5.803859e-03 2.268505e-03 2.166469e-03 0.0061889096
   22    1      1      0    0      1      -1      -1  1000 0.010616209 0.08140374 0.12679067 0.14579114 0.13029854 0.09335263 0.03525750 0.08609737 0.04847393 0.074337573 0.025866948 0.016871111 0.028589367 0.028449908 0.008347428 0.011224787 0.0108056656 0.0043286023 6.664529e-03 2.968116e-03 5.913243e-03 2.246726e-03 1.044057e-03 3.975072e-03 0.0102851358
   23    1      1      0    0      1      -1      -1  1000 0.018888002 0.10359896 0.12680082 0.12629966 0.11772445 0.10759545 0.06870806 0.01981157 0.06106003 0.032543040 0.058225971 0.024800053 0.012587552 0.029240850 0.036080600 0.013685163 0.0073986774 0.0055508181 1.235074e-03 7.475136e-03 2.332593e-03 2.845117e-03 3.274658e-03 8.130745e-04 0.0114246400
   24    1      1      0    0      1      -1      -1  1000 0.017609182 0.11250359 0.14697878 0.08932185 0.11811735 0.08368491 0.09557760 0.05617815 0.01899430 0.059702422 0.020706321 0.053202534 0.018485030 0.010978440 0.029722633 0.019028505 0.0092892749 0.0065746334 8.778020e-03 2.083538e-03 3.106375e-04 4.475057e-03 2.367638e-03 2.952634e-03 0.0123769795
   25    1      1      0    0      1      -1      -1  1000 0.008985877 0.17550077 0.14308558 0.10694257 0.08422709 0.08812754 0.06221458 0.07255000 0.05497142 0.019226012 0.046385520 0.028151796 0.026689858 0.012170108 0.010256024 0.017867380 0.0134171116 0.0039633073 5.344142e-03 6.366537e-03 9.620538e-04 3.447118e-03 8.909422e-04 8.236039e-04 0.0074330545
   26    1      1      0    0      1      -1      -1  1000 0.014174317 0.08944825 0.22617575 0.11684903 0.08987437 0.06063766 0.08200626 0.05768413 0.05502318 0.033317027 0.007005506 0.033092281 0.014641258 0.044071071 0.009525450 0.007733379 0.0165427034 0.0107271968 5.468679e-03 3.130981e-03 7.044198e-03 2.067934e-03 3.319324e-03 2.136298e-03 0.0083037707
   27    1      1      0    0      1      -1      -1  1000 0.017695936 0.12809869 0.13907604 0.18099470 0.10283707 0.07577908 0.05291233 0.05184279 0.04036998 0.038422018 0.023984906 0.010126609 0.028969975 0.017962492 0.031030082 0.007687437 0.0089424702 0.0119210046 8.784541e-03 5.410496e-03 2.447461e-03 4.243555e-03 3.505182e-03 5.178911e-04 0.0064372595
   28    1      1      0    0      1      -1      -1  1000 0.012980762 0.08910683 0.17710802 0.10634418 0.15579065 0.09182053 0.07380485 0.03740836 0.04118521 0.032441534 0.043234945 0.021545304 0.010361620 0.017966305 0.009951488 0.019773855 0.0084481929 0.0124727920 7.865029e-03 7.665888e-03 1.811521e-03 2.015054e-03 4.842485e-03 3.496277e-03 0.0105583220
   29    1      1      0    0      1      -1      -1  1000 0.035469240 0.10273516 0.11737174 0.14810520 0.07960316 0.12521156 0.06847164 0.05916192 0.04580134 0.043260507 0.029490679 0.026476668 0.024156168 0.008401746 0.024711766 0.010251393 0.0184484521 0.0122192467 4.036569e-03 5.037469e-03 2.740192e-03 3.066636e-03 1.106004e-03 4.761138e-04 0.0041894248
   30    1      1      0    0      1      -1      -1  1000 0.012311868 0.28326941 0.12442634 0.09051611 0.09588717 0.06833474 0.08867496 0.04619766 0.02994856 0.024906507 0.027988387 0.018089661 0.018350167 0.011913855 0.004445663 0.013998406 0.0075831473 0.0118949506 2.723765e-03 2.069495e-03 2.445538e-03 1.936915e-03 3.208659e-03 1.061483e-03 0.0078165909
   31    1      1      0    0      1      -1      -1  1000 0.011448655 0.08168507 0.37615963 0.09633248 0.05447110 0.08664012 0.02818109 0.07344277 0.02914627 0.028420965 0.025219314 0.025597772 0.018715890 0.009546723 0.011093382 0.002089948 0.0088430855 0.0038801845 8.736785e-03 1.302745e-03 4.261171e-03 2.863346e-03 3.357214e-03 5.025509e-04 0.0080617417
   32    1      1      0    0      1      -1      -1  1000 0.009275865 0.11357392 0.11429513 0.29659714 0.07346768 0.05509488 0.06859390 0.04631717 0.06156843 0.031560724 0.014637651 0.012706608 0.017029020 0.012866447 0.019003175 0.013032127 0.0038884149 0.0052910978 3.849965e-03 7.822812e-03 3.869569e-03 2.832871e-03 2.670801e-03 1.612445e-03 0.0085421571
   33    1      1      0    0      1      -1      -1  1000 0.021153788 0.13478011 0.11979269 0.10168792 0.26578938 0.05842918 0.04348815 0.05538833 0.02840216 0.048450245 0.025949498 0.013429977 0.013065489 0.012041127 0.010723249 0.011227719 0.0047915396 0.0041911172 9.833189e-03 4.582472e-03 5.360089e-03 1.157916e-03 1.327003e-03 5.987306e-04 0.0043589232
   34    1      1      0    0      1      -1      -1  1000 0.014582219 0.18919036 0.14374944 0.11591637 0.05403678 0.18549937 0.04489387 0.04524200 0.04299249 0.019335432 0.032625181 0.019346483 0.012219613 0.007631764 0.018852759 0.012859588 0.0103661347 0.0099501589 3.369344e-03 6.730254e-03 1.630883e-03 2.522496e-03 1.414591e-03 3.914374e-04 0.0046509750
   35    1      1      0    0      1      -1      -1  1000 0.018803970 0.09153704 0.25514035 0.10331419 0.08752033 0.05597466 0.15054786 0.04288431 0.03137740 0.030664235 0.023201869 0.035517309 0.016349605 0.011284792 0.008070210 0.005960260 0.0077213837 0.0045474219 2.344734e-03 2.433159e-03 2.105562e-03 1.978137e-03 1.309777e-03 2.394304e-03 0.0070171351
   36    1      1      0    0      1      -1      -1  1000 0.013537463 0.15130989 0.12129486 0.19068721 0.10455432 0.08466043 0.04211836 0.11563925 0.02812013 0.021811866 0.029760944 0.014421080 0.015433876 0.017937372 0.008154857 0.003107887 0.0064108871 0.0088611531 6.081452e-03 5.926809e-04 8.354309e-05 3.134881e-03 3.674840e-04 3.492932e-03 0.0084251835
   37    1      1      0    0      1      -1      -1  1000 0.014249369 0.15985925 0.21167687 0.08834834 0.16743611 0.06753885 0.05183201 0.03439435 0.08554174 0.021814700 0.011546902 0.021784340 0.009540404 0.018784140 0.007808895 0.002185619 0.0040441869 0.0015040022 3.315982e-03 4.663721e-03 4.212357e-03 1.208771e-04 1.519884e-03 3.752576e-04 0.0059018497
   38    1      1      0    0      1      -1      -1  1000 0.014236926 0.14463436 0.20229234 0.14270356 0.08707392 0.10990223 0.05299155 0.04851914 0.03376610 0.065434388 0.020940829 0.011111750 0.020576291 0.005048539 0.008126643 0.009780692 0.0025294212 0.0033607500 1.053197e-03 1.495097e-03 3.196754e-03 1.907994e-03 4.567560e-05 8.556753e-04 0.0084161803
   39    1      1      0    0      1      -1      -1  1000 0.015380136 0.12410668 0.17276430 0.14457697 0.13816845 0.07019136 0.11226928 0.03006866 0.04775182 0.020085028 0.050705069 0.016233291 0.008840677 0.015480515 0.006613171 0.008368286 0.0054362589 0.0013705267 8.037471e-04 2.138227e-03 8.247607e-04 2.158681e-03 7.389839e-04 9.463589e-05 0.0048304832
   40    1      1      0    0      1      -1      -1  1000 0.017864945 0.13542494 0.18670645 0.14767933 0.12299522 0.10609178 0.05089214 0.06596927 0.03767938 0.023174064 0.014380103 0.028445476 0.007116472 0.004243103 0.012053585 0.009086184 0.0078026680 0.0033587977 4.938474e-03 4.069501e-03 1.270030e-03 1.253225e-03 6.185748e-04 1.278969e-03 0.0056073137
   41    1      1      0    0      1      -1      -1  1000 0.024585251 0.16915413 0.16198915 0.14689972 0.11941202 0.07006716 0.07589262 0.03721113 0.05310971 0.029909475 0.017515011 0.007373824 0.034019536 0.012200165 0.008017511 0.008368516 0.0044850860 0.0036178341 2.296455e-03 7.564168e-04 1.630473e-03 4.225722e-04 2.763507e-03 9.630362e-04 0.0073396967
   42    1      1      0    0      1      -1      -1  1000 0.009006095 0.20399656 0.18470210 0.10819522 0.10820086 0.08446716 0.07345177 0.04320563 0.03294592 0.042723169 0.014114371 0.015504481 0.008565090 0.034492472 0.005912169 0.002589067 0.0126755925 0.0009923667 2.934067e-03 4.002998e-04 7.527820e-05 1.092094e-03 3.296611e-04 3.707402e-03 0.0057210931
   43    1      1      0    0      1      -1      -1  1000 0.018103811 0.09014069 0.30533665 0.13824624 0.09770813 0.09039830 0.06089026 0.04767701 0.03827748 0.016057791 0.030841031 0.015115547 0.009544670 0.009260191 0.013203508 0.002041234 0.0020236837 0.0036674199 1.488245e-03 2.716802e-03 4.107300e-04 2.702887e-03 4.384419e-04 5.960631e-04 0.0031131942
   44    1      1      0    0      1      -1      -1  1000 0.019196485 0.18176674 0.10739046 0.21992800 0.11203460 0.07343382 0.05826074 0.03797507 0.04924114 0.035419943 0.017323309 0.027905839 0.007078077 0.009093590 0.004967890 0.013323133 0.0043427914 0.0050337081 4.169496e-03 2.087334e-03 1.956508e-03 3.068771e-03 1.479837e-03 5.908374e-04 0.0029318799
   45    1      1      0    0      1      -1      -1  1000 0.013795003 0.18167304 0.22284710 0.07409364 0.16601882 0.06396071 0.04945803 0.04635302 0.03586379 0.040462091 0.030937289 0.012045676 0.021668176 0.010670090 0.004876773 0.002104337 0.0117347576 0.0018648813 2.193192e-03 1.259815e-03 9.368481e-04 3.332100e-04 5.955185e-04 2.641850e-04 0.0039900094
   46    1      1      0    0      1      -1      -1  1000 0.015465146 0.19860508 0.21117259 0.16447334 0.04190454 0.11231528 0.06510532 0.03155322 0.02938907 0.025480060 0.026739854 0.018955761 0.007232581 0.014669895 0.007367109 0.002000309 0.0053553334 0.0095591305 2.264926e-03 1.036786e-03 7.617266e-04 8.743165e-04 4.282365e-04 5.505707e-04 0.0067398013
   47    1      1      0    0      1      -1      -1  1000 0.010263930 0.11434154 0.22271640 0.18196138 0.11023118 0.03918898 0.11103753 0.05132656 0.02870809 0.019719619 0.022363864 0.020097012 0.015592722 0.005064643 0.012306897 0.007219863 0.0046614733 0.0033611390 7.884604e-03 2.887003e-03 1.158536e-03 2.379008e-03 5.271778e-04 4.245103e-04 0.0045763259
   48    1      1      0    0      1      -1      -1  1000 0.021485684 0.15304278 0.14614569 0.17924526 0.12941296 0.10528271 0.03129944 0.07516321 0.03250681 0.023423792 0.020258665 0.019974343 0.015169962 0.009436756 0.010962238 0.011922550 0.0017530118 0.0008592188 1.406706e-03 3.803867e-03 8.593141e-04 8.575012e-04 1.367279e-03 8.979412e-04 0.0034623232
   49    1      1      0    0      1      -1      -1  1000 0.021194431 0.16630999 0.15561437 0.12280457 0.13312760 0.11123772 0.08678818 0.01835020 0.06260554 0.028843065 0.020027727 0.016485214 0.010723891 0.004891563 0.009536076 0.004530472 0.0073499216 0.0061332172 2.533081e-03 1.300982e-03 3.060612e-03 7.607948e-04 1.017391e-03 1.520614e-03 0.0032527695
   50    1      1      0    0      1      -1      -1  1000 0.032189547 0.16712466 0.20701354 0.11815805 0.07708081 0.12272069 0.08315568 0.05229351 0.01772249 0.041350543 0.025297303 0.012995612 0.009859656 0.007405990 0.004922163 0.003319043 0.0020493665 0.0033258493 1.009393e-03 3.128911e-03 2.341978e-03 1.683660e-03 2.130705e-05 1.261832e-03 0.0025683962
   51    1      1      0    0      1      -1      -1  1000 0.015464524 0.25984857 0.18369287 0.14735303 0.09312784 0.04676811 0.05982065 0.06087616 0.04337398 0.008358960 0.028308384 0.012971054 0.008192588 0.004979137 0.004596782 0.007553181 0.0047478043 0.0002093991 3.474482e-03 2.816538e-04 9.361520e-04 5.719803e-04 1.767044e-03 2.445727e-05 0.0027012130
   52    1      1      0    0      1      -1      -1  1000 0.024454934 0.12845394 0.32533228 0.13264408 0.10978327 0.05864801 0.04713610 0.05181935 0.03560093 0.021108827 0.004700162 0.015336178 0.012792587 0.008162421 0.003053009 0.005841579 0.0032364566 0.0049980647 9.554465e-04 3.451406e-04 5.919582e-04 3.901163e-04 1.936456e-03 3.397565e-04 0.0023389502
   53    1      1      0    0      1      -1      -1  1000 0.028084871 0.14728084 0.15985947 0.24632765 0.10168260 0.07865798 0.04902629 0.02786143 0.04382194 0.049426224 0.018218768 0.005371904 0.014731832 0.008140796 0.001637889 0.004099603 0.0062135741 0.0017846369 1.440706e-03 1.599468e-03 1.560149e-03 1.029010e-03 8.552838e-06 5.662069e-05 0.0020771834
   54    1      1      0    0      1      -1      -1  1000 0.022799822 0.17909157 0.18614337 0.12090828 0.17654622 0.06492674 0.07184605 0.04114310 0.02050030 0.029993121 0.023496587 0.011112314 0.006260726 0.018095157 0.006922668 0.005647082 0.0040700639 0.0013406731 4.566732e-03 1.011170e-04 1.155501e-03 1.844194e-04 2.522917e-03 7.443715e-05 0.0005510303
   55    1      1      0    0      1      -1      -1  1000 0.012328459 0.11871207 0.25209309 0.13571669 0.09391530 0.14733328 0.05579830 0.04243074 0.03666488 0.018236825 0.022357173 0.017365739 0.010631159 0.004526136 0.012496506 0.003263624 0.0025359918 0.0015500412 2.534621e-03 1.103959e-03 4.112004e-04 5.037899e-05 2.229118e-04 7.006067e-04 0.0070203147
   56    1      1      0    0      1      -1      -1  1000 0.011364743 0.13658284 0.16048664 0.21504794 0.11741112 0.05686681 0.10841544 0.05098924 0.04212391 0.021718615 0.013785998 0.012701595 0.016425490 0.012753853 0.003963025 0.006818134 0.0035130962 0.0008046420 7.728036e-04 1.102407e-03 3.840878e-04 1.259534e-03 1.416647e-03 1.643098e-03 0.0016482760
   57    1      1      0    0      1      -1      -1  1000 0.022351182 0.15186908 0.17640982 0.10180742 0.14895969 0.08491426 0.04923557 0.08634483 0.04002282 0.032578868 0.023441364 0.006107667 0.014136766 0.017137124 0.011347846 0.006085946 0.0091819203 0.0072126964 1.411263e-03 2.898537e-03 2.914512e-03 8.482899e-04 4.461186e-04 1.735401e-03 0.0006010125
   58    1      1      0    0      1      -1      -1  1000 0.012712172 0.17425567 0.17640605 0.14389049 0.08396589 0.10367388 0.05453397 0.04035310 0.07813037 0.025806586 0.026020718 0.029616297 0.004855070 0.010230155 0.009590774 0.010082997 0.0024324578 0.0057279467 2.380447e-03 4.618300e-04 2.091801e-03 1.030155e-03 1.415012e-03 2.218510e-05 0.0003139682
   59    1      1      0    0      1      -1      -1  1000 0.014853453 0.15213592 0.26308268 0.14368640 0.09924541 0.07238268 0.06185412 0.04539593 0.03024315 0.050430410 0.011131078 0.012834246 0.011449615 0.006160733 0.005810780 0.007252155 0.0015405752 0.0004856346 4.160873e-03 1.372476e-03 5.129649e-04 5.475549e-04 8.270224e-05 2.006894e-04 0.0031477748
   60    1      1      0    0      1      -1      -1  1000 0.018839815 0.11440387 0.18757412 0.20008513 0.11996490 0.08162462 0.05087275 0.05932992 0.04226091 0.020481357 0.040532750 0.014622785 0.016799121 0.005457508 0.002375818 0.007715707 0.0009598335 0.0034063450 2.707154e-03 3.060706e-03 3.841069e-04 3.132809e-04 1.499981e-03 1.099729e-03 0.0036277660
   61    1      1      0    0      1      -1      -1  1000 0.013555545 0.18994827 0.15256277 0.13859024 0.16406545 0.08033600 0.05635150 0.02885861 0.04470878 0.035724090 0.018508911 0.035468465 0.009389111 0.012223503 0.003908763 0.002382706 0.0020447792 0.0049620193 3.128785e-03 1.445010e-05 3.625031e-04 6.852272e-04 4.795121e-04 4.312510e-05 0.0016968863
   62    1      1      0    0      1      -1      -1  1000 0.025204311 0.09647053 0.22911502 0.12460925 0.11405610 0.14505395 0.06390995 0.04969677 0.02964478 0.039478563 0.010897966 0.015956188 0.018669246 0.013299459 0.006241901 0.001888622 0.0029055797 0.0009988021 7.444362e-04 2.763073e-03 4.137805e-04 2.466577e-03 6.799411e-04 4.207559e-03 0.0006276434
   63    1      1      0    0      1      -1      -1  1000 0.017185203 0.20556692 0.12942974 0.15985815 0.10230090 0.08892244 0.08301469 0.05178680 0.03611069 0.021225760 0.030777336 0.012949252 0.010210229 0.018750349 0.016631710 0.003327024 0.0030067436 0.0011198399 6.540009e-04 2.763076e-03 3.162144e-03 1.654968e-04 7.653763e-04 2.168892e-05 0.0002944416
   64    1      1      0    0      1      -1      -1  1000 0.004468345 0.15275870 0.23037133 0.08766331 0.12423865 0.07333378 0.07279215 0.08756009 0.03530333 0.028985643 0.016660387 0.021817063 0.012631139 0.004955942 0.012533451 0.007007416 0.0120293349 0.0026423498 2.314037e-03 2.263180e-03 2.353771e-03 5.082541e-04 1.004313e-03 2.199585e-03 0.0016044501
   65    1      1      0    0      1      -1      -1  1000 0.006287641 0.06575282 0.19444195 0.22147645 0.07213958 0.10544251 0.07479217 0.06238915 0.06386598 0.031835651 0.014813258 0.016289075 0.023508132 0.015711780 0.003672953 0.006775386 0.0080750673 0.0039630379 1.165086e-03 4.416388e-04 6.798364e-04 1.870309e-03 7.131244e-05 2.131361e-05 0.0045179136
   66    1      1      0    0      1      -1      -1  1000 0.028905573 0.06555485 0.10156357 0.16030637 0.18657111 0.08355876 0.09705218 0.05984245 0.03623994 0.059177281 0.030195967 0.021187269 0.016941979 0.013575928 0.007420098 0.007555630 0.0088742808 0.0043156850 1.086945e-03 2.540861e-03 1.504909e-03 4.019810e-04 4.610309e-03 2.619695e-04 0.0007540979
   67    1      1      0    0      1      -1      -1  1000 0.024686348 0.21118061 0.09076857 0.07395508 0.12494363 0.13789578 0.05170810 0.06843605 0.04035845 0.029539900 0.043523225 0.032859027 0.015643860 0.012228283 0.007871465 0.006836396 0.0035688406 0.0094436367 2.999811e-03 3.797564e-03 4.775116e-04 5.341170e-04 4.086992e-03 8.860115e-04 0.0017707420
   68    1      1      0    0      1      -1      -1  1000 0.028030116 0.18020601 0.25449057 0.06264440 0.04950130 0.08678329 0.09889643 0.03732734 0.04190530 0.024119631 0.038428757 0.032768195 0.017006989 0.007980756 0.010548079 0.005722129 0.0068997813 0.0042628466 6.007162e-03 1.278266e-03 8.126601e-04 6.525850e-04 1.281797e-04 1.760297e-03 0.0018389269
   69    1      1      0    0      1      -1      -1  1000 0.013992160 0.20843505 0.19811854 0.19754896 0.04446179 0.02998233 0.08462141 0.05449645 0.02847738 0.038311411 0.016096366 0.012806424 0.023133670 0.006532080 0.010808785 0.003721496 0.0076017136 0.0063039257 1.466125e-03 2.169128e-03 1.691707e-03 4.132910e-03 1.652024e-03 8.468426e-08 0.0034380752
   70    1      1      0    0      1      -1      -1  1000 0.020527465 0.06821817 0.29905163 0.14519348 0.15469484 0.02839205 0.03636263 0.04013380 0.05484365 0.029243802 0.041050891 0.011902357 0.016916440 0.017829784 0.007102938 0.008624505 0.0057280659 0.0044741866 9.917035e-04 3.437641e-04 5.214131e-03 1.197965e-03 2.163193e-04 8.705876e-05 0.0016583805
   71    1      1      0    0      1      -1      -1  1000 0.010610975 0.21119778 0.09459061 0.19791001 0.11920048 0.13645159 0.01565899 0.02653415 0.03399166 0.043819125 0.021873302 0.028016071 0.014068268 0.011002349 0.009498990 0.005745549 0.0046616740 0.0034095053 2.651819e-03 1.245542e-03 2.713778e-03 1.325814e-03 1.484459e-03 9.233602e-04 0.0014141461
   72    1      1      0    0      1      -1      -1  1000 0.020514824 0.14122348 0.24965935 0.06675738 0.17008469 0.08668186 0.09628333 0.01733239 0.01150572 0.036524565 0.030329245 0.012369602 0.011649873 0.008364612 0.012832574 0.007536588 0.0058056116 0.0046680963 2.967141e-03 2.447810e-03 1.215455e-03 4.475979e-04 1.395946e-04 5.188878e-04 0.0021397283
   73    1      1      0    0      1      -1      -1  1000 0.020415552 0.18432838 0.16982241 0.19450769 0.04251478 0.11562735 0.07769585 0.05926478 0.01424114 0.016863130 0.022927051 0.026373784 0.007283254 0.012684894 0.006072090 0.005940210 0.0057640397 0.0051786179 1.086812e-03 2.952658e-03 1.004259e-03 1.981489e-03 8.874463e-04 1.684576e-03 0.0028977556
   74    1      1      0    0      1      -1      -1  1000 0.017416159 0.17737628 0.22354727 0.14019000 0.15210131 0.04263624 0.07968736 0.04488739 0.04023744 0.009069873 0.005861315 0.017188860 0.014294235 0.003183000 0.009692222 0.004461943 0.0038097070 0.0066183335 1.294798e-03 2.944856e-03 1.039848e-03 9.195322e-04 3.666547e-04 2.162018e-06 0.0011732015
   75    1      1      0    0      1      -1      -1  1000 0.012816261 0.13904672 0.24908816 0.15831755 0.09251164 0.10705406 0.03141410 0.07490932 0.03314996 0.036858129 0.001691338 0.002615636 0.009789310 0.012185517 0.006369699 0.006243430 0.0075084684 0.0039352928 5.176924e-03 1.410943e-03 1.711399e-03 2.842529e-03 1.239830e-03 4.708191e-04 0.0016429547
   76    1      1      0    0      1      -1      -1  1000 0.022859664 0.10487418 0.19360483 0.16691367 0.13469663 0.07477135 0.10440514 0.03179769 0.05300109 0.029977214 0.026905913 0.004990869 0.004442915 0.012975175 0.008538800 0.005171031 0.0041990202 0.0006090099 1.833687e-03 1.683453e-03 9.864350e-04 4.645661e-03 5.928487e-05 2.051508e-03 0.0040057894
   77    1      1      0    0      1      -1      -1  1000 0.028347725 0.15083066 0.15641436 0.16215228 0.17522983 0.10756167 0.04744701 0.05532056 0.01568630 0.034671914 0.023644841 0.016880364 0.002255377 0.002200425 0.003357537 0.004447402 0.0017503718 0.0026518502 1.459842e-03 6.500856e-04 2.546441e-04 1.983313e-04 2.204977e-03 1.300016e-04 0.0042516375
   78    1      1      0    0      1      -1      -1  1000 0.014862472 0.19296595 0.17902876 0.12942107 0.12170811 0.11326122 0.07498770 0.03544300 0.03326238 0.013423436 0.031332602 0.012432549 0.012914869 0.009378813 0.002265762 0.002713821 0.0040101255 0.0014116334 2.651895e-03 2.151732e-03 5.698743e-04 2.260955e-03 2.156311e-03 4.399783e-04 0.0049449782
   79    1      1      0    0      1      -1      -1  1000 0.010223730 0.11873500 0.25889753 0.12414442 0.07418409 0.09392899 0.09357286 0.06133769 0.03606546 0.044226010 0.007362319 0.025811024 0.010505633 0.014453617 0.001137993 0.002063276 0.0095542717 0.0049145601 7.461009e-04 1.684830e-03 1.823333e-04 2.571878e-03 1.461165e-03 5.953006e-04 0.0016399217
   80    1      1      0    0      1      -1      -1  1000 0.011140394 0.10653333 0.18183111 0.20514592 0.11155801 0.06032618 0.06892765 0.07654465 0.04871011 0.024562930 0.034474493 0.003936217 0.033366805 0.006639681 0.009816334 0.001263768 0.0005635880 0.0007341733 3.024249e-03 6.234420e-04 3.915953e-04 2.221065e-04 5.568891e-03 9.830720e-04 0.0031112999
   81    1      1      0    0      1      -1      -1  1000 0.014878681 0.12477030 0.11492189 0.15599700 0.18162105 0.08218854 0.05951714 0.05488062 0.06269984 0.050713807 0.019399402 0.028945458 0.004576356 0.019798641 0.007179883 0.006834718 0.0010410451 0.0001835792 5.096315e-03 1.753416e-03 4.739891e-04 5.263892e-04 8.869590e-04 2.327485e-04 0.0008822252
   82    1      1      0    0      1      -1      -1  1000 0.012857257 0.11140449 0.18533440 0.11096463 0.11169066 0.13457774 0.07689310 0.04814633 0.03978983 0.049976620 0.027880298 0.018790945 0.026804613 0.005031103 0.018125782 0.007936609 0.0075558313 0.0004514986 7.561147e-04 2.675340e-04 2.199521e-03 3.421419e-04 1.825931e-04 1.483753e-04 0.0018919810
   83    1      1      0    0      1      -1      -1  1000 0.040516723 0.09216919 0.15933796 0.14589762 0.08939211 0.08554664 0.10978807 0.06803210 0.04402171 0.029368621 0.036400747 0.028490158 0.017092459 0.016604235 0.003366473 0.013969574 0.0048363656 0.0048610122 5.956956e-05 2.729891e-05 1.969797e-03 2.410147e-03 1.784229e-03 2.557366e-03 0.0014998281
   84    1      1      0    0      1      -1      -1  1000 0.014494396 0.27477027 0.12108105 0.12154441 0.11663168 0.04661067 0.06859687 0.06317395 0.03420310 0.031469916 0.018781762 0.033759028 0.016544015 0.008176036 0.014162273 0.002826240 0.0026392314 0.0037111294 1.717979e-03 1.200869e-03 4.012940e-05 7.932374e-04 1.286009e-03 1.653025e-04 0.0016204462
   85    1      1      0    0      1      -1      -1  1000 0.009174099 0.16520902 0.31575393 0.08644613 0.06841029 0.08170834 0.03381525 0.04735045 0.06796681 0.027454184 0.016663296 0.016730010 0.014645661 0.010243390 0.009223712 0.007779393 0.0011378340 0.0067844941 1.425057e-03 4.484139e-03 7.509580e-05 4.052084e-04 5.892633e-04 6.853585e-04 0.0058395856
   86    1      1      0    0      1      -1      -1  1000 0.015835990 0.13399359 0.21408327 0.26984243 0.07058271 0.05050897 0.05076436 0.02940453 0.02971821 0.039639579 0.023275009 0.012384080 0.009085014 0.010296988 0.007973349 0.005333644 0.0143538972 0.0007482573 2.169385e-03 2.508329e-03 2.429613e-03 2.999521e-04 2.539091e-03 7.410132e-04 0.0014887309
   87    1      1      0    0      1      -1      -1  1000 0.026190903 0.09485953 0.19213277 0.17102995 0.18686841 0.05981914 0.04239733 0.05385413 0.02120977 0.032840795 0.041263304 0.019970403 0.011996925 0.008103230 0.011634026 0.007321350 0.0065811731 0.0049148373 6.225259e-04 1.609799e-03 1.923183e-03 6.133134e-04 9.632521e-04 4.721782e-04 0.0008077695
   88    1      1      0    0      1      -1      -1  1000 0.012539862 0.21013648 0.11012015 0.14200970 0.12065442 0.17300327 0.03797510 0.04064700 0.03235297 0.020740922 0.022802831 0.022064380 0.008079792 0.008280997 0.006979302 0.009057364 0.0054316771 0.0004485259 3.924902e-03 7.280217e-04 4.111314e-03 1.566165e-04 2.937436e-03 2.841198e-06 0.0048141164
   89    1      1      0    0      1      -1      -1  1000 0.020077569 0.13165326 0.27350841 0.09318260 0.10569110 0.09008616 0.10182668 0.02940330 0.02604264 0.032691301 0.015213422 0.014851333 0.015410513 0.008761271 0.006375672 0.005453882 0.0027705307 0.0091357242 6.631869e-03 2.054171e-03 2.823177e-04 3.891792e-03 2.572970e-04 1.379240e-03 0.0033679454
   90    1      1      0    0      1      -1      -1  1000 0.020065138 0.23706604 0.14809000 0.19811888 0.05110997 0.06362905 0.06385916 0.08557880 0.01987297 0.023009709 0.023063018 0.012522212 0.008448998 0.013362765 0.009883812 0.004098212 0.0036087950 0.0046717186 1.045741e-03 1.240305e-03 3.270987e-04 1.400759e-04 2.225828e-03 1.487400e-03 0.0034743067
   91    1      1      0    0      1      -1      -1  1000 0.006131174 0.15889792 0.27825533 0.10855756 0.14961447 0.04860207 0.05445378 0.04752447 0.05779246 0.019599293 0.009178044 0.016853131 0.007813455 0.008120245 0.007023684 0.004623397 0.0078852187 0.0009735016 9.242846e-04 4.235091e-03 1.880206e-04 1.015165e-03 8.748436e-05 2.645880e-04 0.0013861481
   92    1      1      0    0      1      -1      -1  1000 0.020424322 0.09531326 0.23408739 0.23057202 0.10080527 0.10859907 0.03193350 0.03402429 0.03477845 0.050667404 0.007107109 0.008671028 0.012303258 0.002907953 0.006717305 0.005236545 0.0029682962 0.0023780939 1.171583e-03 1.659064e-03 3.149018e-03 2.714639e-04 1.557496e-03 8.556897e-07 0.0026959666
   93    1      1      0    0      1      -1      -1  1000 0.016796782 0.19315758 0.09445976 0.16139684 0.19526086 0.07929780 0.09040934 0.02797737 0.03325016 0.029146516 0.028300761 0.014302955 0.009149718 0.006272161 0.001251773 0.003563311 0.0045731241 0.0030413767 7.609979e-04 5.305134e-04 3.284033e-03 4.427104e-04 3.913364e-04 3.405837e-04 0.0026416433
   94    1      1      0    0      1      -1      -1  1000 0.020131495 0.12769057 0.26604303 0.08090783 0.11434986 0.13365622 0.04487581 0.06365088 0.02481554 0.036077169 0.029258228 0.015747215 0.006341608 0.003083652 0.009712580 0.003016748 0.0010783022 0.0058250820 2.829361e-03 1.474940e-03 2.723262e-03 2.122781e-03 1.918255e-03 1.181709e-03 0.0014878828
   95    1      1      0    0      1      -1      -1  1000 0.015008735 0.12839440 0.20559065 0.18008653 0.05713829 0.10211852 0.10772605 0.05133687 0.05128243 0.014782380 0.017844754 0.022661824 0.021137666 0.003017448 0.004538410 0.003623058 0.0023593938 0.0017535147 2.893991e-03 1.799515e-03 9.885638e-04 1.187365e-03 4.468733e-04 7.441761e-04 0.0015385949
   96    1      1      0    0      1      -1      -1  1000 0.014316921 0.16704744 0.16216985 0.14928600 0.13450392 0.04836763 0.08237220 0.08173136 0.03049455 0.039911818 0.017709233 0.010489686 0.012498801 0.024688072 0.005347292 0.002197987 0.0038365196 0.0015553044 2.222117e-03 3.149481e-03 2.180049e-04 2.254946e-03 5.263356e-04 5.798553e-04 0.0025246762
   97    1      1      0    0      1      -1      -1  1000 0.026206491 0.14171699 0.18913214 0.11768359 0.11314024 0.13387531 0.04740326 0.06827848 0.05931472 0.025212313 0.029346670 0.005840605 0.007090283 0.008741105 0.011060293 0.001000276 0.0022611335 0.0017962463 7.985072e-04 2.205732e-03 3.196540e-03 9.692867e-04 6.340403e-07 1.589780e-03 0.0021393710
   98    1      1      0    0      1      -1      -1  1000 0.022598811 0.12799029 0.16333424 0.15685088 0.10406213 0.09213776 0.09058550 0.03616953 0.05949875 0.045387043 0.019161654 0.022939731 0.008514793 0.010685914 0.016854965 0.009954225 0.0043642097 0.0009599154 3.370707e-03 1.079580e-04 1.355443e-03 4.955950e-04 5.461340e-04 7.081660e-04 0.0013656469
   99    1      1      0    0      1      -1      -1  1000 0.025986409 0.15378958 0.17262869 0.17189971 0.13154875 0.07016785 0.05783330 0.06592208 0.01996711 0.031579838 0.046700346 0.013546891 0.013848919 0.001821212 0.005459233 0.003743983 0.0072314574 0.0002371925 1.194041e-03 1.100863e-04 7.695805e-04 2.708271e-03 4.683179e-04 1.032930e-04 0.0007338542
  100    1      1      0    0      1      -1      -1  1000 0.034970258 0.20666577 0.18619765 0.10850484 0.09266760 0.07606354 0.07412070 0.05279557 0.05455928 0.015145495 0.018336289 0.024536689 0.010460217 0.017022303 0.004778564 0.003722530 0.0017195926 0.0113198972 4.799386e-04 1.167559e-03 1.642619e-03 3.175235e-04 1.653429e-03 4.832790e-04 0.0006688610
    2    1      2      0    0      1      -1      -1  1000 0.016000000 0.15900000 0.16300000 0.11600000 0.10900000 0.07100000 0.07000000 0.05600000 0.03900000 0.045000000 0.034000000 0.021000000 0.019000000 0.011000000 0.013000000 0.009000000 0.0110000000 0.0090000000 7.000000e-03 3.000000e-03 5.000000e-03 4.000000e-03 0.000000e+00 3.000000e-03 0.0070000000
    3    1      2      0    0      1      -1      -1  1000 0.022000000 0.07200000 0.16700000 0.15600000 0.10000000 0.08100000 0.05800000 0.06400000 0.04800000 0.045000000 0.031000000 0.026000000 0.029000000 0.022000000 0.011000000 0.012000000 0.0080000000 0.0110000000 1.200000e-02 6.000000e-03 5.000000e-03 2.000000e-03 1.000000e-03 1.000000e-03 0.0100000000
    4    1      2      0    0      1      -1      -1  1000 0.036000000 0.12500000 0.08200000 0.10700000 0.12200000 0.09300000 0.08900000 0.07600000 0.04600000 0.031000000 0.033000000 0.031000000 0.026000000 0.022000000 0.010000000 0.008000000 0.0110000000 0.0030000000 1.200000e-02 4.000000e-03 8.000000e-03 5.000000e-03 2.000000e-03 5.000000e-03 0.0130000000
    5    1      2      0    0      1      -1      -1  1000 0.014000000 0.20100000 0.11800000 0.05000000 0.09300000 0.08800000 0.07200000 0.06400000 0.05600000 0.051000000 0.040000000 0.031000000 0.019000000 0.016000000 0.016000000 0.006000000 0.0090000000 0.0090000000 5.000000e-03 8.000000e-03 5.000000e-03 6.000000e-03 4.000000e-03 1.000000e-03 0.0180000000
    6    1      2      0    0      1      -1      -1  1000 0.037000000 0.09500000 0.17800000 0.12600000 0.05100000 0.10800000 0.07100000 0.05400000 0.05900000 0.046000000 0.028000000 0.032000000 0.015000000 0.016000000 0.018000000 0.008000000 0.0100000000 0.0100000000 7.000000e-03 3.000000e-03 6.000000e-03 3.000000e-03 3.000000e-03 3.000000e-03 0.0130000000
    7    1      2      0    0      1      -1      -1  1000 0.040000000 0.15800000 0.08200000 0.14400000 0.08600000 0.04100000 0.07600000 0.06300000 0.07000000 0.056000000 0.030000000 0.030000000 0.027000000 0.021000000 0.016000000 0.009000000 0.0080000000 0.0080000000 1.000000e-02 3.000000e-03 2.000000e-03 3.000000e-03 1.000000e-03 0.000000e+00 0.0160000000
    8    1      2      0    0      1      -1      -1  1000 0.030000000 0.17100000 0.15400000 0.06400000 0.11600000 0.07100000 0.02700000 0.06300000 0.05000000 0.053000000 0.027000000 0.029000000 0.025000000 0.019000000 0.025000000 0.011000000 0.0170000000 0.0070000000 1.000000e-02 4.000000e-03 7.000000e-03 4.000000e-03 1.000000e-03 6.000000e-03 0.0090000000
    9    1      2      0    0      1      -1      -1  1000 0.067000000 0.14100000 0.14700000 0.12500000 0.04600000 0.10400000 0.05900000 0.02900000 0.04900000 0.039000000 0.028000000 0.028000000 0.031000000 0.019000000 0.014000000 0.008000000 0.0130000000 0.0060000000 1.000000e-02 7.000000e-03 4.000000e-03 3.000000e-03 5.000000e-03 4.000000e-03 0.0140000000
   10    1      2      0    0      1      -1      -1  1000 0.051000000 0.24900000 0.12000000 0.12000000 0.08100000 0.04400000 0.08100000 0.04000000 0.01700000 0.034000000 0.024000000 0.021000000 0.024000000 0.020000000 0.010000000 0.013000000 0.0090000000 0.0070000000 7.000000e-03 2.000000e-03 2.000000e-03 5.000000e-03 2.000000e-03 3.000000e-03 0.0140000000
   11    1      2      0    0      1      -1      -1  1000 0.025000000 0.23700000 0.21900000 0.10200000 0.08100000 0.06800000 0.03300000 0.05300000 0.03000000 0.017000000 0.017000000 0.016000000 0.014000000 0.018000000 0.018000000 0.013000000 0.0100000000 0.0050000000 5.000000e-03 1.000000e-03 3.000000e-03 6.000000e-03 2.000000e-03 0.000000e+00 0.0070000000
   12    1      2      0    0      1      -1      -1  1000 0.028000000 0.11400000 0.20500000 0.18300000 0.09100000 0.07300000 0.05900000 0.02500000 0.03900000 0.040000000 0.013000000 0.022000000 0.017000000 0.020000000 0.014000000 0.010000000 0.0080000000 0.0070000000 8.000000e-03 5.000000e-03 5.000000e-03 4.000000e-03 3.000000e-03 0.000000e+00 0.0070000000
   13    1      2      0    0      1      -1      -1  1000 0.069000000 0.14500000 0.09900000 0.18100000 0.14500000 0.05400000 0.05300000 0.05800000 0.01000000 0.045000000 0.024000000 0.008000000 0.018000000 0.017000000 0.013000000 0.007000000 0.0120000000 0.0070000000 1.000000e-02 5.000000e-03 4.000000e-03 6.000000e-03 3.000000e-03 0.000000e+00 0.0070000000
   14    1      2      0    0      1      -1      -1  1000 0.024000000 0.26800000 0.10800000 0.07900000 0.13900000 0.10800000 0.04500000 0.04300000 0.03700000 0.016000000 0.028000000 0.016000000 0.008000000 0.010000000 0.014000000 0.010000000 0.0120000000 0.0080000000 6.000000e-03 7.000000e-03 5.000000e-03 1.000000e-03 1.000000e-03 1.000000e-03 0.0060000000
   15    1      2      0    0      1      -1      -1  1000 0.035000000 0.14700000 0.26900000 0.07100000 0.06800000 0.12000000 0.10500000 0.03600000 0.03000000 0.025000000 0.007000000 0.019000000 0.011000000 0.007000000 0.004000000 0.009000000 0.0080000000 0.0030000000 7.000000e-03 5.000000e-03 3.000000e-03 2.000000e-03 1.000000e-03 1.000000e-03 0.0070000000
   16    1      2      0    0      1      -1      -1  1000 0.005000000 0.20100000 0.12100000 0.20500000 0.06900000 0.05900000 0.08900000 0.07800000 0.04000000 0.022000000 0.022000000 0.008000000 0.013000000 0.013000000 0.007000000 0.011000000 0.0050000000 0.0120000000 1.000000e-03 3.000000e-03 3.000000e-03 2.000000e-03 3.000000e-03 0.000000e+00 0.0080000000
   17    1      2      0    0      1      -1      -1  1000 0.034000000 0.05500000 0.18000000 0.09800000 0.19600000 0.06100000 0.05300000 0.07900000 0.06900000 0.028000000 0.027000000 0.025000000 0.011000000 0.016000000 0.010000000 0.007000000 0.0070000000 0.0050000000 9.000000e-03 5.000000e-03 5.000000e-03 5.000000e-03 3.000000e-03 2.000000e-03 0.0100000000
   18    1      2      0    0      1      -1      -1  1000 0.034000000 0.14500000 0.07400000 0.15500000 0.10200000 0.12700000 0.05000000 0.04100000 0.06000000 0.055000000 0.029000000 0.019000000 0.027000000 0.015000000 0.015000000 0.010000000 0.0020000000 0.0110000000 7.000000e-03 6.000000e-03 5.000000e-03 2.000000e-03 2.000000e-03 1.000000e-03 0.0060000000
   19    1      2      0    0      1      -1      -1  1000 0.026000000 0.17200000 0.12800000 0.04100000 0.13400000 0.07500000 0.13800000 0.04200000 0.03300000 0.049000000 0.042000000 0.022000000 0.016000000 0.017000000 0.011000000 0.011000000 0.0070000000 0.0020000000 4.000000e-03 4.000000e-03 1.000000e-02 2.000000e-03 0.000000e+00 5.000000e-03 0.0090000000
   20    1      2      0    0      1      -1      -1  1000 0.022000000 0.13700000 0.17000000 0.09600000 0.04300000 0.11100000 0.06700000 0.10700000 0.03700000 0.034000000 0.050000000 0.033000000 0.021000000 0.015000000 0.014000000 0.006000000 0.0080000000 0.0030000000 0.000000e+00 6.000000e-03 2.000000e-03 1.000000e-03 3.000000e-03 3.000000e-03 0.0110000000
   21    1      2      0    0      1      -1      -1  1000 0.026000000 0.14400000 0.14600000 0.13100000 0.08700000 0.03400000 0.09700000 0.04300000 0.09200000 0.029000000 0.023000000 0.038000000 0.025000000 0.009000000 0.018000000 0.010000000 0.0040000000 0.0100000000 7.000000e-03 3.000000e-03 2.000000e-03 6.000000e-03 1.000000e-03 3.000000e-03 0.0120000000
   22    1      2      0    0      1      -1      -1  1000 0.034000000 0.11500000 0.15300000 0.14100000 0.11000000 0.07400000 0.03300000 0.08700000 0.04300000 0.066000000 0.023000000 0.011000000 0.024000000 0.024000000 0.005000000 0.009000000 0.0070000000 0.0020000000 6.000000e-03 4.000000e-03 2.000000e-03 2.000000e-03 3.000000e-03 5.000000e-03 0.0170000000
   23    1      2      0    0      1      -1      -1  1000 0.034000000 0.13900000 0.12300000 0.11200000 0.08200000 0.08900000 0.05700000 0.02400000 0.07500000 0.035000000 0.066000000 0.023000000 0.018000000 0.035000000 0.022000000 0.011000000 0.0110000000 0.0110000000 3.000000e-03 1.300000e-02 2.000000e-03 2.000000e-03 2.000000e-03 1.000000e-03 0.0100000000
   24    1      2      0    0      1      -1      -1  1000 0.068000000 0.13100000 0.14600000 0.09800000 0.09700000 0.08300000 0.07900000 0.04400000 0.02100000 0.052000000 0.027000000 0.038000000 0.019000000 0.013000000 0.023000000 0.010000000 0.0070000000 0.0080000000 5.000000e-03 3.000000e-03 6.000000e-03 3.000000e-03 2.000000e-03 2.000000e-03 0.0150000000
   25    1      2      0    0      1      -1      -1  1000 0.033000000 0.23900000 0.13500000 0.08300000 0.08300000 0.06200000 0.06400000 0.05600000 0.04400000 0.012000000 0.044000000 0.023000000 0.048000000 0.007000000 0.010000000 0.011000000 0.0130000000 0.0080000000 6.000000e-03 2.000000e-03 2.000000e-03 3.000000e-03 1.000000e-03 2.000000e-03 0.0090000000
   26    1      2      0    0      1      -1      -1  1000 0.036000000 0.10800000 0.21500000 0.11600000 0.09600000 0.07900000 0.06400000 0.05200000 0.04600000 0.031000000 0.009000000 0.035000000 0.023000000 0.029000000 0.006000000 0.010000000 0.0100000000 0.0110000000 4.000000e-03 3.000000e-03 1.000000e-03 3.000000e-03 2.000000e-03 0.000000e+00 0.0110000000
   27    1      2      0    0      1      -1      -1  1000 0.027000000 0.16300000 0.14000000 0.17200000 0.08600000 0.07000000 0.05400000 0.04600000 0.03700000 0.047000000 0.026000000 0.008000000 0.029000000 0.011000000 0.032000000 0.008000000 0.0070000000 0.0110000000 8.000000e-03 2.000000e-03 2.000000e-03 4.000000e-03 1.000000e-03 3.000000e-03 0.0060000000
   28    1      2      0    0      1      -1      -1  1000 0.032000000 0.10900000 0.16800000 0.11300000 0.15700000 0.07300000 0.05000000 0.03000000 0.04900000 0.033000000 0.031000000 0.025000000 0.003000000 0.029000000 0.021000000 0.019000000 0.0060000000 0.0050000000 8.000000e-03 1.400000e-02 7.000000e-03 0.000000e+00 7.000000e-03 1.000000e-03 0.0100000000
   29    1      2      0    0      1      -1      -1  1000 0.087000000 0.14400000 0.10700000 0.15800000 0.09900000 0.09900000 0.05600000 0.04600000 0.03400000 0.035000000 0.025000000 0.017000000 0.018000000 0.008000000 0.022000000 0.007000000 0.0090000000 0.0040000000 2.000000e-03 6.000000e-03 7.000000e-03 3.000000e-03 0.000000e+00 1.000000e-03 0.0060000000
   30    1      2      0    0      1      -1      -1  1000 0.024000000 0.30300000 0.11900000 0.07000000 0.10500000 0.06300000 0.09100000 0.04600000 0.02400000 0.023000000 0.022000000 0.015000000 0.016000000 0.020000000 0.005000000 0.011000000 0.0080000000 0.0110000000 4.000000e-03 2.000000e-03 5.000000e-03 3.000000e-03 2.000000e-03 2.000000e-03 0.0060000000
   31    1      2      0    0      1      -1      -1  1000 0.018000000 0.10800000 0.34500000 0.08800000 0.07700000 0.08300000 0.03400000 0.05800000 0.03000000 0.022000000 0.018000000 0.025000000 0.018000000 0.011000000 0.012000000 0.002000000 0.0130000000 0.0060000000 1.000000e-02 2.000000e-03 4.000000e-03 4.000000e-03 4.000000e-03 1.000000e-03 0.0070000000
   32    1      2      0    0      1      -1      -1  1000 0.021000000 0.15200000 0.10500000 0.29600000 0.06600000 0.04600000 0.06800000 0.04100000 0.04600000 0.026000000 0.024000000 0.016000000 0.020000000 0.012000000 0.011000000 0.008000000 0.0020000000 0.0080000000 4.000000e-03 6.000000e-03 4.000000e-03 0.000000e+00 3.000000e-03 2.000000e-03 0.0130000000
   33    1      2      0    0      1      -1      -1  1000 0.059000000 0.14000000 0.15000000 0.08400000 0.24000000 0.06400000 0.03800000 0.05200000 0.03300000 0.039000000 0.019000000 0.022000000 0.009000000 0.008000000 0.006000000 0.016000000 0.0060000000 0.0000000000 4.000000e-03 1.000000e-03 3.000000e-03 0.000000e+00 0.000000e+00 1.000000e-03 0.0060000000
   34    1      2      0    0      1      -1      -1  1000 0.021000000 0.24200000 0.14900000 0.11400000 0.04600000 0.17400000 0.04100000 0.03000000 0.03700000 0.021000000 0.029000000 0.021000000 0.023000000 0.004000000 0.008000000 0.003000000 0.0080000000 0.0050000000 2.000000e-03 7.000000e-03 5.000000e-03 0.000000e+00 2.000000e-03 0.000000e+00 0.0080000000
   35    1      2      0    0      1      -1      -1  1000 0.043000000 0.12100000 0.23600000 0.11400000 0.07700000 0.06000000 0.13500000 0.04300000 0.02900000 0.017000000 0.011000000 0.027000000 0.016000000 0.014000000 0.008000000 0.005000000 0.0080000000 0.0060000000 5.000000e-03 1.000000e-03 2.000000e-03 2.000000e-03 7.000000e-03 2.000000e-03 0.0110000000
   36    1      2      0    0      1      -1      -1  1000 0.047000000 0.21400000 0.12900000 0.15900000 0.08600000 0.06100000 0.03400000 0.11300000 0.03800000 0.024000000 0.019000000 0.006000000 0.025000000 0.006000000 0.007000000 0.002000000 0.0050000000 0.0010000000 2.000000e-03 3.000000e-03 1.000000e-03 2.000000e-03 5.000000e-03 3.000000e-03 0.0080000000
   37    1      2      0    0      1      -1      -1  1000 0.038000000 0.19000000 0.18700000 0.08800000 0.14200000 0.05900000 0.04800000 0.03200000 0.09000000 0.025000000 0.009000000 0.023000000 0.013000000 0.011000000 0.008000000 0.009000000 0.0050000000 0.0020000000 6.000000e-03 4.000000e-03 1.000000e-03 0.000000e+00 2.000000e-03 2.000000e-03 0.0060000000
   38    1      2      0    0      1      -1      -1  1000 0.029000000 0.17000000 0.18100000 0.15400000 0.07000000 0.12500000 0.05800000 0.03600000 0.02600000 0.071000000 0.022000000 0.008000000 0.013000000 0.006000000 0.009000000 0.002000000 0.0010000000 0.0050000000 3.000000e-03 1.000000e-03 2.000000e-03 1.000000e-03 0.000000e+00 2.000000e-03 0.0050000000
   39    1      2      0    0      1      -1      -1  1000 0.031000000 0.16700000 0.17100000 0.14000000 0.11300000 0.06200000 0.08300000 0.03700000 0.03100000 0.019000000 0.058000000 0.013000000 0.014000000 0.009000000 0.010000000 0.014000000 0.0080000000 0.0070000000 3.000000e-03 0.000000e+00 0.000000e+00 0.000000e+00 3.000000e-03 1.000000e-03 0.0060000000
   40    1      2      0    0      1      -1      -1  1000 0.047000000 0.15100000 0.18000000 0.13700000 0.12400000 0.07500000 0.03700000 0.07800000 0.03600000 0.025000000 0.016000000 0.038000000 0.004000000 0.007000000 0.012000000 0.005000000 0.0120000000 0.0030000000 3.000000e-03 0.000000e+00 0.000000e+00 3.000000e-03 0.000000e+00 1.000000e-03 0.0060000000
   41    1      2      0    0      1      -1      -1  1000 0.063000000 0.18700000 0.13700000 0.11600000 0.11000000 0.09600000 0.08100000 0.03300000 0.05000000 0.028000000 0.020000000 0.005000000 0.031000000 0.006000000 0.002000000 0.008000000 0.0020000000 0.0080000000 1.000000e-03 3.000000e-03 1.000000e-03 4.000000e-03 2.000000e-03 0.000000e+00 0.0060000000
   42    1      2      0    0      1      -1      -1  1000 0.018000000 0.23900000 0.15900000 0.11100000 0.09400000 0.08700000 0.06900000 0.05300000 0.02400000 0.045000000 0.019000000 0.014000000 0.008000000 0.020000000 0.005000000 0.003000000 0.0070000000 0.0060000000 5.000000e-03 4.000000e-03 2.000000e-03 0.000000e+00 1.000000e-03 1.000000e-03 0.0060000000
   43    1      2      0    0      1      -1      -1  1000 0.041000000 0.10100000 0.28500000 0.11900000 0.06200000 0.07700000 0.05800000 0.06000000 0.04500000 0.020000000 0.040000000 0.016000000 0.008000000 0.010000000 0.020000000 0.005000000 0.0030000000 0.0060000000 5.000000e-03 5.000000e-03 3.000000e-03 4.000000e-03 2.000000e-03 2.000000e-03 0.0030000000
   44    1      2      0    0      1      -1      -1  1000 0.044000000 0.22000000 0.08800000 0.20100000 0.10900000 0.06200000 0.04700000 0.04700000 0.03500000 0.034000000 0.018000000 0.034000000 0.010000000 0.009000000 0.004000000 0.016000000 0.0030000000 0.0040000000 3.000000e-03 2.000000e-03 2.000000e-03 1.000000e-03 0.000000e+00 2.000000e-03 0.0050000000
   45    1      2      0    0      1      -1      -1  1000 0.043000000 0.24100000 0.20600000 0.05700000 0.16000000 0.07200000 0.03200000 0.03400000 0.03700000 0.025000000 0.015000000 0.013000000 0.022000000 0.005000000 0.004000000 0.006000000 0.0130000000 0.0040000000 2.000000e-03 1.000000e-03 2.000000e-03 2.000000e-03 1.000000e-03 0.000000e+00 0.0030000000
   46    1      2      0    0      1      -1      -1  1000 0.040000000 0.23100000 0.21400000 0.14000000 0.04600000 0.10400000 0.04900000 0.03800000 0.02600000 0.018000000 0.029000000 0.018000000 0.010000000 0.012000000 0.003000000 0.005000000 0.0030000000 0.0090000000 0.000000e+00 0.000000e+00 1.000000e-03 1.000000e-03 0.000000e+00 0.000000e+00 0.0030000000
   47    1      2      0    0      1      -1      -1  1000 0.033000000 0.15400000 0.21500000 0.18000000 0.11600000 0.03100000 0.09800000 0.04800000 0.02200000 0.027000000 0.010000000 0.017000000 0.013000000 0.003000000 0.013000000 0.004000000 0.0050000000 0.0000000000 5.000000e-03 1.000000e-03 1.000000e-03 0.000000e+00 1.000000e-03 1.000000e-03 0.0020000000
   48    1      2      0    0      1      -1      -1  1000 0.046000000 0.17100000 0.14600000 0.16000000 0.14400000 0.07900000 0.02700000 0.08200000 0.03000000 0.020000000 0.018000000 0.011000000 0.015000000 0.011000000 0.007000000 0.009000000 0.0040000000 0.0060000000 2.000000e-03 5.000000e-03 1.000000e-03 0.000000e+00 2.000000e-03 0.000000e+00 0.0040000000
   49    1      2      0    0      1      -1      -1  1000 0.040000000 0.20500000 0.15400000 0.11100000 0.10900000 0.11300000 0.07300000 0.01800000 0.05700000 0.029000000 0.016000000 0.016000000 0.015000000 0.011000000 0.008000000 0.004000000 0.0040000000 0.0020000000 3.000000e-03 1.000000e-03 3.000000e-03 1.000000e-03 1.000000e-03 0.000000e+00 0.0060000000
   50    1      2      0    0      1      -1      -1  1000 0.084000000 0.20300000 0.18200000 0.11400000 0.08400000 0.08200000 0.07500000 0.04700000 0.02100000 0.022000000 0.023000000 0.014000000 0.007000000 0.005000000 0.006000000 0.010000000 0.0020000000 0.0110000000 3.000000e-03 0.000000e+00 0.000000e+00 3.000000e-03 0.000000e+00 2.000000e-03 0.0000000000
   51    1      2      0    0      1      -1      -1  1000 0.028000000 0.34500000 0.14800000 0.11000000 0.07500000 0.04900000 0.06100000 0.04200000 0.04000000 0.021000000 0.024000000 0.017000000 0.005000000 0.008000000 0.008000000 0.004000000 0.0020000000 0.0040000000 3.000000e-03 0.000000e+00 0.000000e+00 0.000000e+00 1.000000e-03 0.000000e+00 0.0050000000
   52    1      2      0    0      1      -1      -1  1000 0.031000000 0.14200000 0.31300000 0.11400000 0.11500000 0.05200000 0.03700000 0.03900000 0.04400000 0.030000000 0.011000000 0.027000000 0.010000000 0.004000000 0.005000000 0.006000000 0.0040000000 0.0030000000 4.000000e-03 2.000000e-03 2.000000e-03 0.000000e+00 0.000000e+00 2.000000e-03 0.0030000000
   53    1      2      0    0      1      -1      -1  1000 0.043000000 0.19700000 0.14500000 0.22500000 0.09900000 0.07000000 0.05600000 0.03500000 0.03800000 0.023000000 0.017000000 0.004000000 0.017000000 0.008000000 0.006000000 0.004000000 0.0020000000 0.0020000000 1.000000e-03 1.000000e-03 1.000000e-03 1.000000e-03 2.000000e-03 1.000000e-03 0.0020000000
   54    1      2      0    0      1      -1      -1  1000 0.028000000 0.21900000 0.17700000 0.10200000 0.17000000 0.07400000 0.06100000 0.04000000 0.02300000 0.029000000 0.018000000 0.014000000 0.006000000 0.011000000 0.006000000 0.006000000 0.0040000000 0.0030000000 2.000000e-03 3.000000e-03 0.000000e+00 1.000000e-03 0.000000e+00 0.000000e+00 0.0030000000
   55    1      2      0    0      1      -1      -1  1000 0.023000000 0.14100000 0.23000000 0.13200000 0.09000000 0.13300000 0.05200000 0.05400000 0.03300000 0.020000000 0.022000000 0.016000000 0.016000000 0.009000000 0.012000000 0.002000000 0.0040000000 0.0030000000 2.000000e-03 1.000000e-03 2.000000e-03 0.000000e+00 0.000000e+00 0.000000e+00 0.0030000000
   56    1      2      0    0      1      -1      -1  1000 0.028000000 0.14900000 0.14500000 0.18600000 0.11300000 0.06200000 0.12200000 0.04500000 0.04400000 0.022000000 0.014000000 0.021000000 0.015000000 0.009000000 0.002000000 0.008000000 0.0040000000 0.0030000000 0.000000e+00 3.000000e-03 2.000000e-03 0.000000e+00 0.000000e+00 0.000000e+00 0.0030000000
   57    1      2      0    0      1      -1      -1  1000 0.066000000 0.19800000 0.15500000 0.11100000 0.12100000 0.08500000 0.04300000 0.08100000 0.02300000 0.026000000 0.016000000 0.017000000 0.013000000 0.011000000 0.010000000 0.004000000 0.0070000000 0.0020000000 2.000000e-03 3.000000e-03 0.000000e+00 2.000000e-03 1.000000e-03 0.000000e+00 0.0030000000
   58    1      2      0    0      1      -1      -1  1000 0.032000000 0.25200000 0.16300000 0.11300000 0.08200000 0.09700000 0.06700000 0.03200000 0.05200000 0.041000000 0.020000000 0.015000000 0.008000000 0.003000000 0.005000000 0.004000000 0.0010000000 0.0030000000 6.000000e-03 2.000000e-03 1.000000e-03 0.000000e+00 0.000000e+00 0.000000e+00 0.0010000000
   59    1      2      0    0      1      -1      -1  1000 0.034000000 0.17400000 0.25300000 0.14000000 0.08800000 0.06300000 0.07700000 0.03600000 0.02500000 0.044000000 0.017000000 0.011000000 0.003000000 0.008000000 0.008000000 0.007000000 0.0060000000 0.0000000000 2.000000e-03 1.000000e-03 0.000000e+00 1.000000e-03 1.000000e-03 1.000000e-03 0.0000000000
   60    1      2      0    0      1      -1      -1  1000 0.032000000 0.16100000 0.17100000 0.19300000 0.08100000 0.10000000 0.04600000 0.06800000 0.03000000 0.017000000 0.039000000 0.016000000 0.008000000 0.009000000 0.006000000 0.012000000 0.0040000000 0.0030000000 1.000000e-03 1.000000e-03 0.000000e+00 0.000000e+00 0.000000e+00 0.000000e+00 0.0020000000
   61    1      2      0    0      1      -1      -1  1000 0.024000000 0.22600000 0.13300000 0.11500000 0.17100000 0.08700000 0.06100000 0.04200000 0.03600000 0.021000000 0.014000000 0.026000000 0.012000000 0.009000000 0.005000000 0.003000000 0.0020000000 0.0020000000 2.000000e-03 1.000000e-03 2.000000e-03 0.000000e+00 2.000000e-03 0.000000e+00 0.0040000000
   62    1      2      0    0      1      -1      -1  1000 0.056000000 0.12100000 0.19200000 0.10200000 0.10300000 0.12700000 0.06500000 0.04900000 0.03800000 0.042000000 0.025000000 0.012000000 0.024000000 0.008000000 0.007000000 0.006000000 0.0020000000 0.0060000000 2.000000e-03 4.000000e-03 1.000000e-03 5.000000e-03 0.000000e+00 1.000000e-03 0.0020000000
   63    1      2      0    0      1      -1      -1  1000 0.041000000 0.28400000 0.10800000 0.14300000 0.08500000 0.06500000 0.09100000 0.04800000 0.03300000 0.028000000 0.018000000 0.004000000 0.015000000 0.014000000 0.008000000 0.004000000 0.0000000000 0.0030000000 2.000000e-03 2.000000e-03 0.000000e+00 0.000000e+00 0.000000e+00 0.000000e+00 0.0040000000
   64    1      2      0    0      1      -1      -1  1000 0.015000000 0.17200000 0.23400000 0.09500000 0.14700000 0.06500000 0.05100000 0.06600000 0.03100000 0.025000000 0.020000000 0.022000000 0.009000000 0.006000000 0.018000000 0.003000000 0.0040000000 0.0030000000 3.000000e-03 3.000000e-03 4.000000e-03 1.000000e-03 0.000000e+00 1.000000e-03 0.0020000000
   65    1      2      0    0      1      -1      -1  1000 0.017000000 0.07600000 0.19600000 0.20600000 0.09600000 0.10600000 0.06700000 0.04500000 0.05500000 0.037000000 0.016000000 0.018000000 0.016000000 0.009000000 0.007000000 0.010000000 0.0050000000 0.0020000000 7.000000e-03 1.000000e-03 1.000000e-03 0.000000e+00 1.000000e-03 1.000000e-03 0.0050000000
   66    1      2      0    0      1      -1      -1  1000 0.048000000 0.09000000 0.07900000 0.16400000 0.17100000 0.07200000 0.09400000 0.05500000 0.05000000 0.057000000 0.023000000 0.020000000 0.015000000 0.015000000 0.011000000 0.007000000 0.0130000000 0.0050000000 3.000000e-03 2.000000e-03 0.000000e+00 1.000000e-03 0.000000e+00 3.000000e-03 0.0020000000
   67    1      2      0    0      1      -1      -1  1000 0.048000000 0.28100000 0.09400000 0.05600000 0.12100000 0.12600000 0.04500000 0.06800000 0.03000000 0.023000000 0.030000000 0.021000000 0.011000000 0.006000000 0.011000000 0.007000000 0.0020000000 0.0090000000 3.000000e-03 2.000000e-03 1.000000e-03 1.000000e-03 1.000000e-03 0.000000e+00 0.0030000000
   68    1      2      0    0      1      -1      -1  1000 0.071000000 0.18600000 0.24400000 0.05300000 0.04800000 0.09100000 0.10500000 0.02900000 0.05600000 0.018000000 0.021000000 0.021000000 0.011000000 0.009000000 0.008000000 0.009000000 0.0070000000 0.0010000000 3.000000e-03 2.000000e-03 0.000000e+00 0.000000e+00 3.000000e-03 1.000000e-03 0.0030000000
   69    1      2      0    0      1      -1      -1  1000 0.017000000 0.30500000 0.17500000 0.16100000 0.03700000 0.03800000 0.04600000 0.05300000 0.02900000 0.033000000 0.025000000 0.017000000 0.022000000 0.009000000 0.011000000 0.002000000 0.0050000000 0.0040000000 1.000000e-03 4.000000e-03 0.000000e+00 0.000000e+00 1.000000e-03 0.000000e+00 0.0050000000
   70    1      2      0    0      1      -1      -1  1000 0.057000000 0.09400000 0.28400000 0.14300000 0.12400000 0.02300000 0.03300000 0.05400000 0.04900000 0.027000000 0.026000000 0.012000000 0.021000000 0.020000000 0.004000000 0.004000000 0.0050000000 0.0050000000 3.000000e-03 3.000000e-03 4.000000e-03 0.000000e+00 1.000000e-03 1.000000e-03 0.0030000000
   71    1      2      0    0      1      -1      -1  1000 0.037000000 0.26700000 0.09900000 0.21700000 0.08200000 0.09000000 0.02200000 0.01900000 0.04200000 0.037000000 0.009000000 0.022000000 0.014000000 0.010000000 0.006000000 0.005000000 0.0030000000 0.0030000000 2.000000e-03 2.000000e-03 1.000000e-03 4.000000e-03 2.000000e-03 4.000000e-03 0.0010000000
   72    1      2      0    0      1      -1      -1  1000 0.040000000 0.19300000 0.23400000 0.06100000 0.13700000 0.07500000 0.07800000 0.02200000 0.01500000 0.033000000 0.038000000 0.008000000 0.019000000 0.010000000 0.012000000 0.007000000 0.0030000000 0.0020000000 3.000000e-03 0.000000e+00 5.000000e-03 0.000000e+00 3.000000e-03 0.000000e+00 0.0020000000
   73    1      2      0    0      1      -1      -1  1000 0.046000000 0.20500000 0.16700000 0.19600000 0.04100000 0.13300000 0.05200000 0.04900000 0.00900000 0.008000000 0.020000000 0.018000000 0.013000000 0.012000000 0.005000000 0.010000000 0.0060000000 0.0050000000 3.000000e-03 0.000000e+00 0.000000e+00 0.000000e+00 0.000000e+00 0.000000e+00 0.0020000000
   74    1      2      0    0      1      -1      -1  1000 0.036000000 0.24600000 0.21200000 0.10700000 0.13500000 0.03000000 0.07100000 0.04400000 0.03900000 0.008000000 0.011000000 0.019000000 0.014000000 0.006000000 0.005000000 0.004000000 0.0040000000 0.0040000000 1.000000e-03 0.000000e+00 1.000000e-03 2.000000e-03 1.000000e-03 0.000000e+00 0.0000000000
   75    1      2      0    0      1      -1      -1  1000 0.033000000 0.17800000 0.19400000 0.17000000 0.08400000 0.10600000 0.03500000 0.07100000 0.03400000 0.037000000 0.008000000 0.006000000 0.010000000 0.011000000 0.006000000 0.005000000 0.0010000000 0.0020000000 1.000000e-03 0.000000e+00 2.000000e-03 1.000000e-03 1.000000e-03 2.000000e-03 0.0020000000
   76    1      2      0    0      1      -1      -1  1000 0.041000000 0.16200000 0.16600000 0.17000000 0.13300000 0.06200000 0.07300000 0.01600000 0.06100000 0.021000000 0.030000000 0.011000000 0.008000000 0.010000000 0.010000000 0.005000000 0.0060000000 0.0030000000 2.000000e-03 4.000000e-03 0.000000e+00 0.000000e+00 2.000000e-03 2.000000e-03 0.0020000000
   77    1      2      0    0      1      -1      -1  1000 0.054000000 0.16300000 0.15000000 0.12900000 0.12400000 0.11600000 0.06100000 0.06200000 0.00900000 0.057000000 0.020000000 0.013000000 0.007000000 0.005000000 0.008000000 0.006000000 0.0000000000 0.0040000000 0.000000e+00 4.000000e-03 4.000000e-03 2.000000e-03 1.000000e-03 1.000000e-03 0.0000000000
   78    1      2      0    0      1      -1      -1  1000 0.032000000 0.25100000 0.15400000 0.09100000 0.11100000 0.10600000 0.06900000 0.04100000 0.05300000 0.011000000 0.033000000 0.011000000 0.014000000 0.005000000 0.001000000 0.000000000 0.0040000000 0.0040000000 2.000000e-03 1.000000e-03 1.000000e-03 2.000000e-03 1.000000e-03 0.000000e+00 0.0020000000
   79    1      2      0    0      1      -1      -1  1000 0.020000000 0.17900000 0.24400000 0.12300000 0.06900000 0.07300000 0.09200000 0.05900000 0.02700000 0.040000000 0.009000000 0.031000000 0.006000000 0.009000000 0.003000000 0.001000000 0.0040000000 0.0030000000 2.000000e-03 3.000000e-03 0.000000e+00 1.000000e-03 0.000000e+00 0.000000e+00 0.0020000000
   80    1      2      0    0      1      -1      -1  1000 0.031000000 0.11100000 0.17900000 0.20900000 0.10800000 0.05500000 0.08500000 0.04400000 0.05400000 0.023000000 0.034000000 0.004000000 0.018000000 0.016000000 0.015000000 0.000000000 0.0020000000 0.0040000000 0.000000e+00 1.000000e-03 1.000000e-03 2.000000e-03 1.000000e-03 0.000000e+00 0.0030000000
   81    1      2      0    0      1      -1      -1  1000 0.033000000 0.17500000 0.10900000 0.15100000 0.17200000 0.08400000 0.04700000 0.05000000 0.06300000 0.032000000 0.009000000 0.022000000 0.009000000 0.013000000 0.005000000 0.005000000 0.0010000000 0.0030000000 6.000000e-03 5.000000e-03 2.000000e-03 1.000000e-03 0.000000e+00 0.000000e+00 0.0030000000
   82    1      2      0    0      1      -1      -1  1000 0.026000000 0.15700000 0.17400000 0.10200000 0.10200000 0.12200000 0.07400000 0.04600000 0.05200000 0.044000000 0.036000000 0.012000000 0.024000000 0.003000000 0.008000000 0.006000000 0.0060000000 0.0000000000 1.000000e-03 0.000000e+00 2.000000e-03 0.000000e+00 1.000000e-03 0.000000e+00 0.0020000000
   83    1      2      0    0      1      -1      -1  1000 0.070000000 0.13800000 0.14500000 0.14000000 0.07600000 0.08300000 0.09100000 0.04500000 0.03500000 0.047000000 0.039000000 0.028000000 0.011000000 0.018000000 0.005000000 0.014000000 0.0030000000 0.0040000000 0.000000e+00 0.000000e+00 2.000000e-03 2.000000e-03 0.000000e+00 0.000000e+00 0.0040000000
   84    1      2      0    0      1      -1      -1  1000 0.049000000 0.33800000 0.11300000 0.08500000 0.09200000 0.05100000 0.05600000 0.06300000 0.02900000 0.019000000 0.027000000 0.019000000 0.014000000 0.010000000 0.010000000 0.004000000 0.0080000000 0.0020000000 5.000000e-03 0.000000e+00 0.000000e+00 3.000000e-03 0.000000e+00 2.000000e-03 0.0010000000
   85    1      2      0    0      1      -1      -1  1000 0.025000000 0.20100000 0.29400000 0.08000000 0.08100000 0.07500000 0.04300000 0.03900000 0.04600000 0.018000000 0.018000000 0.012000000 0.015000000 0.018000000 0.005000000 0.008000000 0.0030000000 0.0060000000 2.000000e-03 4.000000e-03 0.000000e+00 0.000000e+00 2.000000e-03 0.000000e+00 0.0050000000
   86    1      2      0    0      1      -1      -1  1000 0.030000000 0.18200000 0.21300000 0.22100000 0.04800000 0.04800000 0.05900000 0.02800000 0.03700000 0.030000000 0.026000000 0.014000000 0.009000000 0.020000000 0.011000000 0.002000000 0.0080000000 0.0020000000 6.000000e-03 1.000000e-03 2.000000e-03 0.000000e+00 0.000000e+00 0.000000e+00 0.0030000000
   87    1      2      0    0      1      -1      -1  1000 0.058000000 0.11300000 0.20300000 0.15100000 0.17100000 0.05700000 0.06200000 0.03200000 0.02100000 0.031000000 0.029000000 0.015000000 0.014000000 0.011000000 0.011000000 0.003000000 0.0050000000 0.0070000000 0.000000e+00 2.000000e-03 1.000000e-03 0.000000e+00 0.000000e+00 0.000000e+00 0.0030000000
   88    1      2      0    0      1      -1      -1  1000 0.049000000 0.26900000 0.10100000 0.11300000 0.12200000 0.13500000 0.03400000 0.02700000 0.03100000 0.017000000 0.025000000 0.026000000 0.011000000 0.006000000 0.008000000 0.006000000 0.0030000000 0.0030000000 4.000000e-03 0.000000e+00 2.000000e-03 2.000000e-03 1.000000e-03 0.000000e+00 0.0050000000
   89    1      2      0    0      1      -1      -1  1000 0.049000000 0.16600000 0.25800000 0.09200000 0.09800000 0.09400000 0.09400000 0.02200000 0.02600000 0.024000000 0.011000000 0.017000000 0.018000000 0.003000000 0.006000000 0.004000000 0.0040000000 0.0040000000 4.000000e-03 2.000000e-03 0.000000e+00 0.000000e+00 1.000000e-03 1.000000e-03 0.0020000000
   90    1      2      0    0      1      -1      -1  1000 0.053000000 0.29600000 0.12600000 0.17200000 0.05800000 0.06000000 0.05000000 0.07300000 0.01800000 0.015000000 0.014000000 0.012000000 0.010000000 0.021000000 0.004000000 0.001000000 0.0040000000 0.0040000000 2.000000e-03 2.000000e-03 0.000000e+00 0.000000e+00 2.000000e-03 0.000000e+00 0.0030000000
   91    1      2      0    0      1      -1      -1  1000 0.028000000 0.21200000 0.26600000 0.09800000 0.14300000 0.03700000 0.04300000 0.04000000 0.05600000 0.015000000 0.007000000 0.010000000 0.007000000 0.003000000 0.007000000 0.004000000 0.0070000000 0.0040000000 1.000000e-03 1.000000e-03 3.000000e-03 2.000000e-03 1.000000e-03 3.000000e-03 0.0020000000
   92    1      2      0    0      1      -1      -1  1000 0.052000000 0.11500000 0.19800000 0.22300000 0.07200000 0.12200000 0.03900000 0.04300000 0.03400000 0.047000000 0.006000000 0.010000000 0.011000000 0.003000000 0.003000000 0.003000000 0.0040000000 0.0010000000 3.000000e-03 4.000000e-03 3.000000e-03 0.000000e+00 2.000000e-03 0.000000e+00 0.0020000000
   93    1      2      0    0      1      -1      -1  1000 0.044000000 0.25500000 0.10000000 0.15100000 0.17600000 0.04600000 0.06900000 0.02700000 0.02200000 0.027000000 0.033000000 0.011000000 0.007000000 0.007000000 0.002000000 0.002000000 0.0070000000 0.0040000000 0.000000e+00 3.000000e-03 2.000000e-03 1.000000e-03 1.000000e-03 0.000000e+00 0.0030000000
   94    1      2      0    0      1      -1      -1  1000 0.039000000 0.17800000 0.23600000 0.06000000 0.13500000 0.12400000 0.04500000 0.05100000 0.01800000 0.035000000 0.023000000 0.019000000 0.009000000 0.008000000 0.002000000 0.002000000 0.0030000000 0.0020000000 3.000000e-03 1.000000e-03 0.000000e+00 3.000000e-03 2.000000e-03 0.000000e+00 0.0020000000
   95    1      2      0    0      1      -1      -1  1000 0.040000000 0.18400000 0.17900000 0.15900000 0.05900000 0.09400000 0.08300000 0.03600000 0.04900000 0.017000000 0.015000000 0.024000000 0.024000000 0.008000000 0.007000000 0.005000000 0.0020000000 0.0020000000 3.000000e-03 0.000000e+00 1.000000e-03 2.000000e-03 1.000000e-03 0.000000e+00 0.0060000000
   96    1      2      0    0      1      -1      -1  1000 0.042000000 0.21600000 0.14900000 0.13600000 0.13200000 0.05800000 0.06900000 0.06500000 0.02300000 0.037000000 0.010000000 0.017000000 0.015000000 0.007000000 0.002000000 0.000000000 0.0030000000 0.0040000000 2.000000e-03 6.000000e-03 1.000000e-03 2.000000e-03 1.000000e-03 0.000000e+00 0.0030000000
   97    1      2      0    0      1      -1      -1  1000 0.048000000 0.16100000 0.20300000 0.11300000 0.12200000 0.11400000 0.03300000 0.06100000 0.04700000 0.024000000 0.019000000 0.007000000 0.012000000 0.011000000 0.010000000 0.001000000 0.0050000000 0.0000000000 1.000000e-03 2.000000e-03 2.000000e-03 2.000000e-03 0.000000e+00 0.000000e+00 0.0020000000
   98    1      2      0    0      1      -1      -1  1000 0.048000000 0.17800000 0.16200000 0.13300000 0.09400000 0.08100000 0.08800000 0.04000000 0.05200000 0.043000000 0.021000000 0.019000000 0.008000000 0.004000000 0.008000000 0.014000000 0.0020000000 0.0030000000 1.000000e-03 0.000000e+00 0.000000e+00 1.000000e-03 0.000000e+00 0.000000e+00 0.0000000000
   99    1      2      0    0      1      -1      -1  1000 0.064000000 0.19300000 0.15300000 0.14000000 0.12100000 0.06200000 0.05900000 0.05800000 0.02500000 0.029000000 0.031000000 0.010000000 0.014000000 0.010000000 0.004000000 0.005000000 0.0100000000 0.0000000000 0.000000e+00 4.000000e-03 1.000000e-03 1.000000e-03 1.000000e-03 3.000000e-03 0.0020000000
  100    1      2      0    0      1      -1      -1  1000 0.064000000 0.27200000 0.17900000 0.10700000 0.07600000 0.07600000 0.04100000 0.03600000 0.04400000 0.016000000 0.029000000 0.025000000 0.007000000 0.005000000 0.000000000 0.005000000 0.0040000000 0.0070000000 2.000000e-03 0.000000e+00 1.000000e-03 1.000000e-03 1.000000e-03 2.000000e-03 0.0000000000
0 #_N_MeanSize_at_Age_obs
0 #_N_environ_variables
0 #_N_environ_obs
0 #_N_sizefreq_methods
0 #_do_tags
0 #_morphcomp_data
#
999
