#C data file created using the SS_writedat function in the R package r4ss
#C should work with SS version: 
#C file write time: 2014-11-06 01:20:20
#
1 #_styr
100 #_endyr
1 #_nseas
12 #_months_per_seas
1 #_spawn_seas
1 #_Nfleet
2 #_Nsurveys
1 #_N_areas
Fishery%Survey%CPUE #_fleetnames
0.5 0.5 0.5 #_surveytiming_in_season
1 1 1 #_area_assignments_for_each_fishery_and_survey
1 #_units of catch:  1=bio; 2=num
0.01 #_se of log(catch) only used for init_eq_catch and for Fmethod 2 and 3
1 #_Ngenders
25 #_Nages
0 #_init_equil_catch_for_each_fishery
100 #_N_lines_of_catch_to_read
 #_Fishery year seas
         0    1    1
         0    2    1
         0    3    1
         0    4    1
         0    5    1
         0    6    1
         0    7    1
         0    8    1
         0    9    1
         0   10    1
         0   11    1
         0   12    1
         0   13    1
         0   14    1
         0   15    1
         0   16    1
         0   17    1
         0   18    1
         0   19    1
         0   20    1
         0   21    1
         0   22    1
         0   23    1
         0   24    1
         0   25    1
 254866000   26    1
 237242000   27    1
 221307000   28    1
 206058000   29    1
 194945000   30    1
 188266000   31    1
 182626000   32    1
 177453000   33    1
 175615000   34    1
 179256000   35    1
 180376000   36    1
 180022000   37    1
 179675000   38    1
 175370000   39    1
 169243000   40    1
 166177000   41    1
 164024000   42    1
 160042000   43    1
 156171000   44    1
 150663000   45    1
 146524000   46    1
 147840000   47    1
 149379000   48    1
 152363000   49    1
 159678000   50    1
 166464000   51    1
 172686000   52    1
 177990000   53    1
 181947000   54    1
 190501000   55    1
 195124000   56    1
 193171000   57    1
 190987000   58    1
 193263000   59    1
 192101000   60    1
 188713000   61    1
 187844000   62    1
 189729000   63    1
 187447000   64    1
 185251000   65    1
 186636000   66    1
 192095000   67    1
 194664000   68    1
 195157000   69    1
 194466000   70    1
 196189000   71    1
 199705000   72    1
 197325000   73    1
 190795000   74    1
 184894000   75    1
 178302000   76    1
 175060000   77    1
 176527000   78    1
 176317000   79    1
 174033000   80    1
 171146000   81    1
 171337000   82    1
 171094000   83    1
 169467000   84    1
 166388000   85    1
 165856000   86    1
 164771000   87    1
 162883000   88    1
 162652000   89    1
 161234000   90    1
 157941000   91    1
 152726000   92    1
 149503000   93    1
 147354000   94    1
 146681000   95    1
 147655000   96    1
 149304000   97    1
 149896000   98    1
 147407000   99    1
 145464000  100    1
13 #_N_cpue
 #_Fleet Units Errtype
       1     1       0
       2     1       0
       3     1       0
 #_year seas index        obs se_log
     76    1     2 2437140432    0.2
     78    1     2 3312231079    0.2
     80    1     2 2806989432    0.2
     82    1     2 2205384066    0.2
     84    1     2 2404738996    0.2
     86    1     2 2344677032    0.2
     88    1     2 1907596811    0.2
     90    1     2 2376098838    0.2
     92    1     2 3025259967    0.2
     94    1     2 2223382586    0.2
     96    1     2 2036658129    0.2
     98    1     2 2317085246    0.2
    100    1     2 2317657761    0.2
0 #_N_discard_fleets
#_discard_units (1=same_as_catchunits(bio/num); 2=fraction; 3=numbers)
#_discard_errtype:  >0 for DF of T-dist(read CV below); 0 for normal with CV; -1 for normal with se; -2 for lognormal
0 #_N_discard
0 #_N_meanbodywt
1 #_DF_for_meanbodywt_T-distribution_like
2 # length bin method: 1=use databins; 2=generate from binwidth,min,max below; 3=read vector
1 # binwidth for population size comp
10 # minimum size in the population (lower edge of first bin and size at age 0.00)
200 # maximum size in the population (lower edge of last bin)
-0.001 #_comp_tail_compression
1e-05 #_add_to_comp
0 #_combine males into females at or below this bin number
21 #_N_lbins
#_lbin_vector
10 53 70 83 94 101 107 111 114 117 120 123 125 127 130 132 135 138 142 148 200
0 #_N_Length_comp_observations
25 #_N_agebins
#_agebin_vector
1 2 3 4 5 6 7 8 9 10 11 12 13 14 15 16 17 18 19 20 21 22 23 24 25
1 #_N_ageerror_definitions
 #_age0   age1   age2   age3   age4   age5   age6   age7   age8   age9  age10  age11  age12  age13  age14  age15  age16  age17  age18  age19  age20  age21  age22  age23  age24  age25
 -1.000 -1.000 -1.000 -1.000 -1.000 -1.000 -1.000 -1.000 -1.000 -1.000 -1.000 -1.000 -1.000 -1.000 -1.000 -1.000 -1.000 -1.000 -1.000 -1.000 -1.000 -1.000 -1.000 -1.000 -1.000 -1.000
  0.001  0.001  0.001  0.001  0.001  0.001  0.001  0.001  0.001  0.001  0.001  0.001  0.001  0.001  0.001  0.001  0.001  0.001  0.001  0.001  0.001  0.001  0.001  0.001  0.001  0.001
22 #_N_agecomp
1 #_Lbin_method: 1=poplenbins; 2=datalenbins; 3=lengths
-1 #_combine males into females at or below this bin number
 #_Yr Seas FltSvy Gender Part Ageerr Lbin_lo Lbin_hi Nsamp          a1        a2        a3         a4         a5         a6         a7         a8          a9         a10          a11         a12          a13          a14          a15          a16          a17          a18          a19          a20          a21          a22          a23          a24          a25
   50    1      1      0    0      1      -1      -1   200 0.026459313 0.2219805 0.2612478 0.08245043 0.13857211 0.09039928 0.02861607 0.02755862 0.032030793 0.010164063 0.0282927836 0.010743580 0.0003487799 0.0104200372 6.854453e-03 0.0000366516 0.0097843334 3.999893e-03 2.776876e-03 6.025353e-03 1.563644e-04 1.177326e-04 1.393606e-07 1.112995e-04 8.527162e-04
   55    1      1      0    0      1      -1      -1   200 0.020818179 0.1423165 0.2921458 0.04356395 0.16056621 0.06446992 0.07325245 0.06993223 0.022007952 0.051484664 0.0171752668 0.000332486 0.0160670335 0.0103672839 2.984415e-03 0.0065385730 0.0042493369 2.436938e-06 3.536496e-04 3.182089e-06 5.458756e-04 3.541900e-07 2.594445e-04 9.363230e-07 5.617752e-04
   60    1      1      0    0      1      -1      -1   200 0.005806802 0.1048207 0.1359699 0.27392652 0.03384698 0.08078068 0.10434699 0.09649203 0.031559033 0.041618823 0.0066550923 0.017084665 0.0382190613 0.0036912018 6.218132e-03 0.0012975547 0.0133176921 2.116254e-03 2.393792e-04 1.223960e-03 6.109626e-04 2.598096e-09 3.635652e-11 1.095354e-06 1.564940e-04
   65    1      1      0    0      1      -1      -1   200 0.034582319 0.1367388 0.1742099 0.13107416 0.17382517 0.08044560 0.04828716 0.03675767 0.057004977 0.003520375 0.0181157883 0.036822828 0.0220156217 0.0058346121 4.251944e-03 0.0129496953 0.0031817675 6.480556e-03 1.016498e-02 2.111019e-03 1.491951e-03 3.517995e-09 1.216332e-04 1.244754e-17 1.146661e-05
   70    1      1      0    0      1      -1      -1   200 0.050212090 0.1709589 0.1692086 0.17177787 0.10211131 0.13982723 0.05157939 0.02473668 0.004538509 0.022202125 0.0233759166 0.006623240 0.0208308428 0.0138382081 6.692623e-05 0.0060646048 0.0086213573 1.808315e-03 1.809546e-05 2.476761e-03 1.075416e-03 1.559340e-03 3.900312e-05 2.530165e-12 6.449234e-03
   75    1      1      0    0      1      -1      -1   200 0.001990467 0.1334126 0.2226676 0.07434784 0.13085068 0.13986223 0.07463211 0.03719320 0.049401008 0.015487397 0.0373083939 0.016117120 0.0096233644 0.0198985455 7.372910e-03 0.0017646487 0.0017414015 1.474380e-02 6.992793e-03 1.992985e-03 1.097308e-04 9.936829e-07 7.611670e-04 6.670321e-04 1.059976e-03
   80    1      1      0    0      1      -1      -1   200 0.010719779 0.1008221 0.2166504 0.11519940 0.23234611 0.04708178 0.05009351 0.06644660 0.024658060 0.028558854 0.0227744637 0.009530425 0.0226883967 0.0037206075 8.582226e-03 0.0136401306 0.0122394858 1.437963e-04 1.964757e-03 4.597059e-04 2.702035e-04 1.303708e-07 2.836349e-03 5.499124e-03 3.073620e-03
   85    1      1      0    0      1      -1      -1   200 0.024376377 0.1893945 0.1420355 0.15221509 0.10007822 0.10574463 0.03135548 0.07142334 0.028571650 0.071544252 0.0055544885 0.017751605 0.0223278849 0.0003309124 4.807454e-03 0.0094670402 0.0037739429 1.315629e-03 9.925267e-03 1.216120e-03 1.359645e-03 2.591738e-03 6.474301e-05 1.158481e-04 2.658629e-03
   90    1      1      0    0      1      -1      -1   200 0.005163002 0.1730746 0.1738817 0.19338691 0.09953845 0.10032070 0.06513615 0.02995732 0.031390324 0.036055727 0.0422273644 0.001455107 0.0069323320 0.0161414118 5.961980e-03 0.0065323639 0.0003949304 4.845946e-03 3.870449e-04 8.287648e-05 4.825531e-03 1.008143e-06 1.294839e-03 4.383834e-04 5.739888e-04
   95    1      1      0    0      1      -1      -1   200 0.027906102 0.2218052 0.2096162 0.14665628 0.10335103 0.02252461 0.03477463 0.02413242 0.054838623 0.015950821 0.0370404365 0.045264675 0.0107741402 0.0098043838 9.150091e-03 0.0124747160 0.0003204335 6.875558e-04 6.606068e-03 1.845666e-04 9.885404e-06 9.369622e-06 1.114339e-05 5.349910e-03 7.566669e-04
  100    1      1      0    0      1      -1      -1   200 0.045796040 0.1506365 0.1897738 0.07661011 0.17183483 0.09818007 0.08614212 0.03754078 0.034106776 0.035301933 0.0009342353 0.013893185 0.0113571130 0.0138021651 1.712447e-03 0.0084722912 0.0013880529 3.958223e-03 2.020985e-03 8.881706e-03 2.618479e-04 1.058453e-06 2.003822e-05 6.975450e-03 3.982342e-04
   50    1      2      0    0      1      -1      -1   200 0.030000000 0.2400000 0.2800000 0.08500000 0.11000000 0.08000000 0.02500000 0.05500000 0.020000000 0.010000000 0.0300000000 0.015000000 0.0000000000 0.0000000000 1.500000e-02 0.0000000000 0.0000000000 5.000000e-03 0.000000e+00 0.000000e+00 0.000000e+00 0.000000e+00 0.000000e+00 0.000000e+00 0.000000e+00
   55    1      2      0    0      1      -1      -1   200 0.025000000 0.2500000 0.2350000 0.08000000 0.15000000 0.04000000 0.07000000 0.05000000 0.020000000 0.030000000 0.0200000000 0.000000000 0.0100000000 0.0100000000 0.000000e+00 0.0050000000 0.0050000000 0.000000e+00 0.000000e+00 0.000000e+00 0.000000e+00 0.000000e+00 0.000000e+00 0.000000e+00 0.000000e+00
   60    1      2      0    0      1      -1      -1   200 0.020000000 0.1750000 0.1950000 0.22500000 0.04000000 0.05500000 0.08500000 0.10500000 0.010000000 0.040000000 0.0100000000 0.005000000 0.0050000000 0.0050000000 1.000000e-02 0.0150000000 0.0000000000 0.000000e+00 0.000000e+00 0.000000e+00 0.000000e+00 0.000000e+00 0.000000e+00 0.000000e+00 0.000000e+00
   65    1      2      0    0      1      -1      -1   200 0.085000000 0.1400000 0.1600000 0.12500000 0.18000000 0.05000000 0.04000000 0.04000000 0.070000000 0.015000000 0.0150000000 0.040000000 0.0150000000 0.0000000000 1.000000e-02 0.0000000000 0.0000000000 0.000000e+00 0.000000e+00 0.000000e+00 5.000000e-03 5.000000e-03 5.000000e-03 0.000000e+00 0.000000e+00
   70    1      2      0    0      1      -1      -1   200 0.080000000 0.1600000 0.1650000 0.07500000 0.08500000 0.16000000 0.06000000 0.06000000 0.025000000 0.065000000 0.0200000000 0.000000000 0.0100000000 0.0100000000 5.000000e-03 0.0050000000 0.0000000000 5.000000e-03 0.000000e+00 5.000000e-03 5.000000e-03 0.000000e+00 0.000000e+00 0.000000e+00 0.000000e+00
   75    1      2      0    0      1      -1      -1   200 0.045000000 0.1850000 0.1550000 0.04000000 0.11500000 0.15500000 0.09000000 0.05000000 0.050000000 0.020000000 0.0400000000 0.010000000 0.0100000000 0.0050000000 1.500000e-02 0.0050000000 0.0000000000 0.000000e+00 1.000000e-02 0.000000e+00 0.000000e+00 0.000000e+00 0.000000e+00 0.000000e+00 0.000000e+00
   80    1      2      0    0      1      -1      -1   200 0.055000000 0.1500000 0.1350000 0.13500000 0.16500000 0.06500000 0.07500000 0.03000000 0.015000000 0.020000000 0.0450000000 0.025000000 0.0250000000 0.0150000000 1.000000e-02 0.0100000000 0.0050000000 0.000000e+00 1.000000e-02 5.000000e-03 0.000000e+00 0.000000e+00 0.000000e+00 0.000000e+00 5.000000e-03
   85    1      2      0    0      1      -1      -1   200 0.020000000 0.1900000 0.1350000 0.13500000 0.12000000 0.12500000 0.05000000 0.03000000 0.035000000 0.060000000 0.0250000000 0.025000000 0.0100000000 0.0000000000 1.000000e-02 0.0100000000 0.0050000000 0.000000e+00 5.000000e-03 0.000000e+00 0.000000e+00 5.000000e-03 0.000000e+00 5.000000e-03 0.000000e+00
   90    1      2      0    0      1      -1      -1   200 0.010000000 0.1950000 0.1700000 0.16000000 0.07000000 0.09000000 0.10500000 0.05500000 0.045000000 0.030000000 0.0150000000 0.020000000 0.0000000000 0.0050000000 2.000000e-02 0.0000000000 0.0050000000 0.000000e+00 0.000000e+00 0.000000e+00 0.000000e+00 0.000000e+00 0.000000e+00 0.000000e+00 5.000000e-03
   95    1      2      0    0      1      -1      -1   200 0.055000000 0.2000000 0.1500000 0.16000000 0.09000000 0.05000000 0.04500000 0.04000000 0.085000000 0.030000000 0.0500000000 0.000000000 0.0050000000 0.0000000000 1.500000e-02 0.0000000000 0.0000000000 0.000000e+00 1.000000e-02 5.000000e-03 0.000000e+00 5.000000e-03 0.000000e+00 0.000000e+00 5.000000e-03
  100    1      2      0    0      1      -1      -1   200 0.040000000 0.2450000 0.0950000 0.09000000 0.12000000 0.12500000 0.09000000 0.04000000 0.040000000 0.025000000 0.0100000000 0.020000000 0.0100000000 0.0150000000 5.000000e-03 0.0050000000 0.0000000000 0.000000e+00 0.000000e+00 5.000000e-03 5.000000e-03 0.000000e+00 0.000000e+00 5.000000e-03 1.000000e-02
0 #_N_MeanSize_at_Age_obs
0 #_N_environ_variables
0 #_N_environ_obs
0 #_N_sizefreq_methods
0 #_do_tags
0 #_morphcomp_data
#
999
