#C data file created using the SS_writedat function in the R package r4ss
#C should work with SS version: 
#C file write time: 2014-11-06 20:15:05
#
1 #_styr
100 #_endyr
1 #_nseas
12 #_months_per_seas
1 #_spawn_seas
1 #_Nfleet
2 #_Nsurveys
1 #_N_areas
Fishery%Survey%CPUE #_fleetnames
0.5 0.5 0.5 #_surveytiming_in_season
1 1 1 #_area_assignments_for_each_fishery_and_survey
1 #_units of catch:  1=bio; 2=num
0.01 #_se of log(catch) only used for init_eq_catch and for Fmethod 2 and 3
1 #_Ngenders
25 #_Nages
0 #_init_equil_catch_for_each_fishery
100 #_N_lines_of_catch_to_read
 #_Fishery year seas
         0    1    1
         0    2    1
         0    3    1
         0    4    1
         0    5    1
         0    6    1
         0    7    1
         0    8    1
         0    9    1
         0   10    1
         0   11    1
         0   12    1
         0   13    1
         0   14    1
         0   15    1
         0   16    1
         0   17    1
         0   18    1
         0   19    1
         0   20    1
         0   21    1
         0   22    1
         0   23    1
         0   24    1
         0   25    1
 276190000   26    1
 258170000   27    1
 238909000   28    1
 220887000   29    1
 205167000   30    1
 192771000   31    1
 181448000   32    1
 173837000   33    1
 171822000   34    1
 169556000   35    1
 167315000   36    1
 162963000   37    1
 155603000   38    1
 148821000   39    1
 144086000   40    1
 142049000   41    1
 144537000   42    1
 149104000   43    1
 155963000   44    1
 159799000   45    1
 158642000   46    1
 155715000   47    1
 151470000   48    1
 146701000   49    1
 140939000   50    1
 134585000   51    1
 130817000   52    1
 131071000   53    1
 130851000   54    1
 129337000   55    1
 128903000   56    1
 128024000   57    1
 132733000   58    1
 144244000   59    1
 150950000   60    1
 159033000   61    1
 166535000   62    1
 168441000   63    1
 169847000   64    1
 172613000   65    1
 171454000   66    1
 167589000   67    1
 161951000   68    1
 156971000   69    1
 154873000   70    1
 153089000   71    1
 153107000   72    1
 151953000   73    1
 150432000   74    1
 148801000   75    1
 152935000   76    1
 161769000   77    1
 168420000   78    1
 172860000   79    1
 171298000   80    1
 168414000   81    1
 164288000   82    1
 157392000   83    1
 151015000   84    1
 145102000   85    1
 144124000   86    1
 143695000   87    1
 141347000   88    1
 138596000   89    1
 136289000   90    1
 135855000   91    1
 137067000   92    1
 136926000   93    1
 134254000   94    1
 130304000   95    1
 131168000   96    1
 137268000   97    1
 142454000   98    1
 144820000   99    1
 146300000  100    1
76 #_N_cpue
 #_Fleet Units Errtype
       1     1       0
       2     1       0
       3     1       0
 #_year seas index        obs se_log
     25    1     2 2879537902    0.2
     26    1     2 3606031221    0.2
     27    1     2 3378582055    0.2
     28    1     2 4165276429    0.2
     29    1     2 2640143711    0.2
     30    1     2 2320255056    0.2
     31    1     2 3177772400    0.2
     32    1     2 3262072297    0.2
     33    1     2 3131302204    0.2
     34    1     2 2856806304    0.2
     35    1     2 2915541026    0.2
     36    1     2 2946409637    0.2
     37    1     2 1684253850    0.2
     38    1     2 2004713719    0.2
     39    1     2 2035227957    0.2
     40    1     2 2435053677    0.2
     41    1     2 2047932903    0.2
     42    1     2 1321746935    0.2
     43    1     2 2726451885    0.2
     44    1     2 1849275180    0.2
     45    1     2 2062708331    0.2
     46    1     2 2130211292    0.2
     47    1     2 1532328611    0.2
     48    1     2 2551326145    0.2
     49    1     2 2638955628    0.2
     50    1     2 2493884825    0.2
     51    1     2 2526576820    0.2
     52    1     2 1684375181    0.2
     53    1     2 2020940814    0.2
     54    1     2 1856833422    0.2
     55    1     2 1480791061    0.2
     56    1     2 1851054147    0.2
     57    1     2 2110985426    0.2
     58    1     2 1187486789    0.2
     59    1     2 2428525575    0.2
     60    1     2 2204749838    0.2
     61    1     2 1803216244    0.2
     62    1     2 1972561604    0.2
     63    1     2 2465421710    0.2
     64    1     2 2233299634    0.2
     65    1     2 2291291008    0.2
     66    1     2 2993312312    0.2
     67    1     2 1114657982    0.2
     68    1     2 3481271883    0.2
     69    1     2 2236277736    0.2
     70    1     2 1798534804    0.2
     71    1     2 1606954701    0.2
     72    1     2 2295910254    0.2
     73    1     2 2242999734    0.2
     74    1     2 2005940366    0.2
     75    1     2 2660624941    0.2
     76    1     2 2124207087    0.2
     77    1     2 1817634821    0.2
     78    1     2 2807848549    0.2
     79    1     2 2216328986    0.2
     80    1     2 1923136231    0.2
     81    1     2 2155618777    0.2
     82    1     2 2803813768    0.2
     83    1     2 2660533711    0.2
     84    1     2 2172808353    0.2
     85    1     2 3057946489    0.2
     86    1     2 1973893288    0.2
     87    1     2 2513126985    0.2
     88    1     2 1823161277    0.2
     89    1     2 2392546937    0.2
     90    1     2 2152262761    0.2
     91    1     2 2212721207    0.2
     92    1     2 1903012063    0.2
     93    1     2 3123282671    0.2
     94    1     2 1591687555    0.2
     95    1     2 1982206400    0.2
     96    1     2 1226034463    0.2
     97    1     2 2127045537    0.2
     98    1     2 1852535651    0.2
     99    1     2 2255026028    0.2
    100    1     2 2443719891    0.2
0 #_N_discard_fleets
#_discard_units (1=same_as_catchunits(bio/num); 2=fraction; 3=numbers)
#_discard_errtype:  >0 for DF of T-dist(read CV below); 0 for normal with CV; -1 for normal with se; -2 for lognormal
0 #_N_discard
0 #_N_meanbodywt
1 #_DF_for_meanbodywt_T-distribution_like
2 # length bin method: 1=use databins; 2=generate from binwidth,min,max below; 3=read vector
1 # binwidth for population size comp
10 # minimum size in the population (lower edge of first bin and size at age 0.00)
200 # maximum size in the population (lower edge of last bin)
-0.001 #_comp_tail_compression
1e-05 #_add_to_comp
0 #_combine males into females at or below this bin number
21 #_N_lbins
#_lbin_vector
10 53 70 83 94 101 107 111 114 117 120 123 125 127 130 132 135 138 142 148 200
0 #_N_Length_comp_observations
25 #_N_agebins
#_agebin_vector
1 2 3 4 5 6 7 8 9 10 11 12 13 14 15 16 17 18 19 20 21 22 23 24 25
1 #_N_ageerror_definitions
 #_age0   age1   age2   age3   age4   age5   age6   age7   age8   age9  age10  age11  age12  age13  age14  age15  age16  age17  age18  age19  age20  age21  age22  age23  age24  age25
 -1.000 -1.000 -1.000 -1.000 -1.000 -1.000 -1.000 -1.000 -1.000 -1.000 -1.000 -1.000 -1.000 -1.000 -1.000 -1.000 -1.000 -1.000 -1.000 -1.000 -1.000 -1.000 -1.000 -1.000 -1.000 -1.000
  0.001  0.001  0.001  0.001  0.001  0.001  0.001  0.001  0.001  0.001  0.001  0.001  0.001  0.001  0.001  0.001  0.001  0.001  0.001  0.001  0.001  0.001  0.001  0.001  0.001  0.001
198 #_N_agecomp
1 #_Lbin_method: 1=poplenbins; 2=datalenbins; 3=lengths
-1 #_combine males into females at or below this bin number
 #_Yr Seas FltSvy Gender Part Ageerr Lbin_lo Lbin_hi Nsamp          a1         a2         a3         a4         a5         a6         a7         a8         a9         a10         a11         a12         a13          a14          a15          a16          a17          a18          a19          a20          a21          a22          a23          a24          a25
    2    1      1      0    0      1      -1      -1   500 0.015843370 0.12032141 0.16432873 0.11939588 0.09608218 0.08847952 0.07528629 0.06590124 0.04106767 0.038227736 0.026124656 0.022191362 0.023764235 0.0185311227 0.0155036624 0.0255120353 0.0119965631 5.653593e-03 6.741868e-03 1.671045e-03 4.750940e-03 8.241680e-04 1.482367e-03 2.241568e-03 8.076777e-03
    3    1      1      0    0      1      -1      -1   500 0.004732162 0.17552765 0.17305682 0.09727749 0.11051943 0.09108267 0.07056468 0.05179391 0.03589581 0.034014292 0.034137486 0.020352551 0.027817513 0.0134964264 0.0099843375 0.0098479255 0.0045386933 6.165587e-03 6.752396e-03 9.839242e-04 2.258780e-03 6.287570e-03 1.660434e-03 3.432959e-03 7.818506e-03
    4    1      1      0    0      1      -1      -1   500 0.014020838 0.06135519 0.25826883 0.12318882 0.11399981 0.07288035 0.05586697 0.04365271 0.03395643 0.048407201 0.040196024 0.026477710 0.016513389 0.0170059723 0.0145073744 0.0226145341 0.0057677656 3.646320e-03 4.695886e-03 8.082798e-03 4.838659e-03 2.203959e-03 1.837017e-05 2.030126e-04 7.631069e-03
    5    1      1      0    0      1      -1      -1   500 0.006018502 0.06804911 0.08836750 0.21534530 0.12223207 0.11867740 0.07086152 0.05529057 0.03562312 0.064722760 0.033049143 0.030619188 0.017375440 0.0133121227 0.0117402620 0.0132568641 0.0121045352 5.417495e-03 2.296725e-03 1.086701e-03 4.843057e-03 1.614338e-03 4.971181e-04 1.345171e-03 6.253987e-03
    6    1      1      0    0      1      -1      -1   500 0.017271436 0.11097500 0.09310992 0.07946278 0.17853870 0.10134572 0.06395981 0.03989637 0.05911129 0.039584281 0.023421111 0.048602928 0.039327077 0.0147101636 0.0171826501 0.0161328331 0.0100460981 4.151767e-03 7.593305e-03 1.090683e-02 1.677723e-03 1.453276e-03 4.424071e-03 4.787915e-03 1.232694e-02
    7    1      1      0    0      1      -1      -1   500 0.011156014 0.17518326 0.15121490 0.08570973 0.08009378 0.17666039 0.06075927 0.04550762 0.03461738 0.025454696 0.017682497 0.025731184 0.023148704 0.0151235849 0.0103443656 0.0074835022 0.0114992020 6.360266e-03 1.025394e-02 3.369458e-03 4.883472e-03 3.083363e-03 3.100020e-03 2.796433e-03 8.782976e-03
    8    1      1      0    0      1      -1      -1   500 0.007638196 0.07101708 0.22195693 0.14457745 0.05546637 0.08128716 0.09327494 0.05992224 0.03169310 0.046935179 0.040224666 0.030502720 0.015368076 0.0210561181 0.0122149437 0.0146342479 0.0064321540 1.275475e-02 4.431817e-03 3.294460e-03 5.608934e-03 2.392768e-03 1.111278e-03 2.630676e-03 1.357374e-02
    9    1      1      0    0      1      -1      -1   500 0.009696585 0.13322425 0.15345639 0.16596221 0.10130537 0.04620468 0.06528452 0.09106388 0.03781024 0.035299490 0.033204376 0.017706978 0.020741188 0.0230552209 0.0183552101 0.0087266426 0.0039585428 8.881299e-03 6.854582e-03 6.410764e-03 2.057401e-03 1.371712e-03 1.515278e-04 1.226170e-03 7.990766e-03
   10    1      1      0    0      1      -1      -1   500 0.003447165 0.08846565 0.17811152 0.12341413 0.15965513 0.08377241 0.04258867 0.04098403 0.06534138 0.045615793 0.018267792 0.023815028 0.018283560 0.0244704196 0.0182792688 0.0111551115 0.0053652355 5.196406e-03 3.019681e-03 6.338328e-03 6.212623e-03 2.696225e-03 4.880141e-03 3.276060e-03 1.734824e-02
   11    1      1      0    0      1      -1      -1   500 0.009664284 0.11902723 0.10751538 0.19096812 0.07232313 0.09726047 0.07492982 0.02242882 0.03642003 0.061441187 0.040781873 0.018283210 0.021671671 0.0289955102 0.0059143570 0.0217689050 0.0101562855 1.023719e-02 6.618285e-03 5.620908e-03 5.436081e-03 9.981680e-03 4.035764e-03 3.364127e-03 1.515568e-02
   12    1      1      0    0      1      -1      -1   500 0.023609458 0.09849015 0.15425038 0.09669178 0.11787168 0.07484774 0.11078141 0.05247131 0.03633325 0.025524539 0.063546897 0.017618152 0.023371254 0.0256500672 0.0063880808 0.0080635800 0.0094440472 7.135912e-03 1.167602e-02 9.913255e-03 1.774370e-03 6.563786e-03 2.909487e-03 3.566178e-03 1.150723e-02
   13    1      1      0    0      1      -1      -1   500 0.006577869 0.18115447 0.15273910 0.10799131 0.09217067 0.10338152 0.05075998 0.06615590 0.05398020 0.011772508 0.028802149 0.045560107 0.017512398 0.0102592102 0.0150016147 0.0083737808 0.0088836777 1.050341e-02 5.686340e-03 6.340240e-03 2.257806e-03 3.010141e-03 2.778269e-03 1.181767e-03 7.165558e-03
   14    1      1      0    0      1      -1      -1   500 0.017265706 0.10838705 0.24584789 0.10402208 0.09325705 0.06254521 0.07996563 0.03622744 0.04757414 0.032154669 0.009461151 0.024069241 0.046231059 0.0167605926 0.0340834209 0.0130897699 0.0050209714 1.051983e-03 2.807732e-03 3.414715e-03 4.293647e-03 1.381401e-03 1.312112e-03 2.691494e-03 7.083846e-03
   15    1      1      0    0      1      -1      -1   500 0.017838520 0.18441958 0.13579546 0.17178903 0.09708454 0.07173879 0.05016242 0.04004101 0.03641092 0.031917355 0.027412439 0.005590922 0.021840170 0.0238247700 0.0090453911 0.0147454287 0.0100008246 9.003917e-03 4.233734e-03 7.325870e-03 3.764799e-03 3.612679e-03 2.242759e-03 1.197908e-03 1.896078e-02
   16    1      1      0    0      1      -1      -1   500 0.003395370 0.07932629 0.19961128 0.10105830 0.16344523 0.08118781 0.05841465 0.03725399 0.04627131 0.036138760 0.038165231 0.032999857 0.009719268 0.0114300569 0.0215516514 0.0117644167 0.0107411821 1.009829e-02 7.368306e-03 5.789172e-03 1.049734e-02 1.828293e-03 7.895626e-03 6.940200e-03 7.108116e-03
   17    1      1      0    0      1      -1      -1   500 0.015143394 0.04948955 0.11914144 0.17435469 0.12268288 0.13981500 0.07708523 0.04628364 0.05106736 0.062293110 0.018361830 0.024370167 0.014099053 0.0064459580 0.0101858866 0.0175924370 0.0083264597 3.724371e-03 1.043389e-02 2.189423e-03 7.617186e-03 2.618862e-03 3.285693e-04 1.810231e-03 1.453939e-02
   18    1      1      0    0      1      -1      -1   500 0.016980636 0.16298223 0.05849898 0.07986668 0.17049469 0.08464979 0.11325061 0.05418616 0.03250820 0.041991758 0.027124557 0.030951103 0.035573653 0.0123346701 0.0099389704 0.0059552946 0.0163530343 1.864138e-02 7.008441e-03 3.805187e-03 2.649737e-03 3.269939e-03 2.219991e-03 2.442156e-04 8.520073e-03
   19    1      1      0    0      1      -1      -1   500 0.019887259 0.11040230 0.18325253 0.04805328 0.09072870 0.10322280 0.06882792 0.09186016 0.04952080 0.027553484 0.029006998 0.058242317 0.017724481 0.0282082979 0.0101847150 0.0061594296 0.0100599113 1.973858e-02 5.227808e-03 4.580588e-03 2.412878e-03 5.461880e-04 1.109176e-03 3.294815e-03 1.019457e-02
   20    1      1      0    0      1      -1      -1   500 0.021475930 0.13571280 0.14212662 0.17854458 0.03446269 0.05549837 0.08511149 0.05161554 0.06145127 0.055626576 0.036984654 0.028114951 0.022457116 0.0165238302 0.0169642391 0.0052053768 0.0023879868 4.726597e-03 7.944082e-03 1.312494e-02 4.098379e-03 1.513933e-03 4.955985e-03 3.270293e-04 1.304504e-02
   21    1      1      0    0      1      -1      -1   500 0.018008957 0.15637543 0.14624418 0.12563323 0.14644241 0.02911049 0.04609086 0.08739918 0.04774620 0.062560620 0.020243583 0.017028572 0.011961745 0.0128761183 0.0070930866 0.0095343155 0.0079459604 9.470233e-04 1.594630e-03 1.198886e-02 7.665414e-03 4.148744e-03 2.421601e-03 3.240580e-03 1.569821e-02
   22    1      1      0    0      1      -1      -1   500 0.011247756 0.07255116 0.23403869 0.12587894 0.12598331 0.10038861 0.02557862 0.02698135 0.07364476 0.033749058 0.035679359 0.017694799 0.015091404 0.0114316482 0.0148586286 0.0039098792 0.0177032067 1.217887e-02 1.289075e-03 3.513303e-03 9.859632e-03 5.672626e-03 1.681758e-03 1.001722e-02 9.376346e-03
   23    1      1      0    0      1      -1      -1   500 0.020776648 0.11059543 0.17023844 0.16876048 0.11488887 0.07716782 0.06684911 0.01466092 0.03814215 0.048345181 0.019284296 0.043649603 0.010296393 0.0136109916 0.0066471444 0.0171617468 0.0094266878 8.619139e-03 8.423063e-03 4.149116e-03 1.473379e-03 9.789048e-03 1.805093e-03 7.011249e-03 8.228007e-03
   24    1      1      0    0      1      -1      -1   500 0.010271603 0.15179558 0.12655403 0.13384236 0.12400106 0.10905490 0.07076544 0.06645394 0.01923200 0.033648293 0.028734886 0.020801998 0.034957752 0.0168198854 0.0035707770 0.0082533975 0.0053943860 7.405738e-03 4.647210e-03 3.100307e-03 2.367296e-03 5.408660e-04 6.957340e-03 2.438278e-03 8.390692e-03
   25    1      1      0    0      1      -1      -1   500 0.011562569 0.03221035 0.22275117 0.08553170 0.08736109 0.13089042 0.09007287 0.05295586 0.05512658 0.010544239 0.035892540 0.040461803 0.020635926 0.0258632848 0.0190608140 0.0197332027 0.0072486585 1.052194e-02 6.375874e-03 6.702383e-03 5.783552e-03 2.716994e-04 2.981629e-03 1.178010e-02 7.679750e-03
   26    1      1      0    0      1      -1      -1   500 0.006439758 0.21176380 0.05200518 0.19860059 0.09740379 0.06885858 0.09229741 0.04684537 0.03193551 0.046445251 0.010603609 0.014261663 0.035375192 0.0195154353 0.0168110259 0.0090725919 0.0151171209 1.290741e-03 2.360130e-03 1.370572e-03 3.338232e-03 7.783439e-03 7.180478e-03 1.352105e-04 3.189318e-03
   27    1      1      0    0      1      -1      -1   500 0.009643049 0.07939256 0.24689577 0.03089818 0.13436513 0.09178637 0.06193096 0.06898981 0.04335297 0.058575878 0.047243406 0.008394392 0.011742977 0.0179542703 0.0153301308 0.0194692920 0.0126411665 1.081653e-02 5.304348e-03 3.393049e-03 4.867912e-03 4.682634e-03 6.105377e-03 3.898435e-04 5.833986e-03
   28    1      1      0    0      1      -1      -1   500 0.018842624 0.09670905 0.13735794 0.21433464 0.04095396 0.09229575 0.05705922 0.05728737 0.06400253 0.044436584 0.027647403 0.023255380 0.012088734 0.0142802421 0.0238695541 0.0094192386 0.0191629130 1.667453e-02 4.967498e-03 2.842522e-03 2.712005e-03 3.387826e-03 2.893921e-03 5.516812e-03 8.001745e-03
   29    1      1      0    0      1      -1      -1   500 0.014130392 0.12289681 0.14272972 0.09876420 0.14561391 0.02593415 0.10984362 0.05633878 0.05434895 0.044830028 0.033767601 0.024496336 0.025064662 0.0031687531 0.0103481755 0.0261230749 0.0160953828 1.323939e-02 8.954683e-03 8.223396e-04 7.579685e-03 9.019990e-03 2.820934e-04 2.817179e-03 2.790084e-03
   30    1      1      0    0      1      -1      -1   500 0.013689802 0.15049343 0.12492504 0.10622350 0.09603222 0.15586159 0.02492743 0.06876112 0.04473931 0.033775345 0.038207330 0.032082358 0.020033126 0.0142097650 0.0038139136 0.0126148941 0.0096177436 6.791448e-03 8.277861e-03 5.732858e-03 4.710507e-03 3.578727e-03 6.796492e-03 4.507079e-03 9.597110e-03
   31    1      1      0    0      1      -1      -1   500 0.007718776 0.15306026 0.20159057 0.09354843 0.11183760 0.03776537 0.12109385 0.02076548 0.04865206 0.025056773 0.034745836 0.041759497 0.016719926 0.0124050335 0.0184429643 0.0065112385 0.0031259098 8.117588e-03 2.113008e-03 1.007197e-02 3.557391e-03 4.959692e-03 1.478098e-03 5.377775e-03 9.524905e-03
   32    1      1      0    0      1      -1      -1   500 0.021528464 0.10725551 0.15314505 0.13899852 0.07582823 0.10345188 0.05160058 0.09485021 0.01236092 0.056805394 0.030478807 0.016160958 0.026347553 0.0198207422 0.0131525446 0.0167142705 0.0038770141 5.758881e-03 1.297550e-02 1.476571e-03 9.614675e-03 9.593160e-03 2.623365e-03 1.092913e-04 1.547191e-02
   33    1      1      0    0      1      -1      -1   500 0.025211882 0.26911275 0.12004806 0.10893438 0.11778132 0.07056661 0.05553697 0.04029384 0.05071295 0.005907349 0.039862355 0.010802256 0.008726847 0.0218448909 0.0110238456 0.0051213570 0.0150847819 1.001874e-03 1.580059e-03 3.331280e-03 1.187770e-03 2.950442e-03 3.160802e-03 1.348916e-03 8.866421e-03
   34    1      1      0    0      1      -1      -1   500 0.019431547 0.15595881 0.29268879 0.10657958 0.08834078 0.08474969 0.04042945 0.04145634 0.02129871 0.040613471 0.005351143 0.019366878 0.018871204 0.0070874520 0.0150844083 0.0036746227 0.0115113589 6.145662e-03 1.761309e-03 7.177412e-04 1.876839e-03 3.604247e-04 3.086319e-03 9.091319e-04 1.264833e-02
   35    1      1      0    0      1      -1      -1   500 0.019143700 0.15851442 0.15523006 0.21909953 0.08742301 0.08099861 0.07731943 0.03966086 0.02763027 0.020989361 0.027224766 0.005540371 0.023760220 0.0103240750 0.0077785046 0.0064091772 0.0067183219 4.234894e-03 9.711915e-03 4.736089e-03 6.364001e-04 6.475522e-04 2.534062e-03 1.462770e-03 2.271632e-03
   36    1      1      0    0      1      -1      -1   500 0.009354619 0.15526519 0.18344242 0.16311406 0.17662777 0.04792118 0.04649265 0.05715963 0.02123240 0.020683088 0.011553572 0.036434894 0.003643914 0.0139634794 0.0055411845 0.0059019400 0.0093899399 1.765471e-02 6.128190e-03 3.068634e-03 3.029513e-04 2.001425e-03 2.459102e-03 1.702930e-05 6.460147e-04
   37    1      1      0    0      1      -1      -1   500 0.015934069 0.08524234 0.17704997 0.15633489 0.12146864 0.15443840 0.03827917 0.05101986 0.03236442 0.047113542 0.028801055 0.020077556 0.011882362 0.0008138555 0.0112503883 0.0101234680 0.0035674942 5.718703e-03 2.369142e-03 2.645998e-03 2.055532e-03 3.655620e-04 9.886740e-04 4.596614e-03 1.549830e-02
   38    1      1      0    0      1      -1      -1   500 0.034187881 0.09299547 0.10214917 0.16939731 0.13390645 0.09834458 0.12358451 0.02600541 0.04431019 0.048241469 0.026916057 0.019687025 0.006105302 0.0186305254 0.0034379850 0.0232038837 0.0047821373 8.043739e-03 4.286733e-03 9.963817e-04 9.271882e-04 5.980801e-03 4.133825e-05 9.073393e-05 3.747727e-03
   39    1      1      0    0      1      -1      -1   500 0.009168593 0.18106241 0.10793201 0.07449272 0.13297035 0.13145390 0.08418965 0.10111017 0.02896230 0.026418572 0.031228543 0.013503213 0.008722305 0.0129615336 0.0098503883 0.0022471334 0.0045299402 9.083490e-03 4.346671e-03 1.138307e-02 2.395167e-03 1.728158e-04 3.070493e-03 8.921348e-05 8.655346e-03
   40    1      1      0    0      1      -1      -1   500 0.040998364 0.11435945 0.23022163 0.13610703 0.06323771 0.08107764 0.07343123 0.06711201 0.07713023 0.014490807 0.021110547 0.015369589 0.013411890 0.0163507256 0.0097147871 0.0064807076 0.0006474689 1.790080e-03 3.513958e-03 4.979678e-04 7.104812e-03 3.000077e-03 8.104681e-04 3.398555e-05 1.996850e-03
   41    1      1      0    0      1      -1      -1   500 0.023305959 0.26720692 0.16394178 0.15232902 0.06386424 0.04979610 0.06578889 0.04793313 0.02727066 0.056794824 0.018150268 0.017879723 0.009796116 0.0067916200 0.0044410611 0.0014056333 0.0062032902 1.970498e-03 1.081639e-03 4.302714e-03 2.120038e-04 1.581102e-03 2.698865e-03 9.764490e-04 4.277496e-03
   42    1      1      0    0      1      -1      -1   500 0.024164888 0.18596302 0.26857351 0.09890573 0.12670155 0.03177834 0.02981763 0.04323989 0.02874651 0.042465845 0.052468390 0.008691149 0.010206319 0.0098416452 0.0067698072 0.0042454296 0.0056909813 4.036733e-03 5.185536e-05 9.274286e-03 3.503110e-04 7.302244e-04 2.796211e-03 9.785011e-05 4.391906e-03
   43    1      1      0    0      1      -1      -1   500 0.017089984 0.20628575 0.20300563 0.19907807 0.08831906 0.08162597 0.03245076 0.02148530 0.04986593 0.027052859 0.018406523 0.015262064 0.007009261 0.0090314542 0.0032922815 0.0018815334 0.0020538374 2.121857e-03 8.042310e-03 7.379492e-04 5.884444e-04 1.024115e-04 6.942588e-05 2.063138e-03 3.078197e-03
   44    1      1      0    0      1      -1      -1   500 0.013608932 0.16961940 0.24243625 0.18160852 0.15389449 0.05471245 0.06571551 0.02268082 0.01286716 0.021575104 0.019955756 0.012305999 0.006699115 0.0042530689 0.0055721088 0.0061621831 0.0012388198 2.039804e-03 7.708846e-04 1.615745e-03 1.587313e-04 2.641645e-04 4.109904e-06 6.025772e-05 1.806122e-04
   45    1      1      0    0      1      -1      -1   500 0.008384100 0.06190604 0.21223877 0.24305133 0.11119701 0.12484778 0.03686908 0.04698843 0.02331440 0.015800929 0.025816565 0.032303316 0.009034922 0.0186940083 0.0034808130 0.0106300421 0.0086587311 2.821153e-03 3.705152e-05 6.797265e-04 1.257348e-03 3.910056e-05 6.053608e-05 2.107070e-06 1.886703e-03
   46    1      1      0    0      1      -1      -1   500 0.010657850 0.12245419 0.09815846 0.21415828 0.15837971 0.09881696 0.10239469 0.03065444 0.05334899 0.029843726 0.009866239 0.017025786 0.013006408 0.0081030513 0.0117545446 0.0057423261 0.0007540942 2.926348e-03 3.164611e-04 5.079873e-04 4.155920e-04 1.522055e-03 8.205540e-06 7.863106e-04 8.397301e-03
   47    1      1      0    0      1      -1      -1   500 0.013349643 0.12252892 0.15002671 0.07980845 0.15458031 0.15426385 0.09729992 0.07695502 0.04455373 0.031751779 0.006557598 0.003193466 0.010134397 0.0107573177 0.0056368750 0.0153896973 0.0043173942 1.881965e-03 4.174919e-03 2.073104e-03 3.529730e-03 1.003818e-03 6.777918e-04 7.641745e-07 5.552838e-03
   48    1      1      0    0      1      -1      -1   500 0.018185338 0.15043063 0.17704043 0.12486314 0.06719049 0.11033172 0.10159682 0.05920802 0.05365373 0.034732478 0.015718968 0.013926167 0.006761856 0.0062765993 0.0238186656 0.0105221626 0.0098108361 7.575229e-04 1.949252e-03 8.891050e-04 5.035939e-04 4.036596e-04 1.027043e-03 7.666943e-04 9.635077e-03
   49    1      1      0    0      1      -1      -1   500 0.007452081 0.12164590 0.19534261 0.12475674 0.11561894 0.04472743 0.12274938 0.07548437 0.05599920 0.043741526 0.024627381 0.010820229 0.013284030 0.0036554120 0.0064575014 0.0136002256 0.0055945929 1.488393e-03 1.324026e-03 1.863366e-04 2.310206e-03 1.381206e-03 1.857356e-03 1.975979e-04 5.697312e-03
   50    1      1      0    0      1      -1      -1   500 0.011145670 0.09286333 0.17475811 0.12462225 0.11413720 0.11882542 0.03284882 0.07285106 0.08275776 0.054602122 0.046409429 0.023461234 0.012813474 0.0041298799 0.0036167304 0.0060283684 0.0013348336 9.977255e-03 4.213505e-03 1.021186e-03 3.439235e-03 2.110758e-03 4.452214e-04 3.030831e-04 1.284072e-03
   51    1      1      0    0      1      -1      -1   500 0.016341643 0.12576734 0.16548333 0.13799054 0.11379019 0.08322302 0.08951104 0.02425281 0.06357954 0.062985313 0.044695060 0.036102582 0.012951353 0.0068004385 0.0025872890 0.0013042126 0.0031031819 3.991666e-03 3.630155e-04 1.407775e-03 1.360037e-03 6.143759e-04 3.458350e-04 4.084182e-04 1.039995e-03
   52    1      1      0    0      1      -1      -1   500 0.024245041 0.21710576 0.17331208 0.11396087 0.08790219 0.08668396 0.06869792 0.03761255 0.01883684 0.047003390 0.031926892 0.017082635 0.027679798 0.0088130212 0.0156162502 0.0062924597 0.0029751144 3.293446e-03 4.171130e-03 5.190518e-04 1.570221e-04 5.908738e-05 4.556058e-03 3.196138e-10 1.497446e-03
   53    1      1      0    0      1      -1      -1   500 0.002680232 0.15817241 0.30412720 0.10104896 0.07334693 0.07452843 0.07490450 0.04401550 0.02262473 0.021162276 0.036138078 0.024330608 0.015421325 0.0201803344 0.0034743893 0.0070971413 0.0010692039 1.467329e-03 7.656903e-04 2.981580e-03 6.965764e-04 4.000335e-03 3.147034e-03 1.530124e-04 2.466185e-03
   54    1      1      0    0      1      -1      -1   500 0.012299467 0.07308883 0.21225796 0.25231086 0.10546075 0.06455166 0.03528440 0.05171621 0.04114335 0.033414757 0.016064802 0.026835196 0.025584496 0.0127092338 0.0138295654 0.0029896792 0.0074305610 9.207852e-04 2.232984e-03 2.623930e-03 2.014350e-03 1.194231e-03 3.027006e-05 1.452037e-05 3.997155e-03
   55    1      1      0    0      1      -1      -1   500 0.011646456 0.18718684 0.11505175 0.18771947 0.18956728 0.05771734 0.03583627 0.03120519 0.03842677 0.045129709 0.020417774 0.004954672 0.021079630 0.0216455822 0.0082325427 0.0094244635 0.0013759677 2.717557e-03 1.203424e-03 4.965501e-05 1.613315e-04 7.702469e-04 3.331841e-03 3.204866e-03 1.943369e-03
   56    1      1      0    0      1      -1      -1   500 0.011591299 0.16038993 0.23765409 0.07063946 0.13453471 0.11569903 0.05664528 0.03421885 0.04433515 0.031128981 0.011784593 0.019674503 0.003855574 0.0264579689 0.0168206528 0.0121798185 0.0008037932 4.480886e-03 2.462130e-03 1.083467e-04 4.674476e-04 3.459495e-04 1.602549e-03 7.034036e-04 1.415612e-03
   57    1      1      0    0      1      -1      -1   500 0.059894727 0.13587546 0.19967970 0.12981017 0.09314284 0.10150089 0.08994518 0.04977273 0.01833552 0.027863549 0.018398931 0.012696943 0.005393657 0.0057520275 0.0118872636 0.0073681686 0.0078008935 2.558342e-03 1.720000e-03 7.239171e-03 1.651643e-03 6.011562e-05 8.734182e-03 2.816859e-05 2.889716e-03
   58    1      1      0    0      1      -1      -1   500 0.020076280 0.40933634 0.12634583 0.10239615 0.08230148 0.03749455 0.06978912 0.06244235 0.01534918 0.009910778 0.015254499 0.011322823 0.007120395 0.0049612875 0.0025825194 0.0031555146 0.0092402557 1.466121e-03 4.027851e-03 2.121848e-04 1.140019e-03 5.636185e-04 5.034286e-09 4.110234e-06 3.506737e-03
   59    1      1      0    0      1      -1      -1   500 0.009271343 0.13564692 0.43935007 0.09387120 0.09173776 0.07495128 0.04248548 0.03479324 0.02104142 0.013312533 0.005771141 0.017221620 0.002798808 0.0040595404 0.0011806217 0.0031203449 0.0010080846 1.355632e-03 1.482882e-03 6.052280e-04 1.487752e-03 2.834070e-04 1.330655e-04 1.733350e-04 2.857283e-03
   60    1      1      0    0      1      -1      -1   500 0.030999321 0.15123287 0.13894134 0.33099285 0.07221743 0.06413713 0.05685753 0.02869239 0.03207218 0.029507894 0.011003383 0.013228984 0.003872901 0.0119014817 0.0052168650 0.0027215758 0.0054952684 5.107049e-03 7.833623e-04 6.528674e-04 8.782027e-04 1.907674e-04 5.395562e-05 1.203773e-05 3.230379e-03
   61    1      1      0    0      1      -1      -1   500 0.011331665 0.21297077 0.14458892 0.11824614 0.25735251 0.04642600 0.04903221 0.04129200 0.01694476 0.027499774 0.026279805 0.014043869 0.007752565 0.0053402757 0.0076034492 0.0036705524 0.0014161456 1.524448e-03 2.133070e-04 2.331924e-03 1.160851e-04 1.968244e-03 1.139839e-04 2.941016e-07 1.940299e-03
   62    1      1      0    0      1      -1      -1   500 0.011942623 0.12944574 0.27021404 0.13911151 0.09064565 0.18115894 0.02364745 0.03194285 0.03107991 0.015342525 0.024778846 0.018456865 0.009969924 0.0009401311 0.0012710016 0.0007759018 0.0001626490 5.078459e-03 5.094550e-05 2.821162e-03 6.635791e-03 2.388861e-03 5.256415e-04 4.227936e-06 1.608343e-03
   63    1      1      0    0      1      -1      -1   500 0.038560779 0.10074432 0.15405568 0.26666136 0.10687289 0.06377987 0.13068884 0.03007573 0.02228795 0.021013884 0.011728213 0.007529893 0.014284568 0.0050888325 0.0062535981 0.0037871660 0.0049773149 1.716274e-03 1.664390e-03 2.028566e-03 1.263391e-03 4.453253e-03 2.874377e-04 1.654240e-06 1.941430e-04
   64    1      1      0    0      1      -1      -1   500 0.015357134 0.20946002 0.13616726 0.12292824 0.16196042 0.07213595 0.04317231 0.11270776 0.01330878 0.024119515 0.020610321 0.009027297 0.013526105 0.0061704951 0.0047608904 0.0022684467 0.0045462362 6.215188e-03 6.596453e-03 4.334612e-05 2.477729e-04 3.173680e-05 2.663536e-03 1.956964e-03 1.001781e-02
   65    1      1      0    0      1      -1      -1   500 0.008339108 0.11297101 0.24888674 0.10843998 0.09768353 0.12632357 0.05608754 0.03069391 0.11245286 0.023235568 0.018665326 0.009247988 0.001044767 0.0127620934 0.0075301752 0.0047701852 0.0032126779 4.404171e-04 2.604705e-03 5.172085e-04 2.901176e-03 8.991514e-04 3.299716e-04 4.895229e-04 9.470795e-03
   66    1      1      0    0      1      -1      -1   500 0.010470473 0.12004969 0.16118511 0.20843053 0.08658386 0.09071559 0.09007238 0.05176236 0.02693920 0.069560271 0.012474620 0.008844910 0.008679626 0.0051242648 0.0069614159 0.0071743282 0.0091217495 9.328642e-04 4.714957e-04 5.518915e-03 3.666327e-05 3.199055e-03 2.518421e-05 2.197753e-04 1.544567e-02
   67    1      1      0    0      1      -1      -1   500 0.013044262 0.14117076 0.13787882 0.12870847 0.20187630 0.06583313 0.04472564 0.08150339 0.03752592 0.031843213 0.053118294 0.023289888 0.010397638 0.0031349470 0.0025168786 0.0075394051 0.0024999595 2.948734e-03 3.409080e-05 1.189469e-04 3.265457e-04 1.435090e-05 4.747569e-06 5.657701e-18 9.945683e-03
   68    1      1      0    0      1      -1      -1   500 0.023899239 0.09744700 0.15551172 0.10929109 0.11290490 0.15129202 0.05740338 0.05023974 0.06703799 0.063010468 0.022098703 0.037964917 0.014075149 0.0065293424 0.0063514968 0.0039034150 0.0044812471 6.568432e-03 4.567670e-03 4.634163e-04 1.463603e-03 3.984780e-04 1.912397e-03 6.429349e-05 1.119884e-03
   69    1      1      0    0      1      -1      -1   500 0.013692831 0.20526953 0.10638155 0.12835844 0.09352948 0.08581506 0.13722847 0.02774557 0.03097772 0.042742985 0.020287198 0.009937911 0.043825765 0.0042088393 0.0164470471 0.0076868779 0.0022072124 6.695701e-03 7.496743e-03 1.013454e-04 1.304280e-04 1.272993e-03 7.909352e-06 2.127878e-05 7.931113e-03
   70    1      1      0    0      1      -1      -1   500 0.020782125 0.12622647 0.27551565 0.06592823 0.09869915 0.06725179 0.06723773 0.06274575 0.04107133 0.044167962 0.048018176 0.019947442 0.010801830 0.0317219082 0.0039735339 0.0009998491 0.0039902881 2.390597e-03 6.210904e-04 3.110879e-03 1.335972e-03 2.720963e-03 2.037295e-04 7.946990e-06 5.296046e-04
   71    1      1      0    0      1      -1      -1   500 0.018122702 0.18218176 0.16868599 0.23026905 0.06951796 0.04994400 0.04254103 0.06393217 0.05656732 0.018266893 0.025781028 0.026507444 0.018459086 0.0054179066 0.0150577596 0.0034117789 0.0005010880 4.724604e-04 3.420587e-04 1.214342e-03 1.861116e-03 1.049943e-04 1.003100e-06 1.713110e-07 8.388827e-04
   72    1      1      0    0      1      -1      -1   500 0.018598465 0.10021599 0.25289519 0.11616518 0.16172562 0.04628760 0.06177552 0.03889720 0.05689515 0.042098349 0.013678611 0.017126768 0.015742472 0.0174210581 0.0045486604 0.0149499725 0.0056406233 2.710864e-03 2.971043e-03 2.328825e-05 3.799564e-03 3.848597e-03 6.499568e-04 7.122672e-06 1.327134e-03
   73    1      1      0    0      1      -1      -1   500 0.015112489 0.13323507 0.18492182 0.19812177 0.08539756 0.12116086 0.04102053 0.03635464 0.02505607 0.019104709 0.042691399 0.018624691 0.011038616 0.0130248707 0.0056396399 0.0121001978 0.0171235210 3.893506e-03 1.967428e-03 7.221245e-04 2.565145e-03 1.765710e-03 1.765124e-03 6.823207e-03 7.692943e-04
   74    1      1      0    0      1      -1      -1   500 0.020803621 0.10177530 0.19545853 0.14101979 0.15969305 0.08638263 0.10116072 0.02553213 0.02580289 0.022244242 0.018137783 0.036694880 0.004931110 0.0179964431 0.0098214552 0.0100785080 0.0013405223 1.295219e-02 4.582280e-03 7.844852e-04 6.014868e-05 1.651811e-03 6.708624e-04 4.317027e-05 3.814443e-04
   75    1      1      0    0      1      -1      -1   500 0.035815514 0.18843062 0.16484162 0.17159400 0.07004530 0.10549466 0.06153547 0.05898457 0.02240420 0.032115125 0.009464616 0.021520870 0.023974771 0.0031662438 0.0058873824 0.0034633891 0.0026842030 2.120213e-03 3.893309e-03 1.028948e-03 5.493873e-03 5.538888e-04 7.120788e-08 1.573696e-04 5.329759e-03
   76    1      1      0    0      1      -1      -1   500 0.016144532 0.26958970 0.19729275 0.11044845 0.08181164 0.05435729 0.07110718 0.05062963 0.06120497 0.015215841 0.012484829 0.007442292 0.011160034 0.0133573867 0.0045587800 0.0042993765 0.0073793615 3.679118e-03 7.193240e-04 2.659974e-03 1.698083e-03 1.172097e-04 4.643895e-05 1.012130e-08 2.595808e-03
   77    1      1      0    0      1      -1      -1   500 0.028308463 0.17243008 0.35303133 0.12901498 0.06943749 0.05090550 0.04140126 0.06526195 0.01311129 0.026833247 0.004915150 0.010073725 0.007105154 0.0047727316 0.0064886898 0.0052885805 0.0004478760 3.697050e-03 9.543220e-04 1.638658e-03 4.331166e-03 9.000591e-05 3.723442e-05 1.831644e-04 2.409042e-04
   78    1      1      0    0      1      -1      -1   500 0.006346025 0.16107613 0.18397385 0.27128447 0.10577650 0.06305958 0.05569245 0.03231386 0.04277762 0.011531302 0.022276541 0.002504241 0.005113646 0.0043609361 0.0048041050 0.0060952016 0.0003392456 4.740914e-03 6.730517e-03 2.432113e-03 5.824312e-04 4.505886e-03 1.181154e-04 8.741004e-05 1.476897e-03
   79    1      1      0    0      1      -1      -1   500 0.013814409 0.07646605 0.23944792 0.14053846 0.21051636 0.08589620 0.04579482 0.05851591 0.02029055 0.037395499 0.012245357 0.017026985 0.004214970 0.0107486912 0.0023442183 0.0057395477 0.0079056342 2.238187e-03 1.757393e-03 2.301754e-03 9.268342e-04 1.323053e-06 3.812675e-03 5.351645e-07 5.971749e-05
   80    1      1      0    0      1      -1      -1   500 0.013462903 0.08481541 0.14273375 0.19110049 0.12794292 0.19710128 0.08790029 0.02479934 0.02992322 0.020412260 0.025628442 0.008795571 0.016369047 0.0069711166 0.0038930302 0.0026922206 0.0016908071 8.584048e-03 1.769041e-03 2.321038e-04 2.235065e-03 3.751908e-04 4.470955e-04 3.562854e-05 8.971647e-05
   81    1      1      0    0      1      -1      -1   500 0.005514005 0.17950065 0.12714385 0.07914371 0.16266232 0.11187658 0.14516406 0.05424120 0.03317589 0.026088422 0.022182553 0.013831297 0.006940558 0.0158274805 0.0016711067 0.0028658903 0.0006691830 3.387076e-03 2.986013e-03 4.885694e-04 1.868454e-04 1.381459e-04 2.946677e-03 9.556671e-05 1.272350e-03
   82    1      1      0    0      1      -1      -1   500 0.011768857 0.07632072 0.26091155 0.12485876 0.06399161 0.11176071 0.07672798 0.12576588 0.03374036 0.010866112 0.026425373 0.017496491 0.021610575 0.0052792883 0.0068276845 0.0049928732 0.0053646783 1.250427e-03 3.003681e-03 2.056993e-03 6.834564e-05 2.766333e-07 2.179024e-03 6.537494e-04 6.077995e-03
   83    1      1      0    0      1      -1      -1   500 0.003363557 0.17006921 0.07612728 0.23958203 0.07931183 0.05459766 0.09482217 0.06772247 0.10067792 0.023224689 0.022183072 0.016044461 0.007162470 0.0123018889 0.0041334022 0.0044129625 0.0055572561 1.272437e-03 3.251305e-04 2.360064e-03 9.300990e-03 1.161320e-04 2.354238e-04 1.618872e-03 3.476641e-03
   84    1      1      0    0      1      -1      -1   500 0.037086567 0.08131394 0.22419007 0.06856964 0.16882977 0.06731400 0.03454282 0.07855337 0.04832750 0.072306872 0.033117423 0.018268689 0.014306295 0.0175657357 0.0157614079 0.0016768900 0.0018914765 2.393789e-04 2.167270e-03 1.333612e-03 5.256137e-03 3.086266e-03 4.982019e-04 2.715465e-04 3.525116e-03
   85    1      1      0    0      1      -1      -1   500 0.019839208 0.21373555 0.12371838 0.17241356 0.03153955 0.14710726 0.05264295 0.03586046 0.06351355 0.024167854 0.044438346 0.029487827 0.005293038 0.0159222922 0.0093741611 0.0044822323 0.0005176297 2.856116e-03 7.715632e-05 1.499339e-04 3.810706e-04 2.781631e-04 1.074635e-04 7.128104e-06 2.089127e-03
   86    1      1      0    0      1      -1      -1   500 0.014184937 0.15667143 0.28155476 0.08020308 0.11734307 0.02835448 0.09034519 0.03048026 0.02734729 0.040793555 0.016346834 0.032255274 0.033409452 0.0048195656 0.0043898213 0.0052923079 0.0201385301 1.338698e-03 1.632030e-03 7.508104e-04 3.062711e-05 2.308291e-03 2.240967e-04 7.411747e-04 9.044424e-03
   87    1      1      0    0      1      -1      -1   500 0.011902109 0.11786738 0.22503866 0.20665113 0.05751016 0.12723769 0.01639184 0.05179259 0.03006259 0.024929742 0.029175902 0.017166058 0.035912288 0.0091882078 0.0158894573 0.0046378540 0.0029224456 3.843972e-03 2.773740e-03 5.895091e-03 8.557215e-04 5.785544e-05 7.747975e-05 1.213498e-04 2.098693e-03
   88    1      1      0    0      1      -1      -1   500 0.021769725 0.10242088 0.13627014 0.19693517 0.19502755 0.05334306 0.06881032 0.01486346 0.05607041 0.012687440 0.019831318 0.032009605 0.014698420 0.0446793865 0.0118961556 0.0004980914 0.0038480887 1.908616e-03 1.734172e-03 3.043907e-03 3.483544e-03 1.134362e-03 6.149183e-06 8.860768e-05 2.941422e-03
   89    1      1      0    0      1      -1      -1   500 0.015915406 0.12568586 0.18762629 0.11536592 0.11436583 0.16051947 0.03772895 0.03976770 0.02324665 0.058474441 0.019864964 0.018550140 0.020400061 0.0140569043 0.0239799441 0.0025494609 0.0039681617 7.637242e-03 1.118696e-03 2.000799e-03 1.594966e-04 1.848972e-03 1.456837e-03 2.359228e-03 1.352577e-03
   90    1      1      0    0      1      -1      -1   500 0.033967270 0.17169777 0.16075566 0.14411682 0.08631113 0.15718773 0.08867964 0.01878480 0.04559232 0.003941056 0.027199599 0.008795510 0.008459293 0.0079310461 0.0109269896 0.0111748563 0.0025325867 3.261949e-05 3.314314e-03 4.669518e-04 4.485771e-04 2.974159e-04 1.906442e-03 2.516660e-03 2.962933e-03
   91    1      1      0    0      1      -1      -1   500 0.014653145 0.21191735 0.19554067 0.12176684 0.07750583 0.05908537 0.08613786 0.07108545 0.02084003 0.031773219 0.018700217 0.038545868 0.007445759 0.0156624138 0.0048361053 0.0066515051 0.0113577402 1.975076e-03 1.001633e-03 1.638069e-03 2.568360e-05 7.595834e-05 1.079642e-03 5.638076e-06 6.929204e-04
   92    1      1      0    0      1      -1      -1   500 0.016286087 0.15718388 0.25720940 0.12057441 0.09725317 0.07250546 0.04546519 0.07470233 0.05411136 0.014816149 0.024247861 0.002573306 0.010065545 0.0078322696 0.0041446992 0.0158827034 0.0058226221 1.132215e-02 5.881707e-04 9.902672e-04 2.698705e-03 5.321547e-04 2.101701e-03 5.645034e-05 1.033971e-03
   93    1      1      0    0      1      -1      -1   500 0.005496636 0.12534570 0.21443823 0.16721099 0.11344879 0.10141872 0.06113856 0.04331401 0.05579672 0.036739156 0.013283604 0.025509665 0.003677262 0.0117055005 0.0008754914 0.0033540889 0.0053624457 1.290803e-03 4.942133e-03 7.597279e-04 4.313216e-05 3.126112e-08 1.621518e-03 9.328344e-04 2.294264e-03
   94    1      1      0    0      1      -1      -1   500 0.028191616 0.07872575 0.19155666 0.17378707 0.15411844 0.09915395 0.05205809 0.03539402 0.02781802 0.039614895 0.047907645 0.006928311 0.010552040 0.0023892583 0.0226528216 0.0059548267 0.0027512966 5.196726e-03 1.085394e-03 5.090964e-03 2.801772e-03 2.953297e-05 3.163188e-03 6.453908e-07 3.077068e-03
   95    1      1      0    0      1      -1      -1   500 0.046363645 0.15045331 0.11002345 0.12761653 0.15170013 0.13064339 0.06267449 0.04943781 0.02880627 0.029002790 0.024756739 0.026847746 0.007753805 0.0205349653 0.0013047621 0.0038928767 0.0030031029 1.289366e-03 4.207371e-03 5.342166e-04 9.690044e-03 3.663424e-03 4.075757e-04 3.108282e-03 2.283908e-03
   96    1      1      0    0      1      -1      -1   500 0.014747200 0.30962705 0.17844147 0.05825117 0.06395430 0.07997681 0.07840143 0.05183563 0.03966264 0.028881150 0.016449986 0.022574476 0.018177623 0.0040288127 0.0087589648 0.0009980665 0.0031021739 6.193847e-03 9.360491e-04 3.572263e-03 2.944872e-03 3.649530e-04 6.034408e-03 1.715054e-03 3.696012e-04
   97    1      1      0    0      1      -1      -1   500 0.014411328 0.17747906 0.33340452 0.12117553 0.04597720 0.04335562 0.05902967 0.04876659 0.04808178 0.037871858 0.017675614 0.005972144 0.011051862 0.0103174417 0.0025249702 0.0048254292 0.0007246492 2.907859e-03 2.991171e-06 2.744410e-03 1.680950e-03 1.349860e-03 6.857777e-03 1.339332e-04 1.676954e-03
   98    1      1      0    0      1      -1      -1   500 0.015817101 0.13506158 0.23049948 0.26022711 0.07009060 0.03966759 0.05540846 0.03065204 0.07021621 0.015556844 0.021760489 0.007695312 0.010374311 0.0097900958 0.0083222956 0.0032982984 0.0057886947 1.448893e-03 5.026024e-03 1.890514e-04 1.699609e-04 3.631106e-04 1.063634e-06 6.175623e-04 1.957813e-03
   99    1      1      0    0      1      -1      -1   500 0.021256872 0.08504130 0.19555812 0.17303813 0.21935358 0.06963073 0.02412007 0.04660742 0.03166244 0.030946635 0.022907043 0.024338720 0.012497885 0.0100614905 0.0117203893 0.0055488380 0.0021932936 5.156805e-03 5.566154e-04 8.061677e-04 2.746681e-03 1.507085e-03 3.869785e-04 2.722566e-05 2.329491e-03
  100    1      1      0    0      1      -1      -1   500 0.025587278 0.24263019 0.11262370 0.13922040 0.13126463 0.16075992 0.03988362 0.03105014 0.03043331 0.027689420 0.016195850 0.012740305 0.007066397 0.0048929366 0.0066870108 0.0022859569 0.0022490710 2.311528e-03 4.502065e-04 7.659368e-04 5.084137e-04 2.178541e-04 5.261449e-09 1.236078e-05 2.473545e-03
    2    1      2      0    0      1      -1      -1   500 0.078000000 0.12800000 0.16400000 0.11000000 0.07600000 0.09400000 0.05200000 0.05000000 0.04400000 0.046000000 0.032000000 0.020000000 0.014000000 0.0180000000 0.0100000000 0.0080000000 0.0120000000 1.200000e-02 1.000000e-02 2.000000e-03 6.000000e-03 0.000000e+00 6.000000e-03 2.000000e-03 6.000000e-03
    3    1      2      0    0      1      -1      -1   500 0.034000000 0.24600000 0.13400000 0.11800000 0.08400000 0.05800000 0.06600000 0.07000000 0.04400000 0.024000000 0.022000000 0.016000000 0.018000000 0.0180000000 0.0160000000 0.0060000000 0.0040000000 4.000000e-03 2.000000e-03 4.000000e-03 2.000000e-03 2.000000e-03 2.000000e-03 0.000000e+00 6.000000e-03
    4    1      2      0    0      1      -1      -1   500 0.020000000 0.10000000 0.23600000 0.14000000 0.08400000 0.06600000 0.04600000 0.05800000 0.04000000 0.038000000 0.032000000 0.032000000 0.018000000 0.0160000000 0.0080000000 0.0200000000 0.0100000000 6.000000e-03 4.000000e-03 8.000000e-03 6.000000e-03 0.000000e+00 2.000000e-03 4.000000e-03 6.000000e-03
    5    1      2      0    0      1      -1      -1   500 0.038000000 0.09800000 0.08800000 0.20800000 0.07200000 0.10600000 0.05600000 0.06600000 0.04800000 0.022000000 0.036000000 0.028000000 0.022000000 0.0220000000 0.0160000000 0.0100000000 0.0060000000 4.000000e-03 1.200000e-02 4.000000e-03 6.000000e-03 2.000000e-03 4.000000e-03 8.000000e-03 1.800000e-02
    6    1      2      0    0      1      -1      -1   500 0.056000000 0.16400000 0.07000000 0.07600000 0.18000000 0.10800000 0.07200000 0.05800000 0.04400000 0.026000000 0.024000000 0.018000000 0.016000000 0.0140000000 0.0180000000 0.0060000000 0.0100000000 0.000000e+00 4.000000e-03 8.000000e-03 4.000000e-03 2.000000e-03 4.000000e-03 4.000000e-03 1.400000e-02
    7    1      2      0    0      1      -1      -1   500 0.022000000 0.22200000 0.16200000 0.06000000 0.05200000 0.12600000 0.06000000 0.05400000 0.05400000 0.026000000 0.034000000 0.024000000 0.024000000 0.0060000000 0.0180000000 0.0140000000 0.0020000000 1.000000e-02 8.000000e-03 6.000000e-03 2.000000e-03 0.000000e+00 2.000000e-03 2.000000e-03 1.000000e-02
    8    1      2      0    0      1      -1      -1   500 0.042000000 0.09200000 0.20200000 0.09000000 0.05800000 0.06000000 0.12600000 0.04400000 0.04800000 0.044000000 0.038000000 0.022000000 0.030000000 0.0260000000 0.0180000000 0.0120000000 0.0080000000 4.000000e-03 4.000000e-03 1.000000e-02 6.000000e-03 6.000000e-03 2.000000e-03 0.000000e+00 8.000000e-03
    9    1      2      0    0      1      -1      -1   500 0.020000000 0.12200000 0.12400000 0.16400000 0.10400000 0.05600000 0.04800000 0.10200000 0.04800000 0.054000000 0.020000000 0.032000000 0.016000000 0.0200000000 0.0140000000 0.0100000000 0.0120000000 4.000000e-03 4.000000e-03 0.000000e+00 4.000000e-03 0.000000e+00 2.000000e-03 8.000000e-03 1.200000e-02
   10    1      2      0    0      1      -1      -1   500 0.034000000 0.11000000 0.20800000 0.06400000 0.15200000 0.09200000 0.04400000 0.03200000 0.06600000 0.038000000 0.032000000 0.026000000 0.022000000 0.0100000000 0.0140000000 0.0100000000 0.0180000000 4.000000e-03 4.000000e-03 2.000000e-03 4.000000e-03 4.000000e-03 2.000000e-03 0.000000e+00 8.000000e-03
   11    1      2      0    0      1      -1      -1   500 0.030000000 0.12800000 0.09800000 0.14800000 0.08600000 0.12200000 0.08800000 0.03400000 0.03600000 0.074000000 0.030000000 0.016000000 0.012000000 0.0160000000 0.0100000000 0.0200000000 0.0080000000 4.000000e-03 6.000000e-03 8.000000e-03 2.000000e-03 6.000000e-03 4.000000e-03 2.000000e-03 1.200000e-02
   12    1      2      0    0      1      -1      -1   500 0.044000000 0.11200000 0.18200000 0.09800000 0.12600000 0.04800000 0.09000000 0.05600000 0.02400000 0.022000000 0.058000000 0.016000000 0.026000000 0.0200000000 0.0180000000 0.0100000000 0.0100000000 1.000000e-02 8.000000e-03 4.000000e-03 4.000000e-03 2.000000e-03 0.000000e+00 2.000000e-03 1.000000e-02
   13    1      2      0    0      1      -1      -1   500 0.044000000 0.22600000 0.12800000 0.10800000 0.07600000 0.05200000 0.05600000 0.06000000 0.04600000 0.020000000 0.012000000 0.050000000 0.024000000 0.0160000000 0.0200000000 0.0120000000 0.0040000000 6.000000e-03 4.000000e-03 4.000000e-03 2.000000e-03 6.000000e-03 8.000000e-03 0.000000e+00 1.600000e-02
   14    1      2      0    0      1      -1      -1   500 0.042000000 0.13800000 0.22600000 0.11000000 0.08200000 0.04200000 0.07800000 0.03600000 0.04600000 0.038000000 0.018000000 0.016000000 0.032000000 0.0080000000 0.0180000000 0.0040000000 0.0120000000 1.400000e-02 1.400000e-02 8.000000e-03 4.000000e-03 4.000000e-03 2.000000e-03 2.000000e-03 6.000000e-03
   15    1      2      0    0      1      -1      -1   500 0.022000000 0.19600000 0.11600000 0.17400000 0.09000000 0.07600000 0.04000000 0.05400000 0.01600000 0.068000000 0.018000000 0.010000000 0.016000000 0.0220000000 0.0140000000 0.0200000000 0.0100000000 6.000000e-03 0.000000e+00 6.000000e-03 8.000000e-03 0.000000e+00 2.000000e-03 0.000000e+00 1.600000e-02
   16    1      2      0    0      1      -1      -1   500 0.014000000 0.10200000 0.19400000 0.10400000 0.15000000 0.06600000 0.05600000 0.03200000 0.07000000 0.034000000 0.036000000 0.018000000 0.006000000 0.0160000000 0.0260000000 0.0120000000 0.0040000000 6.000000e-03 1.200000e-02 4.000000e-03 6.000000e-03 1.000000e-02 1.000000e-02 2.000000e-03 1.000000e-02
   17    1      2      0    0      1      -1      -1   500 0.048000000 0.06200000 0.11200000 0.18600000 0.08800000 0.16400000 0.04600000 0.06400000 0.03200000 0.042000000 0.018000000 0.028000000 0.018000000 0.0120000000 0.0080000000 0.0220000000 0.0120000000 6.000000e-03 4.000000e-03 2.000000e-03 2.000000e-03 2.000000e-03 6.000000e-03 2.000000e-03 1.400000e-02
   18    1      2      0    0      1      -1      -1   500 0.032000000 0.22600000 0.04800000 0.08400000 0.17400000 0.07800000 0.08600000 0.03800000 0.03000000 0.024000000 0.056000000 0.018000000 0.020000000 0.0260000000 0.0120000000 0.0040000000 0.0080000000 2.000000e-03 6.000000e-03 4.000000e-03 2.000000e-03 4.000000e-03 0.000000e+00 2.000000e-03 1.600000e-02
   19    1      2      0    0      1      -1      -1   500 0.026000000 0.15200000 0.16400000 0.04600000 0.08200000 0.13000000 0.08400000 0.09400000 0.02600000 0.038000000 0.022000000 0.034000000 0.012000000 0.0220000000 0.0060000000 0.0080000000 0.0080000000 2.000000e-02 2.000000e-03 8.000000e-03 2.000000e-03 2.000000e-03 2.000000e-03 4.000000e-03 6.000000e-03
   20    1      2      0    0      1      -1      -1   500 0.036000000 0.12000000 0.14600000 0.15200000 0.04000000 0.07200000 0.09400000 0.06600000 0.07800000 0.036000000 0.032000000 0.024000000 0.022000000 0.0100000000 0.0200000000 0.0120000000 0.0100000000 4.000000e-03 4.000000e-03 4.000000e-03 2.000000e-03 4.000000e-03 4.000000e-03 0.000000e+00 8.000000e-03
   21    1      2      0    0      1      -1      -1   500 0.016000000 0.20600000 0.15000000 0.09400000 0.12000000 0.02600000 0.05000000 0.06400000 0.03400000 0.066000000 0.026000000 0.024000000 0.016000000 0.0200000000 0.0060000000 0.0260000000 0.0160000000 1.000000e-02 4.000000e-03 4.000000e-03 4.000000e-03 4.000000e-03 4.000000e-03 2.000000e-03 8.000000e-03
   22    1      2      0    0      1      -1      -1   500 0.034000000 0.13200000 0.18200000 0.10200000 0.09000000 0.10600000 0.03000000 0.04000000 0.09600000 0.032000000 0.044000000 0.010000000 0.022000000 0.0140000000 0.0140000000 0.0060000000 0.0060000000 8.000000e-03 2.000000e-03 8.000000e-03 8.000000e-03 4.000000e-03 2.000000e-03 2.000000e-03 6.000000e-03
   23    1      2      0    0      1      -1      -1   500 0.042000000 0.11200000 0.14600000 0.16000000 0.09200000 0.09200000 0.07800000 0.02600000 0.02800000 0.052000000 0.026000000 0.040000000 0.016000000 0.0140000000 0.0060000000 0.0100000000 0.0080000000 1.200000e-02 8.000000e-03 1.400000e-02 2.000000e-03 4.000000e-03 2.000000e-03 0.000000e+00 1.000000e-02
   24    1      2      0    0      1      -1      -1   500 0.006000000 0.18800000 0.14200000 0.10400000 0.13600000 0.06600000 0.08200000 0.06200000 0.01600000 0.012000000 0.050000000 0.022000000 0.026000000 0.0100000000 0.0160000000 0.0080000000 0.0120000000 6.000000e-03 1.000000e-02 4.000000e-03 0.000000e+00 2.000000e-03 4.000000e-03 0.000000e+00 1.600000e-02
   25    1      2      0    0      1      -1      -1   500 0.042000000 0.06200000 0.19200000 0.13600000 0.06800000 0.11600000 0.07000000 0.05800000 0.04600000 0.012000000 0.022000000 0.034000000 0.018000000 0.0320000000 0.0240000000 0.0120000000 0.0120000000 6.000000e-03 6.000000e-03 4.000000e-03 2.000000e-03 2.000000e-03 0.000000e+00 4.000000e-03 2.000000e-02
   26    1      2      0    0      1      -1      -1   500 0.036000000 0.21400000 0.04600000 0.15200000 0.10200000 0.08000000 0.08200000 0.04200000 0.06400000 0.032000000 0.022000000 0.018000000 0.036000000 0.0100000000 0.0120000000 0.0100000000 0.0060000000 0.000000e+00 2.000000e-03 6.000000e-03 8.000000e-03 4.000000e-03 0.000000e+00 4.000000e-03 1.200000e-02
   27    1      2      0    0      1      -1      -1   500 0.034000000 0.12400000 0.17400000 0.04400000 0.14800000 0.06200000 0.07600000 0.08800000 0.05400000 0.032000000 0.030000000 0.012000000 0.016000000 0.0260000000 0.0060000000 0.0240000000 0.0060000000 6.000000e-03 4.000000e-03 0.000000e+00 2.000000e-03 8.000000e-03 6.000000e-03 2.000000e-03 1.600000e-02
   28    1      2      0    0      1      -1      -1   500 0.026000000 0.13600000 0.14800000 0.17600000 0.02800000 0.10600000 0.06400000 0.05200000 0.06400000 0.052000000 0.040000000 0.030000000 0.008000000 0.0080000000 0.0100000000 0.0100000000 0.0140000000 2.000000e-03 4.000000e-03 6.000000e-03 2.000000e-03 0.000000e+00 4.000000e-03 4.000000e-03 6.000000e-03
   29    1      2      0    0      1      -1      -1   500 0.034000000 0.13400000 0.12400000 0.10800000 0.16800000 0.03200000 0.09800000 0.04400000 0.04200000 0.052000000 0.032000000 0.020000000 0.032000000 0.0020000000 0.0100000000 0.0160000000 0.0040000000 1.400000e-02 6.000000e-03 8.000000e-03 2.000000e-03 6.000000e-03 4.000000e-03 2.000000e-03 6.000000e-03
   30    1      2      0    0      1      -1      -1   500 0.030000000 0.18400000 0.11800000 0.10000000 0.08800000 0.14400000 0.02800000 0.07200000 0.04000000 0.034000000 0.034000000 0.020000000 0.024000000 0.0140000000 0.0020000000 0.0060000000 0.0160000000 6.000000e-03 1.600000e-02 1.200000e-02 4.000000e-03 2.000000e-03 0.000000e+00 0.000000e+00 6.000000e-03
   31    1      2      0    0      1      -1      -1   500 0.030000000 0.18600000 0.18400000 0.11800000 0.09400000 0.05400000 0.07800000 0.01400000 0.05200000 0.030000000 0.028000000 0.036000000 0.016000000 0.0200000000 0.0060000000 0.0040000000 0.0040000000 1.200000e-02 0.000000e+00 4.000000e-03 2.000000e-03 4.000000e-03 2.000000e-03 4.000000e-03 1.800000e-02
   32    1      2      0    0      1      -1      -1   500 0.078000000 0.15200000 0.15800000 0.12600000 0.10000000 0.05800000 0.03800000 0.07800000 0.01600000 0.048000000 0.028000000 0.016000000 0.024000000 0.0140000000 0.0120000000 0.0080000000 0.0000000000 2.000000e-03 1.400000e-02 0.000000e+00 1.200000e-02 0.000000e+00 2.000000e-03 2.000000e-03 1.400000e-02
   33    1      2      0    0      1      -1      -1   500 0.042000000 0.25600000 0.10200000 0.14400000 0.11400000 0.05000000 0.06400000 0.04000000 0.04200000 0.008000000 0.030000000 0.014000000 0.022000000 0.0200000000 0.0120000000 0.0120000000 0.0040000000 4.000000e-03 0.000000e+00 1.000000e-02 2.000000e-03 2.000000e-03 0.000000e+00 0.000000e+00 6.000000e-03
   34    1      2      0    0      1      -1      -1   500 0.054000000 0.18200000 0.26200000 0.08600000 0.08200000 0.08000000 0.04400000 0.03000000 0.02000000 0.054000000 0.012000000 0.028000000 0.018000000 0.0120000000 0.0120000000 0.0060000000 0.0020000000 4.000000e-03 0.000000e+00 4.000000e-03 0.000000e+00 2.000000e-03 0.000000e+00 0.000000e+00 6.000000e-03
   35    1      2      0    0      1      -1      -1   500 0.026000000 0.18600000 0.16200000 0.21600000 0.05800000 0.07600000 0.07200000 0.03400000 0.03200000 0.028000000 0.028000000 0.008000000 0.018000000 0.0020000000 0.0060000000 0.0120000000 0.0080000000 4.000000e-03 4.000000e-03 4.000000e-03 2.000000e-03 2.000000e-03 0.000000e+00 2.000000e-03 1.000000e-02
   36    1      2      0    0      1      -1      -1   500 0.018000000 0.22400000 0.19800000 0.14200000 0.13800000 0.05200000 0.05200000 0.04200000 0.01600000 0.012000000 0.012000000 0.026000000 0.002000000 0.0220000000 0.0080000000 0.0060000000 0.0040000000 6.000000e-03 2.000000e-03 6.000000e-03 0.000000e+00 0.000000e+00 0.000000e+00 2.000000e-03 1.000000e-02
   37    1      2      0    0      1      -1      -1   500 0.024000000 0.09600000 0.16800000 0.16600000 0.12000000 0.17000000 0.03800000 0.03200000 0.03800000 0.028000000 0.012000000 0.014000000 0.028000000 0.0020000000 0.0120000000 0.0120000000 0.0080000000 4.000000e-03 4.000000e-03 2.000000e-03 2.000000e-03 2.000000e-03 0.000000e+00 6.000000e-03 1.200000e-02
   38    1      2      0    0      1      -1      -1   500 0.056000000 0.12600000 0.11200000 0.14400000 0.14600000 0.11400000 0.09800000 0.03800000 0.04000000 0.036000000 0.010000000 0.016000000 0.008000000 0.0120000000 0.0060000000 0.0060000000 0.0040000000 4.000000e-03 8.000000e-03 0.000000e+00 4.000000e-03 4.000000e-03 0.000000e+00 6.000000e-03 2.000000e-03
   39    1      2      0    0      1      -1      -1   500 0.048000000 0.25800000 0.12800000 0.05800000 0.11400000 0.06600000 0.06800000 0.10000000 0.02400000 0.022000000 0.028000000 0.010000000 0.014000000 0.0080000000 0.0140000000 0.0000000000 0.0060000000 8.000000e-03 2.000000e-03 4.000000e-03 1.000000e-02 2.000000e-03 2.000000e-03 0.000000e+00 6.000000e-03
   40    1      2      0    0      1      -1      -1   500 0.084000000 0.15800000 0.22200000 0.08800000 0.04600000 0.07000000 0.07400000 0.06200000 0.06000000 0.024000000 0.024000000 0.014000000 0.014000000 0.0160000000 0.0100000000 0.0060000000 0.0000000000 8.000000e-03 2.000000e-03 0.000000e+00 6.000000e-03 2.000000e-03 4.000000e-03 2.000000e-03 4.000000e-03
   41    1      2      0    0      1      -1      -1   500 0.050000000 0.27000000 0.13200000 0.16800000 0.05800000 0.04400000 0.06800000 0.04400000 0.05000000 0.062000000 0.010000000 0.012000000 0.012000000 0.0040000000 0.0000000000 0.0020000000 0.0100000000 0.000000e+00 0.000000e+00 2.000000e-03 0.000000e+00 0.000000e+00 2.000000e-03 0.000000e+00 0.000000e+00
   42    1      2      0    0      1      -1      -1   500 0.052000000 0.22400000 0.24600000 0.09400000 0.11000000 0.04200000 0.03800000 0.04400000 0.03200000 0.026000000 0.024000000 0.012000000 0.010000000 0.0120000000 0.0020000000 0.0080000000 0.0060000000 4.000000e-03 2.000000e-03 2.000000e-03 0.000000e+00 2.000000e-03 2.000000e-03 0.000000e+00 6.000000e-03
   43    1      2      0    0      1      -1      -1   500 0.038000000 0.24800000 0.18800000 0.19200000 0.09800000 0.05200000 0.03200000 0.01600000 0.02200000 0.026000000 0.016000000 0.032000000 0.008000000 0.0080000000 0.0060000000 0.0000000000 0.0020000000 2.000000e-03 2.000000e-03 0.000000e+00 6.000000e-03 0.000000e+00 2.000000e-03 0.000000e+00 4.000000e-03
   44    1      2      0    0      1      -1      -1   500 0.032000000 0.23800000 0.21800000 0.12000000 0.14000000 0.06800000 0.06200000 0.02600000 0.00400000 0.020000000 0.016000000 0.004000000 0.024000000 0.0060000000 0.0000000000 0.0020000000 0.0020000000 4.000000e-03 2.000000e-03 2.000000e-03 0.000000e+00 0.000000e+00 0.000000e+00 6.000000e-03 4.000000e-03
   45    1      2      0    0      1      -1      -1   500 0.024000000 0.10000000 0.20800000 0.20400000 0.12400000 0.10200000 0.06000000 0.06400000 0.01800000 0.008000000 0.008000000 0.018000000 0.010000000 0.0280000000 0.0060000000 0.0000000000 0.0100000000 0.000000e+00 2.000000e-03 0.000000e+00 4.000000e-03 0.000000e+00 0.000000e+00 0.000000e+00 2.000000e-03
   46    1      2      0    0      1      -1      -1   500 0.024000000 0.17200000 0.09000000 0.19400000 0.18000000 0.10400000 0.09200000 0.03000000 0.04400000 0.012000000 0.008000000 0.016000000 0.010000000 0.0020000000 0.0020000000 0.0020000000 0.0100000000 2.000000e-03 2.000000e-03 2.000000e-03 0.000000e+00 2.000000e-03 0.000000e+00 0.000000e+00 0.000000e+00
   47    1      2      0    0      1      -1      -1   500 0.038000000 0.14600000 0.13800000 0.09000000 0.14000000 0.14000000 0.08400000 0.07600000 0.03200000 0.036000000 0.010000000 0.012000000 0.016000000 0.0120000000 0.0040000000 0.0120000000 0.0020000000 2.000000e-03 4.000000e-03 2.000000e-03 0.000000e+00 0.000000e+00 2.000000e-03 0.000000e+00 2.000000e-03
   48    1      2      0    0      1      -1      -1   500 0.030000000 0.16200000 0.15000000 0.11800000 0.07200000 0.12800000 0.12000000 0.05600000 0.05600000 0.024000000 0.026000000 0.006000000 0.006000000 0.0080000000 0.0100000000 0.0100000000 0.0120000000 2.000000e-03 2.000000e-03 2.000000e-03 0.000000e+00 0.000000e+00 0.000000e+00 0.000000e+00 0.000000e+00
   49    1      2      0    0      1      -1      -1   500 0.024000000 0.18600000 0.15600000 0.12400000 0.10000000 0.05800000 0.08800000 0.08000000 0.04400000 0.052000000 0.010000000 0.026000000 0.008000000 0.0040000000 0.0080000000 0.0080000000 0.0060000000 1.000000e-02 0.000000e+00 2.000000e-03 0.000000e+00 0.000000e+00 0.000000e+00 0.000000e+00 6.000000e-03
   50    1      2      0    0      1      -1      -1   500 0.040000000 0.11600000 0.17200000 0.11800000 0.11200000 0.08000000 0.05000000 0.07800000 0.06000000 0.052000000 0.040000000 0.022000000 0.018000000 0.0040000000 0.0080000000 0.0080000000 0.0040000000 6.000000e-03 6.000000e-03 2.000000e-03 0.000000e+00 0.000000e+00 2.000000e-03 0.000000e+00 2.000000e-03
   51    1      2      0    0      1      -1      -1   500 0.044000000 0.15200000 0.12400000 0.15200000 0.11400000 0.09400000 0.06000000 0.02800000 0.04800000 0.072000000 0.036000000 0.024000000 0.010000000 0.0040000000 0.0100000000 0.0080000000 0.0040000000 4.000000e-03 6.000000e-03 2.000000e-03 0.000000e+00 0.000000e+00 0.000000e+00 0.000000e+00 4.000000e-03
   52    1      2      0    0      1      -1      -1   500 0.046000000 0.30600000 0.15000000 0.08200000 0.09600000 0.07600000 0.06000000 0.03000000 0.02200000 0.030000000 0.026000000 0.016000000 0.016000000 0.0140000000 0.0120000000 0.0000000000 0.0020000000 4.000000e-03 4.000000e-03 0.000000e+00 4.000000e-03 0.000000e+00 0.000000e+00 0.000000e+00 4.000000e-03
   53    1      2      0    0      1      -1      -1   500 0.026000000 0.24600000 0.23800000 0.08000000 0.06200000 0.07000000 0.06600000 0.03800000 0.05800000 0.012000000 0.022000000 0.034000000 0.008000000 0.0180000000 0.0080000000 0.0020000000 0.0040000000 0.000000e+00 0.000000e+00 2.000000e-03 2.000000e-03 0.000000e+00 0.000000e+00 0.000000e+00 4.000000e-03
   54    1      2      0    0      1      -1      -1   500 0.036000000 0.13000000 0.23800000 0.16400000 0.06600000 0.07000000 0.05600000 0.04400000 0.03200000 0.028000000 0.014000000 0.036000000 0.036000000 0.0080000000 0.0140000000 0.0040000000 0.0060000000 2.000000e-03 4.000000e-03 0.000000e+00 2.000000e-03 2.000000e-03 2.000000e-03 4.000000e-03 2.000000e-03
   55    1      2      0    0      1      -1      -1   500 0.038000000 0.23800000 0.10200000 0.19800000 0.16600000 0.04600000 0.03000000 0.02200000 0.03000000 0.020000000 0.024000000 0.008000000 0.018000000 0.0180000000 0.0120000000 0.0120000000 0.0000000000 8.000000e-03 0.000000e+00 0.000000e+00 2.000000e-03 2.000000e-03 0.000000e+00 2.000000e-03 4.000000e-03
   56    1      2      0    0      1      -1      -1   500 0.038000000 0.19000000 0.19600000 0.08800000 0.12200000 0.12200000 0.04200000 0.03200000 0.02400000 0.030000000 0.024000000 0.024000000 0.010000000 0.0080000000 0.0100000000 0.0160000000 0.0100000000 4.000000e-03 0.000000e+00 0.000000e+00 0.000000e+00 6.000000e-03 2.000000e-03 0.000000e+00 2.000000e-03
   57    1      2      0    0      1      -1      -1   500 0.118000000 0.13400000 0.20200000 0.14000000 0.06600000 0.09000000 0.07800000 0.03800000 0.01800000 0.016000000 0.026000000 0.012000000 0.012000000 0.0080000000 0.0140000000 0.0100000000 0.0040000000 2.000000e-03 4.000000e-03 2.000000e-03 0.000000e+00 0.000000e+00 0.000000e+00 0.000000e+00 6.000000e-03
   58    1      2      0    0      1      -1      -1   500 0.050000000 0.43800000 0.08400000 0.10400000 0.07600000 0.03400000 0.06200000 0.05600000 0.02200000 0.014000000 0.008000000 0.012000000 0.008000000 0.0000000000 0.0040000000 0.0060000000 0.0100000000 8.000000e-03 0.000000e+00 2.000000e-03 0.000000e+00 0.000000e+00 0.000000e+00 0.000000e+00 2.000000e-03
   59    1      2      0    0      1      -1      -1   500 0.036000000 0.15800000 0.38400000 0.07600000 0.08200000 0.06000000 0.02800000 0.04200000 0.04800000 0.022000000 0.012000000 0.018000000 0.008000000 0.0060000000 0.0020000000 0.0020000000 0.0040000000 6.000000e-03 0.000000e+00 2.000000e-03 2.000000e-03 2.000000e-03 0.000000e+00 0.000000e+00 0.000000e+00
   60    1      2      0    0      1      -1      -1   500 0.050000000 0.21600000 0.13800000 0.28200000 0.04800000 0.08600000 0.05200000 0.01800000 0.03400000 0.020000000 0.014000000 0.010000000 0.010000000 0.0040000000 0.0020000000 0.0040000000 0.0020000000 6.000000e-03 0.000000e+00 2.000000e-03 0.000000e+00 0.000000e+00 2.000000e-03 0.000000e+00 0.000000e+00
   61    1      2      0    0      1      -1      -1   500 0.034000000 0.29200000 0.16000000 0.11200000 0.22600000 0.02600000 0.03000000 0.03600000 0.02000000 0.014000000 0.012000000 0.018000000 0.006000000 0.0040000000 0.0040000000 0.0000000000 0.0040000000 0.000000e+00 0.000000e+00 0.000000e+00 0.000000e+00 2.000000e-03 0.000000e+00 0.000000e+00 0.000000e+00
   62    1      2      0    0      1      -1      -1   500 0.032000000 0.16200000 0.21400000 0.13600000 0.06800000 0.20600000 0.04000000 0.04400000 0.02600000 0.006000000 0.020000000 0.018000000 0.004000000 0.0040000000 0.0000000000 0.0080000000 0.0040000000 0.000000e+00 2.000000e-03 0.000000e+00 2.000000e-03 4.000000e-03 0.000000e+00 0.000000e+00 0.000000e+00
   63    1      2      0    0      1      -1      -1   500 0.082000000 0.14600000 0.15800000 0.19200000 0.09000000 0.05800000 0.16200000 0.01200000 0.01200000 0.014000000 0.008000000 0.014000000 0.020000000 0.0060000000 0.0000000000 0.0060000000 0.0060000000 2.000000e-03 4.000000e-03 0.000000e+00 2.000000e-03 2.000000e-03 0.000000e+00 0.000000e+00 4.000000e-03
   64    1      2      0    0      1      -1      -1   500 0.032000000 0.29000000 0.10200000 0.11600000 0.16400000 0.07800000 0.03200000 0.09200000 0.01800000 0.022000000 0.016000000 0.004000000 0.008000000 0.0040000000 0.0060000000 0.0000000000 0.0040000000 2.000000e-03 4.000000e-03 0.000000e+00 2.000000e-03 2.000000e-03 0.000000e+00 0.000000e+00 2.000000e-03
   65    1      2      0    0      1      -1      -1   500 0.028000000 0.18400000 0.23400000 0.08400000 0.08600000 0.12800000 0.05400000 0.03400000 0.09200000 0.022000000 0.014000000 0.008000000 0.000000000 0.0140000000 0.0020000000 0.0060000000 0.0020000000 0.000000e+00 2.000000e-03 2.000000e-03 0.000000e+00 0.000000e+00 0.000000e+00 2.000000e-03 2.000000e-03
   66    1      2      0    0      1      -1      -1   500 0.034000000 0.13200000 0.14000000 0.21800000 0.07400000 0.06800000 0.11200000 0.05000000 0.03400000 0.066000000 0.020000000 0.006000000 0.012000000 0.0100000000 0.0060000000 0.0040000000 0.0020000000 0.000000e+00 4.000000e-03 2.000000e-03 0.000000e+00 0.000000e+00 0.000000e+00 4.000000e-03 2.000000e-03
   67    1      2      0    0      1      -1      -1   500 0.018000000 0.16800000 0.14000000 0.15000000 0.18000000 0.04200000 0.04600000 0.09000000 0.04000000 0.022000000 0.042000000 0.006000000 0.012000000 0.0020000000 0.0060000000 0.0120000000 0.0060000000 2.000000e-03 2.000000e-03 4.000000e-03 0.000000e+00 0.000000e+00 0.000000e+00 2.000000e-03 8.000000e-03
   68    1      2      0    0      1      -1      -1   500 0.064000000 0.11600000 0.16000000 0.11000000 0.10400000 0.15200000 0.05200000 0.04400000 0.05600000 0.036000000 0.026000000 0.038000000 0.010000000 0.0040000000 0.0040000000 0.0040000000 0.0080000000 0.000000e+00 4.000000e-03 2.000000e-03 2.000000e-03 0.000000e+00 0.000000e+00 0.000000e+00 4.000000e-03
   69    1      2      0    0      1      -1      -1   500 0.028000000 0.28400000 0.12600000 0.07800000 0.09800000 0.09200000 0.10800000 0.03400000 0.03000000 0.040000000 0.022000000 0.016000000 0.024000000 0.0020000000 0.0080000000 0.0020000000 0.0040000000 0.000000e+00 0.000000e+00 2.000000e-03 0.000000e+00 0.000000e+00 0.000000e+00 0.000000e+00 2.000000e-03
   70    1      2      0    0      1      -1      -1   500 0.054000000 0.14200000 0.25800000 0.08600000 0.08200000 0.05800000 0.05600000 0.08000000 0.03200000 0.020000000 0.040000000 0.034000000 0.024000000 0.0180000000 0.0040000000 0.0020000000 0.0040000000 4.000000e-03 0.000000e+00 0.000000e+00 2.000000e-03 0.000000e+00 0.000000e+00 0.000000e+00 0.000000e+00
   71    1      2      0    0      1      -1      -1   500 0.044000000 0.24000000 0.14400000 0.16000000 0.06400000 0.08600000 0.05000000 0.04800000 0.04200000 0.020000000 0.020000000 0.024000000 0.006000000 0.0080000000 0.0260000000 0.0040000000 0.0000000000 6.000000e-03 0.000000e+00 0.000000e+00 4.000000e-03 2.000000e-03 0.000000e+00 0.000000e+00 2.000000e-03
   72    1      2      0    0      1      -1      -1   500 0.042000000 0.13000000 0.22600000 0.11200000 0.17800000 0.03800000 0.04800000 0.02200000 0.04000000 0.058000000 0.010000000 0.014000000 0.012000000 0.0080000000 0.0100000000 0.0220000000 0.0100000000 4.000000e-03 0.000000e+00 0.000000e+00 0.000000e+00 1.200000e-02 0.000000e+00 2.000000e-03 2.000000e-03
   73    1      2      0    0      1      -1      -1   500 0.028000000 0.22200000 0.18200000 0.15400000 0.06800000 0.11400000 0.04200000 0.03400000 0.02400000 0.016000000 0.042000000 0.018000000 0.012000000 0.0140000000 0.0060000000 0.0080000000 0.0060000000 2.000000e-03 2.000000e-03 4.000000e-03 0.000000e+00 0.000000e+00 2.000000e-03 0.000000e+00 0.000000e+00
   74    1      2      0    0      1      -1      -1   500 0.056000000 0.16000000 0.19000000 0.11400000 0.13400000 0.08800000 0.07200000 0.02200000 0.02600000 0.018000000 0.016000000 0.032000000 0.018000000 0.0040000000 0.0160000000 0.0040000000 0.0000000000 1.800000e-02 0.000000e+00 4.000000e-03 2.000000e-03 2.000000e-03 0.000000e+00 4.000000e-03 0.000000e+00
   75    1      2      0    0      1      -1      -1   500 0.082000000 0.20600000 0.14400000 0.15400000 0.07600000 0.08600000 0.03800000 0.06200000 0.03000000 0.022000000 0.006000000 0.008000000 0.028000000 0.0000000000 0.0120000000 0.0120000000 0.0080000000 8.000000e-03 4.000000e-03 2.000000e-03 0.000000e+00 2.000000e-03 2.000000e-03 2.000000e-03 6.000000e-03
   76    1      2      0    0      1      -1      -1   500 0.032000000 0.32800000 0.19400000 0.09800000 0.07200000 0.05200000 0.06200000 0.02200000 0.05400000 0.020000000 0.010000000 0.008000000 0.006000000 0.0220000000 0.0040000000 0.0020000000 0.0020000000 4.000000e-03 2.000000e-03 2.000000e-03 2.000000e-03 0.000000e+00 0.000000e+00 0.000000e+00 2.000000e-03
   77    1      2      0    0      1      -1      -1   500 0.044000000 0.20600000 0.29400000 0.12600000 0.07400000 0.06200000 0.04400000 0.04400000 0.01400000 0.036000000 0.008000000 0.006000000 0.002000000 0.0160000000 0.0080000000 0.0020000000 0.0060000000 2.000000e-03 2.000000e-03 0.000000e+00 2.000000e-03 2.000000e-03 0.000000e+00 0.000000e+00 0.000000e+00
   78    1      2      0    0      1      -1      -1   500 0.018000000 0.21800000 0.18400000 0.24800000 0.09200000 0.03800000 0.03000000 0.03400000 0.05200000 0.020000000 0.026000000 0.000000000 0.012000000 0.0020000000 0.0040000000 0.0100000000 0.0000000000 6.000000e-03 0.000000e+00 0.000000e+00 0.000000e+00 4.000000e-03 0.000000e+00 0.000000e+00 2.000000e-03
   79    1      2      0    0      1      -1      -1   500 0.022000000 0.13200000 0.21600000 0.14400000 0.19600000 0.09600000 0.03600000 0.04400000 0.01800000 0.028000000 0.012000000 0.018000000 0.012000000 0.0080000000 0.0020000000 0.0040000000 0.0040000000 0.000000e+00 0.000000e+00 0.000000e+00 6.000000e-03 0.000000e+00 2.000000e-03 0.000000e+00 0.000000e+00
   80    1      2      0    0      1      -1      -1   500 0.046000000 0.14400000 0.08800000 0.19000000 0.09200000 0.17600000 0.07000000 0.04800000 0.02600000 0.034000000 0.024000000 0.010000000 0.016000000 0.0060000000 0.0080000000 0.0020000000 0.0020000000 4.000000e-03 6.000000e-03 0.000000e+00 4.000000e-03 0.000000e+00 2.000000e-03 2.000000e-03 0.000000e+00
   81    1      2      0    0      1      -1      -1   500 0.016000000 0.22400000 0.12400000 0.08200000 0.14000000 0.09400000 0.08800000 0.06800000 0.04000000 0.024000000 0.022000000 0.020000000 0.018000000 0.0100000000 0.0020000000 0.0100000000 0.0020000000 2.000000e-03 6.000000e-03 2.000000e-03 2.000000e-03 0.000000e+00 2.000000e-03 0.000000e+00 2.000000e-03
   82    1      2      0    0      1      -1      -1   500 0.044000000 0.10400000 0.24400000 0.10200000 0.06000000 0.10000000 0.06600000 0.13200000 0.04800000 0.018000000 0.016000000 0.032000000 0.008000000 0.0040000000 0.0060000000 0.0020000000 0.0020000000 2.000000e-03 2.000000e-03 2.000000e-03 0.000000e+00 2.000000e-03 0.000000e+00 0.000000e+00 4.000000e-03
   83    1      2      0    0      1      -1      -1   500 0.018000000 0.22600000 0.07600000 0.19800000 0.08000000 0.05800000 0.09800000 0.06200000 0.07200000 0.026000000 0.006000000 0.018000000 0.014000000 0.0080000000 0.0080000000 0.0120000000 0.0080000000 2.000000e-03 0.000000e+00 4.000000e-03 2.000000e-03 0.000000e+00 0.000000e+00 0.000000e+00 4.000000e-03
   84    1      2      0    0      1      -1      -1   500 0.068000000 0.10400000 0.21600000 0.06200000 0.13400000 0.06200000 0.03600000 0.07200000 0.05800000 0.082000000 0.026000000 0.018000000 0.010000000 0.0140000000 0.0060000000 0.0080000000 0.0100000000 0.000000e+00 4.000000e-03 0.000000e+00 4.000000e-03 0.000000e+00 0.000000e+00 4.000000e-03 2.000000e-03
   85    1      2      0    0      1      -1      -1   500 0.066000000 0.28000000 0.10600000 0.13000000 0.03400000 0.09000000 0.05800000 0.03000000 0.04800000 0.036000000 0.050000000 0.014000000 0.012000000 0.0120000000 0.0060000000 0.0120000000 0.0040000000 2.000000e-03 0.000000e+00 0.000000e+00 2.000000e-03 4.000000e-03 0.000000e+00 0.000000e+00 4.000000e-03
   86    1      2      0    0      1      -1      -1   500 0.028000000 0.23200000 0.28000000 0.04400000 0.10000000 0.03000000 0.06400000 0.03600000 0.01800000 0.036000000 0.022000000 0.036000000 0.020000000 0.0140000000 0.0080000000 0.0080000000 0.0080000000 2.000000e-03 4.000000e-03 2.000000e-03 0.000000e+00 0.000000e+00 2.000000e-03 2.000000e-03 4.000000e-03
   87    1      2      0    0      1      -1      -1   500 0.044000000 0.12600000 0.26200000 0.19600000 0.05600000 0.08600000 0.02800000 0.05600000 0.03000000 0.012000000 0.014000000 0.024000000 0.026000000 0.0060000000 0.0080000000 0.0120000000 0.0000000000 8.000000e-03 2.000000e-03 2.000000e-03 0.000000e+00 0.000000e+00 0.000000e+00 0.000000e+00 2.000000e-03
   88    1      2      0    0      1      -1      -1   500 0.040000000 0.18400000 0.13800000 0.21200000 0.11600000 0.06200000 0.07600000 0.01400000 0.03800000 0.016000000 0.014000000 0.018000000 0.014000000 0.0280000000 0.0100000000 0.0040000000 0.0020000000 0.000000e+00 2.000000e-03 6.000000e-03 2.000000e-03 0.000000e+00 2.000000e-03 0.000000e+00 2.000000e-03
   89    1      2      0    0      1      -1      -1   500 0.058000000 0.13600000 0.15000000 0.15000000 0.16800000 0.10000000 0.03800000 0.04000000 0.02000000 0.036000000 0.008000000 0.006000000 0.026000000 0.0200000000 0.0160000000 0.0060000000 0.0140000000 2.000000e-03 0.000000e+00 2.000000e-03 0.000000e+00 0.000000e+00 0.000000e+00 0.000000e+00 4.000000e-03
   90    1      2      0    0      1      -1      -1   500 0.058000000 0.22600000 0.15000000 0.10000000 0.08400000 0.11000000 0.10200000 0.01800000 0.05400000 0.012000000 0.022000000 0.008000000 0.010000000 0.0100000000 0.0060000000 0.0080000000 0.0040000000 6.000000e-03 2.000000e-03 0.000000e+00 4.000000e-03 2.000000e-03 2.000000e-03 0.000000e+00 2.000000e-03
   91    1      2      0    0      1      -1      -1   500 0.036000000 0.27200000 0.18000000 0.12600000 0.08000000 0.05400000 0.09400000 0.04400000 0.01400000 0.028000000 0.006000000 0.024000000 0.008000000 0.0040000000 0.0040000000 0.0060000000 0.0080000000 0.000000e+00 2.000000e-03 2.000000e-03 2.000000e-03 4.000000e-03 0.000000e+00 0.000000e+00 2.000000e-03
   92    1      2      0    0      1      -1      -1   500 0.044000000 0.15400000 0.21800000 0.15000000 0.08200000 0.05600000 0.04600000 0.07200000 0.06600000 0.006000000 0.042000000 0.006000000 0.022000000 0.0060000000 0.0040000000 0.0040000000 0.0040000000 8.000000e-03 2.000000e-03 2.000000e-03 4.000000e-03 2.000000e-03 0.000000e+00 0.000000e+00 0.000000e+00
   93    1      2      0    0      1      -1      -1   500 0.028000000 0.18400000 0.16800000 0.19000000 0.12000000 0.07600000 0.02800000 0.02400000 0.03800000 0.038000000 0.008000000 0.024000000 0.008000000 0.0160000000 0.0080000000 0.0080000000 0.0140000000 2.000000e-03 6.000000e-03 6.000000e-03 4.000000e-03 0.000000e+00 0.000000e+00 2.000000e-03 0.000000e+00
   94    1      2      0    0      1      -1      -1   500 0.044000000 0.13000000 0.15800000 0.12200000 0.17600000 0.09000000 0.06600000 0.04600000 0.02200000 0.050000000 0.032000000 0.014000000 0.008000000 0.0000000000 0.0100000000 0.0060000000 0.0060000000 2.000000e-03 0.000000e+00 1.200000e-02 2.000000e-03 2.000000e-03 2.000000e-03 0.000000e+00 0.000000e+00
   95    1      2      0    0      1      -1      -1   500 0.080000000 0.18800000 0.11600000 0.11400000 0.11200000 0.09800000 0.06600000 0.05200000 0.02800000 0.026000000 0.030000000 0.030000000 0.010000000 0.0100000000 0.0040000000 0.0100000000 0.0040000000 2.000000e-03 4.000000e-03 4.000000e-03 6.000000e-03 2.000000e-03 2.000000e-03 2.000000e-03 0.000000e+00
   96    1      2      0    0      1      -1      -1   500 0.040000000 0.38200000 0.14200000 0.04000000 0.06800000 0.07400000 0.06000000 0.04800000 0.03600000 0.026000000 0.016000000 0.010000000 0.012000000 0.0100000000 0.0060000000 0.0040000000 0.0040000000 4.000000e-03 0.000000e+00 6.000000e-03 4.000000e-03 6.000000e-03 0.000000e+00 0.000000e+00 2.000000e-03
   97    1      2      0    0      1      -1      -1   500 0.034000000 0.21800000 0.32600000 0.09600000 0.04000000 0.06400000 0.04400000 0.06600000 0.02200000 0.012000000 0.006000000 0.018000000 0.022000000 0.0140000000 0.0040000000 0.0060000000 0.0020000000 2.000000e-03 0.000000e+00 0.000000e+00 0.000000e+00 0.000000e+00 2.000000e-03 2.000000e-03 0.000000e+00
   98    1      2      0    0      1      -1      -1   500 0.032000000 0.20800000 0.19400000 0.22400000 0.11400000 0.03600000 0.04600000 0.03400000 0.04200000 0.012000000 0.018000000 0.008000000 0.004000000 0.0100000000 0.0120000000 0.0000000000 0.0000000000 0.000000e+00 0.000000e+00 2.000000e-03 0.000000e+00 0.000000e+00 0.000000e+00 4.000000e-03 0.000000e+00
   99    1      2      0    0      1      -1      -1   500 0.070000000 0.12200000 0.15200000 0.17400000 0.19000000 0.06800000 0.03000000 0.03400000 0.03600000 0.034000000 0.020000000 0.018000000 0.006000000 0.0040000000 0.0080000000 0.0080000000 0.0080000000 4.000000e-03 0.000000e+00 2.000000e-03 2.000000e-03 2.000000e-03 4.000000e-03 0.000000e+00 4.000000e-03
  100    1      2      0    0      1      -1      -1   500 0.042000000 0.32000000 0.09800000 0.13200000 0.11000000 0.12000000 0.06000000 0.02000000 0.01800000 0.024000000 0.018000000 0.006000000 0.006000000 0.0100000000 0.0000000000 0.0020000000 0.0020000000 0.000000e+00 4.000000e-03 0.000000e+00 4.000000e-03 0.000000e+00 0.000000e+00 0.000000e+00 4.000000e-03
0 #_N_MeanSize_at_Age_obs
0 #_N_environ_variables
0 #_N_environ_obs
0 #_N_sizefreq_methods
0 #_do_tags
0 #_morphcomp_data
#
999
