#C data file created using the SS_writedat function in the R package r4ss
#C should work with SS version: 
#C file write time: 2014-11-06 00:46:17
#
1 #_styr
100 #_endyr
1 #_nseas
12 #_months_per_seas
1 #_spawn_seas
1 #_Nfleet
2 #_Nsurveys
1 #_N_areas
Fishery%Survey%CPUE #_fleetnames
0.5 0.5 0.5 #_surveytiming_in_season
1 1 1 #_area_assignments_for_each_fishery_and_survey
1 #_units of catch:  1=bio; 2=num
0.01 #_se of log(catch) only used for init_eq_catch and for Fmethod 2 and 3
1 #_Ngenders
25 #_Nages
0 #_init_equil_catch_for_each_fishery
100 #_N_lines_of_catch_to_read
 #_Fishery year seas
         0    1    1
         0    2    1
         0    3    1
         0    4    1
         0    5    1
         0    6    1
         0    7    1
         0    8    1
         0    9    1
         0   10    1
         0   11    1
         0   12    1
         0   13    1
         0   14    1
         0   15    1
         0   16    1
         0   17    1
         0   18    1
         0   19    1
         0   20    1
         0   21    1
         0   22    1
         0   23    1
         0   24    1
         0   25    1
 217215000   26    1
 204173000   27    1
 195835000   28    1
 189466000   29    1
 183180000   30    1
 179182000   31    1
 177767000   32    1
 174355000   33    1
 168749000   34    1
 165273000   35    1
 164434000   36    1
 160986000   37    1
 153848000   38    1
 146477000   39    1
 144674000   40    1
 149013000   41    1
 151394000   42    1
 152173000   43    1
 151136000   44    1
 150689000   45    1
 149865000   46    1
 152176000   47    1
 151370000   48    1
 148171000   49    1
 144921000   50    1
 143371000   51    1
 145993000   52    1
 150415000   53    1
 155058000   54    1
 162398000   55    1
 170743000   56    1
 175646000   57    1
 177250000   58    1
 174018000   59    1
 170108000   60    1
 166409000   61    1
 161789000   62    1
 159489000   63    1
 158164000   64    1
 156820000   65    1
 153386000   66    1
 151456000   67    1
 153628000   68    1
 156450000   69    1
 157071000   70    1
 160285000   71    1
 162288000   72    1
 165910000   73    1
 170497000   74    1
 171684000   75    1
 170456000   76    1
 167257000   77    1
 164799000   78    1
 161573000   79    1
 157192000   80    1
 154830000   81    1
 153416000   82    1
 154285000   83    1
 158996000   84    1
 159754000   85    1
 158420000   86    1
 155409000   87    1
 154541000   88    1
 155674000   89    1
 156154000   90    1
 159341000   91    1
 164136000   92    1
 166194000   93    1
 165169000   94    1
 166251000   95    1
 168086000   96    1
 167573000   97    1
 168377000   98    1
 165917000   99    1
 164501000  100    1
13 #_N_cpue
 #_Fleet Units Errtype
       1     1       0
       2     1       0
       3     1       0
 #_year seas index        obs se_log
     76    1     2 1932266672    0.2
     78    1     2 2303220475    0.2
     80    1     2 2243881893    0.2
     82    1     2 1806240367    0.2
     84    1     2 2064337044    0.2
     86    1     2 2133232422    0.2
     88    1     2 1570762873    0.2
     90    1     2 2503442686    0.2
     92    1     2 1738976988    0.2
     94    1     2 1876423753    0.2
     96    1     2 2492161011    0.2
     98    1     2 3398867534    0.2
    100    1     2 1776262563    0.2
0 #_N_discard_fleets
#_discard_units (1=same_as_catchunits(bio/num); 2=fraction; 3=numbers)
#_discard_errtype:  >0 for DF of T-dist(read CV below); 0 for normal with CV; -1 for normal with se; -2 for lognormal
0 #_N_discard
0 #_N_meanbodywt
1 #_DF_for_meanbodywt_T-distribution_like
2 # length bin method: 1=use databins; 2=generate from binwidth,min,max below; 3=read vector
1 # binwidth for population size comp
10 # minimum size in the population (lower edge of first bin and size at age 0.00)
200 # maximum size in the population (lower edge of last bin)
-0.001 #_comp_tail_compression
1e-05 #_add_to_comp
0 #_combine males into females at or below this bin number
21 #_N_lbins
#_lbin_vector
10 53 70 83 94 101 107 111 114 117 120 123 125 127 130 132 135 138 142 148 200
0 #_N_Length_comp_observations
25 #_N_agebins
#_agebin_vector
1 2 3 4 5 6 7 8 9 10 11 12 13 14 15 16 17 18 19 20 21 22 23 24 25
1 #_N_ageerror_definitions
 #_age0   age1   age2   age3   age4   age5   age6   age7   age8   age9  age10  age11  age12  age13  age14  age15  age16  age17  age18  age19  age20  age21  age22  age23  age24  age25
 -1.000 -1.000 -1.000 -1.000 -1.000 -1.000 -1.000 -1.000 -1.000 -1.000 -1.000 -1.000 -1.000 -1.000 -1.000 -1.000 -1.000 -1.000 -1.000 -1.000 -1.000 -1.000 -1.000 -1.000 -1.000 -1.000
  0.001  0.001  0.001  0.001  0.001  0.001  0.001  0.001  0.001  0.001  0.001  0.001  0.001  0.001  0.001  0.001  0.001  0.001  0.001  0.001  0.001  0.001  0.001  0.001  0.001  0.001
22 #_N_agecomp
1 #_Lbin_method: 1=poplenbins; 2=datalenbins; 3=lengths
-1 #_combine males into females at or below this bin number
 #_Yr Seas FltSvy Gender Part Ageerr Lbin_lo Lbin_hi Nsamp           a1         a2         a3         a4         a5         a6         a7          a8          a9         a10         a11          a12          a13          a14          a15          a16          a17          a18          a19          a20          a21          a22          a23          a24          a25
   50    1      1      0    0      1      -1      -1    50 0.0072821337 0.07408450 0.22199245 0.09653147 0.12234419 0.22931894 0.04558562 0.077306036 0.011742952 0.029325934 0.001931002 0.0379915643 1.426395e-02 1.992540e-03 9.507720e-10 3.389807e-03 5.850347e-07 1.264531e-04 2.353828e-02 5.589358e-07 7.162769e-13 8.773330e-05 7.145725e-21 4.703933e-07 1.162826e-03
   55    1      1      0    0      1      -1      -1    50 0.0030439965 0.31115155 0.25138049 0.10402535 0.05197003 0.11797730 0.01916278 0.018023809 0.023177292 0.037530803 0.027422736 0.0019036419 1.031593e-02 2.661798e-06 2.151740e-05 2.461128e-04 5.702746e-04 1.854842e-03 4.982171e-10 5.699518e-16 2.017430e-02 6.473601e-29 8.023638e-59 5.170330e-27 4.457863e-05
   60    1      1      0    0      1      -1      -1    50 0.0136596501 0.18821606 0.15129624 0.06375413 0.07186879 0.03838824 0.07890160 0.056298359 0.107347503 0.023708430 0.014565026 0.0099431489 9.340826e-03 3.478112e-03 8.962930e-02 4.353345e-02 1.041205e-02 2.493338e-02 6.371352e-04 3.282659e-11 1.493114e-17 8.765286e-05 2.294758e-36 1.026131e-40 9.405207e-07
   65    1      1      0    0      1      -1      -1    50 0.0148415023 0.05305902 0.21517520 0.12356591 0.08936723 0.05294416 0.23738858 0.017535118 0.018560485 0.011646578 0.012310219 0.0100534854 9.699500e-02 1.312993e-02 2.534441e-02 2.072201e-03 4.854040e-04 9.120450e-07 1.821005e-08 4.485663e-03 1.038981e-03 3.116455e-40 4.152881e-14 4.261461e-31 5.874134e-19
   70    1      1      0    0      1      -1      -1    50 0.0481658578 0.17286485 0.05666246 0.23146947 0.12877200 0.08012968 0.06653501 0.051258300 0.058793179 0.047944769 0.008609007 0.0118444476 5.091013e-04 5.702281e-03 9.894538e-03 1.704691e-02 1.192652e-03 4.186692e-07 2.226813e-03 3.202658e-04 5.789286e-05 3.685566e-14 1.039303e-07 3.500665e-13 4.689431e-16
   75    1      1      0    0      1      -1      -1    50 0.0003063737 0.13827049 0.14401656 0.19061432 0.10572544 0.14332141 0.04545851 0.013319924 0.139440717 0.036229515 0.004880711 0.0009887747 2.138003e-03 6.154611e-04 9.514526e-03 1.393724e-05 7.143006e-03 3.188285e-07 1.104017e-08 1.635146e-05 4.316692e-08 3.515449e-12 2.789368e-04 1.770666e-02 2.764268e-19
   80    1      1      0    0      1      -1      -1    50 0.0507192605 0.12468158 0.21416896 0.13250753 0.12557678 0.06249444 0.01514846 0.049199111 0.052890342 0.038231920 0.010768744 0.0577523227 1.147155e-04 2.898265e-02 7.785552e-04 5.592017e-04 6.094176e-04 5.875048e-03 1.192647e-06 2.868532e-03 6.279503e-08 7.044019e-05 2.597315e-02 9.356912e-14 2.757965e-05
   85    1      1      0    0      1      -1      -1    50 0.0031667882 0.15977970 0.22774104 0.20360491 0.12063296 0.13904734 0.03819884 0.018993741 0.022453459 0.008755991 0.005221964 0.0040088808 1.758982e-03 3.672251e-02 3.122822e-03 1.633191e-03 4.636634e-03 1.003279e-06 3.266533e-08 5.191705e-04 3.254317e-17 1.121878e-76 8.907960e-11 1.193094e-13 4.006972e-08
   90    1      1      0    0      1      -1      -1    50 0.0572238009 0.18349032 0.16563561 0.17254473 0.03862976 0.04275748 0.01758305 0.026792940 0.120084611 0.012119306 0.095713062 0.0078680224 4.298226e-05 2.849018e-03 1.002601e-06 2.376690e-03 8.020503e-04 4.207322e-05 1.602393e-03 2.187407e-15 3.839856e-08 3.309686e-04 2.196182e-28 2.150775e-06 5.150794e-02
   95    1      1      0    0      1      -1      -1    50 0.0014878969 0.31143822 0.13622186 0.07895617 0.13320756 0.11286789 0.11186454 0.004766184 0.024744200 0.003319647 0.005369050 0.0095993994 2.487702e-03 3.047933e-02 1.460569e-03 4.331350e-03 9.897151e-03 5.133648e-03 7.575497e-03 1.196782e-05 1.879558e-04 9.056760e-19 2.278644e-10 3.250747e-03 1.341469e-03
  100    1      1      0    0      1      -1      -1    50 0.0005115172 0.30163052 0.08465462 0.05828535 0.10545165 0.04298848 0.19191603 0.009028278 0.009598197 0.086553310 0.049450476 0.0234131443 1.404586e-05 1.105213e-02 2.101673e-03 8.213397e-09 1.635293e-02 1.560930e-03 3.977964e-03 2.642148e-12 1.272646e-03 3.556538e-06 8.265078e-18 1.819935e-04 5.586663e-07
   50    1      2      0    0      1      -1      -1    50 0.0800000000 0.08000000 0.20000000 0.12000000 0.14000000 0.14000000 0.04000000 0.080000000 0.000000000 0.060000000 0.000000000 0.0200000000 2.000000e-02 0.000000e+00 0.000000e+00 0.000000e+00 2.000000e-02 0.000000e+00 0.000000e+00 0.000000e+00 0.000000e+00 0.000000e+00 0.000000e+00 0.000000e+00 0.000000e+00
   55    1      2      0    0      1      -1      -1    50 0.1000000000 0.24000000 0.16000000 0.10000000 0.16000000 0.10000000 0.06000000 0.000000000 0.000000000 0.040000000 0.020000000 0.0000000000 0.000000e+00 0.000000e+00 0.000000e+00 0.000000e+00 0.000000e+00 0.000000e+00 0.000000e+00 0.000000e+00 0.000000e+00 2.000000e-02 0.000000e+00 0.000000e+00 0.000000e+00
   60    1      2      0    0      1      -1      -1    50 0.0000000000 0.28000000 0.16000000 0.06000000 0.10000000 0.04000000 0.16000000 0.020000000 0.020000000 0.020000000 0.040000000 0.0600000000 2.000000e-02 0.000000e+00 0.000000e+00 0.000000e+00 0.000000e+00 2.000000e-02 0.000000e+00 0.000000e+00 0.000000e+00 0.000000e+00 0.000000e+00 0.000000e+00 0.000000e+00
   65    1      2      0    0      1      -1      -1    50 0.0200000000 0.18000000 0.18000000 0.16000000 0.12000000 0.04000000 0.08000000 0.080000000 0.020000000 0.040000000 0.040000000 0.0000000000 2.000000e-02 2.000000e-02 0.000000e+00 0.000000e+00 0.000000e+00 0.000000e+00 0.000000e+00 0.000000e+00 0.000000e+00 0.000000e+00 0.000000e+00 0.000000e+00 0.000000e+00
   70    1      2      0    0      1      -1      -1    50 0.0600000000 0.22000000 0.10000000 0.18000000 0.08000000 0.14000000 0.02000000 0.080000000 0.040000000 0.020000000 0.000000000 0.0200000000 0.000000e+00 0.000000e+00 0.000000e+00 0.000000e+00 0.000000e+00 2.000000e-02 2.000000e-02 0.000000e+00 0.000000e+00 0.000000e+00 0.000000e+00 0.000000e+00 0.000000e+00
   75    1      2      0    0      1      -1      -1    50 0.1000000000 0.14000000 0.16000000 0.18000000 0.16000000 0.06000000 0.02000000 0.040000000 0.040000000 0.020000000 0.040000000 0.0000000000 2.000000e-02 0.000000e+00 2.000000e-02 0.000000e+00 0.000000e+00 0.000000e+00 0.000000e+00 0.000000e+00 0.000000e+00 0.000000e+00 0.000000e+00 0.000000e+00 0.000000e+00
   80    1      2      0    0      1      -1      -1    50 0.0400000000 0.16000000 0.08000000 0.16000000 0.06000000 0.10000000 0.08000000 0.080000000 0.000000000 0.040000000 0.040000000 0.0400000000 2.000000e-02 2.000000e-02 2.000000e-02 2.000000e-02 2.000000e-02 0.000000e+00 0.000000e+00 0.000000e+00 2.000000e-02 0.000000e+00 0.000000e+00 0.000000e+00 0.000000e+00
   85    1      2      0    0      1      -1      -1    50 0.0200000000 0.14000000 0.22000000 0.16000000 0.00000000 0.08000000 0.12000000 0.020000000 0.040000000 0.020000000 0.040000000 0.0800000000 2.000000e-02 0.000000e+00 0.000000e+00 0.000000e+00 2.000000e-02 0.000000e+00 2.000000e-02 0.000000e+00 0.000000e+00 0.000000e+00 0.000000e+00 0.000000e+00 0.000000e+00
   90    1      2      0    0      1      -1      -1    50 0.0000000000 0.22000000 0.20000000 0.26000000 0.06000000 0.00000000 0.00000000 0.060000000 0.060000000 0.040000000 0.000000000 0.0000000000 0.000000e+00 4.000000e-02 0.000000e+00 0.000000e+00 0.000000e+00 2.000000e-02 0.000000e+00 0.000000e+00 0.000000e+00 2.000000e-02 2.000000e-02 0.000000e+00 0.000000e+00
   95    1      2      0    0      1      -1      -1    50 0.0000000000 0.28000000 0.16000000 0.04000000 0.10000000 0.14000000 0.08000000 0.040000000 0.040000000 0.020000000 0.020000000 0.0200000000 0.000000e+00 4.000000e-02 0.000000e+00 2.000000e-02 0.000000e+00 0.000000e+00 0.000000e+00 0.000000e+00 0.000000e+00 0.000000e+00 0.000000e+00 0.000000e+00 0.000000e+00
  100    1      2      0    0      1      -1      -1    50 0.0400000000 0.14000000 0.16000000 0.08000000 0.30000000 0.06000000 0.12000000 0.020000000 0.020000000 0.020000000 0.020000000 0.0000000000 0.000000e+00 0.000000e+00 2.000000e-02 0.000000e+00 0.000000e+00 0.000000e+00 0.000000e+00 0.000000e+00 0.000000e+00 0.000000e+00 0.000000e+00 0.000000e+00 0.000000e+00
0 #_N_MeanSize_at_Age_obs
0 #_N_environ_variables
0 #_N_environ_obs
0 #_N_sizefreq_methods
0 #_do_tags
0 #_morphcomp_data
#
999
