#C data file created using the SS_writedat function in the R package r4ss
#C should work with SS version: 
#C file write time: 2014-11-06 01:30:52
#
1 #_styr
100 #_endyr
1 #_nseas
12 #_months_per_seas
1 #_spawn_seas
1 #_Nfleet
2 #_Nsurveys
1 #_N_areas
Fishery%Survey%CPUE #_fleetnames
0.5 0.5 0.5 #_surveytiming_in_season
1 1 1 #_area_assignments_for_each_fishery_and_survey
1 #_units of catch:  1=bio; 2=num
0.01 #_se of log(catch) only used for init_eq_catch and for Fmethod 2 and 3
1 #_Ngenders
25 #_Nages
0 #_init_equil_catch_for_each_fishery
100 #_N_lines_of_catch_to_read
 #_Fishery year seas
         0    1    1
         0    2    1
         0    3    1
         0    4    1
         0    5    1
         0    6    1
         0    7    1
         0    8    1
         0    9    1
         0   10    1
         0   11    1
         0   12    1
         0   13    1
         0   14    1
         0   15    1
         0   16    1
         0   17    1
         0   18    1
         0   19    1
         0   20    1
         0   21    1
         0   22    1
         0   23    1
         0   24    1
         0   25    1
 303607000   26    1
 289688000   27    1
 273921000   28    1
 257769000   29    1
 244950000   30    1
 229833000   31    1
 215324000   32    1
 201100000   33    1
 188072000   34    1
 180384000   35    1
 181257000   36    1
 182521000   37    1
 180242000   38    1
 176105000   39    1
 173665000   40    1
 171589000   41    1
 168302000   42    1
 166110000   43    1
 163723000   44    1
 161524000   45    1
 162080000   46    1
 164420000   47    1
 166889000   48    1
 171439000   49    1
 172836000   50    1
 168967000   51    1
 161993000   52    1
 156023000   53    1
 152621000   54    1
 148517000   55    1
 143951000   56    1
 140461000   57    1
 136332000   58    1
 132010000   59    1
 132944000   60    1
 137761000   61    1
 139598000   62    1
 138150000   63    1
 134271000   64    1
 131294000   65    1
 129951000   66    1
 129688000   67    1
 133239000   68    1
 134967000   69    1
 134155000   70    1
 131779000   71    1
 133296000   72    1
 134326000   73    1
 133893000   74    1
 136482000   75    1
 141267000   76    1
 145704000   77    1
 149647000   78    1
 151411000   79    1
 149289000   80    1
 145178000   81    1
 140984000   82    1
 135202000   83    1
 129068000   84    1
 125579000   85    1
 126513000   86    1
 131996000   87    1
 135968000   88    1
 139171000   89    1
 143061000   90    1
 145619000   91    1
 149204000   92    1
 150795000   93    1
 153118000   94    1
 159110000   95    1
 162626000   96    1
 163288000   97    1
 159456000   98    1
 153827000   99    1
 148811000  100    1
13 #_N_cpue
 #_Fleet Units Errtype
       1     1       0
       2     1       0
       3     1       0
 #_year seas index        obs se_log
     76    1     2 1793260069    0.2
     78    1     2 2340621543    0.2
     80    1     2 2631241823    0.2
     82    1     2 1654294021    0.2
     84    1     2 1678041838    0.2
     86    1     2 1339848695    0.2
     88    1     2 2179854752    0.2
     90    1     2 2450852882    0.2
     92    1     2 2588841999    0.2
     94    1     2 1854481261    0.2
     96    1     2 3283265737    0.2
     98    1     2 2061235530    0.2
    100    1     2 3488351298    0.2
0 #_N_discard_fleets
#_discard_units (1=same_as_catchunits(bio/num); 2=fraction; 3=numbers)
#_discard_errtype:  >0 for DF of T-dist(read CV below); 0 for normal with CV; -1 for normal with se; -2 for lognormal
0 #_N_discard
0 #_N_meanbodywt
1 #_DF_for_meanbodywt_T-distribution_like
2 # length bin method: 1=use databins; 2=generate from binwidth,min,max below; 3=read vector
1 # binwidth for population size comp
10 # minimum size in the population (lower edge of first bin and size at age 0.00)
200 # maximum size in the population (lower edge of last bin)
-0.001 #_comp_tail_compression
1e-05 #_add_to_comp
0 #_combine males into females at or below this bin number
21 #_N_lbins
#_lbin_vector
10 53 70 83 94 101 107 111 114 117 120 123 125 127 130 132 135 138 142 148 200
0 #_N_Length_comp_observations
25 #_N_agebins
#_agebin_vector
1 2 3 4 5 6 7 8 9 10 11 12 13 14 15 16 17 18 19 20 21 22 23 24 25
1 #_N_ageerror_definitions
 #_age0   age1   age2   age3   age4   age5   age6   age7   age8   age9  age10  age11  age12  age13  age14  age15  age16  age17  age18  age19  age20  age21  age22  age23  age24  age25
 -1.000 -1.000 -1.000 -1.000 -1.000 -1.000 -1.000 -1.000 -1.000 -1.000 -1.000 -1.000 -1.000 -1.000 -1.000 -1.000 -1.000 -1.000 -1.000 -1.000 -1.000 -1.000 -1.000 -1.000 -1.000 -1.000
  0.001  0.001  0.001  0.001  0.001  0.001  0.001  0.001  0.001  0.001  0.001  0.001  0.001  0.001  0.001  0.001  0.001  0.001  0.001  0.001  0.001  0.001  0.001  0.001  0.001  0.001
22 #_N_agecomp
1 #_Lbin_method: 1=poplenbins; 2=datalenbins; 3=lengths
-1 #_combine males into females at or below this bin number
 #_Yr Seas FltSvy Gender Part Ageerr Lbin_lo Lbin_hi Nsamp          a1         a2        a3         a4         a5         a6         a7         a8         a9        a10        a11         a12         a13         a14         a15         a16          a17          a18          a19          a20          a21          a22          a23          a24          a25
   50    1      1      0    0      1      -1      -1   500 0.010636498 0.09896966 0.2525199 0.20130148 0.09625678 0.11153111 0.06041155 0.03893361 0.03299628 0.02464971 0.01570507 0.017824971 0.012240928 0.004253241 0.005113264 0.003965698 4.677718e-03 0.0006514608 0.0006628943 9.717680e-04 7.447319e-05 3.648583e-04 5.453707e-04 2.523080e-03 0.0022185784
   55    1      1      0    0      1      -1      -1   500 0.018227201 0.10274517 0.1819524 0.20468806 0.09467951 0.06556039 0.03735244 0.07450769 0.07348049 0.02365368 0.03687536 0.031700959 0.019225013 0.005629281 0.003548755 0.003918306 6.700853e-03 0.0038629619 0.0010467436 9.192450e-04 3.040359e-04 4.091322e-03 1.877263e-04 1.518517e-03 0.0036238914
   60    1      1      0    0      1      -1      -1   500 0.023106376 0.29725560 0.1612855 0.08583492 0.11129130 0.07442311 0.03198417 0.05697116 0.04426550 0.02227219 0.01108908 0.016146416 0.018967965 0.014062355 0.002867632 0.006490736 8.302676e-03 0.0043404803 0.0002910379 3.870878e-04 1.927800e-03 2.199528e-03 7.847146e-04 1.263627e-05 0.0034400214
   65    1      1      0    0      1      -1      -1   500 0.008178041 0.22839252 0.1245848 0.11649103 0.09555643 0.08829452 0.15749672 0.04571991 0.02593733 0.02539924 0.01902928 0.020427118 0.009460068 0.017369358 0.001691524 0.003226224 4.201410e-03 0.0011897772 0.0042772569 1.107040e-03 2.923542e-04 1.497812e-04 7.148893e-05 3.255555e-05 0.0014241786
   70    1      1      0    0      1      -1      -1   500 0.029776969 0.03798653 0.2359901 0.17840479 0.20920078 0.06508027 0.06719517 0.02665972 0.02359082 0.02074266 0.02206534 0.032141738 0.013417042 0.005398866 0.011085658 0.005907965 3.432408e-03 0.0021434608 0.0044766649 2.172586e-03 6.979105e-04 5.545987e-05 3.668587e-04 1.075128e-03 0.0009351488
   75    1      1      0    0      1      -1      -1   500 0.017889740 0.21533759 0.1881606 0.09950136 0.12655332 0.12158299 0.02157248 0.03770169 0.04450950 0.04294207 0.01477954 0.021643214 0.008893104 0.001936636 0.001557138 0.008219838 7.490701e-03 0.0143243905 0.0010664478 6.239544e-05 3.991623e-04 2.274822e-03 7.733168e-04 6.551228e-04 0.0001727988
   80    1      1      0    0      1      -1      -1   500 0.009870412 0.10642983 0.1655692 0.15755365 0.12896608 0.09472173 0.09739077 0.07096192 0.04445654 0.03397852 0.03612673 0.004538395 0.014751304 0.003925855 0.006080806 0.002023761 5.049576e-03 0.0020361173 0.0011018410 2.745506e-03 1.294041e-03 5.580644e-03 4.633868e-04 2.217963e-03 0.0021653947
   85    1      1      0    0      1      -1      -1   500 0.057188639 0.15943335 0.2090411 0.11431477 0.06918032 0.08276900 0.04526845 0.03489905 0.06644817 0.03363351 0.03123570 0.024019748 0.016328477 0.007566359 0.012371747 0.020409034 4.434953e-05 0.0017597954 0.0070494190 4.132586e-03 1.925573e-06 6.903387e-04 2.287151e-04 4.099824e-05 0.0019444145
   90    1      1      0    0      1      -1      -1   500 0.024991269 0.14790869 0.2519326 0.11214354 0.10250072 0.13049978 0.07100184 0.04440960 0.01152861 0.02126012 0.01125420 0.016311851 0.010508814 0.008476387 0.003656483 0.007191081 7.731875e-03 0.0039601296 0.0017148208 5.134058e-03 8.097581e-04 2.339807e-10 4.601641e-03 4.017876e-05 0.0004319604
   95    1      1      0    0      1      -1      -1   500 0.013038968 0.16011461 0.2855169 0.09056291 0.09736656 0.10839471 0.06009940 0.04169695 0.02721378 0.02830518 0.02761543 0.021826250 0.009153233 0.002670979 0.003236229 0.001954726 1.120904e-03 0.0027583254 0.0081574389 2.336006e-03 7.426903e-04 3.261932e-03 4.590487e-04 2.328206e-05 0.0023735885
  100    1      1      0    0      1      -1      -1   500 0.021877354 0.12638609 0.1965066 0.07415151 0.08850136 0.10441355 0.08443224 0.11887776 0.03365273 0.04026649 0.01788445 0.014073558 0.026400473 0.009458636 0.014674884 0.011552354 2.300106e-03 0.0026849237 0.0009478075 3.415954e-04 1.643227e-04 2.805708e-03 5.542911e-04 3.081891e-03 0.0040092574
   50    1      2      0    0      1      -1      -1   500 0.018000000 0.11000000 0.2320000 0.18000000 0.10800000 0.12200000 0.04600000 0.04400000 0.03000000 0.02000000 0.03000000 0.014000000 0.014000000 0.002000000 0.002000000 0.008000000 8.000000e-03 0.0000000000 0.0020000000 2.000000e-03 0.000000e+00 2.000000e-03 4.000000e-03 0.000000e+00 0.0020000000
   55    1      2      0    0      1      -1      -1   500 0.042000000 0.14800000 0.2020000 0.18600000 0.08000000 0.05000000 0.04000000 0.06200000 0.06400000 0.02600000 0.03200000 0.020000000 0.006000000 0.012000000 0.012000000 0.004000000 2.000000e-03 0.0020000000 0.0020000000 2.000000e-03 0.000000e+00 2.000000e-03 2.000000e-03 0.000000e+00 0.0020000000
   60    1      2      0    0      1      -1      -1   500 0.042000000 0.35800000 0.1560000 0.07200000 0.08600000 0.05200000 0.03200000 0.03400000 0.04200000 0.02000000 0.01200000 0.014000000 0.028000000 0.014000000 0.008000000 0.012000000 8.000000e-03 0.0000000000 0.0040000000 2.000000e-03 2.000000e-03 2.000000e-03 0.000000e+00 0.000000e+00 0.0000000000
   65    1      2      0    0      1      -1      -1   500 0.018000000 0.31200000 0.1340000 0.08200000 0.08000000 0.10400000 0.12800000 0.04400000 0.01800000 0.02400000 0.02000000 0.004000000 0.006000000 0.008000000 0.004000000 0.002000000 0.000000e+00 0.0040000000 0.0000000000 0.000000e+00 2.000000e-03 2.000000e-03 2.000000e-03 2.000000e-03 0.0000000000
   70    1      2      0    0      1      -1      -1   500 0.064000000 0.03400000 0.1940000 0.13800000 0.23400000 0.06400000 0.08000000 0.02600000 0.02000000 0.01800000 0.03600000 0.042000000 0.016000000 0.004000000 0.004000000 0.004000000 6.000000e-03 0.0020000000 0.0060000000 4.000000e-03 0.000000e+00 0.000000e+00 2.000000e-03 0.000000e+00 0.0020000000
   75    1      2      0    0      1      -1      -1   500 0.050000000 0.31200000 0.1540000 0.07800000 0.09000000 0.11400000 0.02000000 0.04400000 0.03400000 0.04800000 0.01200000 0.008000000 0.000000000 0.002000000 0.006000000 0.008000000 1.400000e-02 0.0000000000 0.0020000000 2.000000e-03 2.000000e-03 0.000000e+00 0.000000e+00 0.000000e+00 0.0000000000
   80    1      2      0    0      1      -1      -1   500 0.034000000 0.11400000 0.1300000 0.18200000 0.14600000 0.09200000 0.09400000 0.05800000 0.03000000 0.02200000 0.03200000 0.008000000 0.004000000 0.002000000 0.012000000 0.004000000 1.400000e-02 0.0020000000 0.0040000000 4.000000e-03 6.000000e-03 2.000000e-03 2.000000e-03 0.000000e+00 0.0020000000
   85    1      2      0    0      1      -1      -1   500 0.080000000 0.20200000 0.2100000 0.07800000 0.08400000 0.07400000 0.03200000 0.04600000 0.04800000 0.02400000 0.03200000 0.018000000 0.022000000 0.004000000 0.022000000 0.010000000 0.000000e+00 0.0040000000 0.0040000000 4.000000e-03 0.000000e+00 0.000000e+00 0.000000e+00 0.000000e+00 0.0020000000
   90    1      2      0    0      1      -1      -1   500 0.060000000 0.15800000 0.2580000 0.10800000 0.10000000 0.14800000 0.03800000 0.03400000 0.01400000 0.01800000 0.01400000 0.008000000 0.008000000 0.012000000 0.002000000 0.006000000 4.000000e-03 0.0060000000 0.0000000000 2.000000e-03 0.000000e+00 0.000000e+00 0.000000e+00 0.000000e+00 0.0020000000
   95    1      2      0    0      1      -1      -1   500 0.040000000 0.18200000 0.2960000 0.06800000 0.07200000 0.10800000 0.03600000 0.05600000 0.03600000 0.02800000 0.03400000 0.018000000 0.002000000 0.002000000 0.004000000 0.006000000 2.000000e-03 0.0040000000 0.0040000000 2.000000e-03 0.000000e+00 0.000000e+00 0.000000e+00 0.000000e+00 0.0000000000
  100    1      2      0    0      1      -1      -1   500 0.046000000 0.15200000 0.1940000 0.05800000 0.06800000 0.09800000 0.07000000 0.11400000 0.02600000 0.03200000 0.04400000 0.026000000 0.014000000 0.014000000 0.018000000 0.016000000 2.000000e-03 0.0000000000 0.0020000000 0.000000e+00 4.000000e-03 0.000000e+00 0.000000e+00 0.000000e+00 0.0020000000
0 #_N_MeanSize_at_Age_obs
0 #_N_environ_variables
0 #_N_environ_obs
0 #_N_sizefreq_methods
0 #_do_tags
0 #_morphcomp_data
#
999
