#C data file created using the SS_writedat function in the R package r4ss
#C should work with SS version: 
#C file write time: 2014-11-05 23:58:22
#
1 #_styr
100 #_endyr
1 #_nseas
12 #_months_per_seas
1 #_spawn_seas
1 #_Nfleet
2 #_Nsurveys
1 #_N_areas
Fishery%Survey%CPUE #_fleetnames
0.5 0.5 0.5 #_surveytiming_in_season
1 1 1 #_area_assignments_for_each_fishery_and_survey
1 #_units of catch:  1=bio; 2=num
0.01 #_se of log(catch) only used for init_eq_catch and for Fmethod 2 and 3
1 #_Ngenders
25 #_Nages
0 #_init_equil_catch_for_each_fishery
100 #_N_lines_of_catch_to_read
 #_Fishery year seas
         0    1    1
         0    2    1
         0    3    1
         0    4    1
         0    5    1
         0    6    1
         0    7    1
         0    8    1
         0    9    1
         0   10    1
         0   11    1
         0   12    1
         0   13    1
         0   14    1
         0   15    1
         0   16    1
         0   17    1
         0   18    1
         0   19    1
         0   20    1
         0   21    1
         0   22    1
         0   23    1
         0   24    1
         0   25    1
 256579000   26    1
 242163000   27    1
 227745000   28    1
 215696000   29    1
 206572000   30    1
 201031000   31    1
 200270000   32    1
 196722000   33    1
 191803000   34    1
 187525000   35    1
 189355000   36    1
 191677000   37    1
 194453000   38    1
 193520000   39    1
 190824000   40    1
 188950000   41    1
 184686000   42    1
 180115000   43    1
 173844000   44    1
 167316000   45    1
 162401000   46    1
 156881000   47    1
 154779000   48    1
 157174000   49    1
 160718000   50    1
 166760000   51    1
 172355000   52    1
 172816000   53    1
 171932000   54    1
 172227000   55    1
 172091000   56    1
 169248000   57    1
 165522000   58    1
 157778000   59    1
 151170000   60    1
 147854000   61    1
 145587000   62    1
 140427000   63    1
 137883000   64    1
 139393000   65    1
 138734000   66    1
 138241000   67    1
 138210000   68    1
 141046000   69    1
 144937000   70    1
 145753000   71    1
 144285000   72    1
 141505000   73    1
 139805000   74    1
 144927000   75    1
 154098000   76    1
 158977000   77    1
 162072000   78    1
 163831000   79    1
 163747000   80    1
 162056000   81    1
 158085000   82    1
 156775000   83    1
 163006000   84    1
 168543000   85    1
 170066000   86    1
 168945000   87    1
 166605000   88    1
 164775000   89    1
 159729000   90    1
 156277000   91    1
 155045000   92    1
 155603000   93    1
 155679000   94    1
 157323000   95    1
 164929000   96    1
 177760000   97    1
 193791000   98    1
 206427000   99    1
 216205000  100    1
13 #_N_cpue
 #_Fleet Units Errtype
       1     1       0
       2     1       0
       3     1       0
 #_year seas index        obs se_log
     76    1     2 2830447513    0.2
     78    1     2 2744059466    0.2
     80    1     2 1872211168    0.2
     82    1     2 2131780672    0.2
     84    1     2 1809012505    0.2
     86    1     2 1591877091    0.2
     88    1     2 2813622275    0.2
     90    1     2 3038680470    0.2
     92    1     2 2601278772    0.2
     94    1     2 2041114634    0.2
     96    1     2 1978137485    0.2
     98    1     2 2074968949    0.2
    100    1     2 3602721174    0.2
0 #_N_discard_fleets
#_discard_units (1=same_as_catchunits(bio/num); 2=fraction; 3=numbers)
#_discard_errtype:  >0 for DF of T-dist(read CV below); 0 for normal with CV; -1 for normal with se; -2 for lognormal
0 #_N_discard
0 #_N_meanbodywt
1 #_DF_for_meanbodywt_T-distribution_like
2 # length bin method: 1=use databins; 2=generate from binwidth,min,max below; 3=read vector
1 # binwidth for population size comp
10 # minimum size in the population (lower edge of first bin and size at age 0.00)
200 # maximum size in the population (lower edge of last bin)
-0.001 #_comp_tail_compression
1e-05 #_add_to_comp
0 #_combine males into females at or below this bin number
21 #_N_lbins
#_lbin_vector
10 53 70 83 94 101 107 111 114 117 120 123 125 127 130 132 135 138 142 148 200
0 #_N_Length_comp_observations
25 #_N_agebins
#_agebin_vector
1 2 3 4 5 6 7 8 9 10 11 12 13 14 15 16 17 18 19 20 21 22 23 24 25
1 #_N_ageerror_definitions
 #_age0   age1   age2   age3   age4   age5   age6   age7   age8   age9  age10  age11  age12  age13  age14  age15  age16  age17  age18  age19  age20  age21  age22  age23  age24  age25
 -1.000 -1.000 -1.000 -1.000 -1.000 -1.000 -1.000 -1.000 -1.000 -1.000 -1.000 -1.000 -1.000 -1.000 -1.000 -1.000 -1.000 -1.000 -1.000 -1.000 -1.000 -1.000 -1.000 -1.000 -1.000 -1.000
  0.001  0.001  0.001  0.001  0.001  0.001  0.001  0.001  0.001  0.001  0.001  0.001  0.001  0.001  0.001  0.001  0.001  0.001  0.001  0.001  0.001  0.001  0.001  0.001  0.001  0.001
34 #_N_agecomp
1 #_Lbin_method: 1=poplenbins; 2=datalenbins; 3=lengths
-1 #_combine males into females at or below this bin number
 #_Yr Seas FltSvy Gender Part Ageerr Lbin_lo Lbin_hi Nsamp          a1         a2         a3         a4         a5         a6         a7         a8          a9         a10         a11         a12          a13          a14          a15          a16          a17          a18          a19          a20          a21          a22          a23          a24          a25
   50    1      1      0    0      1      -1      -1   200 0.015937424 0.24449308 0.19119440 0.18206149 0.07920569 0.06266397 0.06183784 0.01757675 0.021435294 0.016790193 0.024731789 0.016885888 0.0094782109 0.0069248452 2.463612e-02 1.137518e-02 3.391201e-03 7.889386e-04 3.313409e-03 1.534734e-03 2.754934e-05 2.068971e-03 3.086310e-07 8.743160e-04 7.724025e-04
   60    1      1      0    0      1      -1      -1   200 0.020564422 0.16081809 0.15222023 0.07352124 0.14938432 0.09255683 0.07575343 0.06302352 0.027475550 0.036036899 0.045234653 0.016942651 0.0339648233 0.0283425358 5.806551e-03 1.026568e-02 3.646332e-03 2.894492e-03 9.340166e-04 2.550625e-04 2.156678e-06 1.306730e-06 1.130480e-05 2.410898e-05 3.197956e-04
   70    1      1      0    0      1      -1      -1   200 0.006871503 0.11463794 0.26947367 0.20464499 0.09087633 0.07537418 0.02803776 0.08054665 0.010787298 0.013322478 0.043574979 0.013666873 0.0021153396 0.0018823628 1.512494e-02 1.773228e-03 5.528613e-03 1.465491e-03 6.328923e-05 1.247200e-05 3.144286e-03 3.197160e-04 2.107193e-04 1.654354e-02 1.341767e-06
   75    1      1      0    0      1      -1      -1   200 0.005541585 0.25671205 0.21667519 0.12074212 0.05986214 0.08459746 0.03031684 0.06776786 0.044762314 0.019839563 0.019642840 0.021382655 0.0187521084 0.0031308402 4.594488e-03 1.231213e-04 2.873353e-03 6.696277e-03 1.034776e-03 1.263700e-03 1.058153e-03 7.848440e-04 1.178942e-02 2.820059e-13 5.631301e-05
   76    1      1      0    0      1      -1      -1   200 0.007594921 0.12274716 0.37755488 0.13186006 0.08597079 0.03713764 0.02187725 0.02508666 0.042175452 0.044658472 0.030646257 0.015813118 0.0102835932 0.0135500229 1.231813e-02 1.224166e-07 1.569494e-02 3.093562e-06 2.144449e-04 6.903486e-06 3.661818e-04 5.314321e-04 3.292852e-05 1.717555e-11 3.875550e-03
   79    1      1      0    0      1      -1      -1   200 0.020275777 0.15968338 0.19857672 0.12456171 0.09705201 0.18060665 0.06193740 0.02796096 0.027495017 0.020368738 0.022147714 0.022929380 0.0126737064 0.0098732726 4.675965e-04 5.578126e-03 4.472230e-03 9.070632e-04 1.094206e-03 3.566619e-04 1.348511e-07 1.374641e-07 8.399734e-11 4.725479e-04 5.088578e-04
   82    1      1      0    0      1      -1      -1   200 0.025770300 0.07178294 0.15446248 0.17242285 0.15930363 0.09081122 0.05070237 0.08050867 0.077754522 0.031577818 0.012171109 0.028738288 0.0127349426 0.0015897349 9.705185e-03 9.769546e-03 3.710091e-03 2.261801e-03 7.727102e-04 1.768199e-03 1.977347e-06 3.871220e-04 7.822946e-04 4.379432e-04 7.226997e-05
   85    1      1      0    0      1      -1      -1   200 0.017832778 0.12320740 0.27975531 0.23244158 0.02623159 0.07688384 0.06670987 0.03893586 0.043053012 0.007852884 0.019817250 0.034391409 0.0153804246 0.0016371994 1.086009e-03 3.459683e-04 7.039161e-04 6.252983e-03 2.715746e-06 2.136137e-03 2.473389e-03 9.904819e-06 4.827523e-04 2.820865e-04 2.093721e-03
   88    1      1      0    0      1      -1      -1   200 0.003528937 0.22908210 0.09651077 0.17211964 0.08977274 0.08289334 0.12680057 0.04483782 0.033033243 0.026912685 0.016919294 0.011870307 0.0075208374 0.0156610813 1.284402e-02 5.343630e-03 1.107318e-02 1.345985e-05 1.375270e-04 5.250625e-07 1.044533e-04 2.793700e-03 8.111551e-05 4.085568e-04 9.736468e-03
   89    1      1      0    0      1      -1      -1   200 0.015454667 0.09213645 0.26730164 0.06602057 0.10773005 0.08360440 0.09921389 0.10423630 0.033517484 0.011867057 0.039083796 0.019215041 0.0270618855 0.0066044678 5.583032e-03 1.130227e-02 1.624611e-03 1.299883e-03 1.846449e-03 1.500788e-05 7.336558e-06 1.667587e-04 4.554776e-03 1.937444e-04 3.584221e-04
   91    1      1      0    0      1      -1      -1   200 0.059006577 0.16257091 0.11654176 0.11257030 0.16872171 0.04190818 0.06289297 0.02735934 0.085775837 0.085677832 0.028025213 0.005317022 0.0157887032 0.0043650287 1.765519e-03 2.716333e-03 5.314343e-03 4.486726e-03 6.216301e-03 4.601010e-04 1.191822e-09 3.569521e-07 5.492702e-08 1.110791e-03 1.408078e-03
   93    1      1      0    0      1      -1      -1   200 0.009152453 0.18211008 0.23136027 0.12976086 0.06009100 0.04160168 0.08380133 0.02421215 0.035699910 0.033424470 0.069154935 0.078784900 0.0029713591 0.0019812337 9.437304e-04 2.717189e-03 4.103878e-03 2.121673e-03 1.102195e-04 3.193514e-03 1.966823e-03 4.240680e-06 3.755880e-08 2.529576e-04 4.791025e-04
   95    1      1      0    0      1      -1      -1   200 0.011252819 0.23099978 0.11026758 0.13826014 0.16465935 0.07521336 0.05851910 0.01323330 0.050154433 0.006276331 0.031446476 0.029343811 0.0490549952 0.0119672687 4.072612e-03 8.302354e-04 6.452676e-03 3.830184e-03 5.170613e-04 1.949281e-03 9.368582e-04 7.377277e-04 2.235354e-05 5.142660e-07 1.763542e-06
   97    1      1      0    0      1      -1      -1   200 0.038687992 0.26250837 0.15909394 0.19441176 0.12017248 0.06230127 0.06363959 0.04472868 0.008868079 0.003826215 0.023506547 0.005580179 0.0038478793 0.0006733552 5.515787e-03 8.051689e-04 9.532258e-06 1.275095e-06 8.172863e-06 9.247160e-05 9.342840e-04 1.579821e-06 6.919004e-04 9.302668e-05 4.568734e-07
   98    1      1      0    0      1      -1      -1   200 0.029383755 0.14669270 0.28650727 0.22693276 0.11330062 0.03032680 0.02597517 0.03460481 0.041049955 0.020915880 0.005700988 0.007148622 0.0072354488 0.0051010457 1.114125e-03 5.932435e-04 8.623669e-03 8.346534e-04 1.283043e-03 1.916204e-05 5.710356e-03 3.495459e-05 1.726810e-09 1.349360e-08 9.109581e-04
   99    1      1      0    0      1      -1      -1   200 0.012446083 0.21611470 0.13040089 0.24950899 0.12397241 0.10649892 0.02317945 0.03482597 0.026546914 0.026710615 0.005953578 0.007740735 0.0124500160 0.0025766639 5.756964e-05 5.195907e-03 1.056958e-03 4.057523e-04 3.609906e-03 8.985266e-03 3.119270e-15 2.831574e-06 5.925288e-08 2.759218e-04 1.483890e-03
  100    1      1      0    0      1      -1      -1   200 0.008910516 0.09175707 0.23072891 0.15667944 0.18646002 0.09339290 0.09504468 0.03492019 0.034360565 0.018450060 0.016391598 0.005223517 0.0004485884 0.0099140498 7.005600e-08 3.942210e-03 4.443397e-03 1.992027e-03 1.206822e-03 8.898474e-11 1.637982e-03 2.297799e-07 3.658323e-10 3.624815e-11 4.095148e-03
   50    1      2      0    0      1      -1      -1   200 0.035000000 0.23000000 0.17500000 0.22000000 0.07000000 0.05500000 0.06000000 0.02000000 0.040000000 0.010000000 0.015000000 0.025000000 0.0100000000 0.0100000000 5.000000e-03 5.000000e-03 5.000000e-03 5.000000e-03 5.000000e-03 0.000000e+00 0.000000e+00 0.000000e+00 0.000000e+00 0.000000e+00 0.000000e+00
   60    1      2      0    0      1      -1      -1   200 0.065000000 0.20000000 0.11500000 0.07000000 0.15000000 0.06000000 0.14500000 0.04000000 0.035000000 0.005000000 0.035000000 0.030000000 0.0100000000 0.0100000000 0.000000e+00 0.000000e+00 5.000000e-03 0.000000e+00 5.000000e-03 0.000000e+00 0.000000e+00 1.000000e-02 0.000000e+00 0.000000e+00 1.000000e-02
   70    1      2      0    0      1      -1      -1   200 0.030000000 0.13000000 0.30500000 0.16000000 0.07500000 0.08000000 0.04500000 0.06000000 0.015000000 0.015000000 0.025000000 0.025000000 0.0100000000 0.0000000000 0.000000e+00 0.000000e+00 5.000000e-03 5.000000e-03 0.000000e+00 5.000000e-03 5.000000e-03 0.000000e+00 5.000000e-03 0.000000e+00 0.000000e+00
   75    1      2      0    0      1      -1      -1   200 0.020000000 0.39000000 0.20500000 0.05000000 0.07500000 0.07500000 0.04500000 0.06500000 0.030000000 0.005000000 0.015000000 0.005000000 0.0050000000 0.0000000000 5.000000e-03 0.000000e+00 0.000000e+00 0.000000e+00 0.000000e+00 5.000000e-03 0.000000e+00 0.000000e+00 0.000000e+00 0.000000e+00 5.000000e-03
   76    1      2      0    0      1      -1      -1   200 0.040000000 0.17500000 0.30500000 0.13500000 0.07500000 0.05500000 0.03500000 0.02500000 0.050000000 0.040000000 0.010000000 0.020000000 0.0100000000 0.0100000000 0.000000e+00 0.000000e+00 0.000000e+00 5.000000e-03 0.000000e+00 0.000000e+00 0.000000e+00 5.000000e-03 0.000000e+00 0.000000e+00 5.000000e-03
   79    1      2      0    0      1      -1      -1   200 0.035000000 0.18500000 0.23000000 0.12500000 0.07000000 0.18000000 0.05000000 0.03500000 0.000000000 0.015000000 0.015000000 0.020000000 0.0050000000 0.0100000000 1.000000e-02 5.000000e-03 0.000000e+00 0.000000e+00 5.000000e-03 5.000000e-03 0.000000e+00 0.000000e+00 0.000000e+00 0.000000e+00 0.000000e+00
   82    1      2      0    0      1      -1      -1   200 0.140000000 0.10000000 0.09000000 0.13000000 0.14000000 0.09500000 0.07500000 0.02000000 0.105000000 0.035000000 0.015000000 0.010000000 0.0050000000 0.0150000000 1.000000e-02 5.000000e-03 0.000000e+00 5.000000e-03 0.000000e+00 5.000000e-03 0.000000e+00 0.000000e+00 0.000000e+00 0.000000e+00 0.000000e+00
   85    1      2      0    0      1      -1      -1   200 0.025000000 0.12500000 0.30500000 0.21500000 0.05500000 0.07000000 0.03500000 0.04500000 0.020000000 0.020000000 0.025000000 0.015000000 0.0350000000 0.0050000000 0.000000e+00 0.000000e+00 5.000000e-03 0.000000e+00 0.000000e+00 0.000000e+00 0.000000e+00 0.000000e+00 0.000000e+00 0.000000e+00 0.000000e+00
   88    1      2      0    0      1      -1      -1   200 0.025000000 0.20000000 0.08500000 0.12500000 0.07000000 0.16000000 0.12000000 0.02000000 0.045000000 0.020000000 0.025000000 0.025000000 0.0100000000 0.0100000000 3.500000e-02 0.000000e+00 1.000000e-02 5.000000e-03 0.000000e+00 0.000000e+00 5.000000e-03 0.000000e+00 5.000000e-03 0.000000e+00 0.000000e+00
   89    1      2      0    0      1      -1      -1   200 0.045000000 0.08000000 0.24500000 0.07000000 0.09000000 0.07500000 0.10500000 0.15000000 0.015000000 0.020000000 0.035000000 0.010000000 0.0050000000 0.0150000000 5.000000e-03 1.500000e-02 5.000000e-03 0.000000e+00 0.000000e+00 0.000000e+00 5.000000e-03 5.000000e-03 0.000000e+00 0.000000e+00 5.000000e-03
   91    1      2      0    0      1      -1      -1   200 0.065000000 0.25000000 0.19500000 0.05000000 0.16000000 0.02000000 0.05500000 0.04500000 0.040000000 0.055000000 0.005000000 0.010000000 0.0050000000 0.0100000000 1.500000e-02 0.000000e+00 0.000000e+00 1.000000e-02 0.000000e+00 5.000000e-03 0.000000e+00 0.000000e+00 0.000000e+00 0.000000e+00 5.000000e-03
   93    1      2      0    0      1      -1      -1   200 0.025000000 0.25000000 0.24000000 0.12000000 0.07500000 0.04500000 0.08500000 0.02000000 0.025000000 0.005000000 0.015000000 0.030000000 0.0000000000 0.0250000000 5.000000e-03 1.000000e-02 5.000000e-03 5.000000e-03 0.000000e+00 5.000000e-03 1.000000e-02 0.000000e+00 0.000000e+00 0.000000e+00 0.000000e+00
   95    1      2      0    0      1      -1      -1   200 0.040000000 0.30500000 0.10000000 0.14000000 0.13500000 0.07000000 0.05000000 0.02500000 0.050000000 0.000000000 0.035000000 0.015000000 0.0100000000 0.0100000000 5.000000e-03 0.000000e+00 0.000000e+00 5.000000e-03 0.000000e+00 5.000000e-03 0.000000e+00 0.000000e+00 0.000000e+00 0.000000e+00 0.000000e+00
   97    1      2      0    0      1      -1      -1   200 0.030000000 0.33500000 0.18000000 0.14500000 0.05500000 0.06000000 0.05000000 0.06000000 0.015000000 0.005000000 0.005000000 0.010000000 0.0150000000 0.0050000000 5.000000e-03 1.500000e-02 0.000000e+00 0.000000e+00 0.000000e+00 0.000000e+00 0.000000e+00 5.000000e-03 0.000000e+00 5.000000e-03 0.000000e+00
   98    1      2      0    0      1      -1      -1   200 0.045000000 0.19500000 0.26500000 0.13500000 0.11000000 0.05500000 0.06500000 0.02500000 0.020000000 0.030000000 0.000000000 0.010000000 0.0000000000 0.0050000000 5.000000e-03 0.000000e+00 1.500000e-02 0.000000e+00 0.000000e+00 1.000000e-02 0.000000e+00 5.000000e-03 0.000000e+00 0.000000e+00 5.000000e-03
   99    1      2      0    0      1      -1      -1   200 0.040000000 0.21500000 0.19500000 0.21000000 0.14000000 0.09000000 0.03500000 0.02500000 0.035000000 0.000000000 0.000000000 0.005000000 0.0050000000 0.0000000000 0.000000e+00 0.000000e+00 0.000000e+00 5.000000e-03 0.000000e+00 0.000000e+00 0.000000e+00 0.000000e+00 0.000000e+00 0.000000e+00 0.000000e+00
  100    1      2      0    0      1      -1      -1   200 0.020000000 0.16000000 0.23000000 0.12000000 0.15500000 0.10000000 0.04500000 0.04500000 0.025000000 0.025000000 0.015000000 0.015000000 0.0150000000 0.0100000000 0.000000e+00 0.000000e+00 1.000000e-02 5.000000e-03 5.000000e-03 0.000000e+00 0.000000e+00 0.000000e+00 0.000000e+00 0.000000e+00 0.000000e+00
0 #_N_MeanSize_at_Age_obs
0 #_N_environ_variables
0 #_N_environ_obs
0 #_N_sizefreq_methods
0 #_do_tags
0 #_morphcomp_data
#
999
