#C data file created using the SS_writedat function in the R package r4ss
#C should work with SS version: 
#C file write time: 2014-11-06 01:22:21
#
1 #_styr
100 #_endyr
1 #_nseas
12 #_months_per_seas
1 #_spawn_seas
1 #_Nfleet
2 #_Nsurveys
1 #_N_areas
Fishery%Survey%CPUE #_fleetnames
0.5 0.5 0.5 #_surveytiming_in_season
1 1 1 #_area_assignments_for_each_fishery_and_survey
1 #_units of catch:  1=bio; 2=num
0.01 #_se of log(catch) only used for init_eq_catch and for Fmethod 2 and 3
1 #_Ngenders
25 #_Nages
0 #_init_equil_catch_for_each_fishery
100 #_N_lines_of_catch_to_read
 #_Fishery year seas
         0    1    1
         0    2    1
         0    3    1
         0    4    1
         0    5    1
         0    6    1
         0    7    1
         0    8    1
         0    9    1
         0   10    1
         0   11    1
         0   12    1
         0   13    1
         0   14    1
         0   15    1
         0   16    1
         0   17    1
         0   18    1
         0   19    1
         0   20    1
         0   21    1
         0   22    1
         0   23    1
         0   24    1
         0   25    1
 333569000   26    1
 319865000   27    1
 302463000   28    1
 281732000   29    1
 259616000   30    1
 240395000   31    1
 223276000   32    1
 211587000   33    1
 206631000   34    1
 207021000   35    1
 201955000   36    1
 193519000   37    1
 183809000   38    1
 173585000   39    1
 164852000   40    1
 159839000   41    1
 155549000   42    1
 152084000   43    1
 151067000   44    1
 150358000   45    1
 151668000   46    1
 151389000   47    1
 147925000   48    1
 143012000   49    1
 138206000   50    1
 134078000   51    1
 131619000   52    1
 131239000   53    1
 134119000   54    1
 135330000   55    1
 135435000   56    1
 135932000   57    1
 135558000   58    1
 139531000   59    1
 145953000   60    1
 151974000   61    1
 155888000   62    1
 160643000   63    1
 159367000   64    1
 155267000   65    1
 153047000   66    1
 154077000   67    1
 155769000   68    1
 156674000   69    1
 156441000   70    1
 162681000   71    1
 166889000   72    1
 164458000   73    1
 157993000   74    1
 150897000   75    1
 146979000   76    1
 144737000   77    1
 143961000   78    1
 145395000   79    1
 145734000   80    1
 142251000   81    1
 137502000   82    1
 134610000   83    1
 131581000   84    1
 126783000   85    1
 121938000   86    1
 120183000   87    1
 122981000   88    1
 124479000   89    1
 126207000   90    1
 126680000   91    1
 124733000   92    1
 124626000   93    1
 125223000   94    1
 123633000   95    1
 124582000   96    1
 125574000   97    1
 126094000   98    1
 128199000   99    1
 128024000  100    1
13 #_N_cpue
 #_Fleet Units Errtype
       1     1       0
       2     1       0
       3     1       0
 #_year seas index        obs se_log
     76    1     2 2150060766    0.2
     78    1     2 1491287276    0.2
     80    1     2 2081167465    0.2
     82    1     2 2189878614    0.2
     84    1     2 1958063793    0.2
     86    1     2 1244931364    0.2
     88    1     2 1583869128    0.2
     90    1     2 1694794933    0.2
     92    1     2 1233871395    0.2
     94    1     2 1827561295    0.2
     96    1     2 1552594975    0.2
     98    1     2 2345101193    0.2
    100    1     2 1834363491    0.2
0 #_N_discard_fleets
#_discard_units (1=same_as_catchunits(bio/num); 2=fraction; 3=numbers)
#_discard_errtype:  >0 for DF of T-dist(read CV below); 0 for normal with CV; -1 for normal with se; -2 for lognormal
0 #_N_discard
0 #_N_meanbodywt
1 #_DF_for_meanbodywt_T-distribution_like
2 # length bin method: 1=use databins; 2=generate from binwidth,min,max below; 3=read vector
1 # binwidth for population size comp
10 # minimum size in the population (lower edge of first bin and size at age 0.00)
200 # maximum size in the population (lower edge of last bin)
-0.001 #_comp_tail_compression
1e-05 #_add_to_comp
0 #_combine males into females at or below this bin number
21 #_N_lbins
#_lbin_vector
10 53 70 83 94 101 107 111 114 117 120 123 125 127 130 132 135 138 142 148 200
0 #_N_Length_comp_observations
25 #_N_agebins
#_agebin_vector
1 2 3 4 5 6 7 8 9 10 11 12 13 14 15 16 17 18 19 20 21 22 23 24 25
1 #_N_ageerror_definitions
 #_age0   age1   age2   age3   age4   age5   age6   age7   age8   age9  age10  age11  age12  age13  age14  age15  age16  age17  age18  age19  age20  age21  age22  age23  age24  age25
 -1.000 -1.000 -1.000 -1.000 -1.000 -1.000 -1.000 -1.000 -1.000 -1.000 -1.000 -1.000 -1.000 -1.000 -1.000 -1.000 -1.000 -1.000 -1.000 -1.000 -1.000 -1.000 -1.000 -1.000 -1.000 -1.000
  0.001  0.001  0.001  0.001  0.001  0.001  0.001  0.001  0.001  0.001  0.001  0.001  0.001  0.001  0.001  0.001  0.001  0.001  0.001  0.001  0.001  0.001  0.001  0.001  0.001  0.001
22 #_N_agecomp
1 #_Lbin_method: 1=poplenbins; 2=datalenbins; 3=lengths
-1 #_combine males into females at or below this bin number
 #_Yr Seas FltSvy Gender Part Ageerr Lbin_lo Lbin_hi Nsamp          a1        a2         a3         a4         a5         a6         a7         a8         a9        a10         a11         a12         a13         a14          a15          a16          a17          a18          a19          a20          a21          a22          a23          a24          a25
   50    1      1      0    0      1      -1      -1   200 0.024652306 0.1466801 0.11843170 0.11652686 0.09182478 0.08769821 0.11542325 0.06205882 0.07164745 0.03984160 0.023007155 0.024242524 0.029906321 0.013815882 0.0007001247 0.0078069668 0.0013026279 4.360586e-03 4.495603e-03 1.023158e-03 2.829524e-05 4.518113e-04 4.113732e-06 9.746314e-08 1.406963e-02
   55    1      1      0    0      1      -1      -1   200 0.014006235 0.1022509 0.22157051 0.24885436 0.06912990 0.09063708 0.02821978 0.05267800 0.04017851 0.02572512 0.020509933 0.027735565 0.007429335 0.015264359 0.0016096418 0.0055862542 0.0062076818 2.626614e-04 2.353593e-04 7.813936e-04 1.636146e-03 5.094486e-05 7.241354e-04 4.834375e-03 1.388185e-02
   60    1      1      0    0      1      -1      -1   200 0.005532959 0.2216037 0.17992416 0.22190074 0.02966660 0.06342893 0.03706216 0.07159531 0.08142463 0.01266016 0.018226995 0.007697477 0.012289302 0.001147918 0.0023946810 0.0026727381 0.0038209683 1.285684e-03 1.341561e-02 6.556848e-04 7.317566e-03 9.505705e-04 2.268148e-03 2.419446e-11 1.057258e-03
   65    1      1      0    0      1      -1      -1   200 0.015636313 0.1309208 0.15383247 0.11329535 0.20822134 0.03890052 0.11961208 0.06025343 0.03648165 0.01750186 0.035307182 0.006902580 0.021234599 0.007650102 0.0113853822 0.0107933783 0.0000571927 3.007939e-06 1.495163e-05 1.172964e-03 8.498353e-03 6.872260e-07 1.676505e-03 4.092734e-04 2.380259e-04
   70    1      1      0    0      1      -1      -1   200 0.035657777 0.2680331 0.03875986 0.21805181 0.11172860 0.12328900 0.01904790 0.01603497 0.01388409 0.06811554 0.009156080 0.028286422 0.015438509 0.012469588 0.0010820757 0.0058733500 0.0014300000 1.041695e-02 2.092805e-04 9.101201e-07 9.138444e-04 1.192170e-03 2.155323e-07 6.350241e-05 8.644515e-04
   75    1      1      0    0      1      -1      -1   200 0.014427003 0.2142740 0.08475387 0.10411193 0.07136323 0.15370969 0.12408426 0.04710556 0.03342471 0.03953540 0.051694978 0.009651619 0.009732163 0.001288420 0.0166927272 0.0012243109 0.0102767240 5.125755e-03 2.612666e-03 1.640369e-03 1.083661e-03 3.008666e-17 2.852340e-04 1.242602e-03 6.591265e-04
   80    1      1      0    0      1      -1      -1   200 0.004310011 0.1008209 0.20215170 0.19386528 0.14980868 0.07442481 0.05770136 0.03412436 0.01813483 0.02922807 0.042857591 0.017977235 0.009553540 0.014118868 0.0085768407 0.0056130565 0.0057333759 2.761787e-04 7.537095e-04 1.154209e-04 8.588605e-03 8.505492e-04 9.946961e-05 2.292812e-10 2.031559e-02
   85    1      1      0    0      1      -1      -1   200 0.029460828 0.1378239 0.11486702 0.18095169 0.17252457 0.06025321 0.05589469 0.07590069 0.03824478 0.01907870 0.035807053 0.026946675 0.011661346 0.003471177 0.0082242194 0.0097826706 0.0094363580 2.176198e-03 7.888719e-04 4.311414e-03 2.277804e-03 2.550242e-05 6.330372e-06 4.696141e-11 8.426126e-05
   90    1      1      0    0      1      -1      -1   200 0.010596475 0.1685174 0.18853364 0.09493977 0.29473171 0.04723915 0.03488480 0.01924654 0.04560918 0.03235550 0.009529217 0.001832648 0.023531265 0.012755506 0.0065810099 0.0017116740 0.0010473978 7.852516e-06 2.532454e-06 1.854195e-04 8.218359e-05 6.144025e-04 1.614165e-08 6.679118e-05 5.397910e-03
   95    1      1      0    0      1      -1      -1   200 0.031203346 0.1860108 0.05816365 0.25822119 0.08799702 0.09024373 0.09210887 0.03459217 0.02584044 0.08174004 0.016930754 0.001610702 0.013114873 0.004770622 0.0100220110 0.0002260476 0.0003482632 3.742948e-03 1.432980e-04 5.147367e-04 1.069731e-04 3.879705e-04 5.635013e-09 1.958047e-08 1.959550e-03
  100    1      1      0    0      1      -1      -1   200 0.005808738 0.1357230 0.11104989 0.27402314 0.07184730 0.09518252 0.07549411 0.02169076 0.07728014 0.01623182 0.020039871 0.025094255 0.014147074 0.006601332 0.0264330674 0.0010439539 0.0003895868 1.804280e-03 1.153554e-02 3.528866e-05 7.707414e-15 4.002434e-05 4.631078e-04 1.841156e-06 8.039367e-03
   50    1      2      0    0      1      -1      -1   200 0.050000000 0.1750000 0.12000000 0.08500000 0.10000000 0.10500000 0.10000000 0.04500000 0.06500000 0.03500000 0.020000000 0.025000000 0.005000000 0.010000000 0.0150000000 0.0000000000 0.0050000000 1.500000e-02 0.000000e+00 0.000000e+00 5.000000e-03 5.000000e-03 5.000000e-03 5.000000e-03 5.000000e-03
   55    1      2      0    0      1      -1      -1   200 0.055000000 0.1200000 0.17000000 0.21500000 0.11500000 0.08500000 0.02000000 0.04500000 0.04000000 0.01500000 0.030000000 0.050000000 0.010000000 0.015000000 0.0000000000 0.0000000000 0.0000000000 0.000000e+00 5.000000e-03 0.000000e+00 5.000000e-03 5.000000e-03 0.000000e+00 0.000000e+00 0.000000e+00
   60    1      2      0    0      1      -1      -1   200 0.030000000 0.2700000 0.21500000 0.14500000 0.04000000 0.12000000 0.02500000 0.01000000 0.05500000 0.02500000 0.025000000 0.010000000 0.005000000 0.000000000 0.0000000000 0.0050000000 0.0050000000 5.000000e-03 1.000000e-02 0.000000e+00 0.000000e+00 0.000000e+00 0.000000e+00 0.000000e+00 0.000000e+00
   65    1      2      0    0      1      -1      -1   200 0.065000000 0.2050000 0.14500000 0.06500000 0.18500000 0.05000000 0.09500000 0.06000000 0.03500000 0.00500000 0.010000000 0.005000000 0.005000000 0.035000000 0.0100000000 0.0050000000 0.0000000000 5.000000e-03 0.000000e+00 5.000000e-03 0.000000e+00 0.000000e+00 5.000000e-03 5.000000e-03 0.000000e+00
   70    1      2      0    0      1      -1      -1   200 0.050000000 0.3250000 0.04000000 0.14000000 0.07500000 0.17000000 0.04500000 0.01000000 0.02000000 0.05000000 0.010000000 0.030000000 0.010000000 0.000000000 0.0000000000 0.0050000000 0.0000000000 1.000000e-02 0.000000e+00 0.000000e+00 0.000000e+00 0.000000e+00 5.000000e-03 0.000000e+00 5.000000e-03
   75    1      2      0    0      1      -1      -1   200 0.045000000 0.1900000 0.07500000 0.11000000 0.07500000 0.16000000 0.11500000 0.01000000 0.08000000 0.05000000 0.035000000 0.010000000 0.010000000 0.005000000 0.0050000000 0.0000000000 0.0000000000 5.000000e-03 1.000000e-02 5.000000e-03 0.000000e+00 0.000000e+00 5.000000e-03 0.000000e+00 0.000000e+00
   80    1      2      0    0      1      -1      -1   200 0.050000000 0.1350000 0.23000000 0.17500000 0.10500000 0.08500000 0.09000000 0.01500000 0.02000000 0.00500000 0.020000000 0.020000000 0.005000000 0.010000000 0.0000000000 0.0150000000 0.0050000000 0.000000e+00 5.000000e-03 5.000000e-03 0.000000e+00 0.000000e+00 0.000000e+00 0.000000e+00 5.000000e-03
   85    1      2      0    0      1      -1      -1   200 0.035000000 0.1550000 0.12500000 0.19500000 0.08000000 0.04500000 0.07000000 0.07500000 0.05500000 0.01500000 0.035000000 0.055000000 0.005000000 0.010000000 0.0100000000 0.0100000000 0.0050000000 0.000000e+00 1.000000e-02 5.000000e-03 0.000000e+00 5.000000e-03 0.000000e+00 0.000000e+00 0.000000e+00
   90    1      2      0    0      1      -1      -1   200 0.040000000 0.1750000 0.20000000 0.10500000 0.20500000 0.03000000 0.06000000 0.02500000 0.03000000 0.04000000 0.010000000 0.010000000 0.025000000 0.005000000 0.0050000000 0.0150000000 0.0000000000 5.000000e-03 0.000000e+00 0.000000e+00 5.000000e-03 5.000000e-03 0.000000e+00 0.000000e+00 5.000000e-03
   95    1      2      0    0      1      -1      -1   200 0.110000000 0.2000000 0.08500000 0.22000000 0.08000000 0.04000000 0.06500000 0.06000000 0.03500000 0.05000000 0.020000000 0.005000000 0.005000000 0.005000000 0.0000000000 0.0050000000 0.0050000000 1.000000e-02 0.000000e+00 0.000000e+00 0.000000e+00 0.000000e+00 0.000000e+00 0.000000e+00 0.000000e+00
  100    1      2      0    0      1      -1      -1   200 0.025000000 0.2400000 0.13000000 0.21000000 0.11000000 0.11000000 0.03500000 0.01000000 0.05500000 0.01000000 0.005000000 0.015000000 0.015000000 0.000000000 0.0100000000 0.0050000000 0.0000000000 5.000000e-03 0.000000e+00 1.000000e-02 0.000000e+00 0.000000e+00 0.000000e+00 0.000000e+00 0.000000e+00
0 #_N_MeanSize_at_Age_obs
0 #_N_environ_variables
0 #_N_environ_obs
0 #_N_sizefreq_methods
0 #_do_tags
0 #_morphcomp_data
#
999
