#C data file created using the SS_writedat function in the R package r4ss
#C should work with SS version: 
#C file write time: 2014-11-06 20:13:20
#
1 #_styr
100 #_endyr
1 #_nseas
12 #_months_per_seas
1 #_spawn_seas
1 #_Nfleet
2 #_Nsurveys
1 #_N_areas
Fishery%Survey%CPUE #_fleetnames
0.5 0.5 0.5 #_surveytiming_in_season
1 1 1 #_area_assignments_for_each_fishery_and_survey
1 #_units of catch:  1=bio; 2=num
0.01 #_se of log(catch) only used for init_eq_catch and for Fmethod 2 and 3
1 #_Ngenders
25 #_Nages
0 #_init_equil_catch_for_each_fishery
100 #_N_lines_of_catch_to_read
 #_Fishery year seas
         0    1    1
         0    2    1
         0    3    1
         0    4    1
         0    5    1
         0    6    1
         0    7    1
         0    8    1
         0    9    1
         0   10    1
         0   11    1
         0   12    1
         0   13    1
         0   14    1
         0   15    1
         0   16    1
         0   17    1
         0   18    1
         0   19    1
         0   20    1
         0   21    1
         0   22    1
         0   23    1
         0   24    1
         0   25    1
 217215000   26    1
 204173000   27    1
 195835000   28    1
 189466000   29    1
 183180000   30    1
 179182000   31    1
 177767000   32    1
 174355000   33    1
 168749000   34    1
 165273000   35    1
 164434000   36    1
 160986000   37    1
 153848000   38    1
 146477000   39    1
 144674000   40    1
 149013000   41    1
 151394000   42    1
 152173000   43    1
 151136000   44    1
 150689000   45    1
 149865000   46    1
 152176000   47    1
 151370000   48    1
 148171000   49    1
 144921000   50    1
 143371000   51    1
 145993000   52    1
 150415000   53    1
 155058000   54    1
 162398000   55    1
 170743000   56    1
 175646000   57    1
 177250000   58    1
 174018000   59    1
 170108000   60    1
 166409000   61    1
 161789000   62    1
 159489000   63    1
 158164000   64    1
 156820000   65    1
 153386000   66    1
 151456000   67    1
 153628000   68    1
 156450000   69    1
 157071000   70    1
 160285000   71    1
 162288000   72    1
 165910000   73    1
 170497000   74    1
 171684000   75    1
 170456000   76    1
 167257000   77    1
 164799000   78    1
 161573000   79    1
 157192000   80    1
 154830000   81    1
 153416000   82    1
 154285000   83    1
 158996000   84    1
 159754000   85    1
 158420000   86    1
 155409000   87    1
 154541000   88    1
 155674000   89    1
 156154000   90    1
 159341000   91    1
 164136000   92    1
 166194000   93    1
 165169000   94    1
 166251000   95    1
 168086000   96    1
 167573000   97    1
 168377000   98    1
 165917000   99    1
 164501000  100    1
76 #_N_cpue
 #_Fleet Units Errtype
       1     1       0
       2     1       0
       3     1       0
 #_year seas index        obs se_log
     25    1     2 2574914441    0.2
     26    1     2 3030365622    0.2
     27    1     2 2916127479    0.2
     28    1     2 2309023594    0.2
     29    1     2 2458711080    0.2
     30    1     2 2470402453    0.2
     31    1     2 1817406358    0.2
     32    1     2 2840703650    0.2
     33    1     2 1837432687    0.2
     34    1     2 1914482956    0.2
     35    1     2 2467871467    0.2
     36    1     2 3327476708    0.2
     37    1     2 1723547278    0.2
     38    1     2 1946720022    0.2
     39    1     2 2528438700    0.2
     40    1     2 3260506913    0.2
     41    1     2 2730431680    0.2
     42    1     2 2404826573    0.2
     43    1     2 2380632720    0.2
     44    1     2 3107142631    0.2
     45    1     2 2435296309    0.2
     46    1     2 2405046005    0.2
     47    1     2 2217106972    0.2
     48    1     2 2242860324    0.2
     49    1     2 1721192694    0.2
     50    1     2 2292305427    0.2
     51    1     2 1875261068    0.2
     52    1     2 2313821419    0.2
     53    1     2 1800558237    0.2
     54    1     2 2157194402    0.2
     55    1     2 2840087535    0.2
     56    1     2 2553449845    0.2
     57    1     2 2636090675    0.2
     58    1     2 2413204218    0.2
     59    1     2 2153274233    0.2
     60    1     2 2307736317    0.2
     61    1     2 2116620760    0.2
     62    1     2 2563356528    0.2
     63    1     2 1653466830    0.2
     64    1     2 3303264926    0.2
     65    1     2 2458466271    0.2
     66    1     2 1742993364    0.2
     67    1     2 2348872151    0.2
     68    1     2 2051235301    0.2
     69    1     2 2028976973    0.2
     70    1     2 1836285422    0.2
     71    1     2 2285213995    0.2
     72    1     2 2248437315    0.2
     73    1     2 2955748629    0.2
     74    1     2 2344546026    0.2
     75    1     2 2354253101    0.2
     76    1     2 2231677046    0.2
     77    1     2 1782781776    0.2
     78    1     2 2212862070    0.2
     79    1     2 2396970034    0.2
     80    1     2 2164025560    0.2
     81    1     2 2162265304    0.2
     82    1     2 1932072429    0.2
     83    1     2 2201794551    0.2
     84    1     2 2952779543    0.2
     85    1     2 3679466335    0.2
     86    1     2 3424084327    0.2
     87    1     2 2902908348    0.2
     88    1     2 2650864520    0.2
     89    1     2 2898914282    0.2
     90    1     2 2512114647    0.2
     91    1     2 2206704417    0.2
     92    1     2 2369907219    0.2
     93    1     2 2391458642    0.2
     94    1     2 2191994482    0.2
     95    1     2 2475347979    0.2
     96    1     2 2617838670    0.2
     97    1     2 2454812298    0.2
     98    1     2 1966456313    0.2
     99    1     2 2675349389    0.2
    100    1     2 1790392488    0.2
0 #_N_discard_fleets
#_discard_units (1=same_as_catchunits(bio/num); 2=fraction; 3=numbers)
#_discard_errtype:  >0 for DF of T-dist(read CV below); 0 for normal with CV; -1 for normal with se; -2 for lognormal
0 #_N_discard
0 #_N_meanbodywt
1 #_DF_for_meanbodywt_T-distribution_like
2 # length bin method: 1=use databins; 2=generate from binwidth,min,max below; 3=read vector
1 # binwidth for population size comp
10 # minimum size in the population (lower edge of first bin and size at age 0.00)
200 # maximum size in the population (lower edge of last bin)
-0.001 #_comp_tail_compression
1e-05 #_add_to_comp
0 #_combine males into females at or below this bin number
21 #_N_lbins
#_lbin_vector
10 53 70 83 94 101 107 111 114 117 120 123 125 127 130 132 135 138 142 148 200
0 #_N_Length_comp_observations
25 #_N_agebins
#_agebin_vector
1 2 3 4 5 6 7 8 9 10 11 12 13 14 15 16 17 18 19 20 21 22 23 24 25
1 #_N_ageerror_definitions
 #_age0   age1   age2   age3   age4   age5   age6   age7   age8   age9  age10  age11  age12  age13  age14  age15  age16  age17  age18  age19  age20  age21  age22  age23  age24  age25
 -1.000 -1.000 -1.000 -1.000 -1.000 -1.000 -1.000 -1.000 -1.000 -1.000 -1.000 -1.000 -1.000 -1.000 -1.000 -1.000 -1.000 -1.000 -1.000 -1.000 -1.000 -1.000 -1.000 -1.000 -1.000 -1.000
  0.001  0.001  0.001  0.001  0.001  0.001  0.001  0.001  0.001  0.001  0.001  0.001  0.001  0.001  0.001  0.001  0.001  0.001  0.001  0.001  0.001  0.001  0.001  0.001  0.001  0.001
198 #_N_agecomp
1 #_Lbin_method: 1=poplenbins; 2=datalenbins; 3=lengths
-1 #_combine males into females at or below this bin number
 #_Yr Seas FltSvy Gender Part Ageerr Lbin_lo Lbin_hi Nsamp          a1         a2         a3         a4         a5         a6         a7         a8          a9         a10         a11         a12         a13         a14          a15          a16          a17          a18          a19          a20          a21          a22          a23          a24          a25
    2    1      1      0    0      1      -1      -1   500 0.010430668 0.10567857 0.18159266 0.09519694 0.09258198 0.06222998 0.10235615 0.06547359 0.037796535 0.042858483 0.031755192 0.029645021 0.020349755 0.032999975 0.0158978294 0.0125066653 0.0081108257 0.0072152687 7.477672e-03 6.104957e-03 6.000953e-03 1.773028e-03 6.030963e-04 9.697136e-03 0.0136670712
    3    1      1      0    0      1      -1      -1   500 0.015914703 0.07214412 0.13580453 0.10246129 0.10854051 0.08738589 0.07049204 0.04716867 0.062371386 0.040338735 0.057225576 0.039802941 0.029382333 0.030912596 0.0232631739 0.0151214074 0.0190113109 0.0076359221 6.079725e-03 7.607639e-03 5.502114e-03 1.704413e-03 2.123624e-04 3.055977e-03 0.0108606249
    4    1      1      0    0      1      -1      -1   500 0.014951429 0.10518232 0.11011017 0.12322145 0.11052977 0.09530120 0.07158188 0.06891884 0.035703093 0.033101982 0.027542034 0.035096992 0.043707463 0.018366371 0.0120870332 0.0123041727 0.0073326045 0.0223723930 8.060330e-03 1.377477e-02 7.938885e-03 1.959814e-03 1.663371e-03 6.380629e-04 0.0185535795
    5    1      1      0    0      1      -1      -1   500 0.008455358 0.12664881 0.11343294 0.07338919 0.11622913 0.10599148 0.08590092 0.07134715 0.067745033 0.045768170 0.021776425 0.043170897 0.014147752 0.014609660 0.0199722627 0.0110459441 0.0092530770 0.0115894366 8.997650e-03 4.128861e-03 3.782488e-03 5.408853e-03 3.334485e-03 3.780945e-03 0.0100930700
    6    1      1      0    0      1      -1      -1   500 0.011788310 0.13888207 0.16684912 0.11477596 0.06400549 0.08538171 0.07950586 0.06944932 0.058169767 0.040789997 0.038624405 0.018480945 0.018856461 0.005795805 0.0164718974 0.0046591549 0.0205595006 0.0045299492 4.377157e-03 5.927991e-03 4.490270e-03 4.320788e-03 8.471832e-03 7.021902e-04 0.0141340568
    7    1      1      0    0      1      -1      -1   500 0.025965446 0.11230255 0.16256715 0.14667263 0.07542505 0.04215452 0.06119599 0.06540079 0.043810322 0.051892124 0.049116212 0.031578553 0.019181598 0.022628207 0.0072167202 0.0125000948 0.0153890752 0.0188432607 2.276168e-03 9.906249e-03 6.452377e-03 3.205616e-04 4.442637e-03 5.447812e-03 0.0073139073
    8    1      1      0    0      1      -1      -1   500 0.026694774 0.11917350 0.12983412 0.14065611 0.10709021 0.05909689 0.03675350 0.04360150 0.061012549 0.052618554 0.042127341 0.039260935 0.020409356 0.023534849 0.0190217083 0.0093060438 0.0107407180 0.0077251535 1.784438e-02 6.929880e-03 1.116259e-02 2.818416e-03 1.787581e-03 1.972860e-03 0.0088264724
    9    1      1      0    0      1      -1      -1   500 0.003858145 0.16659289 0.11672418 0.10915891 0.14044223 0.08885349 0.03782614 0.03699950 0.061407753 0.045056797 0.034523262 0.017653277 0.023678774 0.021327124 0.0138985376 0.0124723301 0.0172104485 0.0090324061 4.303137e-03 3.553389e-03 8.746233e-03 7.759921e-03 1.954125e-03 2.016113e-03 0.0149508931
   10    1      1      0    0      1      -1      -1   500 0.015272046 0.11145049 0.22811785 0.10390381 0.08306420 0.09912141 0.07075138 0.04813246 0.035473628 0.037120374 0.034330619 0.025781110 0.028657535 0.009381642 0.0104748507 0.0073557494 0.0094635909 0.0032765839 4.138926e-03 1.092429e-02 2.571136e-03 2.554843e-03 1.437644e-03 2.575200e-03 0.0146686306
   11    1      1      0    0      1      -1      -1   500 0.016017007 0.12413220 0.11080326 0.19733655 0.08588859 0.08479751 0.07712066 0.06838580 0.042687884 0.028631222 0.031574417 0.014317770 0.023842306 0.018154341 0.0130589139 0.0111300528 0.0147897910 0.0094417297 6.679019e-03 4.375026e-03 3.581946e-03 3.798436e-03 1.911253e-03 1.363506e-04 0.0074079651
   12    1      1      0    0      1      -1      -1   500 0.013662851 0.08785783 0.14077052 0.09504580 0.20208501 0.09292804 0.07078384 0.05806736 0.047694496 0.016634367 0.016114497 0.027633257 0.021798005 0.022209294 0.0173568567 0.0088187857 0.0181904240 0.0102726741 7.691906e-03 2.825881e-03 7.317547e-03 3.437231e-03 1.425354e-03 4.754508e-03 0.0046236623
   13    1      1      0    0      1      -1      -1   500 0.030522539 0.07767673 0.14437009 0.12814853 0.08198247 0.13595076 0.08653217 0.04852072 0.059701757 0.031382234 0.029534002 0.016297190 0.022676947 0.012542865 0.0163671047 0.0188852667 0.0117553219 0.0052841364 1.082112e-02 1.541879e-03 1.004707e-02 4.658151e-03 3.409631e-04 1.383807e-03 0.0130761753
   14    1      1      0    0      1      -1      -1   500 0.010098180 0.23009974 0.11513355 0.09713824 0.10577068 0.05958934 0.08274329 0.05259454 0.037098918 0.044404128 0.020575277 0.022175125 0.024120347 0.019454340 0.0210125051 0.0059953225 0.0077164646 0.0107380734 1.226222e-02 2.598400e-03 5.576360e-03 1.856796e-03 2.280224e-03 2.864830e-03 0.0061031087
   15    1      1      0    0      1      -1      -1   500 0.008885410 0.14356392 0.24419234 0.07364884 0.08213983 0.09275565 0.03684851 0.07379021 0.036365799 0.027115438 0.041649485 0.034993897 0.010360849 0.008073578 0.0161736792 0.0085027593 0.0159593759 0.0063880239 3.449115e-03 4.145948e-03 3.330509e-03 7.447047e-03 3.491407e-03 6.125260e-03 0.0106031208
   16    1      1      0    0      1      -1      -1   500 0.009380557 0.09272705 0.15494971 0.26703228 0.07318520 0.05816177 0.08036775 0.03863991 0.048900792 0.028064355 0.019887681 0.030854760 0.014683953 0.012582630 0.0051356754 0.0051229949 0.0155885244 0.0027486732 7.408318e-03 1.130576e-02 9.699909e-03 5.171243e-03 6.793893e-04 1.464784e-03 0.0062563453
   17    1      1      0    0      1      -1      -1   500 0.005775562 0.15343796 0.10174908 0.12087922 0.21539886 0.04861564 0.05053817 0.04213948 0.027897544 0.086651704 0.027750303 0.019251772 0.017760470 0.016427355 0.0105794676 0.0074229824 0.0066576319 0.0071186085 5.512385e-03 4.514831e-03 5.979974e-03 6.148173e-03 2.592620e-03 1.489587e-03 0.0077106207
   18    1      1      0    0      1      -1      -1   500 0.012113871 0.03251924 0.17494194 0.10142597 0.13210762 0.15450978 0.04148497 0.05774269 0.059441328 0.021079786 0.063741926 0.019790827 0.013124421 0.026824617 0.0127345416 0.0173787087 0.0064692588 0.0162968873 7.214792e-03 8.907006e-03 4.400678e-03 3.993882e-03 2.710456e-03 1.981592e-03 0.0070632214
   19    1      1      0    0      1      -1      -1   500 0.008350821 0.05267454 0.05147600 0.16955213 0.08662937 0.12655380 0.17926840 0.04210894 0.035535877 0.036986371 0.040295521 0.048148254 0.030280302 0.018248820 0.0075894229 0.0187432072 0.0097201503 0.0014014434 6.529121e-03 6.435263e-03 4.284273e-03 4.379315e-03 2.367303e-03 6.949855e-04 0.0117463656
   20    1      1      0    0      1      -1      -1   500 0.006424080 0.06653146 0.10379808 0.05668662 0.16323511 0.05941426 0.10653196 0.16970023 0.042718461 0.035447485 0.038385481 0.035125173 0.031767589 0.007451972 0.0116708146 0.0154880719 0.0107839616 0.0048742662 5.031089e-03 3.918367e-03 4.335189e-03 5.289523e-03 2.026645e-03 4.293877e-04 0.0129347169
   21    1      1      0    0      1      -1      -1   500 0.027138683 0.09193974 0.11076472 0.06466430 0.04878393 0.11182513 0.07526172 0.09568674 0.128347921 0.033159009 0.034654665 0.030761142 0.014675709 0.035217420 0.0306203069 0.0108162000 0.0121017517 0.0090013846 6.628760e-03 2.632025e-03 3.736778e-03 3.783413e-04 1.215409e-03 5.843948e-03 0.0141442600
   22    1      1      0    0      1      -1      -1   500 0.009127066 0.22248404 0.12554892 0.08881779 0.06943590 0.03212476 0.08594862 0.04824145 0.056612947 0.092094566 0.036838293 0.011870840 0.021253760 0.009066016 0.0183132985 0.0045724456 0.0094274386 0.0035865097 1.383356e-02 6.274718e-03 1.977790e-03 4.525820e-03 5.540756e-03 2.575338e-03 0.0199073511
   23    1      1      0    0      1      -1      -1   500 0.014168739 0.08527890 0.26351408 0.09147200 0.07856372 0.03508806 0.02919227 0.06959616 0.033694142 0.058246239 0.071019947 0.025677922 0.024704867 0.026596398 0.0164299514 0.0203151922 0.0057232257 0.0084839763 8.349691e-03 5.453104e-03 3.888540e-03 2.527910e-03 5.382427e-04 1.560172e-03 0.0199165594
   24    1      1      0    0      1      -1      -1   500 0.010214571 0.11537071 0.13668021 0.23390551 0.08139862 0.05450841 0.03072548 0.02873546 0.054989902 0.042805070 0.043223061 0.059997899 0.010288170 0.014698026 0.0164525243 0.0035268706 0.0132416324 0.0127985970 6.312307e-03 2.356318e-03 1.251032e-02 3.519938e-04 1.176315e-03 1.692175e-03 0.0120398447
   25    1      1      0    0      1      -1      -1   500 0.023626643 0.07929442 0.14532391 0.10946020 0.21579426 0.05476259 0.05106226 0.02596146 0.013762878 0.046790617 0.041493543 0.030048866 0.054125800 0.012001526 0.0128772572 0.0125234010 0.0020708379 0.0180591815 4.487515e-03 7.149858e-03 1.080609e-02 8.474288e-03 2.254221e-03 2.784917e-03 0.0150034607
   26    1      1      0    0      1      -1      -1   500 0.018115552 0.15798019 0.12084563 0.10798728 0.08759505 0.15953984 0.04444413 0.04588805 0.036098139 0.011756912 0.033465463 0.018752248 0.019502460 0.038755688 0.0157893468 0.0164666875 0.0107416043 0.0056565999 7.731462e-03 5.615364e-03 6.820762e-03 1.047226e-03 8.302987e-03 9.275496e-04 0.0201737837
   27    1      1      0    0      1      -1      -1   500 0.009888545 0.18394044 0.17759635 0.08146309 0.10548248 0.06320670 0.10034319 0.03888339 0.034453621 0.021948638 0.019015658 0.023389186 0.016344538 0.019130266 0.0380090092 0.0127437657 0.0064453587 0.0130229816 3.822129e-03 6.842027e-04 4.534501e-03 9.035066e-03 1.196419e-03 5.189405e-03 0.0102310647
   28    1      1      0    0      1      -1      -1   500 0.012534714 0.15439780 0.20717357 0.13651368 0.06102327 0.07078646 0.04210656 0.09788663 0.026152930 0.021275791 0.014847282 0.016384033 0.029004425 0.013622812 0.0211126052 0.0268918191 0.0097743806 0.0070169350 4.449692e-03 8.556030e-03 3.428666e-03 3.306533e-03 2.311254e-03 1.862506e-03 0.0075796114
   29    1      1      0    0      1      -1      -1   500 0.018793805 0.14934272 0.21284695 0.16998893 0.10616838 0.05033847 0.05102563 0.04500029 0.060184359 0.020880001 0.008981325 0.007922021 0.007341915 0.016846217 0.0149703223 0.0171096239 0.0165423419 0.0027774305 2.359372e-03 6.125681e-03 2.133592e-03 4.184395e-03 1.611449e-03 6.941444e-04 0.0058306360
   30    1      1      0    0      1      -1      -1   500 0.023872203 0.15227359 0.13813577 0.15204573 0.17257158 0.09110538 0.03822199 0.03979872 0.026107887 0.058023345 0.012469825 0.011340037 0.008402093 0.010091370 0.0136374078 0.0056462159 0.0051827900 0.0094419446 1.682074e-03 7.722287e-03 3.389061e-03 1.409209e-03 2.387032e-03 5.245590e-03 0.0097968748
   31    1      1      0    0      1      -1      -1   500 0.025509095 0.17409740 0.17073870 0.11736456 0.10702436 0.12519029 0.05577066 0.03285048 0.024251653 0.015594097 0.037619368 0.007595951 0.015779938 0.013860434 0.0068633970 0.0092597800 0.0096682511 0.0036965002 1.915012e-02 1.314525e-03 1.321651e-03 4.911732e-03 3.455590e-04 9.321435e-03 0.0109000755
   32    1      1      0    0      1      -1      -1   500 0.012516130 0.16803427 0.23935355 0.13783911 0.10857139 0.08873070 0.06347800 0.04622948 0.012853744 0.023757724 0.010512208 0.026180814 0.010663064 0.012893888 0.0064218292 0.0004996139 0.0068152424 0.0040983576 4.222215e-03 4.947478e-03 1.438748e-03 4.581368e-03 6.654450e-05 1.158514e-05 0.0052829461
   33    1      1      0    0      1      -1      -1   500 0.013553615 0.10710581 0.17676144 0.20437313 0.10795678 0.07330082 0.08553674 0.06675505 0.029241585 0.019442659 0.014577987 0.014855866 0.027739857 0.003619571 0.0024670517 0.0059783104 0.0012869844 0.0088555662 1.572856e-02 7.922330e-04 5.009917e-03 2.617629e-03 5.439899e-03 9.403055e-04 0.0060626324
   34    1      1      0    0      1      -1      -1   500 0.023329101 0.13727463 0.09958046 0.18257250 0.16204680 0.09471964 0.06850032 0.05909316 0.055401033 0.029415845 0.011545906 0.016855582 0.005501476 0.013240976 0.0068961912 0.0012082454 0.0010326454 0.0040392506 1.071567e-02 3.322372e-03 5.455244e-04 6.617347e-03 1.176884e-03 1.235201e-03 0.0041332264
   35    1      1      0    0      1      -1      -1   500 0.012444319 0.20539884 0.17676598 0.08919133 0.09996775 0.13232333 0.05026961 0.05992048 0.039120172 0.045314808 0.024804408 0.004263551 0.011269497 0.007844241 0.0185479264 0.0060684557 0.0012391016 0.0006222983 1.382523e-05 7.434788e-04 1.863384e-03 1.773164e-03 1.781618e-03 6.573488e-04 0.0077910842
   36    1      1      0    0      1      -1      -1   500 0.004465278 0.11500661 0.28364088 0.12602579 0.06779143 0.09934428 0.08658012 0.03850964 0.041559330 0.042005475 0.023288250 0.011285795 0.001849861 0.005355574 0.0075384858 0.0141773673 0.0005841754 0.0002218236 1.444442e-03 2.996755e-05 5.009199e-03 4.020981e-03 1.073488e-03 3.813114e-03 0.0153786421
   37    1      1      0    0      1      -1      -1   500 0.018910473 0.07071117 0.20429411 0.19420070 0.10114751 0.05679982 0.09843677 0.09614613 0.034373149 0.020037620 0.023470487 0.014150876 0.014855065 0.008370487 0.0070488520 0.0019857209 0.0193116196 0.0041867942 1.631496e-03 2.492026e-04 5.479088e-06 9.487835e-04 3.651389e-04 1.629473e-03 0.0067330699
   38    1      1      0    0      1      -1      -1   500 0.012171835 0.10891895 0.07737746 0.18638480 0.19486285 0.07387336 0.04523856 0.06911833 0.083150739 0.028210822 0.031447288 0.024881968 0.020298900 0.015181143 0.0050260794 0.0032753085 0.0046619091 0.0090674343 1.491709e-04 3.029505e-04 6.295926e-05 4.523307e-04 1.154270e-03 1.536056e-03 0.0031945289
   39    1      1      0    0      1      -1      -1   500 0.052131465 0.15853855 0.13781196 0.06172820 0.12096778 0.14875110 0.04727804 0.04298896 0.043026661 0.064087444 0.020405919 0.018149086 0.028266805 0.010302114 0.0159417819 0.0082277060 0.0048912803 0.0024572457 6.790362e-03 1.149612e-04 2.142553e-03 1.348409e-03 1.726197e-04 4.333205e-04 0.0030456748
   40    1      1      0    0      1      -1      -1   500 0.019623179 0.33679063 0.12172911 0.06954454 0.05675066 0.09609719 0.09339334 0.04927621 0.025917220 0.017874091 0.042894810 0.013846807 0.007665796 0.007694575 0.0115138992 0.0076735330 0.0046698583 0.0044981595 2.409227e-04 4.534527e-03 2.115748e-03 2.050334e-04 2.180346e-03 3.506026e-08 0.0032697860
   41    1      1      0    0      1      -1      -1   500 0.030713338 0.12804743 0.36897598 0.10021231 0.03584467 0.04133558 0.08923062 0.05693995 0.031223927 0.031028607 0.016769653 0.022808564 0.003445909 0.006790195 0.0087058196 0.0082920600 0.0055480656 0.0001499719 1.145119e-02 2.546577e-05 1.403810e-03 6.405413e-05 1.115943e-04 2.128724e-06 0.0008790956
   42    1      1      0    0      1      -1      -1   500 0.011910258 0.16148335 0.18408481 0.31820157 0.06548133 0.04465378 0.02866826 0.04579912 0.046398931 0.014221092 0.007946107 0.020409419 0.013917071 0.008634577 0.0105981870 0.0048774132 0.0013133483 0.0019798492 2.172522e-03 1.497756e-03 1.062246e-04 3.986242e-03 1.162212e-05 1.287262e-03 0.0003599067
   43    1      1      0    0      1      -1      -1   500 0.022793006 0.06005890 0.21063455 0.13613016 0.23390610 0.08956061 0.03387722 0.01497692 0.054154520 0.046216840 0.016319480 0.012202039 0.010809878 0.009893699 0.0106988078 0.0057986293 0.0056856437 0.0023290634 1.047003e-03 4.545396e-03 1.386344e-04 2.514047e-03 2.686224e-03 3.379159e-03 0.0096434705
   44    1      1      0    0      1      -1      -1   500 0.009070344 0.16472765 0.08274983 0.19225450 0.12265660 0.20680672 0.05334990 0.03423682 0.015273537 0.033925552 0.025658550 0.015322878 0.002832940 0.002596348 0.0074446085 0.0028377056 0.0050144121 0.0077285995 6.463650e-03 3.760816e-03 8.271924e-04 8.346347e-06 2.504809e-03 1.239763e-03 0.0007079238
   45    1      1      0    0      1      -1      -1   500 0.032526007 0.08008654 0.26452211 0.08737035 0.13437734 0.07497161 0.12507642 0.05486252 0.019036636 0.009874097 0.023134146 0.033134297 0.018500893 0.005522825 0.0081179232 0.0066843477 0.0012300616 0.0003919300 1.479664e-03 6.309286e-03 4.873388e-04 4.256059e-03 3.092973e-04 3.444033e-07 0.0077379528
   46    1      1      0    0      1      -1      -1   500 0.016940079 0.25908757 0.10346704 0.18226998 0.06266290 0.08813294 0.07324525 0.09274992 0.025477815 0.023040189 0.012139526 0.013422737 0.015734803 0.007404305 0.0069414225 0.0045404813 0.0034440528 0.0007243102 3.758222e-04 2.274044e-03 2.028588e-03 8.140509e-05 5.098923e-04 6.141173e-04 0.0026908286
   47    1      1      0    0      1      -1      -1   500 0.011860497 0.13204070 0.28370048 0.06783614 0.14425069 0.03172322 0.09932413 0.05804238 0.082238350 0.013964752 0.007500039 0.003816893 0.019276654 0.016805360 0.0083429301 0.0025380446 0.0012465057 0.0032050875 1.256051e-04 6.184040e-03 2.025864e-04 2.688034e-03 1.632027e-04 2.104376e-03 0.0008192945
   48    1      1      0    0      1      -1      -1   500 0.017219728 0.12528372 0.23565359 0.21738483 0.05981698 0.10055834 0.02870200 0.04786934 0.022386389 0.058511336 0.020821739 0.006847836 0.003273561 0.012826661 0.0137440161 0.0100884516 0.0011023809 0.0037972821 3.127491e-03 5.290292e-03 3.094879e-03 1.335211e-04 2.246234e-04 2.069301e-03 0.0001716994
   49    1      1      0    0      1      -1      -1   500 0.020123750 0.16090417 0.12248272 0.16619325 0.19075314 0.06649426 0.07514551 0.01358773 0.043675660 0.038037812 0.050704506 0.018465170 0.005593640 0.004645714 0.0099455506 0.0052462190 0.0024495878 0.0002105380 1.720121e-03 9.431143e-04 1.182428e-03 2.190534e-04 3.130853e-04 4.565890e-04 0.0005066889
   50    1      1      0    0      1      -1      -1   500 0.026174176 0.14376639 0.15812867 0.08644137 0.16010767 0.14537225 0.04284812 0.08033573 0.016962986 0.047127285 0.022256621 0.028767719 0.010717286 0.005440242 0.0056149005 0.0055925078 0.0037358707 0.0024070990 9.352832e-04 2.176690e-03 1.217095e-03 5.004737e-04 1.626285e-03 7.832255e-07 0.0017465026
   51    1      1      0    0      1      -1      -1   500 0.010007084 0.23969799 0.17165333 0.10208010 0.05503629 0.08676802 0.12352500 0.02879135 0.052051217 0.028350263 0.031771150 0.009529500 0.020880911 0.003487907 0.0049274981 0.0039096787 0.0068433792 0.0060925268 6.485689e-03 1.414342e-03 5.650420e-04 1.340314e-03 2.755246e-04 2.355768e-05 0.0044923373
   52    1      1      0    0      1      -1      -1   500 0.014784659 0.20025121 0.22411761 0.10283106 0.11036348 0.06396662 0.06638490 0.07907680 0.020517960 0.037308245 0.018704176 0.012060696 0.011587872 0.019022463 0.0048070703 0.0018884810 0.0033195506 0.0015550093 1.453197e-03 4.622883e-04 2.866140e-04 1.128114e-04 2.078364e-03 1.966262e-03 0.0010925978
   53    1      1      0    0      1      -1      -1   500 0.021374235 0.13789991 0.22713345 0.17956646 0.09342160 0.06863807 0.03457782 0.04921711 0.062948438 0.015862628 0.030099899 0.011919110 0.004821692 0.018155580 0.0265213498 0.0062095210 0.0038943686 0.0001321938 4.002723e-03 1.377351e-03 5.365188e-04 9.632925e-05 4.213105e-04 4.338797e-05 0.0011289512
   54    1      1      0    0      1      -1      -1   500 0.038015354 0.15585501 0.21408123 0.17795966 0.12735969 0.04091541 0.04876263 0.01913566 0.042454632 0.043096370 0.009571473 0.032857467 0.003253442 0.007633472 0.0093157140 0.0129979147 0.0018949979 0.0017764689 3.985177e-04 3.248200e-03 5.672904e-04 1.911068e-03 1.735460e-05 2.311429e-03 0.0046095339
   55    1      1      0    0      1      -1      -1   500 0.020082009 0.24725283 0.21116866 0.11076294 0.12606371 0.08443140 0.03789725 0.02063384 0.020411808 0.019684956 0.030268350 0.007993352 0.021031626 0.012682890 0.0022299668 0.0050980328 0.0136373801 0.0015052566 4.154023e-04 6.665330e-04 4.238021e-03 8.543837e-04 3.682630e-05 1.186757e-05 0.0009407199
   56    1      1      0    0      1      -1      -1   500 0.018395058 0.11907066 0.25542758 0.15494339 0.10393716 0.11441885 0.09041423 0.03008606 0.023370763 0.012594827 0.032875545 0.010266151 0.004194684 0.005265894 0.0011850179 0.0062605236 0.0013512893 0.0041752705 1.051320e-03 9.328280e-03 4.153075e-04 7.394892e-05 4.060751e-05 2.227510e-06 0.0008553587
   57    1      1      0    0      1      -1      -1   500 0.004934535 0.14250032 0.14732672 0.21017803 0.15669040 0.07513589 0.06729314 0.04942519 0.023560228 0.022611221 0.007223784 0.005282021 0.032981896 0.003340285 0.0211190573 0.0062591022 0.0085222060 0.0005637547 4.856094e-03 1.345972e-03 1.581083e-05 1.882533e-05 6.036634e-03 1.720292e-04 0.0026068474
   58    1      1      0    0      1      -1      -1   500 0.003544310 0.10082530 0.21940622 0.14216297 0.17025808 0.10230885 0.07027431 0.07712242 0.036385051 0.023241726 0.014213191 0.006371471 0.006354793 0.011430211 0.0015218944 0.0119087065 0.0002131970 0.0002678985 4.413824e-04 4.934940e-04 1.654009e-04 5.133160e-04 1.154299e-13 3.225206e-04 0.0002532940
   59    1      1      0    0      1      -1      -1   500 0.017777602 0.10135447 0.15267918 0.13632286 0.11207019 0.17938171 0.08623200 0.05044836 0.047113027 0.033769839 0.024340472 0.004898345 0.011667264 0.006563238 0.0063908187 0.0022308850 0.0019375030 0.0064583815 5.200600e-03 4.130916e-03 1.363093e-03 5.092124e-05 4.404358e-06 2.048731e-08 0.0076139014
   60    1      1      0    0      1      -1      -1   500 0.006923541 0.16985765 0.13798127 0.09197704 0.12719112 0.10341180 0.15327623 0.05229029 0.041362865 0.029673038 0.031534783 0.015154468 0.012365416 0.006813653 0.0043820807 0.0052888717 0.0021233202 0.0022041612 1.953404e-05 4.123578e-03 7.812312e-04 3.304021e-04 1.129705e-08 3.086233e-04 0.0006250222
   61    1      1      0    0      1      -1      -1   500 0.023460704 0.08870048 0.24754834 0.10651972 0.07123919 0.11585378 0.08394772 0.08529495 0.038721596 0.035502812 0.026691464 0.023652332 0.025128790 0.003918009 0.0038295181 0.0039891635 0.0045792407 0.0022772270 3.398688e-03 4.310152e-05 1.264105e-03 9.851116e-04 2.643662e-03 1.966929e-10 0.0008102984
   62    1      1      0    0      1      -1      -1   500 0.012752810 0.18112357 0.11564341 0.17869697 0.09356423 0.07607940 0.08438914 0.05404323 0.068288157 0.025868362 0.036093680 0.026474210 0.021211176 0.003664981 0.0010339666 0.0042900334 0.0032900504 0.0014974542 3.325855e-03 4.790025e-04 4.091165e-04 1.309286e-04 1.188815e-03 6.338020e-03 0.0001234395
   63    1      1      0    0      1      -1      -1   500 0.027283208 0.14009744 0.23331506 0.10230562 0.11805008 0.06053575 0.04809444 0.06386577 0.036250149 0.059061671 0.027205491 0.024805759 0.017027384 0.008731173 0.0151382102 0.0033071982 0.0011992060 0.0051245034 1.257110e-03 1.175192e-04 2.107422e-03 3.144101e-04 1.331548e-04 4.479069e-04 0.0042243693
   64    1      1      0    0      1      -1      -1   500 0.010344818 0.14943678 0.18781087 0.16634695 0.07254738 0.11854946 0.03957618 0.02518247 0.042930135 0.042226930 0.040900233 0.021840452 0.028419754 0.023004778 0.0089218878 0.0053244764 0.0059674819 0.0013400323 3.237582e-04 1.567739e-03 1.734635e-03 1.330664e-03 6.097504e-04 2.942130e-04 0.0034681833
   65    1      1      0    0      1      -1      -1   500 0.006723679 0.10288482 0.25793287 0.16365469 0.14344792 0.05334331 0.07955880 0.04853107 0.024264774 0.018810838 0.023413101 0.029450208 0.012103374 0.007419014 0.0053636524 0.0067678087 0.0007415988 0.0060894167 3.262850e-03 3.927736e-03 3.027745e-04 1.069590e-03 4.297558e-05 1.114656e-06 0.0008920248
   66    1      1      0    0      1      -1      -1   500 0.018696080 0.11760382 0.14684287 0.18716550 0.13021853 0.11570227 0.03710097 0.06787118 0.020645595 0.023181409 0.019907317 0.030918445 0.031558230 0.022116210 0.0050620856 0.0039020211 0.0081276387 0.0013092563 1.419402e-03 1.841122e-03 3.691437e-03 9.708394e-04 2.611787e-05 2.011479e-03 0.0021101801
   67    1      1      0    0      1      -1      -1   500 0.029497326 0.21426486 0.13929862 0.08465311 0.14817007 0.09926969 0.05908998 0.03557472 0.026693172 0.032235292 0.017183455 0.021991549 0.015334880 0.030041209 0.0117252735 0.0104079363 0.0047592814 0.0092328732 2.960956e-03 6.951485e-04 1.022724e-03 3.824871e-03 1.395049e-03 8.414616e-08 0.0006778730
   68    1      1      0    0      1      -1      -1   500 0.010320658 0.24027005 0.24022062 0.10176458 0.07624236 0.10010132 0.03350918 0.04355691 0.015300078 0.029203012 0.013782837 0.005954153 0.025203278 0.020148727 0.0158844076 0.0120243746 0.0051628222 0.0040335180 3.034364e-03 8.797107e-04 5.611485e-04 9.367251e-05 2.586994e-04 1.645067e-04 0.0023250087
   69    1      1      0    0      1      -1      -1   500 0.019771807 0.10413166 0.29536476 0.17964629 0.09869154 0.05235503 0.05742964 0.04382899 0.047275347 0.017557275 0.021462557 0.007948471 0.009988379 0.011132539 0.0084760705 0.0092234678 0.0037282881 0.0053896710 2.172369e-03 1.822238e-03 1.069703e-03 8.307516e-05 6.746262e-04 4.812875e-04 0.0002949026
   70    1      1      0    0      1      -1      -1   500 0.019915795 0.18957504 0.10249254 0.20247567 0.13829144 0.05996162 0.04701132 0.06256508 0.044116290 0.039172465 0.010698892 0.025861558 0.012103594 0.006176507 0.0055056653 0.0057661159 0.0145385320 0.0027894810 3.395792e-03 1.347669e-03 2.199008e-03 1.980792e-06 1.231524e-03 1.087421e-04 0.0026976820
   71    1      1      0    0      1      -1      -1   500 0.018303366 0.14499298 0.25303333 0.08573476 0.17406649 0.07382444 0.06530367 0.01528470 0.033980970 0.033645448 0.026474804 0.005021808 0.014975911 0.015726370 0.0045291237 0.0088075004 0.0033434843 0.0042613587 2.065945e-04 1.711306e-03 8.064980e-03 1.470394e-03 7.191093e-04 3.034991e-03 0.0034821161
   72    1      1      0    0      1      -1      -1   500 0.026502096 0.15734668 0.20133091 0.16659675 0.03635097 0.14311954 0.06678057 0.03774366 0.023421488 0.050948990 0.021919188 0.018820778 0.004296063 0.011289912 0.0053372610 0.0123933685 0.0049833236 0.0043911546 7.927430e-04 2.689205e-03 1.267952e-04 3.939412e-04 7.577350e-04 3.600942e-04 0.0013067780
   73    1      1      0    0      1      -1      -1   500 0.010998374 0.20510629 0.18457620 0.12012445 0.13609801 0.05512937 0.12357301 0.06257180 0.022086549 0.016186967 0.022297025 0.009204767 0.008855653 0.006488003 0.0048755392 0.0024717552 0.0004217712 0.0014949681 7.948207e-04 3.177382e-03 1.975471e-03 6.440808e-04 4.910804e-04 2.147776e-04 0.0001418889
   74    1      1      0    0      1      -1      -1   500 0.014130637 0.13376323 0.28809064 0.12126560 0.13901816 0.09949528 0.02791391 0.07607053 0.026401613 0.020347673 0.008049054 0.014944109 0.007208633 0.003769609 0.0008358299 0.0033967633 0.0056172020 0.0003110840 2.968152e-03 1.693330e-03 8.336602e-04 2.519078e-04 1.268046e-03 1.368282e-04 0.0022185194
   75    1      1      0    0      1      -1      -1   500 0.014234181 0.14355371 0.13890248 0.21228826 0.11421520 0.09476287 0.06533229 0.03267793 0.053573265 0.042746978 0.015880761 0.015134360 0.015841643 0.015553767 0.0070319453 0.0015763011 0.0057053467 0.0010910819 8.266380e-04 1.531924e-03 2.955338e-04 2.359130e-03 7.621287e-04 6.664091e-08 0.0041221920
   76    1      1      0    0      1      -1      -1   500 0.024209487 0.11613551 0.18382726 0.14664085 0.17267643 0.10743548 0.04462635 0.06129680 0.014379616 0.053024234 0.026710314 0.017456426 0.003090415 0.006115161 0.0050338330 0.0020774092 0.0023425304 0.0055350526 8.173610e-04 1.277954e-04 1.450941e-03 1.164642e-03 5.693019e-04 2.104587e-04 0.0030463514
   77    1      1      0    0      1      -1      -1   500 0.007046906 0.14531908 0.12216414 0.15958919 0.09217583 0.13978668 0.09241318 0.06615324 0.058280909 0.020288523 0.035076541 0.018420174 0.012518560 0.001124727 0.0112025792 0.0010107476 0.0016624331 0.0011765350 2.282280e-03 1.449109e-03 1.654664e-03 3.865901e-05 3.134596e-03 7.232457e-05 0.0059583939
   78    1      1      0    0      1      -1      -1   500 0.015432938 0.18155068 0.17699244 0.10776229 0.10937940 0.06289640 0.10503604 0.07849252 0.026756975 0.048652522 0.009790705 0.031639102 0.008767740 0.003580586 0.0043714699 0.0085098677 0.0012968265 0.0045661151 1.321213e-03 4.944590e-03 6.650628e-04 8.890849e-04 3.036034e-04 5.532451e-04 0.0058485990
   79    1      1      0    0      1      -1      -1   500 0.027166067 0.09975089 0.21372634 0.15258728 0.08497181 0.08601331 0.06275965 0.08009571 0.039239915 0.022546265 0.049728410 0.011953582 0.024943963 0.010677610 0.0037421197 0.0058639995 0.0096535098 0.0041061233 4.595577e-03 9.573032e-04 1.250276e-03 2.021660e-04 3.936949e-04 4.213827e-05 0.0030322927
   80    1      1      0    0      1      -1      -1   500 0.022729237 0.16333242 0.12901166 0.14977590 0.11917333 0.06468189 0.05484185 0.06197660 0.071088706 0.037029754 0.036460191 0.033149200 0.006648339 0.010292227 0.0112984372 0.0068777053 0.0003791115 0.0057413400 3.608660e-03 4.195017e-03 2.678310e-05 1.057774e-03 2.522962e-04 3.646543e-04 0.0060069262
   81    1      1      0    0      1      -1      -1   500 0.016507048 0.19246865 0.18733631 0.11975325 0.11153095 0.08331637 0.03748423 0.04261991 0.026075706 0.052145231 0.021267326 0.035302334 0.022451697 0.003603979 0.0121147682 0.0090788190 0.0135298896 0.0052552562 3.831404e-03 7.976065e-04 2.207904e-04 1.726377e-04 6.974778e-05 2.104818e-04 0.0028556154
   82    1      1      0    0      1      -1      -1   500 0.039377402 0.13878189 0.25297269 0.12857084 0.06674460 0.08188535 0.07430242 0.03142570 0.046754624 0.031608855 0.039860323 0.014904951 0.006888618 0.014109283 0.0025515424 0.0172472384 0.0055041339 0.0020960297 3.291872e-04 1.180818e-03 3.425585e-04 3.216817e-04 5.687477e-04 1.254744e-03 0.0004157735
   83    1      1      0    0      1      -1      -1   500 0.007971198 0.29000621 0.13744330 0.17805534 0.08752042 0.05705424 0.05828061 0.04578112 0.009916793 0.030038297 0.021683343 0.017939766 0.012427146 0.010549296 0.0101671048 0.0014455884 0.0041140400 0.0066077682 4.078815e-03 4.566655e-03 1.256675e-03 1.518654e-03 1.198856e-05 2.645773e-06 0.0015629860
   84    1      1      0    0      1      -1      -1   500 0.017944259 0.13250554 0.34515971 0.09977765 0.10401172 0.06448122 0.04124000 0.04805716 0.028166740 0.021478183 0.022536382 0.018488251 0.015768572 0.016016063 0.0060572332 0.0050078495 0.0005053143 0.0018628041 7.627132e-04 1.106432e-03 1.308892e-03 2.359952e-03 1.210764e-03 2.283658e-03 0.0019029506
   85    1      1      0    0      1      -1      -1   500 0.008887609 0.09867380 0.15211277 0.29956727 0.06027591 0.10411681 0.06319499 0.02865372 0.045400234 0.027908824 0.008720667 0.032428637 0.016993487 0.012647563 0.0132307063 0.0106916783 0.0057603475 0.0005205582 4.538071e-03 9.909217e-04 9.465556e-05 7.127770e-08 9.976704e-05 2.579658e-03 0.0019112718
   86    1      1      0    0      1      -1      -1   500 0.010361873 0.10734710 0.16354116 0.11167078 0.25477590 0.07354543 0.07634586 0.05533575 0.018273043 0.040002144 0.014425511 0.016569704 0.018693115 0.007433877 0.0098869832 0.0049644356 0.0012697213 0.0033491932 1.310381e-04 6.877729e-03 5.803637e-05 1.675388e-03 1.798170e-04 2.371261e-03 0.0009151559
   87    1      1      0    0      1      -1      -1   500 0.034059705 0.14279412 0.15142736 0.13821089 0.07025985 0.16695182 0.06239150 0.07228325 0.033450288 0.018838970 0.021730487 0.028955586 0.006535093 0.006259484 0.0103980382 0.0047678441 0.0087740408 0.0041418139 1.688900e-03 1.855974e-04 1.060580e-02 1.346154e-03 1.213014e-03 1.418641e-03 0.0013117524
   88    1      1      0    0      1      -1      -1   500 0.020922643 0.23840566 0.16015498 0.10844505 0.07799755 0.07437074 0.13637784 0.04010624 0.035303226 0.028894003 0.013498342 0.023176065 0.011723582 0.004722025 0.0065149617 0.0052434745 0.0045595921 0.0018003446 6.739498e-04 2.931624e-03 9.429200e-04 1.107033e-03 1.128993e-03 3.864260e-04 0.0006127320
   89    1      1      0    0      1      -1      -1   500 0.041196845 0.12084930 0.28436817 0.10975836 0.06447167 0.07800139 0.06598334 0.07920291 0.029575917 0.042786652 0.027145618 0.011010058 0.010255583 0.006893909 0.0034187414 0.0054968001 0.0039751915 0.0017596395 4.958334e-03 5.079217e-04 1.651080e-03 3.350863e-03 2.059642e-03 9.922043e-04 0.0003298636
   90    1      1      0    0      1      -1      -1   500 0.008994881 0.20532607 0.16933035 0.22928223 0.09269356 0.05682341 0.04324208 0.02592256 0.062282465 0.014546557 0.027675328 0.017018684 0.009001949 0.011322595 0.0081898654 0.0022485249 0.0028971824 0.0024274881 1.224131e-03 4.040511e-03 9.491492e-04 2.804637e-03 1.935104e-05 7.227802e-04 0.0010136593
   91    1      1      0    0      1      -1      -1   500 0.013415620 0.20843029 0.19927955 0.09169965 0.16253206 0.06718452 0.03580554 0.04668468 0.016149081 0.070212166 0.007932497 0.019541860 0.011499382 0.004118166 0.0084945789 0.0082423773 0.0011468667 0.0111225585 1.506628e-03 7.290020e-03 9.582722e-04 9.431510e-04 3.375169e-03 2.252725e-06 0.0024330569
   92    1      1      0    0      1      -1      -1   500 0.004044215 0.16034806 0.25172428 0.15234107 0.11366526 0.08879076 0.05163550 0.03266173 0.027278406 0.016691095 0.046146735 0.003625700 0.023851940 0.008599118 0.0013429944 0.0099546041 0.0034615602 0.0004483068 4.508939e-04 2.782212e-04 7.636507e-04 1.057569e-03 4.551003e-05 3.301968e-04 0.0004626179
   93    1      1      0    0      1      -1      -1   500 0.010179666 0.09296642 0.19975178 0.21445515 0.15159646 0.06688288 0.08672223 0.03859110 0.020014302 0.028359336 0.014717937 0.038672450 0.009368590 0.009489813 0.0073511160 0.0042227962 0.0008550711 0.0013229065 8.364384e-04 1.211631e-03 8.831172e-05 9.502456e-04 4.153603e-06 1.016747e-03 0.0003724628
   94    1      1      0    0      1      -1      -1   500 0.034244569 0.11050399 0.10348498 0.17538306 0.16796562 0.12536053 0.06576577 0.05847743 0.029286346 0.022353766 0.019848245 0.024108260 0.027823796 0.004909743 0.0035042102 0.0047638824 0.0112048130 0.0024152793 4.965843e-03 1.110430e-04 1.013302e-03 3.039343e-04 8.215179e-04 1.233591e-05 0.0013677373
   95    1      1      0    0      1      -1      -1   500 0.004931542 0.25164507 0.15790196 0.08402708 0.11663333 0.09730513 0.06639120 0.04213835 0.064805807 0.025416081 0.009294798 0.008125242 0.016158034 0.027950415 0.0037734118 0.0113268400 0.0012417272 0.0010136905 2.824502e-03 7.884687e-04 9.409378e-04 1.815563e-03 1.735316e-03 5.556948e-04 0.0012598073
   96    1      1      0    0      1      -1      -1   500 0.022404679 0.07755837 0.29352831 0.10411146 0.08276131 0.08583719 0.10881121 0.04276603 0.025441530 0.042895895 0.023534557 0.009655112 0.019342716 0.015665111 0.0096769516 0.0136006503 0.0043107616 0.0012788132 1.298512e-02 1.687975e-03 4.350371e-05 7.883191e-05 9.271481e-06 3.805627e-04 0.0016340814
   97    1      1      0    0      1      -1      -1   500 0.008976468 0.22351901 0.09059345 0.23796586 0.11919577 0.04412620 0.06187874 0.06159942 0.032658491 0.028705673 0.039930247 0.012916685 0.006623853 0.003962699 0.0050319178 0.0090061210 0.0031599465 0.0017001571 6.850973e-04 1.722336e-04 1.390678e-03 3.179702e-03 1.009316e-04 1.970547e-05 0.0029009592
   98    1      1      0    0      1      -1      -1   500 0.013995408 0.12575551 0.28859727 0.05003250 0.16089806 0.08745215 0.04551122 0.05478861 0.050544712 0.025953404 0.024570072 0.027769084 0.010632398 0.009484383 0.0043965849 0.0089488836 0.0021833716 0.0008884118 2.755609e-03 9.184451e-04 3.115352e-03 5.744849e-04 6.610595e-06 1.096920e-04 0.0001177871
   99    1      1      0    0      1      -1      -1   500 0.016422755 0.13366805 0.15486788 0.24990837 0.05460672 0.11878965 0.05713936 0.03809462 0.043882782 0.042091416 0.033199100 0.017100182 0.012269656 0.005087359 0.0024136110 0.0028988261 0.0019514688 0.0057297389 2.381459e-03 2.775341e-03 5.530934e-04 6.835962e-04 8.405163e-04 1.030759e-04 0.0025413785
  100    1      1      0    0      1      -1      -1   500 0.015953783 0.18755029 0.21177210 0.08282922 0.14146516 0.06080927 0.10759883 0.05248418 0.026780040 0.020950294 0.021132558 0.024491832 0.010514728 0.011239299 0.0038536439 0.0056462569 0.0015220651 0.0016801440 6.861005e-03 1.033274e-03 5.069612e-04 4.169603e-04 1.194496e-03 3.681326e-06 0.0017099271
    2    1      2      0    0      1      -1      -1   500 0.020000000 0.19200000 0.13600000 0.11800000 0.09600000 0.09600000 0.08400000 0.04600000 0.032000000 0.028000000 0.032000000 0.018000000 0.018000000 0.018000000 0.0180000000 0.0080000000 0.0040000000 0.0080000000 4.000000e-03 2.000000e-03 4.000000e-03 6.000000e-03 2.000000e-03 4.000000e-03 0.0060000000
    3    1      2      0    0      1      -1      -1   500 0.028000000 0.09600000 0.16000000 0.09200000 0.10600000 0.10000000 0.07600000 0.06200000 0.064000000 0.046000000 0.028000000 0.016000000 0.032000000 0.020000000 0.0080000000 0.0160000000 0.0060000000 0.0100000000 6.000000e-03 0.000000e+00 4.000000e-03 2.000000e-03 2.000000e-03 4.000000e-03 0.0160000000
    4    1      2      0    0      1      -1      -1   500 0.038000000 0.12000000 0.13200000 0.14000000 0.08200000 0.05800000 0.06400000 0.06600000 0.042000000 0.054000000 0.042000000 0.032000000 0.026000000 0.016000000 0.0160000000 0.0100000000 0.0100000000 0.0100000000 1.000000e-02 6.000000e-03 1.200000e-02 0.000000e+00 4.000000e-03 0.000000e+00 0.0100000000
    5    1      2      0    0      1      -1      -1   500 0.040000000 0.18400000 0.13600000 0.07200000 0.11400000 0.06800000 0.07000000 0.06000000 0.042000000 0.040000000 0.030000000 0.034000000 0.014000000 0.010000000 0.0060000000 0.0160000000 0.0080000000 0.0080000000 1.000000e-02 2.000000e-03 1.000000e-02 0.000000e+00 0.000000e+00 2.000000e-03 0.0240000000
    6    1      2      0    0      1      -1      -1   500 0.028000000 0.18400000 0.17000000 0.09400000 0.05200000 0.08000000 0.07200000 0.05200000 0.038000000 0.046000000 0.038000000 0.030000000 0.018000000 0.022000000 0.0140000000 0.0140000000 0.0120000000 0.0060000000 8.000000e-03 2.000000e-03 2.000000e-03 2.000000e-03 0.000000e+00 4.000000e-03 0.0120000000
    7    1      2      0    0      1      -1      -1   500 0.018000000 0.15000000 0.16800000 0.11800000 0.07200000 0.03800000 0.08400000 0.07600000 0.046000000 0.046000000 0.036000000 0.030000000 0.018000000 0.018000000 0.0060000000 0.0120000000 0.0140000000 0.0040000000 8.000000e-03 6.000000e-03 2.000000e-03 6.000000e-03 4.000000e-03 2.000000e-03 0.0180000000
    8    1      2      0    0      1      -1      -1   500 0.040000000 0.15000000 0.11000000 0.13600000 0.10600000 0.07200000 0.05000000 0.05400000 0.050000000 0.030000000 0.026000000 0.018000000 0.028000000 0.028000000 0.0140000000 0.0260000000 0.0100000000 0.0120000000 4.000000e-03 4.000000e-03 8.000000e-03 6.000000e-03 2.000000e-03 4.000000e-03 0.0120000000
    9    1      2      0    0      1      -1      -1   500 0.020000000 0.19600000 0.13000000 0.10800000 0.10400000 0.08800000 0.05200000 0.03400000 0.042000000 0.040000000 0.022000000 0.024000000 0.028000000 0.014000000 0.0180000000 0.0100000000 0.0120000000 0.0040000000 1.000000e-02 6.000000e-03 6.000000e-03 6.000000e-03 1.000000e-02 4.000000e-03 0.0120000000
   10    1      2      0    0      1      -1      -1   500 0.028000000 0.12600000 0.20800000 0.10400000 0.09600000 0.09600000 0.06000000 0.03600000 0.030000000 0.042000000 0.032000000 0.018000000 0.020000000 0.024000000 0.0120000000 0.0200000000 0.0020000000 0.0080000000 8.000000e-03 6.000000e-03 2.000000e-03 0.000000e+00 2.000000e-03 6.000000e-03 0.0140000000
   11    1      2      0    0      1      -1      -1   500 0.020000000 0.16600000 0.12400000 0.17000000 0.09400000 0.08400000 0.05800000 0.05000000 0.024000000 0.030000000 0.022000000 0.030000000 0.020000000 0.016000000 0.0300000000 0.0140000000 0.0100000000 0.0080000000 1.200000e-02 4.000000e-03 0.000000e+00 4.000000e-03 2.000000e-03 0.000000e+00 0.0080000000
   12    1      2      0    0      1      -1      -1   500 0.034000000 0.11600000 0.15200000 0.11000000 0.17400000 0.07600000 0.06600000 0.06400000 0.046000000 0.020000000 0.018000000 0.014000000 0.018000000 0.014000000 0.0140000000 0.0060000000 0.0080000000 0.0080000000 2.000000e-03 1.200000e-02 4.000000e-03 8.000000e-03 4.000000e-03 0.000000e+00 0.0120000000
   13    1      2      0    0      1      -1      -1   500 0.060000000 0.10600000 0.10600000 0.12800000 0.07600000 0.11800000 0.07000000 0.04600000 0.060000000 0.044000000 0.038000000 0.010000000 0.014000000 0.034000000 0.0180000000 0.0040000000 0.0140000000 0.0180000000 6.000000e-03 4.000000e-03 8.000000e-03 2.000000e-03 0.000000e+00 2.000000e-03 0.0140000000
   14    1      2      0    0      1      -1      -1   500 0.042000000 0.28400000 0.09000000 0.09200000 0.09400000 0.04800000 0.10400000 0.04600000 0.054000000 0.040000000 0.020000000 0.020000000 0.006000000 0.010000000 0.0020000000 0.0060000000 0.0060000000 0.0020000000 2.000000e-03 4.000000e-03 8.000000e-03 2.000000e-03 4.000000e-03 4.000000e-03 0.0100000000
   15    1      2      0    0      1      -1      -1   500 0.020000000 0.16800000 0.27200000 0.07600000 0.08400000 0.07200000 0.03200000 0.08000000 0.026000000 0.028000000 0.032000000 0.016000000 0.008000000 0.010000000 0.0120000000 0.0120000000 0.0180000000 0.0020000000 4.000000e-03 6.000000e-03 4.000000e-03 6.000000e-03 4.000000e-03 4.000000e-03 0.0040000000
   16    1      2      0    0      1      -1      -1   500 0.026000000 0.09800000 0.17800000 0.24600000 0.05600000 0.08200000 0.04600000 0.04400000 0.054000000 0.038000000 0.024000000 0.012000000 0.020000000 0.008000000 0.0040000000 0.0060000000 0.0080000000 0.0140000000 8.000000e-03 2.000000e-03 6.000000e-03 2.000000e-03 2.000000e-03 0.000000e+00 0.0160000000
   17    1      2      0    0      1      -1      -1   500 0.012000000 0.17400000 0.10800000 0.12200000 0.21200000 0.03600000 0.04000000 0.05200000 0.024000000 0.040000000 0.032000000 0.028000000 0.030000000 0.016000000 0.0120000000 0.0100000000 0.0120000000 0.0060000000 1.000000e-02 4.000000e-03 4.000000e-03 4.000000e-03 0.000000e+00 4.000000e-03 0.0080000000
   18    1      2      0    0      1      -1      -1   500 0.010000000 0.05800000 0.17400000 0.11400000 0.09600000 0.16800000 0.05600000 0.05000000 0.062000000 0.040000000 0.044000000 0.016000000 0.012000000 0.026000000 0.0200000000 0.0040000000 0.0080000000 0.0080000000 1.400000e-02 4.000000e-03 4.000000e-03 2.000000e-03 0.000000e+00 2.000000e-03 0.0080000000
   19    1      2      0    0      1      -1      -1   500 0.024000000 0.09200000 0.05600000 0.20200000 0.08200000 0.08600000 0.15200000 0.03800000 0.024000000 0.026000000 0.026000000 0.060000000 0.020000000 0.020000000 0.0240000000 0.0160000000 0.0080000000 0.0000000000 8.000000e-03 8.000000e-03 2.000000e-03 2.000000e-03 0.000000e+00 6.000000e-03 0.0180000000
   20    1      2      0    0      1      -1      -1   500 0.040000000 0.11000000 0.08400000 0.06600000 0.09600000 0.06400000 0.09000000 0.17000000 0.050000000 0.032000000 0.022000000 0.024000000 0.052000000 0.012000000 0.0140000000 0.0100000000 0.0140000000 0.0060000000 4.000000e-03 8.000000e-03 1.000000e-02 2.000000e-03 1.000000e-02 2.000000e-03 0.0080000000
   21    1      2      0    0      1      -1      -1   500 0.054000000 0.14000000 0.09200000 0.05600000 0.03000000 0.11000000 0.06200000 0.08000000 0.138000000 0.038000000 0.034000000 0.030000000 0.024000000 0.046000000 0.0120000000 0.0080000000 0.0080000000 0.0060000000 4.000000e-03 2.000000e-03 8.000000e-03 6.000000e-03 0.000000e+00 4.000000e-03 0.0080000000
   22    1      2      0    0      1      -1      -1   500 0.008000000 0.29200000 0.12400000 0.08800000 0.03800000 0.02400000 0.07600000 0.03400000 0.044000000 0.088000000 0.032000000 0.024000000 0.026000000 0.010000000 0.0400000000 0.0120000000 0.0100000000 0.0080000000 6.000000e-03 0.000000e+00 4.000000e-03 2.000000e-03 2.000000e-03 0.000000e+00 0.0080000000
   23    1      2      0    0      1      -1      -1   500 0.030000000 0.09800000 0.27800000 0.07800000 0.06800000 0.04800000 0.04000000 0.06200000 0.038000000 0.044000000 0.082000000 0.016000000 0.018000000 0.014000000 0.0100000000 0.0200000000 0.0100000000 0.0100000000 8.000000e-03 6.000000e-03 2.000000e-03 2.000000e-03 2.000000e-03 2.000000e-03 0.0140000000
   24    1      2      0    0      1      -1      -1   500 0.034000000 0.12600000 0.10200000 0.26400000 0.08600000 0.05000000 0.03200000 0.02400000 0.056000000 0.040000000 0.020000000 0.056000000 0.020000000 0.018000000 0.0080000000 0.0080000000 0.0120000000 0.0120000000 4.000000e-03 6.000000e-03 4.000000e-03 2.000000e-03 2.000000e-03 2.000000e-03 0.0120000000
   25    1      2      0    0      1      -1      -1   500 0.040000000 0.12600000 0.12600000 0.09200000 0.20800000 0.05800000 0.05400000 0.02200000 0.024000000 0.048000000 0.028000000 0.036000000 0.038000000 0.016000000 0.0160000000 0.0060000000 0.0020000000 0.0120000000 8.000000e-03 6.000000e-03 1.000000e-02 2.000000e-03 2.000000e-03 0.000000e+00 0.0200000000
   26    1      2      0    0      1      -1      -1   500 0.082000000 0.18400000 0.09200000 0.10200000 0.08200000 0.15600000 0.05200000 0.02400000 0.028000000 0.006000000 0.054000000 0.018000000 0.018000000 0.036000000 0.0040000000 0.0040000000 0.0020000000 0.0100000000 6.000000e-03 8.000000e-03 8.000000e-03 2.000000e-03 6.000000e-03 2.000000e-03 0.0140000000
   27    1      2      0    0      1      -1      -1   500 0.052000000 0.19800000 0.21400000 0.06000000 0.08600000 0.05600000 0.09600000 0.04000000 0.008000000 0.020000000 0.010000000 0.034000000 0.026000000 0.006000000 0.0300000000 0.0080000000 0.0040000000 0.0040000000 0.000000e+00 2.000000e-02 6.000000e-03 0.000000e+00 6.000000e-03 4.000000e-03 0.0120000000
   28    1      2      0    0      1      -1      -1   500 0.032000000 0.23200000 0.20000000 0.14000000 0.04600000 0.06200000 0.04200000 0.07000000 0.026000000 0.022000000 0.016000000 0.004000000 0.018000000 0.010000000 0.0100000000 0.0180000000 0.0020000000 0.0060000000 4.000000e-03 2.000000e-03 1.200000e-02 1.000000e-02 4.000000e-03 4.000000e-03 0.0080000000
   29    1      2      0    0      1      -1      -1   500 0.052000000 0.16800000 0.16800000 0.14400000 0.11000000 0.04000000 0.04800000 0.03600000 0.064000000 0.030000000 0.024000000 0.018000000 0.008000000 0.018000000 0.0080000000 0.0100000000 0.0100000000 0.0060000000 6.000000e-03 6.000000e-03 2.000000e-03 4.000000e-03 2.000000e-03 2.000000e-03 0.0160000000
   30    1      2      0    0      1      -1      -1   500 0.046000000 0.16800000 0.16800000 0.14600000 0.12800000 0.05600000 0.04600000 0.04800000 0.038000000 0.030000000 0.020000000 0.016000000 0.016000000 0.006000000 0.0080000000 0.0040000000 0.0120000000 0.0100000000 6.000000e-03 2.000000e-03 4.000000e-03 0.000000e+00 1.000000e-02 2.000000e-03 0.0100000000
   31    1      2      0    0      1      -1      -1   500 0.038000000 0.22400000 0.18400000 0.12200000 0.09800000 0.10000000 0.05600000 0.01800000 0.018000000 0.022000000 0.042000000 0.016000000 0.006000000 0.006000000 0.0020000000 0.0100000000 0.0080000000 0.0100000000 1.000000e-02 0.000000e+00 0.000000e+00 0.000000e+00 2.000000e-03 2.000000e-03 0.0060000000
   32    1      2      0    0      1      -1      -1   500 0.014000000 0.20600000 0.21000000 0.09800000 0.10000000 0.10600000 0.06600000 0.03200000 0.016000000 0.020000000 0.014000000 0.034000000 0.008000000 0.010000000 0.0120000000 0.0000000000 0.0140000000 0.0020000000 8.000000e-03 1.000000e-02 2.000000e-03 0.000000e+00 4.000000e-03 2.000000e-03 0.0120000000
   33    1      2      0    0      1      -1      -1   500 0.034000000 0.11000000 0.16000000 0.23200000 0.11200000 0.07200000 0.05800000 0.05400000 0.040000000 0.018000000 0.022000000 0.006000000 0.016000000 0.014000000 0.0040000000 0.0060000000 0.0040000000 0.0080000000 6.000000e-03 4.000000e-03 6.000000e-03 0.000000e+00 2.000000e-03 2.000000e-03 0.0100000000
   34    1      2      0    0      1      -1      -1   500 0.052000000 0.14600000 0.12400000 0.15400000 0.12800000 0.07600000 0.06800000 0.07800000 0.058000000 0.026000000 0.012000000 0.012000000 0.004000000 0.018000000 0.0100000000 0.0060000000 0.0060000000 0.0020000000 2.000000e-03 0.000000e+00 6.000000e-03 6.000000e-03 2.000000e-03 2.000000e-03 0.0020000000
   35    1      2      0    0      1      -1      -1   500 0.050000000 0.26200000 0.13200000 0.09200000 0.09000000 0.11200000 0.06000000 0.04200000 0.046000000 0.030000000 0.018000000 0.012000000 0.004000000 0.004000000 0.0120000000 0.0000000000 0.0020000000 0.0040000000 6.000000e-03 2.000000e-03 0.000000e+00 4.000000e-03 6.000000e-03 2.000000e-03 0.0080000000
   36    1      2      0    0      1      -1      -1   500 0.026000000 0.18600000 0.22800000 0.10600000 0.06200000 0.09000000 0.08200000 0.04400000 0.054000000 0.026000000 0.020000000 0.018000000 0.014000000 0.008000000 0.0020000000 0.0120000000 0.0000000000 0.0040000000 0.000000e+00 2.000000e-03 2.000000e-03 4.000000e-03 0.000000e+00 2.000000e-03 0.0080000000
   37    1      2      0    0      1      -1      -1   500 0.034000000 0.09400000 0.21000000 0.19200000 0.10200000 0.04800000 0.09600000 0.06000000 0.026000000 0.018000000 0.042000000 0.026000000 0.008000000 0.006000000 0.0060000000 0.0040000000 0.0120000000 0.0040000000 0.000000e+00 0.000000e+00 0.000000e+00 4.000000e-03 4.000000e-03 0.000000e+00 0.0040000000
   38    1      2      0    0      1      -1      -1   500 0.042000000 0.13200000 0.06400000 0.18800000 0.18800000 0.09800000 0.04400000 0.04600000 0.054000000 0.038000000 0.020000000 0.030000000 0.016000000 0.014000000 0.0040000000 0.0020000000 0.0020000000 0.0060000000 4.000000e-03 2.000000e-03 0.000000e+00 0.000000e+00 2.000000e-03 0.000000e+00 0.0040000000
   39    1      2      0    0      1      -1      -1   500 0.100000000 0.17600000 0.12000000 0.06000000 0.12600000 0.13800000 0.04600000 0.03400000 0.028000000 0.064000000 0.028000000 0.010000000 0.018000000 0.014000000 0.0040000000 0.0060000000 0.0040000000 0.0020000000 4.000000e-03 4.000000e-03 0.000000e+00 2.000000e-03 2.000000e-03 2.000000e-03 0.0080000000
   40    1      2      0    0      1      -1      -1   500 0.032000000 0.40400000 0.12000000 0.06000000 0.04400000 0.07800000 0.08600000 0.03800000 0.022000000 0.030000000 0.040000000 0.014000000 0.002000000 0.010000000 0.0060000000 0.0020000000 0.0020000000 0.0040000000 2.000000e-03 0.000000e+00 0.000000e+00 0.000000e+00 2.000000e-03 0.000000e+00 0.0020000000
   41    1      2      0    0      1      -1      -1   500 0.040000000 0.16600000 0.34800000 0.08600000 0.05000000 0.03600000 0.07800000 0.06000000 0.028000000 0.010000000 0.028000000 0.012000000 0.010000000 0.012000000 0.0160000000 0.0040000000 0.0040000000 0.0020000000 4.000000e-03 0.000000e+00 4.000000e-03 0.000000e+00 2.000000e-03 0.000000e+00 0.0000000000
   42    1      2      0    0      1      -1      -1   500 0.008000000 0.20600000 0.14400000 0.27600000 0.08200000 0.04200000 0.00600000 0.04600000 0.058000000 0.018000000 0.008000000 0.022000000 0.018000000 0.008000000 0.0120000000 0.0140000000 0.0120000000 0.0040000000 2.000000e-03 2.000000e-03 0.000000e+00 2.000000e-03 0.000000e+00 0.000000e+00 0.0100000000
   43    1      2      0    0      1      -1      -1   500 0.046000000 0.09400000 0.19200000 0.16000000 0.24400000 0.06400000 0.04000000 0.02000000 0.042000000 0.024000000 0.026000000 0.008000000 0.008000000 0.008000000 0.0060000000 0.0020000000 0.0060000000 0.0040000000 0.000000e+00 4.000000e-03 0.000000e+00 0.000000e+00 0.000000e+00 0.000000e+00 0.0020000000
   44    1      2      0    0      1      -1      -1   500 0.014000000 0.28200000 0.10000000 0.15400000 0.10400000 0.14200000 0.04600000 0.03000000 0.026000000 0.026000000 0.016000000 0.010000000 0.006000000 0.008000000 0.0080000000 0.0060000000 0.0020000000 0.0080000000 2.000000e-03 6.000000e-03 0.000000e+00 0.000000e+00 0.000000e+00 2.000000e-03 0.0020000000
   45    1      2      0    0      1      -1      -1   500 0.070000000 0.13400000 0.23000000 0.06600000 0.11600000 0.09200000 0.11800000 0.05200000 0.026000000 0.012000000 0.026000000 0.020000000 0.012000000 0.002000000 0.0020000000 0.0020000000 0.0040000000 0.0060000000 2.000000e-03 0.000000e+00 2.000000e-03 0.000000e+00 2.000000e-03 0.000000e+00 0.0040000000
   46    1      2      0    0      1      -1      -1   500 0.036000000 0.29600000 0.09600000 0.17200000 0.03600000 0.08800000 0.05600000 0.09800000 0.026000000 0.016000000 0.006000000 0.022000000 0.020000000 0.004000000 0.0020000000 0.0080000000 0.0040000000 0.0080000000 2.000000e-03 0.000000e+00 2.000000e-03 0.000000e+00 0.000000e+00 0.000000e+00 0.0020000000
   47    1      2      0    0      1      -1      -1   500 0.034000000 0.15800000 0.28000000 0.07800000 0.12200000 0.03400000 0.07800000 0.04600000 0.078000000 0.022000000 0.010000000 0.000000000 0.010000000 0.010000000 0.0060000000 0.0060000000 0.0040000000 0.0020000000 8.000000e-03 0.000000e+00 4.000000e-03 4.000000e-03 0.000000e+00 0.000000e+00 0.0060000000
   48    1      2      0    0      1      -1      -1   500 0.040000000 0.11200000 0.19400000 0.22200000 0.07000000 0.09200000 0.03200000 0.05200000 0.042000000 0.062000000 0.018000000 0.006000000 0.008000000 0.008000000 0.0120000000 0.0080000000 0.0000000000 0.0040000000 2.000000e-03 0.000000e+00 4.000000e-03 8.000000e-03 0.000000e+00 2.000000e-03 0.0020000000
   49    1      2      0    0      1      -1      -1   500 0.034000000 0.18200000 0.11600000 0.14400000 0.20400000 0.05000000 0.08200000 0.02000000 0.038000000 0.026000000 0.044000000 0.014000000 0.006000000 0.006000000 0.0100000000 0.0060000000 0.0060000000 0.0000000000 0.000000e+00 4.000000e-03 0.000000e+00 2.000000e-03 0.000000e+00 2.000000e-03 0.0040000000
   50    1      2      0    0      1      -1      -1   500 0.070000000 0.18600000 0.14600000 0.08800000 0.10800000 0.15600000 0.03400000 0.05000000 0.008000000 0.036000000 0.022000000 0.052000000 0.004000000 0.004000000 0.0020000000 0.0080000000 0.0080000000 0.0020000000 4.000000e-03 4.000000e-03 8.000000e-03 0.000000e+00 0.000000e+00 0.000000e+00 0.0000000000
   51    1      2      0    0      1      -1      -1   500 0.060000000 0.26600000 0.15400000 0.11600000 0.05800000 0.08400000 0.08600000 0.02600000 0.040000000 0.016000000 0.024000000 0.014000000 0.024000000 0.010000000 0.0040000000 0.0100000000 0.0000000000 0.0020000000 2.000000e-03 0.000000e+00 0.000000e+00 0.000000e+00 2.000000e-03 2.000000e-03 0.0000000000
   52    1      2      0    0      1      -1      -1   500 0.046000000 0.28600000 0.19200000 0.11000000 0.08600000 0.03800000 0.04200000 0.06400000 0.024000000 0.044000000 0.008000000 0.010000000 0.008000000 0.014000000 0.0080000000 0.0040000000 0.0020000000 0.0020000000 0.000000e+00 4.000000e-03 0.000000e+00 2.000000e-03 2.000000e-03 0.000000e+00 0.0040000000
   53    1      2      0    0      1      -1      -1   500 0.048000000 0.22400000 0.21400000 0.14600000 0.08600000 0.05400000 0.03800000 0.04400000 0.056000000 0.014000000 0.030000000 0.002000000 0.014000000 0.002000000 0.0120000000 0.0040000000 0.0020000000 0.0000000000 2.000000e-03 0.000000e+00 2.000000e-03 0.000000e+00 0.000000e+00 0.000000e+00 0.0060000000
   54    1      2      0    0      1      -1      -1   500 0.082000000 0.19400000 0.17800000 0.18600000 0.10400000 0.05400000 0.04800000 0.01400000 0.024000000 0.040000000 0.018000000 0.018000000 0.002000000 0.008000000 0.0060000000 0.0060000000 0.0040000000 0.0040000000 0.000000e+00 4.000000e-03 0.000000e+00 4.000000e-03 0.000000e+00 0.000000e+00 0.0020000000
   55    1      2      0    0      1      -1      -1   500 0.030000000 0.30600000 0.20400000 0.13800000 0.11200000 0.06400000 0.03600000 0.02000000 0.022000000 0.014000000 0.028000000 0.004000000 0.006000000 0.000000000 0.0000000000 0.0020000000 0.0080000000 0.0000000000 0.000000e+00 0.000000e+00 2.000000e-03 0.000000e+00 0.000000e+00 0.000000e+00 0.0040000000
   56    1      2      0    0      1      -1      -1   500 0.056000000 0.18200000 0.24600000 0.14800000 0.05200000 0.08800000 0.07400000 0.03600000 0.022000000 0.018000000 0.016000000 0.020000000 0.006000000 0.012000000 0.0020000000 0.0080000000 0.0000000000 0.0080000000 2.000000e-03 4.000000e-03 0.000000e+00 0.000000e+00 0.000000e+00 0.000000e+00 0.0000000000
   57    1      2      0    0      1      -1      -1   500 0.016000000 0.18600000 0.15000000 0.21400000 0.12800000 0.07400000 0.07600000 0.03800000 0.028000000 0.030000000 0.006000000 0.012000000 0.014000000 0.004000000 0.0060000000 0.0040000000 0.0020000000 0.0020000000 6.000000e-03 0.000000e+00 0.000000e+00 0.000000e+00 0.000000e+00 0.000000e+00 0.0040000000
   58    1      2      0    0      1      -1      -1   500 0.032000000 0.11200000 0.19600000 0.17000000 0.15800000 0.09200000 0.06400000 0.06200000 0.042000000 0.016000000 0.012000000 0.008000000 0.012000000 0.006000000 0.0020000000 0.0080000000 0.0020000000 0.0020000000 2.000000e-03 2.000000e-03 0.000000e+00 0.000000e+00 0.000000e+00 0.000000e+00 0.0000000000
   59    1      2      0    0      1      -1      -1   500 0.042000000 0.15400000 0.11600000 0.15000000 0.11000000 0.14600000 0.07200000 0.05200000 0.056000000 0.016000000 0.020000000 0.016000000 0.014000000 0.006000000 0.0080000000 0.0000000000 0.0120000000 0.0000000000 2.000000e-03 0.000000e+00 2.000000e-03 4.000000e-03 0.000000e+00 0.000000e+00 0.0020000000
   60    1      2      0    0      1      -1      -1   500 0.028000000 0.21000000 0.10800000 0.10200000 0.13400000 0.08400000 0.12200000 0.06200000 0.046000000 0.028000000 0.014000000 0.008000000 0.010000000 0.004000000 0.0100000000 0.0120000000 0.0060000000 0.0040000000 2.000000e-03 0.000000e+00 2.000000e-03 4.000000e-03 0.000000e+00 0.000000e+00 0.0000000000
   61    1      2      0    0      1      -1      -1   500 0.042000000 0.11600000 0.21600000 0.10000000 0.06800000 0.10000000 0.06600000 0.10600000 0.052000000 0.038000000 0.020000000 0.026000000 0.008000000 0.010000000 0.0020000000 0.0060000000 0.0020000000 0.0000000000 8.000000e-03 2.000000e-03 0.000000e+00 2.000000e-03 4.000000e-03 2.000000e-03 0.0040000000
   62    1      2      0    0      1      -1      -1   500 0.042000000 0.21400000 0.10400000 0.19000000 0.07600000 0.03600000 0.08800000 0.05600000 0.062000000 0.028000000 0.020000000 0.028000000 0.024000000 0.002000000 0.0040000000 0.0020000000 0.0040000000 0.0060000000 2.000000e-03 4.000000e-03 0.000000e+00 2.000000e-03 0.000000e+00 0.000000e+00 0.0060000000
   63    1      2      0    0      1      -1      -1   500 0.056000000 0.19200000 0.20200000 0.08800000 0.12200000 0.06200000 0.04200000 0.04000000 0.054000000 0.036000000 0.022000000 0.008000000 0.024000000 0.016000000 0.0000000000 0.0080000000 0.0060000000 0.0060000000 6.000000e-03 0.000000e+00 0.000000e+00 0.000000e+00 0.000000e+00 2.000000e-03 0.0080000000
   64    1      2      0    0      1      -1      -1   500 0.024000000 0.20800000 0.20400000 0.13600000 0.07600000 0.11600000 0.02600000 0.02600000 0.048000000 0.018000000 0.040000000 0.020000000 0.004000000 0.018000000 0.0160000000 0.0020000000 0.0020000000 0.0040000000 4.000000e-03 2.000000e-03 0.000000e+00 0.000000e+00 0.000000e+00 0.000000e+00 0.0060000000
   65    1      2      0    0      1      -1      -1   500 0.028000000 0.14600000 0.24400000 0.12200000 0.12600000 0.05400000 0.06400000 0.03600000 0.030000000 0.032000000 0.024000000 0.032000000 0.014000000 0.022000000 0.0060000000 0.0060000000 0.0060000000 0.0020000000 0.000000e+00 2.000000e-03 0.000000e+00 2.000000e-03 0.000000e+00 0.000000e+00 0.0020000000
   66    1      2      0    0      1      -1      -1   500 0.050000000 0.19800000 0.11600000 0.18000000 0.11600000 0.10400000 0.02600000 0.04400000 0.016000000 0.028000000 0.030000000 0.028000000 0.038000000 0.004000000 0.0080000000 0.0040000000 0.0000000000 0.0000000000 0.000000e+00 4.000000e-03 0.000000e+00 6.000000e-03 0.000000e+00 0.000000e+00 0.0000000000
   67    1      2      0    0      1      -1      -1   500 0.060000000 0.23200000 0.14600000 0.10000000 0.11000000 0.08000000 0.07000000 0.03400000 0.044000000 0.016000000 0.014000000 0.020000000 0.006000000 0.026000000 0.0100000000 0.0020000000 0.0100000000 0.0040000000 4.000000e-03 2.000000e-03 4.000000e-03 0.000000e+00 2.000000e-03 0.000000e+00 0.0040000000
   68    1      2      0    0      1      -1      -1   500 0.014000000 0.28200000 0.22000000 0.11200000 0.06200000 0.09600000 0.04600000 0.04000000 0.014000000 0.028000000 0.024000000 0.008000000 0.004000000 0.010000000 0.0200000000 0.0080000000 0.0000000000 0.0040000000 4.000000e-03 0.000000e+00 2.000000e-03 0.000000e+00 0.000000e+00 0.000000e+00 0.0020000000
   69    1      2      0    0      1      -1      -1   500 0.046000000 0.10400000 0.35200000 0.15000000 0.07000000 0.05000000 0.06000000 0.04000000 0.014000000 0.026000000 0.032000000 0.006000000 0.012000000 0.004000000 0.0120000000 0.0060000000 0.0060000000 0.0000000000 4.000000e-03 0.000000e+00 0.000000e+00 2.000000e-03 0.000000e+00 2.000000e-03 0.0020000000
   70    1      2      0    0      1      -1      -1   500 0.038000000 0.25600000 0.09600000 0.18800000 0.11800000 0.06200000 0.02800000 0.05600000 0.030000000 0.038000000 0.010000000 0.024000000 0.010000000 0.006000000 0.0100000000 0.0020000000 0.0100000000 0.0060000000 4.000000e-03 0.000000e+00 0.000000e+00 0.000000e+00 0.000000e+00 0.000000e+00 0.0080000000
   71    1      2      0    0      1      -1      -1   500 0.020000000 0.22200000 0.23800000 0.07200000 0.13600000 0.07800000 0.04800000 0.03600000 0.042000000 0.024000000 0.016000000 0.012000000 0.020000000 0.004000000 0.0120000000 0.0060000000 0.0040000000 0.0020000000 2.000000e-03 2.000000e-03 0.000000e+00 2.000000e-03 0.000000e+00 0.000000e+00 0.0020000000
   72    1      2      0    0      1      -1      -1   500 0.050000000 0.17400000 0.21000000 0.16000000 0.05800000 0.13000000 0.07000000 0.01600000 0.022000000 0.042000000 0.006000000 0.020000000 0.006000000 0.008000000 0.0020000000 0.0040000000 0.0040000000 0.0020000000 1.000000e-02 0.000000e+00 2.000000e-03 0.000000e+00 2.000000e-03 0.000000e+00 0.0020000000
   73    1      2      0    0      1      -1      -1   500 0.032000000 0.26400000 0.15400000 0.16000000 0.11200000 0.04400000 0.07800000 0.03600000 0.028000000 0.012000000 0.018000000 0.012000000 0.006000000 0.008000000 0.0100000000 0.0080000000 0.0000000000 0.0020000000 4.000000e-03 6.000000e-03 0.000000e+00 2.000000e-03 2.000000e-03 0.000000e+00 0.0020000000
   74    1      2      0    0      1      -1      -1   500 0.032000000 0.15800000 0.27800000 0.10600000 0.09000000 0.11000000 0.03200000 0.06000000 0.040000000 0.014000000 0.016000000 0.016000000 0.004000000 0.008000000 0.0100000000 0.0100000000 0.0060000000 0.0000000000 2.000000e-03 2.000000e-03 2.000000e-03 2.000000e-03 2.000000e-03 0.000000e+00 0.0000000000
   75    1      2      0    0      1      -1      -1   500 0.024000000 0.17200000 0.16400000 0.21200000 0.09600000 0.07600000 0.08000000 0.02000000 0.058000000 0.028000000 0.016000000 0.018000000 0.006000000 0.010000000 0.0100000000 0.0000000000 0.0040000000 0.0000000000 2.000000e-03 2.000000e-03 0.000000e+00 2.000000e-03 0.000000e+00 0.000000e+00 0.0000000000
   76    1      2      0    0      1      -1      -1   500 0.044000000 0.13600000 0.19800000 0.13000000 0.16000000 0.07000000 0.06800000 0.05000000 0.018000000 0.036000000 0.012000000 0.012000000 0.000000000 0.024000000 0.0080000000 0.0180000000 0.0020000000 0.0040000000 0.000000e+00 0.000000e+00 2.000000e-03 0.000000e+00 4.000000e-03 0.000000e+00 0.0040000000
   77    1      2      0    0      1      -1      -1   500 0.024000000 0.20800000 0.10600000 0.15600000 0.10000000 0.13800000 0.07000000 0.03400000 0.046000000 0.016000000 0.036000000 0.014000000 0.012000000 0.006000000 0.0080000000 0.0140000000 0.0000000000 0.0020000000 6.000000e-03 0.000000e+00 0.000000e+00 0.000000e+00 4.000000e-03 0.000000e+00 0.0000000000
   78    1      2      0    0      1      -1      -1   500 0.028000000 0.21000000 0.17800000 0.09200000 0.09200000 0.05200000 0.12000000 0.04600000 0.046000000 0.038000000 0.002000000 0.038000000 0.016000000 0.002000000 0.0100000000 0.0120000000 0.0040000000 0.0020000000 2.000000e-03 0.000000e+00 0.000000e+00 4.000000e-03 2.000000e-03 0.000000e+00 0.0040000000
   79    1      2      0    0      1      -1      -1   500 0.046000000 0.15600000 0.17400000 0.14000000 0.06400000 0.09600000 0.07000000 0.07800000 0.046000000 0.044000000 0.020000000 0.010000000 0.010000000 0.014000000 0.0060000000 0.0000000000 0.0060000000 0.0020000000 4.000000e-03 2.000000e-03 2.000000e-03 0.000000e+00 4.000000e-03 0.000000e+00 0.0060000000
   80    1      2      0    0      1      -1      -1   500 0.058000000 0.20200000 0.14000000 0.12800000 0.12000000 0.06400000 0.08200000 0.03800000 0.078000000 0.020000000 0.016000000 0.014000000 0.008000000 0.010000000 0.0080000000 0.0020000000 0.0040000000 0.0040000000 2.000000e-03 0.000000e+00 0.000000e+00 0.000000e+00 0.000000e+00 0.000000e+00 0.0020000000
   81    1      2      0    0      1      -1      -1   500 0.042000000 0.25200000 0.15400000 0.09000000 0.11800000 0.09200000 0.04600000 0.05400000 0.034000000 0.052000000 0.008000000 0.016000000 0.012000000 0.002000000 0.0080000000 0.0080000000 0.0020000000 0.0000000000 0.000000e+00 4.000000e-03 2.000000e-03 0.000000e+00 2.000000e-03 0.000000e+00 0.0020000000
   82    1      2      0    0      1      -1      -1   500 0.088000000 0.17600000 0.21800000 0.12400000 0.07000000 0.07400000 0.07400000 0.03000000 0.016000000 0.016000000 0.036000000 0.024000000 0.008000000 0.016000000 0.0040000000 0.0120000000 0.0020000000 0.0020000000 4.000000e-03 0.000000e+00 0.000000e+00 4.000000e-03 0.000000e+00 0.000000e+00 0.0020000000
   83    1      2      0    0      1      -1      -1   500 0.018000000 0.35400000 0.08400000 0.17600000 0.06600000 0.03400000 0.07200000 0.04800000 0.034000000 0.020000000 0.030000000 0.018000000 0.012000000 0.002000000 0.0140000000 0.0020000000 0.0060000000 0.0020000000 2.000000e-03 0.000000e+00 0.000000e+00 0.000000e+00 0.000000e+00 2.000000e-03 0.0040000000
   84    1      2      0    0      1      -1      -1   500 0.038000000 0.12000000 0.32600000 0.08200000 0.11600000 0.08000000 0.02000000 0.05400000 0.044000000 0.020000000 0.006000000 0.014000000 0.026000000 0.010000000 0.0100000000 0.0080000000 0.0080000000 0.0040000000 4.000000e-03 4.000000e-03 2.000000e-03 0.000000e+00 0.000000e+00 0.000000e+00 0.0040000000
   85    1      2      0    0      1      -1      -1   500 0.020000000 0.15800000 0.14800000 0.26000000 0.09400000 0.07400000 0.05400000 0.02600000 0.046000000 0.024000000 0.016000000 0.018000000 0.014000000 0.008000000 0.0080000000 0.0060000000 0.0060000000 0.0000000000 1.000000e-02 4.000000e-03 2.000000e-03 0.000000e+00 2.000000e-03 0.000000e+00 0.0020000000
   86    1      2      0    0      1      -1      -1   500 0.038000000 0.14200000 0.15200000 0.12800000 0.21000000 0.07000000 0.06600000 0.04200000 0.028000000 0.026000000 0.030000000 0.020000000 0.010000000 0.008000000 0.0140000000 0.0020000000 0.0020000000 0.0020000000 0.000000e+00 2.000000e-03 6.000000e-03 0.000000e+00 2.000000e-03 0.000000e+00 0.0000000000
   87    1      2      0    0      1      -1      -1   500 0.066000000 0.20600000 0.09800000 0.12800000 0.08600000 0.16400000 0.04200000 0.06400000 0.036000000 0.024000000 0.026000000 0.014000000 0.012000000 0.004000000 0.0020000000 0.0060000000 0.0060000000 0.0040000000 6.000000e-03 0.000000e+00 0.000000e+00 2.000000e-03 2.000000e-03 0.000000e+00 0.0020000000
   88    1      2      0    0      1      -1      -1   500 0.046000000 0.26600000 0.18200000 0.08400000 0.07400000 0.05800000 0.09800000 0.03400000 0.054000000 0.030000000 0.014000000 0.006000000 0.016000000 0.000000000 0.0080000000 0.0100000000 0.0100000000 0.0000000000 4.000000e-03 0.000000e+00 0.000000e+00 4.000000e-03 0.000000e+00 0.000000e+00 0.0020000000
   89    1      2      0    0      1      -1      -1   500 0.040000000 0.16800000 0.27200000 0.10800000 0.07600000 0.06400000 0.03600000 0.07800000 0.028000000 0.024000000 0.026000000 0.018000000 0.010000000 0.014000000 0.0060000000 0.0060000000 0.0040000000 0.0060000000 0.000000e+00 2.000000e-03 4.000000e-03 4.000000e-03 0.000000e+00 2.000000e-03 0.0040000000
   90    1      2      0    0      1      -1      -1   500 0.072000000 0.21400000 0.13200000 0.18000000 0.09600000 0.05600000 0.05400000 0.04200000 0.048000000 0.018000000 0.030000000 0.020000000 0.006000000 0.010000000 0.0060000000 0.0020000000 0.0020000000 0.0020000000 4.000000e-03 0.000000e+00 4.000000e-03 0.000000e+00 0.000000e+00 0.000000e+00 0.0020000000
   91    1      2      0    0      1      -1      -1   500 0.042000000 0.25400000 0.18800000 0.12000000 0.15200000 0.07200000 0.04200000 0.02800000 0.010000000 0.030000000 0.008000000 0.012000000 0.012000000 0.002000000 0.0060000000 0.0040000000 0.0060000000 0.0040000000 2.000000e-03 2.000000e-03 0.000000e+00 0.000000e+00 2.000000e-03 0.000000e+00 0.0020000000
   92    1      2      0    0      1      -1      -1   500 0.018000000 0.22600000 0.23400000 0.14600000 0.06600000 0.09000000 0.05800000 0.02800000 0.020000000 0.022000000 0.048000000 0.012000000 0.006000000 0.010000000 0.0000000000 0.0060000000 0.0000000000 0.0020000000 0.000000e+00 0.000000e+00 0.000000e+00 0.000000e+00 0.000000e+00 0.000000e+00 0.0080000000
   93    1      2      0    0      1      -1      -1   500 0.028000000 0.12800000 0.16800000 0.19800000 0.12400000 0.08200000 0.10200000 0.04400000 0.016000000 0.022000000 0.024000000 0.016000000 0.004000000 0.014000000 0.0000000000 0.0060000000 0.0060000000 0.0040000000 2.000000e-03 4.000000e-03 2.000000e-03 4.000000e-03 0.000000e+00 0.000000e+00 0.0020000000
   94    1      2      0    0      1      -1      -1   500 0.074000000 0.17000000 0.13600000 0.14400000 0.14800000 0.08600000 0.06200000 0.06200000 0.026000000 0.014000000 0.014000000 0.012000000 0.030000000 0.006000000 0.0060000000 0.0000000000 0.0020000000 0.0000000000 2.000000e-03 2.000000e-03 2.000000e-03 0.000000e+00 0.000000e+00 0.000000e+00 0.0020000000
   95    1      2      0    0      1      -1      -1   500 0.018000000 0.31200000 0.15800000 0.06800000 0.12000000 0.09000000 0.05800000 0.03600000 0.040000000 0.034000000 0.016000000 0.008000000 0.010000000 0.008000000 0.0040000000 0.0080000000 0.0020000000 0.0040000000 0.000000e+00 0.000000e+00 0.000000e+00 0.000000e+00 2.000000e-03 0.000000e+00 0.0040000000
   96    1      2      0    0      1      -1      -1   500 0.056000000 0.09600000 0.26200000 0.12400000 0.06400000 0.10200000 0.07000000 0.04800000 0.036000000 0.052000000 0.028000000 0.012000000 0.006000000 0.010000000 0.0140000000 0.0060000000 0.0040000000 0.0040000000 2.000000e-03 0.000000e+00 2.000000e-03 0.000000e+00 0.000000e+00 0.000000e+00 0.0020000000
   97    1      2      0    0      1      -1      -1   500 0.022000000 0.25400000 0.07600000 0.20600000 0.10400000 0.04800000 0.06400000 0.08000000 0.028000000 0.022000000 0.038000000 0.016000000 0.008000000 0.008000000 0.0020000000 0.0080000000 0.0020000000 0.0040000000 4.000000e-03 0.000000e+00 2.000000e-03 2.000000e-03 0.000000e+00 0.000000e+00 0.0020000000
   98    1      2      0    0      1      -1      -1   500 0.048000000 0.13600000 0.22600000 0.06600000 0.21400000 0.05000000 0.04000000 0.05800000 0.058000000 0.040000000 0.010000000 0.010000000 0.014000000 0.004000000 0.0060000000 0.0040000000 0.0060000000 0.0060000000 0.000000e+00 2.000000e-03 0.000000e+00 2.000000e-03 0.000000e+00 0.000000e+00 0.0000000000
   99    1      2      0    0      1      -1      -1   500 0.062000000 0.18200000 0.08200000 0.19200000 0.07600000 0.14200000 0.05200000 0.02800000 0.040000000 0.044000000 0.024000000 0.028000000 0.018000000 0.006000000 0.0040000000 0.0040000000 0.0000000000 0.0100000000 0.000000e+00 2.000000e-03 2.000000e-03 0.000000e+00 0.000000e+00 0.000000e+00 0.0020000000
  100    1      2      0    0      1      -1      -1   500 0.046000000 0.23200000 0.16600000 0.09000000 0.11200000 0.05400000 0.10400000 0.02400000 0.024000000 0.034000000 0.032000000 0.016000000 0.010000000 0.026000000 0.0040000000 0.0020000000 0.0020000000 0.0040000000 6.000000e-03 2.000000e-03 4.000000e-03 2.000000e-03 0.000000e+00 2.000000e-03 0.0020000000
0 #_N_MeanSize_at_Age_obs
0 #_N_environ_variables
0 #_N_environ_obs
0 #_N_sizefreq_methods
0 #_do_tags
0 #_morphcomp_data
#
999
