#C data file created using the SS_writedat function in the R package r4ss
#C should work with SS version: 
#C file write time: 2014-11-06 00:47:17
#
1 #_styr
100 #_endyr
1 #_nseas
12 #_months_per_seas
1 #_spawn_seas
1 #_Nfleet
2 #_Nsurveys
1 #_N_areas
Fishery%Survey%CPUE #_fleetnames
0.5 0.5 0.5 #_surveytiming_in_season
1 1 1 #_area_assignments_for_each_fishery_and_survey
1 #_units of catch:  1=bio; 2=num
0.01 #_se of log(catch) only used for init_eq_catch and for Fmethod 2 and 3
1 #_Ngenders
25 #_Nages
0 #_init_equil_catch_for_each_fishery
100 #_N_lines_of_catch_to_read
 #_Fishery year seas
         0    1    1
         0    2    1
         0    3    1
         0    4    1
         0    5    1
         0    6    1
         0    7    1
         0    8    1
         0    9    1
         0   10    1
         0   11    1
         0   12    1
         0   13    1
         0   14    1
         0   15    1
         0   16    1
         0   17    1
         0   18    1
         0   19    1
         0   20    1
         0   21    1
         0   22    1
         0   23    1
         0   24    1
         0   25    1
 276190000   26    1
 258170000   27    1
 238909000   28    1
 220887000   29    1
 205167000   30    1
 192771000   31    1
 181448000   32    1
 173837000   33    1
 171822000   34    1
 169556000   35    1
 167315000   36    1
 162963000   37    1
 155603000   38    1
 148821000   39    1
 144086000   40    1
 142049000   41    1
 144537000   42    1
 149104000   43    1
 155963000   44    1
 159799000   45    1
 158642000   46    1
 155715000   47    1
 151470000   48    1
 146701000   49    1
 140939000   50    1
 134585000   51    1
 130817000   52    1
 131071000   53    1
 130851000   54    1
 129337000   55    1
 128903000   56    1
 128024000   57    1
 132733000   58    1
 144244000   59    1
 150950000   60    1
 159033000   61    1
 166535000   62    1
 168441000   63    1
 169847000   64    1
 172613000   65    1
 171454000   66    1
 167589000   67    1
 161951000   68    1
 156971000   69    1
 154873000   70    1
 153089000   71    1
 153107000   72    1
 151953000   73    1
 150432000   74    1
 148801000   75    1
 152935000   76    1
 161769000   77    1
 168420000   78    1
 172860000   79    1
 171298000   80    1
 168414000   81    1
 164288000   82    1
 157392000   83    1
 151015000   84    1
 145102000   85    1
 144124000   86    1
 143695000   87    1
 141347000   88    1
 138596000   89    1
 136289000   90    1
 135855000   91    1
 137067000   92    1
 136926000   93    1
 134254000   94    1
 130304000   95    1
 131168000   96    1
 137268000   97    1
 142454000   98    1
 144820000   99    1
 146300000  100    1
13 #_N_cpue
 #_Fleet Units Errtype
       1     1       0
       2     1       0
       3     1       0
 #_year seas index        obs se_log
     76    1     2 1558004321    0.2
     78    1     2 2208038848    0.2
     80    1     2 2246096399    0.2
     82    1     2 2860336315    0.2
     84    1     2 1804645373    0.2
     86    1     2 1637602452    0.2
     88    1     2 2331193433    0.2
     90    1     2 2460066214    0.2
     92    1     2 2457386366    0.2
     94    1     2 2222575721    0.2
     96    1     2 2281230195    0.2
     98    1     2 2514167060    0.2
    100    1     2 1528578292    0.2
0 #_N_discard_fleets
#_discard_units (1=same_as_catchunits(bio/num); 2=fraction; 3=numbers)
#_discard_errtype:  >0 for DF of T-dist(read CV below); 0 for normal with CV; -1 for normal with se; -2 for lognormal
0 #_N_discard
0 #_N_meanbodywt
1 #_DF_for_meanbodywt_T-distribution_like
2 # length bin method: 1=use databins; 2=generate from binwidth,min,max below; 3=read vector
1 # binwidth for population size comp
10 # minimum size in the population (lower edge of first bin and size at age 0.00)
200 # maximum size in the population (lower edge of last bin)
-0.001 #_comp_tail_compression
1e-05 #_add_to_comp
0 #_combine males into females at or below this bin number
21 #_N_lbins
#_lbin_vector
10 53 70 83 94 101 107 111 114 117 120 123 125 127 130 132 135 138 142 148 200
0 #_N_Length_comp_observations
25 #_N_agebins
#_agebin_vector
1 2 3 4 5 6 7 8 9 10 11 12 13 14 15 16 17 18 19 20 21 22 23 24 25
1 #_N_ageerror_definitions
 #_age0   age1   age2   age3   age4   age5   age6   age7   age8   age9  age10  age11  age12  age13  age14  age15  age16  age17  age18  age19  age20  age21  age22  age23  age24  age25
 -1.000 -1.000 -1.000 -1.000 -1.000 -1.000 -1.000 -1.000 -1.000 -1.000 -1.000 -1.000 -1.000 -1.000 -1.000 -1.000 -1.000 -1.000 -1.000 -1.000 -1.000 -1.000 -1.000 -1.000 -1.000 -1.000
  0.001  0.001  0.001  0.001  0.001  0.001  0.001  0.001  0.001  0.001  0.001  0.001  0.001  0.001  0.001  0.001  0.001  0.001  0.001  0.001  0.001  0.001  0.001  0.001  0.001  0.001
22 #_N_agecomp
1 #_Lbin_method: 1=poplenbins; 2=datalenbins; 3=lengths
-1 #_combine males into females at or below this bin number
 #_Yr Seas FltSvy Gender Part Ageerr Lbin_lo Lbin_hi Nsamp          a1         a2         a3         a4         a5         a6         a7         a8          a9         a10         a11         a12          a13          a14          a15          a16          a17          a18          a19          a20          a21          a22          a23          a24          a25
   50    1      1      0    0      1      -1      -1    50 0.005231621 0.07954206 0.16977888 0.08466889 0.13736034 0.03726176 0.06252537 0.16792204 0.099053570 0.060027406 0.067619165 0.005999165 0.0023258991 0.0040468146 8.510951e-03 4.365148e-03 1.661390e-05 2.024700e-03 5.293710e-04 2.030887e-07 1.291731e-48 4.354694e-06 1.043270e-20 9.264130e-36 1.185678e-03
   55    1      1      0    0      1      -1      -1    50 0.035311570 0.14960099 0.18593595 0.12564338 0.10340453 0.01223889 0.06398638 0.03727096 0.095255278 0.013426962 0.065746324 0.015257341 0.0093246193 0.0198788512 2.336213e-03 7.215358e-03 5.105153e-03 9.495039e-03 9.126448e-03 1.211598e-02 1.557779e-05 5.389366e-06 5.931761e-06 6.694777e-11 2.229688e-02
   60    1      1      0    0      1      -1      -1    50 0.050183636 0.19718093 0.18534558 0.34229688 0.04841914 0.03110096 0.02638105 0.01986822 0.029630701 0.027447299 0.001060760 0.004721515 0.0138577220 0.0210567941 6.682887e-04 4.119509e-07 5.801228e-07 8.301183e-06 9.017889e-08 6.971702e-07 1.374890e-04 6.044965e-04 6.171132e-10 5.833928e-12 2.846840e-05
   65    1      1      0    0      1      -1      -1    50 0.006420701 0.17554866 0.24429441 0.13978844 0.09259419 0.09319148 0.06849020 0.05190504 0.038646798 0.073093173 0.002609587 0.007439759 0.0005162128 0.0009379723 1.126583e-06 1.893032e-05 9.456460e-06 2.360747e-08 1.083505e-10 4.593461e-07 1.081909e-20 1.355745e-09 4.362949e-03 8.383431e-34 1.304379e-04
   70    1      1      0    0      1      -1      -1    50 0.022559467 0.05120881 0.24112707 0.02818797 0.09934365 0.10050445 0.15791813 0.07697457 0.019587662 0.002909854 0.122719050 0.015991333 0.0185025491 0.0095166082 3.433302e-04 5.826848e-03 2.755853e-04 1.455609e-02 2.817863e-05 2.212488e-06 1.409952e-04 9.230181e-25 1.173079e-02 1.349444e-14 4.480317e-05
   75    1      1      0    0      1      -1      -1    50 0.014413788 0.17053200 0.15824008 0.07747152 0.08049923 0.16264455 0.10718634 0.05888995 0.007248769 0.100628133 0.008597731 0.009296616 0.0095334440 0.0004028955 1.268537e-04 1.435171e-02 6.215946e-07 4.952286e-04 4.434889e-03 3.028000e-06 3.772439e-06 1.611131e-13 1.017051e-04 9.788981e-09 1.489713e-02
   80    1      1      0    0      1      -1      -1    50 0.035864590 0.08416798 0.10939493 0.17738551 0.08892735 0.23873005 0.06425343 0.07117273 0.022088231 0.027419885 0.026323891 0.020653418 0.0171813855 0.0006622996 7.979082e-06 1.141826e-02 3.601078e-04 2.858484e-03 5.174783e-18 3.416799e-06 2.400378e-04 1.357084e-09 7.693110e-05 8.088544e-04 2.487400e-07
   85    1      1      0    0      1      -1      -1    50 0.014730500 0.17558526 0.14998245 0.17125712 0.02957853 0.07431608 0.05000921 0.03795415 0.051972001 0.033897043 0.148334455 0.007550705 0.0056155614 0.0012032588 1.286896e-02 4.121894e-03 1.312324e-02 8.794008e-03 3.915822e-05 4.495317e-03 3.971486e-07 2.395248e-12 5.151857e-04 6.329684e-08 4.055464e-03
   90    1      1      0    0      1      -1      -1    50 0.009641224 0.15872862 0.12888146 0.14453277 0.09045736 0.04320775 0.12649132 0.03071305 0.159133971 0.034048308 0.038936658 0.015356352 0.0009427456 0.0052594743 1.674469e-06 5.813782e-03 2.684571e-03 2.678876e-04 7.493586e-04 1.366795e-09 4.082542e-08 4.151595e-03 9.295234e-12 2.951159e-09 1.103222e-08
   95    1      1      0    0      1      -1      -1    50 0.017525396 0.20945696 0.05269773 0.10018729 0.15719111 0.05805719 0.14459325 0.09515256 0.065582447 0.007307849 0.023934159 0.002063896 0.0497012505 0.0025314283 2.270818e-05 1.193182e-02 1.831419e-09 1.011530e-03 4.162105e-06 2.653570e-09 3.911285e-09 1.047102e-03 6.524729e-08 7.709251e-08 8.713655e-12
  100    1      1      0    0      1      -1      -1    50 0.022447087 0.31088660 0.11401437 0.09668370 0.11393205 0.14043090 0.08834533 0.01827144 0.017858865 0.021604258 0.004896949 0.011790175 0.0166741564 0.0077016629 9.975875e-03 1.888053e-04 1.338520e-03 1.900203e-05 9.444003e-11 5.623445e-12 3.609467e-08 3.423968e-07 8.173723e-04 2.119231e-03 3.274029e-06
   50    1      2      0    0      1      -1      -1    50 0.060000000 0.20000000 0.14000000 0.12000000 0.08000000 0.06000000 0.04000000 0.12000000 0.060000000 0.060000000 0.000000000 0.000000000 0.0200000000 0.0000000000 0.000000e+00 0.000000e+00 0.000000e+00 2.000000e-02 0.000000e+00 0.000000e+00 0.000000e+00 2.000000e-02 0.000000e+00 0.000000e+00 0.000000e+00
   55    1      2      0    0      1      -1      -1    50 0.000000000 0.24000000 0.14000000 0.12000000 0.18000000 0.04000000 0.06000000 0.12000000 0.040000000 0.000000000 0.000000000 0.000000000 0.0000000000 0.0400000000 2.000000e-02 0.000000e+00 0.000000e+00 0.000000e+00 0.000000e+00 0.000000e+00 0.000000e+00 0.000000e+00 0.000000e+00 0.000000e+00 0.000000e+00
   60    1      2      0    0      1      -1      -1    50 0.080000000 0.22000000 0.12000000 0.30000000 0.02000000 0.08000000 0.04000000 0.04000000 0.080000000 0.000000000 0.020000000 0.000000000 0.0000000000 0.0000000000 0.000000e+00 0.000000e+00 0.000000e+00 0.000000e+00 0.000000e+00 0.000000e+00 0.000000e+00 0.000000e+00 0.000000e+00 0.000000e+00 0.000000e+00
   65    1      2      0    0      1      -1      -1    50 0.040000000 0.22000000 0.22000000 0.10000000 0.08000000 0.10000000 0.06000000 0.00000000 0.120000000 0.000000000 0.000000000 0.020000000 0.0000000000 0.0000000000 0.000000e+00 0.000000e+00 0.000000e+00 2.000000e-02 2.000000e-02 0.000000e+00 0.000000e+00 0.000000e+00 0.000000e+00 0.000000e+00 0.000000e+00
   70    1      2      0    0      1      -1      -1    50 0.040000000 0.16000000 0.20000000 0.12000000 0.06000000 0.06000000 0.04000000 0.10000000 0.040000000 0.000000000 0.060000000 0.020000000 0.0200000000 0.0600000000 2.000000e-02 0.000000e+00 0.000000e+00 0.000000e+00 0.000000e+00 0.000000e+00 0.000000e+00 0.000000e+00 0.000000e+00 0.000000e+00 0.000000e+00
   75    1      2      0    0      1      -1      -1    50 0.060000000 0.34000000 0.16000000 0.10000000 0.10000000 0.08000000 0.04000000 0.04000000 0.020000000 0.000000000 0.000000000 0.000000000 0.0400000000 0.0000000000 0.000000e+00 0.000000e+00 0.000000e+00 0.000000e+00 0.000000e+00 0.000000e+00 0.000000e+00 0.000000e+00 0.000000e+00 0.000000e+00 2.000000e-02
   80    1      2      0    0      1      -1      -1    50 0.000000000 0.20000000 0.10000000 0.18000000 0.14000000 0.12000000 0.02000000 0.02000000 0.060000000 0.060000000 0.040000000 0.040000000 0.0000000000 0.0000000000 2.000000e-02 0.000000e+00 0.000000e+00 0.000000e+00 0.000000e+00 0.000000e+00 0.000000e+00 0.000000e+00 0.000000e+00 0.000000e+00 0.000000e+00
   85    1      2      0    0      1      -1      -1    50 0.040000000 0.32000000 0.00000000 0.12000000 0.06000000 0.14000000 0.04000000 0.02000000 0.060000000 0.040000000 0.020000000 0.020000000 0.0200000000 0.0000000000 6.000000e-02 2.000000e-02 0.000000e+00 0.000000e+00 0.000000e+00 0.000000e+00 0.000000e+00 0.000000e+00 0.000000e+00 2.000000e-02 0.000000e+00
   90    1      2      0    0      1      -1      -1    50 0.040000000 0.20000000 0.18000000 0.14000000 0.04000000 0.10000000 0.10000000 0.00000000 0.120000000 0.000000000 0.040000000 0.000000000 0.0000000000 0.0000000000 0.000000e+00 0.000000e+00 4.000000e-02 0.000000e+00 0.000000e+00 0.000000e+00 0.000000e+00 0.000000e+00 0.000000e+00 0.000000e+00 0.000000e+00
   95    1      2      0    0      1      -1      -1    50 0.120000000 0.14000000 0.08000000 0.14000000 0.04000000 0.16000000 0.10000000 0.00000000 0.080000000 0.020000000 0.040000000 0.040000000 0.0000000000 0.0200000000 0.000000e+00 0.000000e+00 0.000000e+00 0.000000e+00 0.000000e+00 0.000000e+00 2.000000e-02 0.000000e+00 0.000000e+00 0.000000e+00 0.000000e+00
  100    1      2      0    0      1      -1      -1    50 0.080000000 0.26000000 0.08000000 0.06000000 0.10000000 0.18000000 0.08000000 0.04000000 0.040000000 0.020000000 0.060000000 0.000000000 0.0000000000 0.0000000000 0.000000e+00 0.000000e+00 0.000000e+00 0.000000e+00 0.000000e+00 0.000000e+00 0.000000e+00 0.000000e+00 0.000000e+00 0.000000e+00 0.000000e+00
0 #_N_MeanSize_at_Age_obs
0 #_N_environ_variables
0 #_N_environ_obs
0 #_N_sizefreq_methods
0 #_do_tags
0 #_morphcomp_data
#
999
