#C data file created using the SS_writedat function in the R package r4ss
#C should work with SS version: 
#C file write time: 2014-11-05 23:48:03
#
1 #_styr
100 #_endyr
1 #_nseas
12 #_months_per_seas
1 #_spawn_seas
1 #_Nfleet
2 #_Nsurveys
1 #_N_areas
Fishery%Survey%CPUE #_fleetnames
0.5 0.5 0.5 #_surveytiming_in_season
1 1 1 #_area_assignments_for_each_fishery_and_survey
1 #_units of catch:  1=bio; 2=num
0.01 #_se of log(catch) only used for init_eq_catch and for Fmethod 2 and 3
1 #_Ngenders
25 #_Nages
0 #_init_equil_catch_for_each_fishery
100 #_N_lines_of_catch_to_read
 #_Fishery year seas
         0    1    1
         0    2    1
         0    3    1
         0    4    1
         0    5    1
         0    6    1
         0    7    1
         0    8    1
         0    9    1
         0   10    1
         0   11    1
         0   12    1
         0   13    1
         0   14    1
         0   15    1
         0   16    1
         0   17    1
         0   18    1
         0   19    1
         0   20    1
         0   21    1
         0   22    1
         0   23    1
         0   24    1
         0   25    1
 264739000   26    1
 250119000   27    1
 234767000   28    1
 217566000   29    1
 199013000   30    1
 185518000   31    1
 180072000   32    1
 180289000   33    1
 182455000   34    1
 183575000   35    1
 185913000   36    1
 190225000   37    1
 190183000   38    1
 186367000   39    1
 178945000   40    1
 172080000   41    1
 168001000   42    1
 166381000   43    1
 164294000   44    1
 160985000   45    1
 154732000   46    1
 146991000   47    1
 139632000   48    1
 132686000   49    1
 124697000   50    1
 119589000   51    1
 117474000   52    1
 115779000   53    1
 114893000   54    1
 117620000   55    1
 121411000   56    1
 123632000   57    1
 123149000   58    1
 119919000   59    1
 118132000   60    1
 118702000   61    1
 120271000   62    1
 122176000   63    1
 120608000   64    1
 118820000   65    1
 116977000   66    1
 116569000   67    1
 119326000   68    1
 123223000   69    1
 128871000   70    1
 135258000   71    1
 138388000   72    1
 137874000   73    1
 136504000   74    1
 133757000   75    1
 129841000   76    1
 127898000   77    1
 130704000   78    1
 138617000   79    1
 146952000   80    1
 152666000   81    1
 158892000   82    1
 162492000   83    1
 164097000   84    1
 167774000   85    1
 167015000   86    1
 163136000   87    1
 161397000   88    1
 167364000   89    1
 170690000   90    1
 171430000   91    1
 174578000   92    1
 178344000   93    1
 179144000   94    1
 185830000   95    1
 192593000   96    1
 192509000   97    1
 187683000   98    1
 183039000   99    1
 180168000  100    1
13 #_N_cpue
 #_Fleet Units Errtype
       1     1       0
       2     1       0
       3     1       0
 #_year seas index        obs se_log
     76    1     2 1171027960    0.2
     78    1     2 2556132992    0.2
     80    1     2 2225150763    0.2
     82    1     2 1653630157    0.2
     84    1     2 2191605512    0.2
     86    1     2 2269570635    0.2
     88    1     2 1672701269    0.2
     90    1     2 1938024497    0.2
     92    1     2 1775640482    0.2
     94    1     2 2236239719    0.2
     96    1     2 2031857005    0.2
     98    1     2 4039057976    0.2
    100    1     2 2206999752    0.2
0 #_N_discard_fleets
#_discard_units (1=same_as_catchunits(bio/num); 2=fraction; 3=numbers)
#_discard_errtype:  >0 for DF of T-dist(read CV below); 0 for normal with CV; -1 for normal with se; -2 for lognormal
0 #_N_discard
0 #_N_meanbodywt
1 #_DF_for_meanbodywt_T-distribution_like
2 # length bin method: 1=use databins; 2=generate from binwidth,min,max below; 3=read vector
1 # binwidth for population size comp
10 # minimum size in the population (lower edge of first bin and size at age 0.00)
200 # maximum size in the population (lower edge of last bin)
-0.001 #_comp_tail_compression
1e-05 #_add_to_comp
0 #_combine males into females at or below this bin number
21 #_N_lbins
#_lbin_vector
10 53 70 83 94 101 107 111 114 117 120 123 125 127 130 132 135 138 142 148 200
0 #_N_Length_comp_observations
25 #_N_agebins
#_agebin_vector
1 2 3 4 5 6 7 8 9 10 11 12 13 14 15 16 17 18 19 20 21 22 23 24 25
1 #_N_ageerror_definitions
 #_age0   age1   age2   age3   age4   age5   age6   age7   age8   age9  age10  age11  age12  age13  age14  age15  age16  age17  age18  age19  age20  age21  age22  age23  age24  age25
 -1.000 -1.000 -1.000 -1.000 -1.000 -1.000 -1.000 -1.000 -1.000 -1.000 -1.000 -1.000 -1.000 -1.000 -1.000 -1.000 -1.000 -1.000 -1.000 -1.000 -1.000 -1.000 -1.000 -1.000 -1.000 -1.000
  0.001  0.001  0.001  0.001  0.001  0.001  0.001  0.001  0.001  0.001  0.001  0.001  0.001  0.001  0.001  0.001  0.001  0.001  0.001  0.001  0.001  0.001  0.001  0.001  0.001  0.001
34 #_N_agecomp
1 #_Lbin_method: 1=poplenbins; 2=datalenbins; 3=lengths
-1 #_combine males into females at or below this bin number
 #_Yr Seas FltSvy Gender Part Ageerr Lbin_lo Lbin_hi Nsamp          a1         a2         a3         a4         a5         a6         a7          a8         a9         a10         a11         a12          a13          a14          a15          a16          a17          a18          a19          a20          a21          a22          a23          a24          a25
   50    1      1      0    0      1      -1      -1   200 0.028052830 0.13827519 0.07733626 0.22514910 0.06187757 0.05510791 0.05224446 0.059635325 0.05418381 0.055195940 0.047834190 0.019709462 1.406548e-02 0.0329959504 7.648379e-03 1.420929e-02 1.475174e-02 5.058056e-04 5.628322e-03 9.031925e-03 1.875497e-02 3.710758e-05 1.704053e-06 5.818575e-05 7.709083e-03
   60    1      1      0    0      1      -1      -1   200 0.021583397 0.22068309 0.16441942 0.06235084 0.10686637 0.10194053 0.11675477 0.051225745 0.02210599 0.040371399 0.041786953 0.019135059 4.616313e-05 0.0091997070 2.092635e-03 1.933406e-03 2.244307e-03 2.682314e-03 9.034879e-03 5.258766e-04 7.724219e-04 2.010104e-05 1.925458e-03 3.648852e-05 2.626915e-04
   70    1      1      0    0      1      -1      -1   200 0.015667277 0.26347181 0.20058221 0.13978824 0.12438478 0.04312345 0.05641026 0.037200864 0.01872531 0.041270819 0.005868211 0.014489019 4.737252e-03 0.0019321058 3.962097e-03 1.025816e-02 7.303739e-04 1.812021e-03 8.798813e-05 1.618780e-03 1.339265e-02 1.305735e-04 6.939966e-09 4.150800e-07 3.553328e-04
   75    1      1      0    0      1      -1      -1   200 0.007155698 0.10023587 0.18142965 0.13353518 0.08662585 0.10119585 0.16488233 0.077692197 0.03726878 0.042850054 0.010910530 0.019006343 2.155212e-03 0.0014493536 7.670877e-03 1.615225e-02 2.738817e-03 3.870774e-04 2.161498e-05 3.749843e-03 2.250721e-03 1.270550e-05 3.276164e-04 2.157492e-13 2.955791e-04
   76    1      1      0    0      1      -1      -1   200 0.014851797 0.12589692 0.14806715 0.12687286 0.13052618 0.07303338 0.11526144 0.074940928 0.03572185 0.028617615 0.047810607 0.007383329 1.575095e-02 0.0094937028 6.770011e-03 1.665610e-02 1.380676e-03 1.849574e-02 2.052809e-03 1.486578e-04 2.791324e-05 1.585333e-05 2.360581e-05 1.629427e-04 3.697966e-05
   79    1      1      0    0      1      -1      -1   200 0.013481001 0.22887471 0.26884089 0.15556536 0.05422800 0.07949469 0.04599749 0.027713381 0.01457913 0.024913217 0.039525175 0.016710832 5.636051e-03 0.0155905041 1.106199e-03 4.124279e-03 1.020943e-05 9.409403e-06 5.222251e-04 2.905769e-03 2.424495e-05 2.654636e-06 2.918262e-05 1.523971e-06 1.138710e-04
   82    1      1      0    0      1      -1      -1   200 0.017366605 0.21276889 0.22662036 0.15121958 0.11516942 0.11636515 0.07523488 0.009132375 0.01611976 0.016278964 0.008365125 0.003900030 2.110361e-03 0.0027469492 1.468695e-02 1.175033e-03 9.141041e-03 6.615850e-04 3.284050e-06 1.370102e-08 4.288004e-06 5.821358e-04 2.461082e-09 3.020203e-13 3.472322e-04
   85    1      1      0    0      1      -1      -1   200 0.009653648 0.07322998 0.33946485 0.08307651 0.14717794 0.08217773 0.06806613 0.083174801 0.05011040 0.018214307 0.007218117 0.006548080 2.661548e-03 0.0114244458 3.223919e-05 1.128836e-02 2.102631e-03 2.322592e-04 5.212690e-04 3.536762e-03 4.691867e-09 8.643885e-07 3.299057e-13 3.181367e-19 8.712603e-05
   88    1      1      0    0      1      -1      -1   200 0.020043969 0.33092833 0.08886112 0.08865202 0.06879134 0.14044907 0.02531768 0.046196486 0.04474756 0.024112899 0.037551637 0.029861881 1.549522e-03 0.0087973325 1.276690e-02 9.895293e-04 4.604820e-03 1.088964e-02 4.933109e-03 4.460677e-03 1.823843e-05 3.860323e-04 3.314976e-03 1.091174e-20 1.775227e-03
   89    1      1      0    0      1      -1      -1   200 0.003223390 0.21232068 0.34415799 0.09692583 0.04684238 0.05474013 0.08339280 0.026911127 0.03902316 0.037698333 0.015699434 0.009815415 8.577472e-03 0.0054019283 4.570641e-03 7.570173e-03 2.066756e-03 2.274906e-05 8.136405e-04 2.011343e-04 1.099415e-07 4.537889e-07 1.630747e-05 9.881324e-10 7.972003e-06
   91    1      1      0    0      1      -1      -1   200 0.019430627 0.13897755 0.23160384 0.14432259 0.19710374 0.03507674 0.05503413 0.033772185 0.06799657 0.011620451 0.022995671 0.012875964 1.293331e-02 0.0007060145 1.851584e-03 1.585398e-03 1.283752e-03 3.475789e-03 2.556181e-05 4.374227e-04 4.782188e-05 9.138555e-05 5.069727e-04 1.527649e-14 6.244923e-03
   93    1      1      0    0      1      -1      -1   200 0.015284001 0.07412017 0.31322845 0.12710285 0.08739614 0.11925517 0.13601470 0.010689265 0.00924672 0.011407741 0.038472901 0.011316013 5.849163e-03 0.0226019872 1.292455e-03 7.529032e-03 2.135059e-03 2.740662e-03 9.297425e-04 2.799275e-03 1.339541e-07 2.072519e-07 1.241936e-04 4.638208e-04 1.423770e-07
   95    1      1      0    0      1      -1      -1   200 0.007058451 0.24570167 0.21942364 0.06180459 0.22081717 0.05453478 0.01568443 0.041480835 0.06961568 0.008066493 0.007073019 0.003824683 1.342834e-02 0.0056787578 9.291475e-03 5.990418e-03 2.190326e-03 1.077266e-03 1.035513e-03 4.642474e-05 4.552373e-06 4.995243e-05 7.745172e-05 6.033480e-03 1.059902e-05
   97    1      1      0    0      1      -1      -1   200 0.010398392 0.09273511 0.10375255 0.26583569 0.17372094 0.03691729 0.11108597 0.029255910 0.05114180 0.029040626 0.041235466 0.002899578 9.036790e-03 0.0128710511 1.220259e-02 3.222283e-08 3.909007e-03 4.263250e-04 7.561941e-03 1.626837e-03 7.912725e-04 4.224168e-07 3.951731e-08 5.183100e-09 3.554381e-03
   98    1      1      0    0      1      -1      -1   200 0.034370687 0.08120811 0.09757169 0.12831393 0.24378122 0.14282372 0.05482008 0.067181581 0.02718956 0.027527260 0.025601066 0.029705931 3.749019e-03 0.0070839675 5.995750e-03 1.669362e-03 6.502038e-03 2.713706e-03 1.430770e-03 2.109711e-03 7.285445e-03 3.965124e-04 8.766508e-04 2.576877e-06 8.966632e-05
   99    1      1      0    0      1      -1      -1   200 0.015481348 0.23865065 0.07234878 0.05997762 0.10447797 0.20831869 0.10287362 0.007789006 0.05684695 0.046868859 0.019046877 0.021379659 3.785179e-02 0.0003201334 9.594643e-05 1.505213e-03 1.471758e-03 3.600848e-04 5.045254e-09 1.397325e-03 1.259717e-03 1.726772e-04 9.647733e-04 4.690411e-04 7.149402e-05
  100    1      1      0    0      1      -1      -1   200 0.008843092 0.18164020 0.23221236 0.08588438 0.05852183 0.06870161 0.06669591 0.100896398 0.02292530 0.040207202 0.046863382 0.008567121 1.493669e-02 0.0386921346 6.042296e-04 5.914765e-03 1.696340e-03 4.754561e-03 4.771915e-08 8.065845e-04 3.807416e-05 4.460100e-06 7.882842e-03 2.710209e-03 2.767778e-07
   50    1      2      0    0      1      -1      -1   200 0.065000000 0.18500000 0.08500000 0.22500000 0.07000000 0.06000000 0.03000000 0.050000000 0.06500000 0.055000000 0.025000000 0.010000000 5.000000e-03 0.0000000000 1.000000e-02 2.500000e-02 1.000000e-02 5.000000e-03 0.000000e+00 0.000000e+00 1.000000e-02 0.000000e+00 0.000000e+00 0.000000e+00 1.000000e-02
   60    1      2      0    0      1      -1      -1   200 0.045000000 0.26000000 0.15500000 0.05000000 0.12000000 0.09000000 0.09000000 0.075000000 0.00000000 0.025000000 0.020000000 0.015000000 1.500000e-02 0.0100000000 5.000000e-03 0.000000e+00 0.000000e+00 5.000000e-03 5.000000e-03 1.000000e-02 0.000000e+00 0.000000e+00 0.000000e+00 5.000000e-03 0.000000e+00
   70    1      2      0    0      1      -1      -1   200 0.055000000 0.25000000 0.20500000 0.12000000 0.09000000 0.06000000 0.05000000 0.045000000 0.01000000 0.025000000 0.010000000 0.010000000 1.000000e-02 0.0050000000 2.000000e-02 0.000000e+00 5.000000e-03 1.500000e-02 5.000000e-03 0.000000e+00 5.000000e-03 5.000000e-03 0.000000e+00 0.000000e+00 0.000000e+00
   75    1      2      0    0      1      -1      -1   200 0.060000000 0.12500000 0.16000000 0.17000000 0.12500000 0.06500000 0.10500000 0.045000000 0.02500000 0.060000000 0.010000000 0.015000000 0.000000e+00 0.0050000000 1.500000e-02 0.000000e+00 5.000000e-03 0.000000e+00 5.000000e-03 0.000000e+00 0.000000e+00 5.000000e-03 0.000000e+00 0.000000e+00 0.000000e+00
   76    1      2      0    0      1      -1      -1   200 0.020000000 0.16500000 0.13000000 0.13500000 0.12500000 0.07000000 0.10000000 0.055000000 0.05000000 0.025000000 0.055000000 0.005000000 1.000000e-02 0.0100000000 5.000000e-03 1.000000e-02 2.000000e-02 1.000000e-02 0.000000e+00 0.000000e+00 0.000000e+00 0.000000e+00 0.000000e+00 0.000000e+00 0.000000e+00
   79    1      2      0    0      1      -1      -1   200 0.025000000 0.29000000 0.20500000 0.13500000 0.12000000 0.02500000 0.05000000 0.045000000 0.01000000 0.025000000 0.005000000 0.035000000 0.000000e+00 0.0100000000 5.000000e-03 0.000000e+00 1.000000e-02 0.000000e+00 5.000000e-03 0.000000e+00 0.000000e+00 0.000000e+00 0.000000e+00 0.000000e+00 0.000000e+00
   82    1      2      0    0      1      -1      -1   200 0.010000000 0.20500000 0.21500000 0.11000000 0.14000000 0.13000000 0.04500000 0.025000000 0.01000000 0.030000000 0.020000000 0.005000000 1.000000e-02 0.0150000000 0.000000e+00 1.500000e-02 5.000000e-03 5.000000e-03 0.000000e+00 0.000000e+00 0.000000e+00 0.000000e+00 0.000000e+00 0.000000e+00 5.000000e-03
   85    1      2      0    0      1      -1      -1   200 0.030000000 0.18500000 0.29500000 0.04500000 0.13500000 0.07000000 0.05000000 0.100000000 0.03000000 0.015000000 0.005000000 0.005000000 1.500000e-02 0.0050000000 5.000000e-03 0.000000e+00 5.000000e-03 0.000000e+00 0.000000e+00 0.000000e+00 0.000000e+00 0.000000e+00 0.000000e+00 0.000000e+00 5.000000e-03
   88    1      2      0    0      1      -1      -1   200 0.030000000 0.39500000 0.05000000 0.13500000 0.07000000 0.11000000 0.03000000 0.040000000 0.05000000 0.025000000 0.015000000 0.020000000 0.000000e+00 0.0050000000 0.000000e+00 1.000000e-02 1.000000e-02 0.000000e+00 5.000000e-03 0.000000e+00 0.000000e+00 0.000000e+00 0.000000e+00 0.000000e+00 0.000000e+00
   89    1      2      0    0      1      -1      -1   200 0.045000000 0.21500000 0.32000000 0.03000000 0.08500000 0.06000000 0.10500000 0.010000000 0.03500000 0.030000000 0.025000000 0.010000000 2.500000e-02 0.0000000000 0.000000e+00 0.000000e+00 5.000000e-03 0.000000e+00 0.000000e+00 0.000000e+00 0.000000e+00 0.000000e+00 0.000000e+00 0.000000e+00 0.000000e+00
   91    1      2      0    0      1      -1      -1   200 0.035000000 0.17500000 0.14000000 0.18500000 0.21000000 0.02500000 0.03000000 0.050000000 0.06000000 0.005000000 0.030000000 0.010000000 0.000000e+00 0.0100000000 1.500000e-02 1.000000e-02 5.000000e-03 5.000000e-03 0.000000e+00 0.000000e+00 0.000000e+00 0.000000e+00 0.000000e+00 0.000000e+00 0.000000e+00
   93    1      2      0    0      1      -1      -1   200 0.085000000 0.10500000 0.30500000 0.10000000 0.11000000 0.07000000 0.10500000 0.000000000 0.01500000 0.025000000 0.020000000 0.000000000 5.000000e-03 0.0300000000 5.000000e-03 0.000000e+00 1.000000e-02 0.000000e+00 5.000000e-03 0.000000e+00 0.000000e+00 0.000000e+00 0.000000e+00 5.000000e-03 0.000000e+00
   95    1      2      0    0      1      -1      -1   200 0.030000000 0.23000000 0.21500000 0.05000000 0.17000000 0.09500000 0.02500000 0.025000000 0.07000000 0.005000000 0.015000000 0.000000000 2.000000e-02 0.0050000000 1.000000e-02 1.000000e-02 5.000000e-03 5.000000e-03 5.000000e-03 1.000000e-02 0.000000e+00 0.000000e+00 0.000000e+00 0.000000e+00 0.000000e+00
   97    1      2      0    0      1      -1      -1   200 0.030000000 0.11500000 0.12500000 0.30000000 0.13000000 0.04500000 0.08000000 0.025000000 0.04500000 0.025000000 0.035000000 0.000000000 1.000000e-02 0.0100000000 1.000000e-02 0.000000e+00 5.000000e-03 5.000000e-03 5.000000e-03 0.000000e+00 0.000000e+00 0.000000e+00 0.000000e+00 0.000000e+00 0.000000e+00
   98    1      2      0    0      1      -1      -1   200 0.030000000 0.11000000 0.08500000 0.09500000 0.21500000 0.16500000 0.01500000 0.065000000 0.05000000 0.050000000 0.020000000 0.055000000 5.000000e-03 0.0100000000 0.000000e+00 0.000000e+00 0.000000e+00 1.500000e-02 0.000000e+00 5.000000e-03 1.000000e-02 0.000000e+00 0.000000e+00 0.000000e+00 0.000000e+00
   99    1      2      0    0      1      -1      -1   200 0.030000000 0.26500000 0.10000000 0.07500000 0.10000000 0.14500000 0.12000000 0.005000000 0.04000000 0.015000000 0.020000000 0.010000000 2.500000e-02 0.0100000000 0.000000e+00 0.000000e+00 1.500000e-02 0.000000e+00 5.000000e-03 5.000000e-03 0.000000e+00 0.000000e+00 0.000000e+00 0.000000e+00 1.500000e-02
  100    1      2      0    0      1      -1      -1   200 0.030000000 0.16500000 0.22500000 0.13000000 0.05000000 0.05000000 0.13000000 0.055000000 0.01500000 0.060000000 0.010000000 0.020000000 1.500000e-02 0.0150000000 0.000000e+00 5.000000e-03 5.000000e-03 5.000000e-03 1.000000e-02 5.000000e-03 0.000000e+00 0.000000e+00 0.000000e+00 0.000000e+00 0.000000e+00
0 #_N_MeanSize_at_Age_obs
0 #_N_environ_variables
0 #_N_environ_obs
0 #_N_sizefreq_methods
0 #_do_tags
0 #_morphcomp_data
#
999
