#C data file created using the SS_writedat function in the R package r4ss
#C should work with SS version: 
#C file write time: 2014-11-06 11:14:46
#
1 #_styr
100 #_endyr
1 #_nseas
12 #_months_per_seas
1 #_spawn_seas
1 #_Nfleet
2 #_Nsurveys
1 #_N_areas
Fishery%Survey%CPUE #_fleetnames
0.5 0.5 0.5 #_surveytiming_in_season
1 1 1 #_area_assignments_for_each_fishery_and_survey
1 #_units of catch:  1=bio; 2=num
0.01 #_se of log(catch) only used for init_eq_catch and for Fmethod 2 and 3
1 #_Ngenders
25 #_Nages
0 #_init_equil_catch_for_each_fishery
100 #_N_lines_of_catch_to_read
 #_Fishery year seas
         0    1    1
         0    2    1
         0    3    1
         0    4    1
         0    5    1
         0    6    1
         0    7    1
         0    8    1
         0    9    1
         0   10    1
         0   11    1
         0   12    1
         0   13    1
         0   14    1
         0   15    1
         0   16    1
         0   17    1
         0   18    1
         0   19    1
         0   20    1
         0   21    1
         0   22    1
         0   23    1
         0   24    1
         0   25    1
 283740000   26    1
 272467000   27    1
 258026000   28    1
 242231000   29    1
 226863000   30    1
 208560000   31    1
 189496000   32    1
 174228000   33    1
 161676000   34    1
 152209000   35    1
 148507000   36    1
 146299000   37    1
 147657000   38    1
 148890000   39    1
 147020000   40    1
 147505000   41    1
 150420000   42    1
 150841000   43    1
 152610000   44    1
 151707000   45    1
 148457000   46    1
 145341000   47    1
 143674000   48    1
 142372000   49    1
 140743000   50    1
 139657000   51    1
 137426000   52    1
 134857000   53    1
 135150000   54    1
 139321000   55    1
 140751000   56    1
 138740000   57    1
 135880000   58    1
 133189000   59    1
 135040000   60    1
 138790000   61    1
 141714000   62    1
 143800000   63    1
 145747000   64    1
 142837000   65    1
 141271000   66    1
 144475000   67    1
 147695000   68    1
 149689000   69    1
 150507000   70    1
 149739000   71    1
 149279000   72    1
 147471000   73    1
 146604000   74    1
 144916000   75    1
 142568000   76    1
 146053000   77    1
 151101000   78    1
 154357000   79    1
 158119000   80    1
 159704000   81    1
 159051000   82    1
 157538000   83    1
 156246000   84    1
 155093000   85    1
 156344000   86    1
 155361000   87    1
 152938000   88    1
 149333000   89    1
 146830000   90    1
 142193000   91    1
 137348000   92    1
 133202000   93    1
 130055000   94    1
 126235000   95    1
 124320000   96    1
 123167000   97    1
 122229000   98    1
 123441000   99    1
 124184000  100    1
13 #_N_cpue
 #_Fleet Units Errtype
       1     1       0
       2     1       0
       3     1       0
 #_year seas index        obs se_log
     76    1     2 2046388386    0.2
     78    1     2 2101776349    0.2
     80    1     2 2109210606    0.2
     82    1     2 2459359740    0.2
     84    1     2 2950824065    0.2
     86    1     2 1664536875    0.2
     88    1     2 1855751602    0.2
     90    1     2 1692074539    0.2
     92    1     2 2701997735    0.2
     94    1     2 1616489949    0.2
     96    1     2 1744174501    0.2
     98    1     2 2195507623    0.2
    100    1     2 1156869399    0.2
0 #_N_discard_fleets
#_discard_units (1=same_as_catchunits(bio/num); 2=fraction; 3=numbers)
#_discard_errtype:  >0 for DF of T-dist(read CV below); 0 for normal with CV; -1 for normal with se; -2 for lognormal
0 #_N_discard
0 #_N_meanbodywt
1 #_DF_for_meanbodywt_T-distribution_like
2 # length bin method: 1=use databins; 2=generate from binwidth,min,max below; 3=read vector
1 # binwidth for population size comp
10 # minimum size in the population (lower edge of first bin and size at age 0.00)
200 # maximum size in the population (lower edge of last bin)
-0.001 #_comp_tail_compression
1e-05 #_add_to_comp
0 #_combine males into females at or below this bin number
21 #_N_lbins
#_lbin_vector
10 53 70 83 94 101 107 111 114 117 120 123 125 127 130 132 135 138 142 148 200
0 #_N_Length_comp_observations
25 #_N_agebins
#_agebin_vector
1 2 3 4 5 6 7 8 9 10 11 12 13 14 15 16 17 18 19 20 21 22 23 24 25
1 #_N_ageerror_definitions
 #_age0   age1   age2   age3   age4   age5   age6   age7   age8   age9  age10  age11  age12  age13  age14  age15  age16  age17  age18  age19  age20  age21  age22  age23  age24  age25
 -1.000 -1.000 -1.000 -1.000 -1.000 -1.000 -1.000 -1.000 -1.000 -1.000 -1.000 -1.000 -1.000 -1.000 -1.000 -1.000 -1.000 -1.000 -1.000 -1.000 -1.000 -1.000 -1.000 -1.000 -1.000 -1.000
  0.001  0.001  0.001  0.001  0.001  0.001  0.001  0.001  0.001  0.001  0.001  0.001  0.001  0.001  0.001  0.001  0.001  0.001  0.001  0.001  0.001  0.001  0.001  0.001  0.001  0.001
198 #_N_agecomp
1 #_Lbin_method: 1=poplenbins; 2=datalenbins; 3=lengths
-1 #_combine males into females at or below this bin number
 #_Yr Seas FltSvy Gender Part Ageerr Lbin_lo Lbin_hi Nsamp          a1         a2         a3         a4         a5         a6         a7         a8          a9         a10         a11         a12          a13          a14         a15         a16          a17          a18          a19          a20          a21          a22          a23          a24          a25
    2    1      1      0    0      1      -1      -1  1000 0.015449219 0.11860398 0.15842548 0.13802221 0.10600823 0.08124759 0.08238420 0.06440888 0.041441288 0.037155380 0.027933217 0.026841383 0.0163657003 0.0081934336 0.010264211 0.015196766 0.0075964614 8.976889e-03 0.0060946076 1.047039e-02 3.697449e-03 2.372363e-03 4.408864e-03 2.280026e-03 0.0061617969
    3    1      1      0    0      1      -1      -1  1000 0.003172138 0.14862245 0.13936814 0.12584405 0.09169934 0.09015729 0.07930636 0.05944608 0.041026448 0.048702038 0.031845570 0.030497914 0.0164252462 0.0147590727 0.009538975 0.012111417 0.0069373948 8.743038e-03 0.0131106534 1.676778e-03 7.797635e-03 2.548495e-03 1.802877e-03 3.574430e-03 0.0112861769
    4    1      1      0    0      1      -1      -1  1000 0.009183731 0.06928908 0.18093290 0.12437028 0.11434280 0.07807724 0.08115138 0.06010320 0.042324766 0.044774009 0.038425126 0.020715650 0.0221332587 0.0182459161 0.012267950 0.011695796 0.0158969022 1.168282e-02 0.0110662155 9.123642e-03 1.795281e-03 3.142647e-03 3.547621e-03 2.361996e-03 0.0133497892
    5    1      1      0    0      1      -1      -1  1000 0.008210185 0.13280502 0.08305502 0.15062142 0.10514117 0.10018760 0.08357176 0.05709277 0.054317897 0.048550155 0.028701444 0.020935782 0.0273706464 0.0125545997 0.010115066 0.009176895 0.0134851664 1.317196e-02 0.0083050033 4.693330e-03 3.140835e-03 5.406743e-03 2.972645e-03 2.852463e-03 0.0135644249
    6    1      1      0    0      1      -1      -1  1000 0.011927022 0.14973634 0.17902200 0.04772440 0.13174210 0.10595453 0.07190238 0.05753009 0.046386416 0.034325514 0.032046783 0.022761821 0.0194776333 0.0181687774 0.016906766 0.009040641 0.0078093814 5.264871e-03 0.0033740346 1.125504e-03 5.722972e-03 5.556824e-03 2.258747e-03 2.742138e-03 0.0114923227
    7    1      1      0    0      1      -1      -1  1000 0.013444830 0.08094883 0.18065881 0.13410836 0.05660009 0.10310965 0.07751272 0.06614443 0.072719111 0.045183417 0.020957939 0.030286292 0.0244040463 0.0168354640 0.013634346 0.010142910 0.0094475890 1.073425e-02 0.0067872728 3.637107e-03 9.206274e-03 4.303580e-03 1.159695e-03 1.495266e-03 0.0065377251
    8    1      1      0    0      1      -1      -1  1000 0.012525858 0.10536239 0.11149999 0.14061474 0.12921213 0.04654565 0.07910898 0.07620335 0.049134318 0.030528535 0.038199817 0.033672454 0.0235262074 0.0148156858 0.023975978 0.018708984 0.0129976681 7.018616e-03 0.0082508031 8.072202e-03 3.915412e-03 4.893690e-03 5.745130e-03 3.242784e-03 0.0122286456
    9    1      1      0    0      1      -1      -1  1000 0.013171535 0.09509089 0.14127257 0.10584968 0.13434471 0.10774372 0.04168463 0.06336126 0.058435051 0.039551384 0.039977815 0.023439165 0.0312878897 0.0183705548 0.015971199 0.017870626 0.0072192466 1.031723e-02 0.0049504392 5.938808e-03 3.436414e-03 4.028358e-03 6.087550e-03 2.363696e-03 0.0082355861
   10    1      1      0    0      1      -1      -1  1000 0.009364283 0.16692967 0.12771385 0.10676884 0.08024097 0.09628347 0.08784583 0.03936624 0.054312109 0.047308369 0.027429977 0.028526984 0.0218137642 0.0242338404 0.018268804 0.010188046 0.0085994366 7.799904e-03 0.0083588060 6.935485e-03 2.053996e-03 3.396207e-03 7.525057e-03 1.840840e-03 0.0068952363
   11    1      1      0    0      1      -1      -1  1000 0.011509465 0.11316311 0.19829330 0.09665926 0.11308254 0.07777811 0.07350347 0.05970222 0.025663338 0.046881776 0.030422773 0.031921182 0.0299227448 0.0163434742 0.011108063 0.010907880 0.0064613689 1.105414e-02 0.0085481982 5.764350e-03 4.816575e-03 6.119259e-04 3.300472e-03 3.015176e-03 0.0095650877
   12    1      1      0    0      1      -1      -1  1000 0.006629559 0.11640604 0.13159201 0.18217510 0.08047251 0.08144469 0.05508324 0.05617421 0.051606637 0.021479881 0.055016086 0.025462364 0.0202445583 0.0196775354 0.021886104 0.015642192 0.0121709528 1.072338e-02 0.0082318895 6.818064e-03 2.109364e-03 1.405139e-03 4.305577e-03 2.263228e-03 0.0109796779
   13    1      1      0    0      1      -1      -1  1000 0.007923266 0.07765179 0.15688234 0.10302960 0.16097492 0.07842748 0.07661116 0.04069461 0.062470678 0.045435021 0.010449718 0.041399519 0.0251253179 0.0141066499 0.013765573 0.019613067 0.0082270627 1.259138e-02 0.0046416187 9.645668e-03 4.960750e-03 4.343744e-03 4.290555e-03 4.144643e-03 0.0125938566
   14    1      1      0    0      1      -1      -1  1000 0.025228166 0.10436949 0.09993669 0.12337587 0.06301534 0.12251916 0.06112928 0.06697801 0.042750485 0.054370589 0.039501638 0.018083662 0.0414654234 0.0292518514 0.020003413 0.020465900 0.0056450919 1.407694e-02 0.0075191974 8.517648e-03 2.690259e-03 3.441656e-03 9.094988e-03 1.039571e-03 0.0155296656
   15    1      1      0    0      1      -1      -1  1000 0.012140771 0.15349238 0.12483794 0.07553851 0.12027274 0.07202175 0.09652366 0.05136423 0.046049591 0.032176950 0.040417739 0.036160424 0.0086261857 0.0299666722 0.018676536 0.017646590 0.0130292055 4.297757e-03 0.0096177173 3.054298e-03 5.034276e-03 2.835757e-03 9.341141e-03 4.087027e-03 0.0127901407
   16    1      1      0    0      1      -1      -1  1000 0.017144160 0.13366804 0.19583203 0.09890529 0.06732689 0.07970688 0.07012618 0.07531591 0.033427149 0.053748060 0.031972423 0.028947671 0.0273609077 0.0053135375 0.018689274 0.016625970 0.0063008488 6.598545e-03 0.0075203426 3.298708e-03 4.388463e-03 6.206212e-03 3.470889e-03 1.275600e-03 0.0068300177
   17    1      1      0    0      1      -1      -1  1000 0.020566916 0.14680937 0.17791062 0.15294217 0.07222560 0.04773581 0.06150596 0.05256763 0.051814978 0.028466992 0.029981150 0.028042932 0.0311758803 0.0243318664 0.005559873 0.014925186 0.0086202157 1.042735e-02 0.0060555152 2.865080e-03 4.022458e-03 1.990043e-03 4.684261e-03 8.610948e-04 0.0139110546
   18    1      1      0    0      1      -1      -1  1000 0.009952935 0.12994748 0.16113034 0.13595300 0.12027762 0.06526623 0.03746433 0.06628483 0.043099252 0.054431108 0.023805362 0.023083680 0.0252996948 0.0244074050 0.016416266 0.004215436 0.0120075327 8.267327e-03 0.0064487654 8.334234e-03 1.785488e-03 5.032660e-03 2.265065e-03 1.554015e-03 0.0132699360
   19    1      1      0    0      1      -1      -1  1000 0.019048636 0.11654508 0.18826090 0.13184850 0.12413654 0.08415491 0.04638236 0.03659376 0.045253074 0.025677611 0.037828674 0.021435617 0.0206420969 0.0183234902 0.016265710 0.013212229 0.0029559800 1.138631e-02 0.0057420843 6.509817e-03 2.991721e-03 3.341749e-03 3.390222e-03 4.312822e-03 0.0137600987
   20    1      1      0    0      1      -1      -1  1000 0.023984793 0.17146155 0.13808311 0.13047765 0.09827596 0.09089152 0.08355977 0.04390173 0.023716465 0.031850726 0.018877828 0.034924729 0.0162749870 0.0154126338 0.012218177 0.013059039 0.0110037464 4.517450e-03 0.0073654236 5.146717e-03 5.280521e-03 1.095503e-03 5.097705e-03 4.469274e-03 0.0090529883
   21    1      1      0    0      1      -1      -1  1000 0.010451190 0.17113007 0.20819528 0.11040826 0.09675501 0.08084536 0.04660395 0.05848550 0.041912769 0.015157224 0.025749692 0.020889110 0.0209374493 0.0098192666 0.010365718 0.008160646 0.0121768404 7.502065e-03 0.0020402255 7.014312e-03 3.124131e-03 1.222336e-02 4.574226e-04 2.047006e-03 0.0175481365
   22    1      1      0    0      1      -1      -1  1000 0.005063251 0.08528940 0.24555341 0.14003541 0.09000718 0.08434456 0.06616211 0.06254711 0.040600739 0.031648008 0.017195896 0.024184474 0.0147463338 0.0191651430 0.012044327 0.005429762 0.0047578386 1.138498e-02 0.0075620764 1.293635e-03 4.330387e-03 3.668616e-03 8.640266e-03 7.536765e-04 0.0135914166
   23    1      1      0    0      1      -1      -1  1000 0.022725503 0.08332642 0.12610277 0.19421965 0.15309976 0.06721704 0.06545692 0.06068413 0.043773281 0.031701705 0.022437405 0.013640431 0.0175290334 0.0162609469 0.021790675 0.003728383 0.0099547529 5.900399e-03 0.0087251141 3.847562e-03 3.344804e-03 3.557802e-03 2.472202e-03 3.949182e-03 0.0145541170
   24    1      1      0    0      1      -1      -1  1000 0.012365676 0.18227045 0.10698295 0.12126194 0.14116412 0.12047853 0.05023898 0.04561672 0.042723866 0.032365395 0.026862878 0.013662046 0.0169792653 0.0199421976 0.008893468 0.010781737 0.0072566582 8.277247e-03 0.0057175052 7.129957e-03 2.469577e-03 9.956532e-04 2.702102e-03 4.154687e-03 0.0087063983
   25    1      1      0    0      1      -1      -1  1000 0.015386791 0.09455110 0.24888997 0.08281214 0.09931019 0.11607004 0.08216786 0.04535531 0.037958959 0.044781514 0.031608480 0.023198236 0.0132544812 0.0047883630 0.011709457 0.007755289 0.0052523181 4.567682e-03 0.0051726762 4.772872e-03 2.760179e-03 5.133601e-03 8.306390e-05 2.534509e-03 0.0101249187
   26    1      1      0    0      1      -1      -1  1000 0.025988781 0.17249810 0.12075276 0.18562225 0.04605970 0.07136568 0.09706101 0.07187501 0.047636914 0.029322098 0.020338597 0.019287099 0.0186202165 0.0118625987 0.006323211 0.011994854 0.0078907505 7.747103e-03 0.0023612012 3.532967e-03 4.743835e-03 3.972785e-03 1.239370e-03 2.782482e-03 0.0091206436
   27    1      1      0    0      1      -1      -1  1000 0.008735894 0.10769947 0.23084060 0.11576590 0.16634720 0.05399342 0.04624755 0.06579819 0.039006317 0.030465374 0.024832502 0.023919598 0.0106497828 0.0153005500 0.007143304 0.007503297 0.0130901364 4.401054e-03 0.0049124349 5.660026e-03 1.053337e-03 1.717275e-03 1.885853e-03 1.100996e-03 0.0119299334
   28    1      1      0    0      1      -1      -1  1000 0.022111834 0.07768668 0.16440093 0.19520933 0.09636976 0.10176035 0.04536528 0.05359541 0.065830551 0.049456797 0.026200516 0.030314801 0.0094435724 0.0139806978 0.010487914 0.007292136 0.0058591730 4.390225e-03 0.0026106474 2.817856e-03 3.119566e-03 1.461093e-03 1.293234e-03 1.448114e-03 0.0074935249
   29    1      1      0    0      1      -1      -1  1000 0.009579540 0.12307855 0.11736170 0.12916824 0.15442579 0.06744450 0.11048174 0.03760528 0.038590586 0.057113708 0.040379617 0.020997214 0.0146969471 0.0189981259 0.012145209 0.005018111 0.0046318616 4.026418e-03 0.0049071810 6.182744e-03 3.202507e-03 2.027915e-03 3.208654e-04 7.353144e-04 0.0168803411
   30    1      1      0    0      1      -1      -1  1000 0.003881910 0.10841918 0.17023848 0.08421653 0.11136039 0.13017312 0.05525540 0.09063513 0.029898968 0.048344041 0.054275015 0.024452445 0.0205807791 0.0196264530 0.012233048 0.005692808 0.0050333616 4.163319e-03 0.0019119189 6.394933e-03 9.705391e-04 2.546642e-03 6.864168e-04 3.289748e-04 0.0086801964
   31    1      1      0    0      1      -1      -1  1000 0.016626893 0.04032412 0.14081120 0.17456565 0.09178616 0.09368515 0.11115927 0.04486163 0.070525638 0.028649524 0.024187495 0.041061704 0.0277029711 0.0126119964 0.015430443 0.008539098 0.0078892886 1.274635e-02 0.0083973933 4.268656e-03 8.554553e-03 4.525549e-04 3.025849e-03 1.905144e-03 0.0102312697
   32    1      1      0    0      1      -1      -1  1000 0.016379150 0.11742979 0.05300573 0.10474454 0.16073632 0.06445030 0.09179112 0.10449341 0.040611493 0.070107997 0.020967224 0.021210932 0.0389202429 0.0280486840 0.011682722 0.005197572 0.0085922649 1.101715e-02 0.0074940000 5.081837e-03 1.399694e-03 2.596127e-03 1.478124e-03 2.424837e-03 0.0101387323
   33    1      1      0    0      1      -1      -1  1000 0.005048298 0.16429714 0.15905649 0.04886306 0.08310077 0.10169216 0.06178243 0.05277345 0.068048030 0.034085633 0.058390845 0.012825544 0.0329673447 0.0318593875 0.021132825 0.012345708 0.0164217224 8.783658e-03 0.0068522791 2.058675e-03 3.165276e-03 2.011370e-03 3.426307e-03 3.809704e-04 0.0086306380
   34    1      1      0    0      1      -1      -1  1000 0.031236153 0.07791874 0.26234594 0.11281967 0.03594020 0.06806057 0.08116395 0.04028580 0.049947996 0.059254065 0.021057579 0.037997907 0.0097085289 0.0164996161 0.021324809 0.019974115 0.0095333065 9.197680e-03 0.0038350196 3.886486e-03 8.001963e-03 5.398719e-03 2.026157e-03 8.205155e-04 0.0117645104
   35    1      1      0    0      1      -1      -1  1000 0.018232850 0.26484948 0.09803296 0.17653406 0.08768979 0.02590961 0.04157546 0.06348925 0.023305109 0.043628148 0.039961361 0.019002376 0.0249284513 0.0065803700 0.010784827 0.017500596 0.0071993156 2.733428e-03 0.0040115256 3.099159e-03 2.176068e-03 7.304297e-03 1.076188e-03 1.184078e-04 0.0102769135
   36    1      1      0    0      1      -1      -1  1000 0.021448124 0.16732278 0.27875051 0.06602233 0.14522904 0.05229637 0.01681238 0.03402289 0.050164673 0.020496908 0.023685724 0.037624985 0.0145520160 0.0224162688 0.004378213 0.006853385 0.0107901576 5.242611e-03 0.0024913681 3.941186e-03 2.534440e-03 1.779046e-03 1.133234e-03 1.958026e-03 0.0080533383
   37    1      1      0    0      1      -1      -1  1000 0.024189877 0.20275568 0.16014207 0.20752036 0.04970246 0.08675739 0.06386890 0.01220079 0.026111708 0.039501273 0.016079844 0.022878451 0.0188599857 0.0081829813 0.016977007 0.006551965 0.0056720315 1.016520e-02 0.0034583280 2.710584e-03 5.437565e-03 8.303410e-04 2.688701e-03 5.967504e-04 0.0061597458
   38    1      1      0    0      1      -1      -1  1000 0.010864712 0.19676719 0.23856505 0.11134363 0.17262282 0.04021551 0.05395674 0.03199059 0.007007728 0.016057466 0.021224443 0.010689979 0.0088307695 0.0293299089 0.008041612 0.008702115 0.0022174850 4.839152e-03 0.0053139639 4.247497e-03 2.015986e-03 1.480286e-03 3.029265e-03 2.750462e-03 0.0078956435
   39    1      1      0    0      1      -1      -1  1000 0.011224196 0.11767439 0.25600545 0.20640757 0.08875543 0.12198922 0.02595446 0.05615634 0.021866065 0.008600514 0.011791274 0.016874169 0.0093195980 0.0071134002 0.007579097 0.004489986 0.0067598006 1.044739e-03 0.0010460036 2.662950e-03 4.254511e-03 2.836400e-03 3.107777e-04 1.905660e-03 0.0073780095
   40    1      1      0    0      1      -1      -1  1000 0.045791733 0.09913259 0.14101631 0.18838639 0.15065619 0.10103241 0.08999928 0.02212852 0.045177171 0.020952925 0.009313471 0.013677019 0.0117862047 0.0077752492 0.013515086 0.008375707 0.0029636491 9.245934e-03 0.0035593089 1.655436e-03 4.017116e-03 6.829776e-04 4.518461e-04 3.248393e-04 0.0083826456
   41    1      1      0    0      1      -1      -1  1000 0.008786260 0.25781613 0.13546157 0.09597693 0.15163990 0.10268942 0.05030996 0.07806607 0.014381642 0.031605573 0.015753321 0.002694735 0.0070848079 0.0137665410 0.009836795 0.002895372 0.0051559711 5.477304e-04 0.0061778403 1.214834e-03 1.302986e-03 1.196326e-03 1.443258e-03 4.232144e-04 0.0037728227
   42    1      1      0    0      1      -1      -1  1000 0.027909213 0.07989774 0.35136462 0.09870814 0.05496500 0.11280753 0.08917960 0.03382606 0.047990193 0.018044326 0.017693654 0.008469839 0.0009817585 0.0082943522 0.007836442 0.005686085 0.0052866959 3.966677e-03 0.0023696593 5.184704e-03 4.685981e-04 2.195478e-03 3.040028e-03 3.016453e-03 0.0108171559
   43    1      1      0    0      1      -1      -1  1000 0.006557583 0.19209269 0.11557874 0.26144951 0.07508722 0.05311277 0.08148213 0.06126915 0.033825576 0.042557749 0.008803554 0.011864287 0.0101917601 0.0033485718 0.008030170 0.006953727 0.0028963204 2.971763e-03 0.0063267788 3.518619e-03 1.329754e-03 2.514266e-04 1.537718e-03 1.303815e-03 0.0076586102
   44    1      1      0    0      1      -1      -1  1000 0.010393501 0.15053732 0.24921252 0.10197862 0.18223709 0.05181926 0.05029224 0.05662130 0.043022534 0.026666652 0.027414767 0.008077857 0.0116735491 0.0060637610 0.002806824 0.003509138 0.0020453249 3.571967e-03 0.0019620581 1.489273e-03 9.156788e-04 2.786482e-03 3.180922e-05 8.101692e-05 0.0047894718
   45    1      1      0    0      1      -1      -1  1000 0.012463528 0.10042583 0.19460116 0.19200838 0.07089967 0.15530796 0.06035182 0.03261175 0.041693677 0.033438172 0.017268067 0.028217132 0.0077489804 0.0184751701 0.007370640 0.001560281 0.0071325094 2.122829e-03 0.0003763129 2.391037e-03 1.099944e-03 3.768988e-03 4.455364e-04 5.649388e-04 0.0076556847
   46    1      1      0    0      1      -1      -1  1000 0.020907927 0.13642359 0.12496291 0.14338106 0.15968997 0.05119855 0.14118905 0.04131542 0.023221207 0.052012230 0.031272968 0.020213153 0.0196577737 0.0009524432 0.008182391 0.002930679 0.0001730950 2.759341e-03 0.0036628262 2.436761e-03 1.133524e-03 3.802880e-03 8.971686e-05 1.443083e-03 0.0069874569
   47    1      1      0    0      1      -1      -1  1000 0.023417577 0.17220777 0.15496894 0.10821905 0.09244816 0.14387950 0.04655845 0.07988860 0.026140299 0.024378378 0.035800445 0.023918763 0.0123489410 0.0197226400 0.004398715 0.005787705 0.0070873757 1.827538e-03 0.0013135689 1.179390e-03 1.957130e-04 9.573923e-04 3.406295e-03 4.735314e-03 0.0052134780
   48    1      1      0    0      1      -1      -1  1000 0.010874456 0.17474764 0.19718413 0.10556631 0.08451244 0.10482601 0.09315864 0.03457567 0.065897093 0.028214713 0.018535443 0.019619675 0.0212295731 0.0106855096 0.015600200 0.001193588 0.0051292629 3.059141e-04 0.0000904170 2.037770e-03 8.516772e-04 2.079427e-04 1.417459e-03 2.286012e-03 0.0012524487
   49    1      1      0    0      1      -1      -1  1000 0.019230084 0.10383125 0.26371514 0.17751692 0.08217932 0.06199844 0.06209559 0.06730788 0.018632928 0.065340043 0.011776175 0.006243533 0.0199462140 0.0116804114 0.006116721 0.008385878 0.0006416610 6.136020e-03 0.0002875145 7.451083e-05 4.271876e-04 4.541067e-04 1.969921e-04 1.955921e-03 0.0038295433
   50    1      1      0    0      1      -1      -1  1000 0.020853759 0.15108296 0.16053187 0.17882817 0.11838272 0.08576004 0.03822831 0.05129377 0.047313105 0.024264585 0.051842405 0.016277161 0.0139011843 0.0120821431 0.009646194 0.005078090 0.0037050875 1.040097e-03 0.0040640270 1.016325e-03 1.029748e-04 1.658009e-04 2.654447e-04 1.528297e-03 0.0027454750
   51    1      1      0    0      1      -1      -1  1000 0.025560760 0.13152503 0.23437062 0.11458148 0.10702015 0.09357312 0.06624644 0.04867678 0.034670978 0.037100722 0.023524342 0.033057284 0.0079832847 0.0035342819 0.008341121 0.013905418 0.0029495132 2.522346e-03 0.0043209031 2.978693e-03 2.108916e-04 3.589678e-04 1.302157e-04 2.873022e-04 0.0025693608
   52    1      1      0    0      1      -1      -1  1000 0.016483766 0.13162354 0.18174081 0.17947953 0.09641350 0.09930583 0.08121373 0.03989255 0.021763072 0.028342605 0.038488145 0.010311093 0.0231568812 0.0117803911 0.003666983 0.012505085 0.0049353624 2.816390e-03 0.0063238099 1.067334e-03 1.147361e-03 6.927444e-04 3.704858e-03 5.188483e-04 0.0026257756
   53    1      1      0    0      1      -1      -1  1000 0.027918887 0.12564056 0.16494943 0.14866954 0.13810692 0.07947680 0.08992103 0.06027608 0.027262805 0.035174331 0.026363638 0.022250709 0.0062535406 0.0163206974 0.003529890 0.001788821 0.0024872972 7.531518e-03 0.0035148578 3.520992e-03 1.963044e-04 3.035197e-03 4.855926e-05 3.380776e-04 0.0054235250
   54    1      1      0    0      1      -1      -1  1000 0.019498118 0.24582277 0.16960794 0.11402096 0.08604610 0.09637082 0.04515565 0.05809630 0.046862685 0.035015273 0.013475934 0.012879324 0.0099664934 0.0069547159 0.012129120 0.003831361 0.0037568314 3.681162e-03 0.0031092395 3.622476e-03 1.908260e-03 1.502848e-04 3.922289e-03 1.823861e-03 0.0022920287
   55    1      1      0    0      1      -1      -1  1000 0.005641456 0.16110004 0.32660877 0.11770401 0.07695691 0.06973373 0.06359334 0.04019813 0.035301996 0.028566244 0.017276411 0.009228312 0.0120568221 0.0101490627 0.004835290 0.004708349 0.0024564526 2.511282e-03 0.0041313034 1.204411e-03 8.739095e-04 4.011232e-03 1.218174e-05 1.940809e-04 0.0009462599
   56    1      1      0    0      1      -1      -1  1000 0.016708614 0.06231456 0.22151805 0.25833459 0.09996042 0.07187754 0.06285678 0.05333102 0.033217012 0.030701520 0.024341858 0.011102054 0.0058633895 0.0090617637 0.012182442 0.004344042 0.0087796539 3.659341e-04 0.0016369471 3.694246e-03 5.774180e-03 9.544669e-04 5.684334e-04 5.453700e-05 0.0004559522
   57    1      1      0    0      1      -1      -1  1000 0.011537030 0.15845884 0.09738148 0.18642966 0.20546596 0.07306696 0.04232347 0.05046070 0.050672414 0.026908539 0.024638788 0.022458915 0.0109132287 0.0043961722 0.005337844 0.011672471 0.0031272075 6.575999e-03 0.0019389493 1.166726e-03 1.914728e-03 3.447818e-04 4.985919e-04 9.919041e-04 0.0013186309
   58    1      1      0    0      1      -1      -1  1000 0.036085016 0.09192962 0.21914475 0.06358894 0.15634440 0.15584010 0.06095806 0.04715199 0.033713574 0.021600291 0.019896922 0.030138820 0.0251869526 0.0111011038 0.002159814 0.002753312 0.0035149476 4.644699e-03 0.0067750235 9.269739e-04 1.391266e-03 1.979015e-03 5.916810e-05 3.491437e-04 0.0027661042
   59    1      1      0    0      1      -1      -1  1000 0.026887915 0.23411822 0.10614029 0.15124849 0.04455185 0.11157578 0.11345833 0.04657617 0.029975669 0.036179568 0.031671635 0.013919879 0.0131892114 0.0111615020 0.004939634 0.003804676 0.0019027730 8.974767e-03 0.0018910650 1.808931e-03 8.720765e-04 2.324283e-04 2.528796e-03 2.307907e-05 0.0023672702
   60    1      1      0    0      1      -1      -1  1000 0.024188710 0.20960523 0.26253425 0.07140553 0.09914170 0.03509556 0.07611732 0.07877725 0.034604941 0.020563029 0.015728208 0.018244157 0.0102836713 0.0084403938 0.006989912 0.008934990 0.0033926512 4.575058e-03 0.0038246187 1.004153e-03 1.532214e-03 3.287500e-04 2.175025e-04 3.571004e-03 0.0008991902
   61    1      1      0    0      1      -1      -1  1000 0.009846151 0.18853828 0.24404221 0.17752516 0.05265355 0.08618287 0.01870121 0.05605758 0.058352987 0.019526644 0.017032855 0.013958921 0.0192772595 0.0108781522 0.008393570 0.003534246 0.0011931357 3.484915e-03 0.0017365414 3.465323e-03 3.375746e-04 6.270917e-04 1.896670e-03 2.799010e-06 0.0027543122
   62    1      1      0    0      1      -1      -1  1000 0.020872129 0.12206986 0.23029114 0.19645503 0.13137159 0.04415444 0.07173034 0.01846088 0.046401120 0.037099392 0.019064931 0.014062620 0.0059350201 0.0137135429 0.006021362 0.005524751 0.0068189791 1.026336e-03 0.0001675571 1.280074e-03 2.682546e-03 1.332674e-03 2.293908e-03 6.972708e-04 0.0004725094
   63    1      1      0    0      1      -1      -1  1000 0.011182466 0.23590664 0.12982236 0.19236423 0.13416490 0.09471132 0.03645848 0.03644492 0.008638302 0.030002065 0.035941424 0.011833737 0.0128902056 0.0044640706 0.008717564 0.004018415 0.0039025687 2.821627e-03 0.0009944664 5.678499e-05 2.180947e-03 8.735697e-04 8.950268e-05 6.523507e-04 0.0008670760
   64    1      1      0    0      1      -1      -1  1000 0.013807029 0.08410280 0.28940326 0.09376540 0.14130446 0.11172650 0.09833444 0.02453747 0.036186026 0.010523575 0.018345738 0.026758339 0.0110261444 0.0108291259 0.004367320 0.008698437 0.0041612745 3.405916e-03 0.0024301594 4.615042e-04 1.787016e-04 1.059648e-03 2.138523e-03 1.042320e-04 0.0023439663
   65    1      1      0    0      1      -1      -1  1000 0.026124669 0.10642911 0.09983382 0.21686153 0.09887802 0.12467708 0.10305177 0.08884546 0.018646253 0.027419623 0.005355043 0.016863109 0.0242274918 0.0133334175 0.005338606 0.004876400 0.0038468396 1.957250e-03 0.0020672780 1.895929e-03 6.913804e-04 1.923651e-03 1.248897e-03 1.386132e-03 0.0042212329
   66    1      1      0    0      1      -1      -1  1000 0.015209441 0.28174360 0.11581000 0.08989956 0.18031739 0.05455727 0.07486793 0.06380594 0.041788912 0.014332247 0.016179830 0.004556400 0.0108548181 0.0134020591 0.002972950 0.006022254 0.0006358954 1.992948e-03 0.0017387333 2.192601e-03 2.895462e-03 4.354137e-04 1.457438e-03 4.512972e-04 0.0018796086
   67    1      1      0    0      1      -1      -1  1000 0.017341625 0.20554817 0.27174170 0.07023165 0.05599312 0.10337391 0.04478270 0.06360821 0.050992512 0.033449443 0.010204689 0.018016286 0.0072662980 0.0085356731 0.012737988 0.005998280 0.0012050614 3.061434e-03 0.0010360802 3.819898e-03 7.989895e-04 1.463107e-03 4.933428e-04 1.732589e-03 0.0065672384
   68    1      1      0    0      1      -1      -1  1000 0.019483824 0.11991404 0.24382182 0.21733010 0.05008317 0.04814061 0.08275058 0.04885681 0.046059497 0.032468072 0.035017295 0.005956410 0.0097538546 0.0047904249 0.004222246 0.009862034 0.0064718132 4.319666e-03 0.0018759874 1.269352e-03 2.624118e-03 9.455485e-04 6.311651e-04 1.787085e-07 0.0033513925
   69    1      1      0    0      1      -1      -1  1000 0.011584075 0.16728973 0.18279058 0.17439073 0.18568882 0.03550873 0.02917850 0.08335790 0.019542486 0.035211487 0.014511026 0.023033144 0.0040865294 0.0061468887 0.002341335 0.007245535 0.0057698286 2.966350e-03 0.0004787616 2.427354e-03 3.865439e-03 6.003890e-04 4.447262e-04 8.041642e-04 0.0007355006
   70    1      1      0    0      1      -1      -1  1000 0.021173654 0.09582769 0.21725381 0.12390534 0.15910562 0.14908710 0.02585311 0.03206510 0.056760014 0.027432356 0.017515194 0.020422420 0.0181675284 0.0025257483 0.009205775 0.002776349 0.0084722247 4.284261e-03 0.0046652158 1.888834e-04 4.991673e-05 1.391559e-03 1.209981e-03 3.019594e-04 0.0003591959
   71    1      1      0    0      1      -1      -1  1000 0.013340380 0.16593095 0.14558654 0.14639863 0.10915698 0.10917800 0.09624163 0.02836673 0.037232138 0.048179876 0.020667726 0.021391932 0.0257583719 0.0108964913 0.004215362 0.009189254 0.0007621354 6.246732e-04 0.0031245459 8.745959e-04 4.962638e-05 1.790308e-04 5.671852e-05 5.613028e-06 0.0025920728
   72    1      1      0    0      1      -1      -1  1000 0.021148632 0.13674043 0.21872542 0.10023925 0.12410500 0.07256277 0.10665641 0.07298043 0.020910883 0.015119293 0.033570074 0.008319025 0.0266204398 0.0103728888 0.008912986 0.004975963 0.0064835761 1.586203e-03 0.0014624962 2.094897e-03 4.411431e-04 9.522409e-04 2.685934e-03 1.279386e-03 0.0010542175
   73    1      1      0    0      1      -1      -1  1000 0.018299091 0.15369209 0.15763156 0.17973122 0.08724254 0.08785234 0.06365504 0.06156791 0.081175843 0.017618253 0.013425188 0.018704016 0.0152095005 0.0094039196 0.008990037 0.007956317 0.0017175055 1.148003e-03 0.0022713044 2.960870e-03 3.859848e-03 1.920816e-03 1.300079e-03 3.871655e-05 0.0026279882
   74    1      1      0    0      1      -1      -1  1000 0.015471855 0.17397591 0.18668938 0.12162876 0.14645670 0.06761762 0.06511605 0.05048835 0.055758502 0.038133416 0.008599828 0.007409575 0.0247755555 0.0041748120 0.010442628 0.005371862 0.0090718519 8.122941e-05 0.0006248599 1.140395e-03 1.950409e-03 2.325453e-04 2.371860e-04 8.461609e-06 0.0045422690
   75    1      1      0    0      1      -1      -1  1000 0.022206081 0.08156861 0.23054998 0.15482811 0.08932238 0.12538434 0.05292966 0.05703201 0.041256460 0.039850563 0.035892945 0.006984534 0.0065026701 0.0175099202 0.003579747 0.015690233 0.0056659666 6.840079e-03 0.0005907953 5.673629e-04 2.107554e-04 7.153919e-04 1.529116e-03 1.282245e-03 0.0015100544
   76    1      1      0    0      1      -1      -1  1000 0.037453418 0.22145174 0.09684194 0.17490787 0.10653351 0.05961117 0.06822490 0.04351959 0.054039683 0.030986739 0.027871715 0.023310738 0.0042243138 0.0073524963 0.014999087 0.002986855 0.0065724503 1.168422e-03 0.0069087020 3.170374e-03 3.142788e-03 4.009706e-04 1.756405e-03 1.272855e-03 0.0012912822
   77    1      1      0    0      1      -1      -1  1000 0.021157122 0.23306575 0.24503319 0.05351599 0.13132310 0.07448363 0.03868358 0.04814449 0.026684289 0.028134255 0.015678333 0.027750350 0.0130975954 0.0034175691 0.007481622 0.008400435 0.0031889262 5.309764e-03 0.0036611085 6.915013e-03 6.245565e-05 1.671763e-04 6.038530e-05 1.629678e-03 0.0029541947
   78    1      1      0    0      1      -1      -1  1000 0.015429105 0.11990123 0.29808335 0.19430333 0.05433146 0.08906999 0.04924971 0.03886692 0.043644924 0.010446128 0.022180656 0.009084262 0.0140207099 0.0111104917 0.004639701 0.002626853 0.0058864743 3.612435e-03 0.0077904243 1.339766e-03 1.279779e-03 1.069391e-03 3.878731e-04 4.025796e-06 0.0016410038
   79    1      1      0    0      1      -1      -1  1000 0.016126484 0.17056392 0.13873047 0.24076024 0.14611460 0.03148888 0.06476425 0.04785096 0.031517795 0.021928875 0.015178394 0.016710463 0.0090390066 0.0081878670 0.013306343 0.003830783 0.0055977043 8.965541e-03 0.0012488042 2.724155e-03 4.700738e-04 1.582119e-03 1.751713e-03 1.610102e-04 0.0013995450
   80    1      1      0    0      1      -1      -1  1000 0.010781855 0.13092597 0.22204229 0.10824205 0.18730986 0.11602887 0.02816498 0.05264476 0.028702451 0.018019087 0.029325549 0.007349164 0.0130189319 0.0187081043 0.006017669 0.007560940 0.0056617901 1.892587e-03 0.0018003838 1.077908e-03 5.717194e-04 9.405726e-04 2.392087e-03 2.851443e-05 0.0007919029
   81    1      1      0    0      1      -1      -1  1000 0.013077525 0.15704326 0.16462208 0.18088514 0.07814519 0.12949766 0.08174371 0.02102680 0.048938348 0.030942523 0.020711970 0.015985069 0.0040139709 0.0145328982 0.005452567 0.011431783 0.0055140076 3.512419e-03 0.0026950481 7.013759e-04 1.345715e-03 9.843255e-04 5.796287e-03 6.249407e-04 0.0007753918
   82    1      1      0    0      1      -1      -1  1000 0.025243726 0.12949735 0.18955938 0.14420754 0.12167475 0.06954624 0.12654168 0.06378359 0.014028399 0.032916413 0.021647088 0.016256824 0.0073600310 0.0017483504 0.009784480 0.009955022 0.0038558540 5.458536e-03 0.0025212212 6.375819e-04 1.717497e-03 4.225933e-04 2.245058e-04 1.476570e-04 0.0012636916
   83    1      1      0    0      1      -1      -1  1000 0.007147254 0.20824633 0.12294629 0.14990441 0.10365332 0.11149026 0.06904636 0.07565702 0.060016196 0.007505577 0.025024896 0.014821591 0.0103130080 0.0048801083 0.002140874 0.003836503 0.0055640737 2.690490e-03 0.0080776328 1.091716e-03 1.596268e-03 9.424986e-04 1.034682e-04 1.649233e-03 0.0016546075
   84    1      1      0    0      1      -1      -1  1000 0.023080618 0.11060396 0.25124010 0.08599143 0.10947797 0.08757528 0.10669225 0.04453371 0.063885472 0.033089024 0.012837452 0.012663606 0.0125537164 0.0064586551 0.011117632 0.005123375 0.0076129467 4.898885e-03 0.0036310472 4.344215e-03 6.952300e-05 5.087909e-04 2.019268e-04 3.156528e-04 0.0014927650
   85    1      1      0    0      1      -1      -1  1000 0.011206813 0.20677173 0.12118226 0.17576011 0.09325983 0.09590294 0.05778476 0.07284783 0.016697560 0.049746613 0.032317896 0.008800569 0.0156909790 0.0072505926 0.005151846 0.009181840 0.0006953861 4.194943e-03 0.0046541901 6.296850e-03 6.922735e-04 4.865124e-04 4.137831e-04 1.917254e-03 0.0010946329
   86    1      1      0    0      1      -1      -1  1000 0.025527425 0.10921696 0.29327369 0.09182879 0.12835973 0.05585285 0.08178894 0.04957369 0.044855190 0.015928168 0.036665956 0.017921618 0.0092331118 0.0090323632 0.007230582 0.007424471 0.0026066001 2.036105e-03 0.0023722033 3.151776e-03 2.800152e-03 2.205090e-03 1.120127e-05 1.422108e-05 0.0010891004
   87    1      1      0    0      1      -1      -1  1000 0.010556842 0.13709681 0.18755932 0.22888115 0.07261525 0.09988487 0.04523624 0.05015624 0.028424925 0.038259642 0.024106659 0.030613926 0.0148435546 0.0036211942 0.006137552 0.003761611 0.0049880463 3.381299e-03 0.0016994260 2.353582e-03 6.473939e-05 1.064269e-03 5.764684e-04 1.261899e-03 0.0028544900
   88    1      1      0    0      1      -1      -1  1000 0.024688760 0.08276993 0.20232881 0.13911730 0.18223815 0.06022093 0.08858000 0.03322827 0.038662785 0.032951445 0.034912607 0.012755352 0.0277596442 0.0106779298 0.004103635 0.011718998 0.0053702035 4.103638e-04 0.0009685640 1.726480e-03 6.100500e-04 1.568868e-03 8.521597e-04 6.198286e-05 0.0017167782
   89    1      1      0    0      1      -1      -1  1000 0.011445570 0.17502866 0.09804401 0.16722877 0.09504291 0.15146735 0.03769331 0.07914495 0.022916294 0.041391698 0.030482946 0.029340735 0.0103074532 0.0170470403 0.004607393 0.005250214 0.0059150098 2.207194e-03 0.0020726912 1.063897e-03 1.519001e-03 6.331780e-03 2.202438e-03 1.252705e-03 0.0009959899
   90    1      1      0    0      1      -1      -1  1000 0.021387919 0.08954464 0.26337799 0.07751513 0.12936505 0.06943972 0.12441354 0.03903549 0.054437846 0.025627421 0.017983136 0.016689533 0.0168900885 0.0100183666 0.013903695 0.006815008 0.0060075718 3.344161e-03 0.0029074011 1.801626e-03 2.001723e-03 1.136833e-04 2.596555e-03 9.172578e-04 0.0038654289
   91    1      1      0    0      1      -1      -1  1000 0.017270409 0.12875373 0.13941316 0.22777758 0.06220408 0.11594694 0.05167133 0.07885277 0.022386309 0.054187558 0.022622583 0.020044483 0.0155647869 0.0093925873 0.004686926 0.008229352 0.0083842889 9.719531e-04 0.0031963263 3.824954e-03 1.274439e-03 1.382584e-03 4.973682e-04 3.282260e-05 0.0014306769
   92    1      1      0    0      1      -1      -1  1000 0.020346336 0.13135849 0.18806293 0.09975295 0.17440822 0.04228213 0.07997619 0.04417103 0.087899373 0.025613590 0.023023830 0.010841992 0.0135608657 0.0110308419 0.015831336 0.004841625 0.0108064506 5.781448e-03 0.0006296073 2.109015e-03 2.440923e-03 1.213166e-04 6.209770e-04 6.971602e-04 0.0037913722
   93    1      1      0    0      1      -1      -1  1000 0.012803655 0.20813967 0.14573596 0.14722379 0.08063931 0.12197145 0.03838946 0.06466061 0.046964303 0.043470947 0.014202072 0.017999242 0.0117079862 0.0110737705 0.007585593 0.010096412 0.0022465644 6.012444e-03 0.0056772298 5.387063e-04 9.076287e-04 3.382358e-04 6.672664e-04 8.265528e-05 0.0008650496
   94    1      1      0    0      1      -1      -1  1000 0.013641762 0.12607043 0.23328500 0.14629869 0.09728427 0.07244510 0.08464895 0.02428676 0.046036494 0.031256749 0.038945388 0.013043935 0.0141747890 0.0082751858 0.009826078 0.012854517 0.0073772757 3.419527e-03 0.0054513175 5.412875e-03 1.244859e-03 8.028634e-05 7.790468e-05 3.026332e-03 0.0015355253
   95    1      1      0    0      1      -1      -1  1000 0.028378073 0.14335504 0.15164493 0.19767971 0.09655025 0.07750309 0.05725749 0.05863289 0.020984332 0.039530670 0.022391324 0.035032704 0.0077758569 0.0215098126 0.005280785 0.007891560 0.0084947394 7.122631e-03 0.0009784230 2.531849e-03 2.673586e-03 9.228415e-04 1.195660e-03 4.394558e-04 0.0042423050
   96    1      1      0    0      1      -1      -1  1000 0.006617278 0.21715807 0.18932290 0.10803262 0.12231011 0.07064830 0.06002096 0.04087394 0.056426285 0.020326381 0.025582196 0.013076950 0.0218579252 0.0061599700 0.010155567 0.012733486 0.0025729642 5.470920e-03 0.0012727402 1.990257e-03 1.251303e-03 1.304966e-03 1.211563e-03 5.470219e-05 0.0035676440
   97    1      1      0    0      1      -1      -1  1000 0.022829370 0.08992729 0.27003788 0.13721311 0.07708657 0.11805450 0.04759623 0.04289530 0.034420766 0.045447626 0.015691554 0.018535750 0.0120981499 0.0198692724 0.007055973 0.021148832 0.0051705423 1.927756e-03 0.0020548750 1.738369e-03 3.485397e-03 5.701304e-04 2.271422e-03 9.379170e-05 0.0027795348
   98    1      1      0    0      1      -1      -1  1000 0.020113363 0.24237052 0.11292641 0.19751512 0.10523351 0.06391805 0.06762498 0.03487288 0.034258236 0.021234014 0.026057707 0.010088853 0.0128887896 0.0115488197 0.013353006 0.007629961 0.0039511316 2.807033e-03 0.0038066484 9.299486e-04 1.533376e-03 3.733798e-04 1.595411e-03 2.634171e-04 0.0031054299
   99    1      1      0    0      1      -1      -1  1000 0.038855635 0.07834306 0.32583061 0.09132142 0.16616685 0.06039784 0.04342674 0.05176237 0.026951948 0.024849700 0.016755770 0.018531792 0.0126171348 0.0126875265 0.004301708 0.010168389 0.0018002344 6.288337e-03 0.0002857632 4.696118e-04 5.162319e-04 1.782671e-03 2.023122e-03 1.623639e-03 0.0022419073
  100    1      1      0    0      1      -1      -1  1000 0.011493687 0.22857849 0.11258300 0.20982427 0.05525210 0.12166316 0.05071721 0.04630830 0.044511278 0.022398710 0.019579265 0.011631446 0.0239738041 0.0056013428 0.006744049 0.003893075 0.0072963784 3.863842e-03 0.0041724117 2.143668e-03 2.339037e-03 1.599459e-04 5.100741e-04 3.871168e-03 0.0008902983
    2    1      2      0    0      1      -1      -1  1000 0.034000000 0.15100000 0.15700000 0.12900000 0.09700000 0.08000000 0.06800000 0.05500000 0.049000000 0.039000000 0.026000000 0.017000000 0.0190000000 0.0110000000 0.013000000 0.009000000 0.0050000000 9.000000e-03 0.0040000000 7.000000e-03 4.000000e-03 3.000000e-03 4.000000e-03 3.000000e-03 0.0070000000
    3    1      2      0    0      1      -1      -1  1000 0.017000000 0.15600000 0.15300000 0.12800000 0.10000000 0.08300000 0.08300000 0.05200000 0.037000000 0.031000000 0.023000000 0.023000000 0.0190000000 0.0160000000 0.010000000 0.009000000 0.0150000000 1.100000e-02 0.0090000000 8.000000e-03 5.000000e-03 2.000000e-03 1.000000e-03 2.000000e-03 0.0070000000
    4    1      2      0    0      1      -1      -1  1000 0.033000000 0.07900000 0.17900000 0.12300000 0.10100000 0.08000000 0.07400000 0.06000000 0.041000000 0.038000000 0.034000000 0.026000000 0.0300000000 0.0120000000 0.015000000 0.016000000 0.0110000000 6.000000e-03 0.0060000000 2.000000e-03 3.000000e-03 8.000000e-03 3.000000e-03 3.000000e-03 0.0170000000
    5    1      2      0    0      1      -1      -1  1000 0.027000000 0.17000000 0.07400000 0.16200000 0.09600000 0.09100000 0.06500000 0.05600000 0.038000000 0.044000000 0.027000000 0.026000000 0.0230000000 0.0230000000 0.013000000 0.012000000 0.0030000000 1.000000e-02 0.0100000000 5.000000e-03 1.000000e-03 4.000000e-03 5.000000e-03 3.000000e-03 0.0120000000
    6    1      2      0    0      1      -1      -1  1000 0.024000000 0.16200000 0.16400000 0.06000000 0.11800000 0.09500000 0.07900000 0.04800000 0.059000000 0.043000000 0.020000000 0.025000000 0.0190000000 0.0170000000 0.015000000 0.015000000 0.0050000000 2.000000e-03 0.0050000000 7.000000e-03 4.000000e-03 3.000000e-03 2.000000e-03 4.000000e-03 0.0050000000
    7    1      2      0    0      1      -1      -1  1000 0.021000000 0.11700000 0.16700000 0.11900000 0.05700000 0.08600000 0.08500000 0.06400000 0.055000000 0.049000000 0.031000000 0.029000000 0.0230000000 0.0160000000 0.014000000 0.015000000 0.0080000000 7.000000e-03 0.0080000000 9.000000e-03 4.000000e-03 3.000000e-03 3.000000e-03 1.000000e-03 0.0090000000
    8    1      2      0    0      1      -1      -1  1000 0.035000000 0.15300000 0.10900000 0.17200000 0.10400000 0.04000000 0.07300000 0.05100000 0.041000000 0.040000000 0.038000000 0.023000000 0.0210000000 0.0170000000 0.016000000 0.008000000 0.0120000000 1.300000e-02 0.0040000000 3.000000e-03 6.000000e-03 2.000000e-03 1.000000e-03 2.000000e-03 0.0160000000
    9    1      2      0    0      1      -1      -1  1000 0.033000000 0.13300000 0.11800000 0.10100000 0.12900000 0.09000000 0.03400000 0.07200000 0.041000000 0.049000000 0.041000000 0.023000000 0.0290000000 0.0240000000 0.015000000 0.019000000 0.0060000000 8.000000e-03 0.0080000000 6.000000e-03 3.000000e-03 1.000000e-03 5.000000e-03 4.000000e-03 0.0080000000
   10    1      2      0    0      1      -1      -1  1000 0.030000000 0.20300000 0.11800000 0.09300000 0.09000000 0.09000000 0.07500000 0.02500000 0.045000000 0.028000000 0.035000000 0.027000000 0.0220000000 0.0200000000 0.013000000 0.020000000 0.0130000000 1.100000e-02 0.0100000000 5.000000e-03 3.000000e-03 1.000000e-03 5.000000e-03 5.000000e-03 0.0130000000
   11    1      2      0    0      1      -1      -1  1000 0.028000000 0.13500000 0.16500000 0.09100000 0.09800000 0.05800000 0.09700000 0.07800000 0.021000000 0.042000000 0.028000000 0.025000000 0.0280000000 0.0260000000 0.016000000 0.014000000 0.0120000000 5.000000e-03 0.0050000000 5.000000e-03 3.000000e-03 7.000000e-03 3.000000e-03 0.000000e+00 0.0100000000
   12    1      2      0    0      1      -1      -1  1000 0.025000000 0.14300000 0.10200000 0.14700000 0.11300000 0.07300000 0.06600000 0.05600000 0.057000000 0.013000000 0.038000000 0.029000000 0.0220000000 0.0220000000 0.021000000 0.007000000 0.0160000000 9.000000e-03 0.0090000000 1.000000e-02 2.000000e-03 2.000000e-03 0.000000e+00 2.000000e-03 0.0160000000
   13    1      2      0    0      1      -1      -1  1000 0.023000000 0.11800000 0.17800000 0.10600000 0.12900000 0.07400000 0.04900000 0.05500000 0.050000000 0.036000000 0.012000000 0.039000000 0.0150000000 0.0230000000 0.011000000 0.015000000 0.0080000000 7.000000e-03 0.0140000000 4.000000e-03 8.000000e-03 4.000000e-03 5.000000e-03 0.000000e+00 0.0170000000
   14    1      2      0    0      1      -1      -1  1000 0.047000000 0.12300000 0.08700000 0.12600000 0.09700000 0.09600000 0.07800000 0.06100000 0.049000000 0.051000000 0.031000000 0.022000000 0.0280000000 0.0170000000 0.017000000 0.009000000 0.0130000000 1.300000e-02 0.0080000000 4.000000e-03 4.000000e-03 2.000000e-03 2.000000e-03 5.000000e-03 0.0100000000
   15    1      2      0    0      1      -1      -1  1000 0.045000000 0.17700000 0.11500000 0.06700000 0.10400000 0.07700000 0.10500000 0.04900000 0.048000000 0.031000000 0.045000000 0.029000000 0.0060000000 0.0200000000 0.016000000 0.015000000 0.0100000000 9.000000e-03 0.0040000000 8.000000e-03 0.000000e+00 0.000000e+00 4.000000e-03 2.000000e-03 0.0140000000
   16    1      2      0    0      1      -1      -1  1000 0.034000000 0.16300000 0.19500000 0.09500000 0.06300000 0.08700000 0.04500000 0.06800000 0.034000000 0.033000000 0.029000000 0.025000000 0.0260000000 0.0030000000 0.028000000 0.017000000 0.0090000000 1.300000e-02 0.0060000000 3.000000e-03 4.000000e-03 2.000000e-03 7.000000e-03 4.000000e-03 0.0070000000
   17    1      2      0    0      1      -1      -1  1000 0.035000000 0.15100000 0.16200000 0.14000000 0.08800000 0.03900000 0.06900000 0.04100000 0.058000000 0.026000000 0.039000000 0.017000000 0.0260000000 0.0230000000 0.008000000 0.020000000 0.0110000000 6.000000e-03 0.0090000000 5.000000e-03 5.000000e-03 5.000000e-03 3.000000e-03 2.000000e-03 0.0120000000
   18    1      2      0    0      1      -1      -1  1000 0.039000000 0.16900000 0.14700000 0.12000000 0.12400000 0.06500000 0.03600000 0.05300000 0.038000000 0.036000000 0.025000000 0.028000000 0.0130000000 0.0210000000 0.019000000 0.008000000 0.0080000000 1.300000e-02 0.0070000000 3.000000e-03 1.000000e-03 3.000000e-03 5.000000e-03 3.000000e-03 0.0160000000
   19    1      2      0    0      1      -1      -1  1000 0.047000000 0.15200000 0.15300000 0.13800000 0.12100000 0.09200000 0.05300000 0.02300000 0.047000000 0.030000000 0.029000000 0.017000000 0.0200000000 0.0120000000 0.020000000 0.014000000 0.0010000000 3.000000e-03 0.0060000000 4.000000e-03 4.000000e-03 2.000000e-03 2.000000e-03 1.000000e-03 0.0090000000
   20    1      2      0    0      1      -1      -1  1000 0.052000000 0.19900000 0.13900000 0.12900000 0.10000000 0.07600000 0.07000000 0.03800000 0.021000000 0.040000000 0.022000000 0.025000000 0.0090000000 0.0100000000 0.013000000 0.012000000 0.0080000000 3.000000e-03 0.0100000000 6.000000e-03 6.000000e-03 3.000000e-03 1.000000e-03 2.000000e-03 0.0060000000
   21    1      2      0    0      1      -1      -1  1000 0.020000000 0.24300000 0.18400000 0.07600000 0.08600000 0.07900000 0.06600000 0.05100000 0.032000000 0.028000000 0.030000000 0.006000000 0.0220000000 0.0160000000 0.012000000 0.006000000 0.0110000000 6.000000e-03 0.0020000000 4.000000e-03 6.000000e-03 4.000000e-03 2.000000e-03 0.000000e+00 0.0080000000
   22    1      2      0    0      1      -1      -1  1000 0.023000000 0.13300000 0.20400000 0.15700000 0.07800000 0.07700000 0.07200000 0.05200000 0.043000000 0.031000000 0.025000000 0.020000000 0.0120000000 0.0170000000 0.012000000 0.010000000 0.0050000000 4.000000e-03 0.0060000000 0.000000e+00 1.000000e-03 2.000000e-03 3.000000e-03 2.000000e-03 0.0110000000
   23    1      2      0    0      1      -1      -1  1000 0.048000000 0.10800000 0.15000000 0.16000000 0.12500000 0.06800000 0.06200000 0.05400000 0.042000000 0.040000000 0.025000000 0.012000000 0.0210000000 0.0160000000 0.015000000 0.010000000 0.0080000000 2.000000e-03 0.0070000000 4.000000e-03 3.000000e-03 6.000000e-03 5.000000e-03 3.000000e-03 0.0060000000
   24    1      2      0    0      1      -1      -1  1000 0.030000000 0.23600000 0.08400000 0.09900000 0.14900000 0.10700000 0.05200000 0.05400000 0.038000000 0.032000000 0.023000000 0.018000000 0.0080000000 0.0100000000 0.009000000 0.014000000 0.0080000000 6.000000e-03 0.0000000000 2.000000e-03 6.000000e-03 3.000000e-03 4.000000e-03 0.000000e+00 0.0080000000
   25    1      2      0    0      1      -1      -1  1000 0.037000000 0.13400000 0.22300000 0.07000000 0.08500000 0.12100000 0.08700000 0.03600000 0.036000000 0.031000000 0.022000000 0.026000000 0.0200000000 0.0090000000 0.009000000 0.003000000 0.0140000000 9.000000e-03 0.0060000000 4.000000e-03 1.000000e-03 3.000000e-03 0.000000e+00 2.000000e-03 0.0120000000
   26    1      2      0    0      1      -1      -1  1000 0.028000000 0.21100000 0.13400000 0.15500000 0.04900000 0.06300000 0.10600000 0.05300000 0.033000000 0.028000000 0.036000000 0.018000000 0.0170000000 0.0140000000 0.008000000 0.010000000 0.0040000000 7.000000e-03 0.0030000000 4.000000e-03 3.000000e-03 5.000000e-03 2.000000e-03 0.000000e+00 0.0090000000
   27    1      2      0    0      1      -1      -1  1000 0.017000000 0.12900000 0.22100000 0.11600000 0.14500000 0.04300000 0.04600000 0.08300000 0.057000000 0.020000000 0.025000000 0.020000000 0.0110000000 0.0180000000 0.005000000 0.004000000 0.0040000000 3.000000e-03 0.0070000000 5.000000e-03 6.000000e-03 0.000000e+00 2.000000e-03 3.000000e-03 0.0100000000
   28    1      2      0    0      1      -1      -1  1000 0.033000000 0.09300000 0.14200000 0.19200000 0.08500000 0.11500000 0.04300000 0.04500000 0.068000000 0.046000000 0.024000000 0.020000000 0.0200000000 0.0160000000 0.011000000 0.009000000 0.0030000000 7.000000e-03 0.0020000000 1.000000e-02 2.000000e-03 1.000000e-03 1.000000e-03 2.000000e-03 0.0100000000
   29    1      2      0    0      1      -1      -1  1000 0.019000000 0.17300000 0.10100000 0.12400000 0.15500000 0.07400000 0.07900000 0.04400000 0.038000000 0.049000000 0.029000000 0.018000000 0.0220000000 0.0160000000 0.014000000 0.012000000 0.0060000000 2.000000e-03 0.0040000000 3.000000e-03 4.000000e-03 1.000000e-03 1.000000e-03 2.000000e-03 0.0100000000
   30    1      2      0    0      1      -1      -1  1000 0.005000000 0.11800000 0.16500000 0.09300000 0.11200000 0.12700000 0.04200000 0.08900000 0.023000000 0.039000000 0.048000000 0.038000000 0.0210000000 0.0110000000 0.017000000 0.010000000 0.0120000000 7.000000e-03 0.0010000000 3.000000e-03 1.000000e-03 5.000000e-03 2.000000e-03 3.000000e-03 0.0080000000
   31    1      2      0    0      1      -1      -1  1000 0.024000000 0.05600000 0.10400000 0.16400000 0.07300000 0.08800000 0.12800000 0.06000000 0.080000000 0.023000000 0.027000000 0.043000000 0.0300000000 0.0110000000 0.014000000 0.011000000 0.0180000000 1.200000e-02 0.0040000000 3.000000e-03 7.000000e-03 4.000000e-03 5.000000e-03 1.000000e-03 0.0100000000
   32    1      2      0    0      1      -1      -1  1000 0.048000000 0.14500000 0.05900000 0.07900000 0.14900000 0.06400000 0.09200000 0.07900000 0.038000000 0.062000000 0.030000000 0.017000000 0.0310000000 0.0260000000 0.008000000 0.012000000 0.0120000000 8.000000e-03 0.0080000000 5.000000e-03 4.000000e-03 4.000000e-03 3.000000e-03 8.000000e-03 0.0090000000
   33    1      2      0    0      1      -1      -1  1000 0.027000000 0.20800000 0.15000000 0.03300000 0.07500000 0.11000000 0.03800000 0.06600000 0.080000000 0.032000000 0.057000000 0.013000000 0.0180000000 0.0330000000 0.013000000 0.011000000 0.0060000000 4.000000e-03 0.0040000000 4.000000e-03 1.000000e-03 1.000000e-03 4.000000e-03 2.000000e-03 0.0100000000
   34    1      2      0    0      1      -1      -1  1000 0.062000000 0.09800000 0.22000000 0.12000000 0.03400000 0.06100000 0.07600000 0.04400000 0.056000000 0.062000000 0.028000000 0.046000000 0.0080000000 0.0120000000 0.026000000 0.010000000 0.0040000000 6.000000e-03 0.0060000000 6.000000e-03 4.000000e-03 1.000000e-03 1.000000e-03 5.000000e-03 0.0040000000
   35    1      2      0    0      1      -1      -1  1000 0.060000000 0.29500000 0.08700000 0.14500000 0.07800000 0.02700000 0.04400000 0.06100000 0.028000000 0.034000000 0.037000000 0.016000000 0.0210000000 0.0080000000 0.010000000 0.021000000 0.0080000000 1.000000e-03 0.0040000000 4.000000e-03 0.000000e+00 3.000000e-03 1.000000e-03 3.000000e-03 0.0040000000
   36    1      2      0    0      1      -1      -1  1000 0.056000000 0.16600000 0.28300000 0.06500000 0.11900000 0.06700000 0.01600000 0.03200000 0.045000000 0.021000000 0.025000000 0.027000000 0.0100000000 0.0210000000 0.004000000 0.002000000 0.0120000000 7.000000e-03 0.0020000000 4.000000e-03 4.000000e-03 2.000000e-03 1.000000e-03 1.000000e-03 0.0080000000
   37    1      2      0    0      1      -1      -1  1000 0.044000000 0.26300000 0.16500000 0.18900000 0.04100000 0.08000000 0.03600000 0.01700000 0.025000000 0.026000000 0.014000000 0.011000000 0.0240000000 0.0100000000 0.016000000 0.008000000 0.0080000000 3.000000e-03 0.0030000000 2.000000e-03 1.000000e-03 1.000000e-03 2.000000e-03 3.000000e-03 0.0080000000
   38    1      2      0    0      1      -1      -1  1000 0.026000000 0.24300000 0.22000000 0.11300000 0.17000000 0.03300000 0.04900000 0.02800000 0.006000000 0.014000000 0.017000000 0.014000000 0.0130000000 0.0120000000 0.007000000 0.009000000 0.0040000000 4.000000e-03 0.0090000000 2.000000e-03 0.000000e+00 3.000000e-03 1.000000e-03 0.000000e+00 0.0030000000
   39    1      2      0    0      1      -1      -1  1000 0.033000000 0.10700000 0.24400000 0.16900000 0.11400000 0.12100000 0.03100000 0.04400000 0.022000000 0.008000000 0.011000000 0.018000000 0.0080000000 0.0160000000 0.018000000 0.006000000 0.0090000000 2.000000e-03 0.0010000000 4.000000e-03 4.000000e-03 1.000000e-03 4.000000e-03 1.000000e-03 0.0040000000
   40    1      2      0    0      1      -1      -1  1000 0.078000000 0.14900000 0.10100000 0.18900000 0.14600000 0.07800000 0.07700000 0.02600000 0.050000000 0.023000000 0.002000000 0.012000000 0.0170000000 0.0100000000 0.008000000 0.004000000 0.0040000000 8.000000e-03 0.0010000000 3.000000e-03 2.000000e-03 0.000000e+00 2.000000e-03 2.000000e-03 0.0080000000
   41    1      2      0    0      1      -1      -1  1000 0.028000000 0.34400000 0.10700000 0.08300000 0.13500000 0.09100000 0.04900000 0.05800000 0.010000000 0.033000000 0.011000000 0.002000000 0.0050000000 0.0070000000 0.002000000 0.005000000 0.0110000000 4.000000e-03 0.0040000000 3.000000e-03 1.000000e-03 5.000000e-03 0.000000e+00 0.000000e+00 0.0020000000
   42    1      2      0    0      1      -1      -1  1000 0.038000000 0.13500000 0.32300000 0.09600000 0.05000000 0.10400000 0.06900000 0.04000000 0.053000000 0.013000000 0.022000000 0.007000000 0.0020000000 0.0060000000 0.006000000 0.004000000 0.0090000000 6.000000e-03 0.0020000000 5.000000e-03 1.000000e-03 1.000000e-03 4.000000e-03 1.000000e-03 0.0030000000
   43    1      2      0    0      1      -1      -1  1000 0.027000000 0.25400000 0.10100000 0.23700000 0.06700000 0.05300000 0.08600000 0.05500000 0.023000000 0.035000000 0.013000000 0.017000000 0.0060000000 0.0030000000 0.002000000 0.005000000 0.0030000000 3.000000e-03 0.0060000000 0.000000e+00 2.000000e-03 0.000000e+00 2.000000e-03 0.000000e+00 0.0000000000
   44    1      2      0    0      1      -1      -1  1000 0.034000000 0.17400000 0.20100000 0.10700000 0.19700000 0.05400000 0.03300000 0.06200000 0.052000000 0.009000000 0.028000000 0.009000000 0.0120000000 0.0030000000 0.002000000 0.001000000 0.0060000000 4.000000e-03 0.0010000000 5.000000e-03 0.000000e+00 2.000000e-03 1.000000e-03 0.000000e+00 0.0030000000
   45    1      2      0    0      1      -1      -1  1000 0.034000000 0.13800000 0.17800000 0.17900000 0.06000000 0.15900000 0.04600000 0.02800000 0.056000000 0.037000000 0.021000000 0.022000000 0.0060000000 0.0090000000 0.003000000 0.001000000 0.0030000000 4.000000e-03 0.0010000000 4.000000e-03 4.000000e-03 0.000000e+00 0.000000e+00 0.000000e+00 0.0070000000
   46    1      2      0    0      1      -1      -1  1000 0.048000000 0.17700000 0.12400000 0.14200000 0.14900000 0.05100000 0.10800000 0.04000000 0.024000000 0.031000000 0.022000000 0.020000000 0.0290000000 0.0030000000 0.005000000 0.004000000 0.0010000000 2.000000e-03 0.0040000000 0.000000e+00 2.000000e-03 3.000000e-03 3.000000e-03 3.000000e-03 0.0050000000
   47    1      2      0    0      1      -1      -1  1000 0.043000000 0.21400000 0.13400000 0.09000000 0.11300000 0.12400000 0.03900000 0.10900000 0.023000000 0.016000000 0.033000000 0.019000000 0.0080000000 0.0120000000 0.003000000 0.002000000 0.0050000000 1.000000e-03 0.0000000000 3.000000e-03 1.000000e-03 2.000000e-03 0.000000e+00 0.000000e+00 0.0060000000
   48    1      2      0    0      1      -1      -1  1000 0.031000000 0.22200000 0.18500000 0.11400000 0.08200000 0.07400000 0.07400000 0.03900000 0.060000000 0.015000000 0.022000000 0.019000000 0.0190000000 0.0080000000 0.014000000 0.003000000 0.0060000000 0.000000e+00 0.0010000000 2.000000e-03 1.000000e-03 0.000000e+00 0.000000e+00 2.000000e-03 0.0070000000
   49    1      2      0    0      1      -1      -1  1000 0.046000000 0.15900000 0.21000000 0.14400000 0.08800000 0.05800000 0.07300000 0.06200000 0.021000000 0.039000000 0.017000000 0.014000000 0.0190000000 0.0100000000 0.009000000 0.010000000 0.0010000000 3.000000e-03 0.0030000000 1.000000e-03 3.000000e-03 1.000000e-03 2.000000e-03 1.000000e-03 0.0060000000
   50    1      2      0    0      1      -1      -1  1000 0.036000000 0.21300000 0.12900000 0.17100000 0.09900000 0.07500000 0.05500000 0.05600000 0.045000000 0.024000000 0.033000000 0.008000000 0.0090000000 0.0120000000 0.013000000 0.003000000 0.0030000000 1.000000e-03 0.0030000000 2.000000e-03 1.000000e-03 1.000000e-03 3.000000e-03 0.000000e+00 0.0050000000
   51    1      2      0    0      1      -1      -1  1000 0.029000000 0.16200000 0.20800000 0.11200000 0.14400000 0.07900000 0.05800000 0.02900000 0.048000000 0.035000000 0.014000000 0.024000000 0.0100000000 0.0080000000 0.015000000 0.005000000 0.0050000000 5.000000e-03 0.0010000000 2.000000e-03 0.000000e+00 0.000000e+00 1.000000e-03 0.000000e+00 0.0060000000
   52    1      2      0    0      1      -1      -1  1000 0.051000000 0.16000000 0.15900000 0.16300000 0.08100000 0.10000000 0.08000000 0.04000000 0.029000000 0.018000000 0.036000000 0.013000000 0.0280000000 0.0070000000 0.004000000 0.011000000 0.0070000000 4.000000e-03 0.0020000000 1.000000e-03 1.000000e-03 1.000000e-03 0.000000e+00 1.000000e-03 0.0030000000
   53    1      2      0    0      1      -1      -1  1000 0.091000000 0.17700000 0.14700000 0.10300000 0.12700000 0.07100000 0.07100000 0.03700000 0.035000000 0.026000000 0.019000000 0.016000000 0.0110000000 0.0260000000 0.010000000 0.007000000 0.0060000000 9.000000e-03 0.0000000000 3.000000e-03 1.000000e-03 1.000000e-03 1.000000e-03 1.000000e-03 0.0040000000
   54    1      2      0    0      1      -1      -1  1000 0.052000000 0.31000000 0.13700000 0.10800000 0.06800000 0.09200000 0.04700000 0.04900000 0.038000000 0.023000000 0.014000000 0.015000000 0.0090000000 0.0050000000 0.014000000 0.002000000 0.0030000000 3.000000e-03 0.0030000000 2.000000e-03 3.000000e-03 0.000000e+00 1.000000e-03 0.000000e+00 0.0020000000
   55    1      2      0    0      1      -1      -1  1000 0.016000000 0.22900000 0.26400000 0.12800000 0.08400000 0.05400000 0.06700000 0.03500000 0.031000000 0.021000000 0.010000000 0.007000000 0.0120000000 0.0190000000 0.004000000 0.003000000 0.0030000000 1.000000e-03 0.0010000000 3.000000e-03 2.000000e-03 3.000000e-03 1.000000e-03 2.000000e-03 0.0000000000
   56    1      2      0    0      1      -1      -1  1000 0.051000000 0.07700000 0.22700000 0.24100000 0.09700000 0.06200000 0.05300000 0.04500000 0.027000000 0.037000000 0.024000000 0.015000000 0.0060000000 0.0100000000 0.008000000 0.004000000 0.0080000000 1.000000e-03 0.0010000000 1.000000e-03 0.000000e+00 1.000000e-03 3.000000e-03 0.000000e+00 0.0010000000
   57    1      2      0    0      1      -1      -1  1000 0.021000000 0.18300000 0.07300000 0.17500000 0.18700000 0.09000000 0.06000000 0.04700000 0.049000000 0.020000000 0.033000000 0.019000000 0.0080000000 0.0050000000 0.004000000 0.008000000 0.0010000000 6.000000e-03 0.0000000000 3.000000e-03 3.000000e-03 1.000000e-03 0.000000e+00 1.000000e-03 0.0030000000
   58    1      2      0    0      1      -1      -1  1000 0.064000000 0.11400000 0.20300000 0.05500000 0.14000000 0.15600000 0.05900000 0.03600000 0.031000000 0.043000000 0.021000000 0.021000000 0.0160000000 0.0100000000 0.005000000 0.003000000 0.0050000000 2.000000e-03 0.0090000000 3.000000e-03 2.000000e-03 1.000000e-03 0.000000e+00 0.000000e+00 0.0010000000
   59    1      2      0    0      1      -1      -1  1000 0.058000000 0.31000000 0.09100000 0.11900000 0.04200000 0.08800000 0.11000000 0.03500000 0.031000000 0.033000000 0.030000000 0.012000000 0.0050000000 0.0060000000 0.004000000 0.003000000 0.0060000000 3.000000e-03 0.0010000000 5.000000e-03 1.000000e-03 0.000000e+00 1.000000e-03 2.000000e-03 0.0040000000
   60    1      2      0    0      1      -1      -1  1000 0.057000000 0.25700000 0.22900000 0.06900000 0.08100000 0.03200000 0.08000000 0.08100000 0.025000000 0.025000000 0.013000000 0.011000000 0.0040000000 0.0090000000 0.007000000 0.006000000 0.0050000000 4.000000e-03 0.0020000000 0.000000e+00 1.000000e-03 1.000000e-03 0.000000e+00 0.000000e+00 0.0010000000
   61    1      2      0    0      1      -1      -1  1000 0.027000000 0.23200000 0.23200000 0.16900000 0.05800000 0.06500000 0.01900000 0.05100000 0.060000000 0.023000000 0.015000000 0.010000000 0.0130000000 0.0090000000 0.010000000 0.001000000 0.0020000000 0.000000e+00 0.0030000000 0.000000e+00 0.000000e+00 0.000000e+00 0.000000e+00 1.000000e-03 0.0000000000
   62    1      2      0    0      1      -1      -1  1000 0.050000000 0.13600000 0.21900000 0.19500000 0.13800000 0.04300000 0.05300000 0.01300000 0.042000000 0.039000000 0.014000000 0.017000000 0.0060000000 0.0080000000 0.006000000 0.007000000 0.0080000000 1.000000e-03 0.0020000000 2.000000e-03 1.000000e-03 0.000000e+00 0.000000e+00 0.000000e+00 0.0000000000
   63    1      2      0    0      1      -1      -1  1000 0.017000000 0.27800000 0.12600000 0.14400000 0.13800000 0.10300000 0.02800000 0.04100000 0.010000000 0.030000000 0.033000000 0.013000000 0.0120000000 0.0050000000 0.006000000 0.002000000 0.0030000000 1.000000e-03 0.0020000000 1.000000e-03 1.000000e-03 2.000000e-03 0.000000e+00 3.000000e-03 0.0010000000
   64    1      2      0    0      1      -1      -1  1000 0.030000000 0.08900000 0.26400000 0.09800000 0.15000000 0.12000000 0.09000000 0.02100000 0.033000000 0.017000000 0.024000000 0.018000000 0.0080000000 0.0080000000 0.008000000 0.006000000 0.0060000000 1.000000e-03 0.0050000000 0.000000e+00 2.000000e-03 0.000000e+00 0.000000e+00 1.000000e-03 0.0010000000
   65    1      2      0    0      1      -1      -1  1000 0.075000000 0.12000000 0.10000000 0.20600000 0.09800000 0.12100000 0.08300000 0.07700000 0.011000000 0.021000000 0.009000000 0.017000000 0.0250000000 0.0060000000 0.004000000 0.007000000 0.0040000000 5.000000e-03 0.0050000000 4.000000e-03 1.000000e-03 0.000000e+00 0.000000e+00 0.000000e+00 0.0010000000
   66    1      2      0    0      1      -1      -1  1000 0.048000000 0.32600000 0.08900000 0.07400000 0.15000000 0.04100000 0.07900000 0.05800000 0.049000000 0.010000000 0.016000000 0.007000000 0.0180000000 0.0130000000 0.007000000 0.003000000 0.0020000000 2.000000e-03 0.0010000000 2.000000e-03 1.000000e-03 1.000000e-03 0.000000e+00 1.000000e-03 0.0020000000
   67    1      2      0    0      1      -1      -1  1000 0.036000000 0.23400000 0.28500000 0.07000000 0.04600000 0.11000000 0.04000000 0.05500000 0.039000000 0.028000000 0.007000000 0.013000000 0.0040000000 0.0080000000 0.008000000 0.005000000 0.0010000000 3.000000e-03 0.0010000000 1.000000e-03 1.000000e-03 2.000000e-03 1.000000e-03 1.000000e-03 0.0010000000
   68    1      2      0    0      1      -1      -1  1000 0.048000000 0.18200000 0.26100000 0.18100000 0.05300000 0.02800000 0.06900000 0.02300000 0.037000000 0.041000000 0.027000000 0.005000000 0.0090000000 0.0010000000 0.011000000 0.012000000 0.0020000000 1.000000e-03 0.0030000000 0.000000e+00 3.000000e-03 1.000000e-03 2.000000e-03 0.000000e+00 0.0000000000
   69    1      2      0    0      1      -1      -1  1000 0.021000000 0.20600000 0.15600000 0.15800000 0.16500000 0.04200000 0.03400000 0.07000000 0.023000000 0.042000000 0.017000000 0.023000000 0.0050000000 0.0100000000 0.000000000 0.009000000 0.0070000000 2.000000e-03 0.0020000000 2.000000e-03 2.000000e-03 1.000000e-03 0.000000e+00 0.000000e+00 0.0030000000
   70    1      2      0    0      1      -1      -1  1000 0.061000000 0.11900000 0.21200000 0.12200000 0.14200000 0.12400000 0.03700000 0.01500000 0.064000000 0.020000000 0.017000000 0.022000000 0.0140000000 0.0030000000 0.006000000 0.001000000 0.0020000000 7.000000e-03 0.0050000000 1.000000e-03 2.000000e-03 0.000000e+00 0.000000e+00 0.000000e+00 0.0040000000
   71    1      2      0    0      1      -1      -1  1000 0.024000000 0.26000000 0.12000000 0.15500000 0.08600000 0.10100000 0.10200000 0.02800000 0.011000000 0.030000000 0.014000000 0.021000000 0.0130000000 0.0140000000 0.003000000 0.004000000 0.0020000000 5.000000e-03 0.0030000000 2.000000e-03 0.000000e+00 2.000000e-03 0.000000e+00 0.000000e+00 0.0000000000
   72    1      2      0    0      1      -1      -1  1000 0.052000000 0.15500000 0.24700000 0.09200000 0.11000000 0.06900000 0.07700000 0.08700000 0.014000000 0.019000000 0.022000000 0.004000000 0.0110000000 0.0150000000 0.008000000 0.001000000 0.0040000000 2.000000e-03 0.0020000000 3.000000e-03 1.000000e-03 2.000000e-03 1.000000e-03 0.000000e+00 0.0020000000
   73    1      2      0    0      1      -1      -1  1000 0.053000000 0.18000000 0.13700000 0.16600000 0.06200000 0.10400000 0.06000000 0.07400000 0.058000000 0.009000000 0.006000000 0.027000000 0.0150000000 0.0140000000 0.011000000 0.005000000 0.0020000000 5.000000e-03 0.0010000000 5.000000e-03 3.000000e-03 0.000000e+00 1.000000e-03 1.000000e-03 0.0010000000
   74    1      2      0    0      1      -1      -1  1000 0.020000000 0.22800000 0.18800000 0.09800000 0.11500000 0.06700000 0.07000000 0.03900000 0.047000000 0.051000000 0.007000000 0.011000000 0.0150000000 0.0110000000 0.008000000 0.005000000 0.0100000000 2.000000e-03 0.0020000000 1.000000e-03 1.000000e-03 0.000000e+00 0.000000e+00 1.000000e-03 0.0030000000
   75    1      2      0    0      1      -1      -1  1000 0.053000000 0.10200000 0.23600000 0.13900000 0.09900000 0.07900000 0.04800000 0.05800000 0.037000000 0.049000000 0.039000000 0.008000000 0.0050000000 0.0170000000 0.009000000 0.005000000 0.0070000000 1.000000e-03 0.0040000000 0.000000e+00 0.000000e+00 0.000000e+00 2.000000e-03 0.000000e+00 0.0030000000
   76    1      2      0    0      1      -1      -1  1000 0.069000000 0.27200000 0.08800000 0.15400000 0.08900000 0.06100000 0.07200000 0.03000000 0.044000000 0.030000000 0.028000000 0.016000000 0.0070000000 0.0050000000 0.015000000 0.006000000 0.0040000000 3.000000e-03 0.0020000000 0.000000e+00 1.000000e-03 0.000000e+00 1.000000e-03 1.000000e-03 0.0020000000
   77    1      2      0    0      1      -1      -1  1000 0.034000000 0.30300000 0.19500000 0.05500000 0.11500000 0.06900000 0.04400000 0.05200000 0.024000000 0.023000000 0.017000000 0.013000000 0.0200000000 0.0020000000 0.002000000 0.012000000 0.0050000000 5.000000e-03 0.0040000000 0.000000e+00 1.000000e-03 2.000000e-03 0.000000e+00 0.000000e+00 0.0030000000
   78    1      2      0    0      1      -1      -1  1000 0.039000000 0.15500000 0.28400000 0.17000000 0.04000000 0.08100000 0.05000000 0.04600000 0.029000000 0.018000000 0.031000000 0.013000000 0.0120000000 0.0100000000 0.001000000 0.001000000 0.0070000000 2.000000e-03 0.0040000000 3.000000e-03 1.000000e-03 0.000000e+00 2.000000e-03 0.000000e+00 0.0010000000
   79    1      2      0    0      1      -1      -1  1000 0.046000000 0.23600000 0.12200000 0.21600000 0.11100000 0.03100000 0.06500000 0.04800000 0.021000000 0.033000000 0.006000000 0.013000000 0.0120000000 0.0120000000 0.010000000 0.003000000 0.0020000000 7.000000e-03 0.0010000000 1.000000e-03 0.000000e+00 0.000000e+00 2.000000e-03 0.000000e+00 0.0020000000
   80    1      2      0    0      1      -1      -1  1000 0.040000000 0.16900000 0.20900000 0.10200000 0.16700000 0.09400000 0.03100000 0.05200000 0.029000000 0.015000000 0.021000000 0.012000000 0.0140000000 0.0070000000 0.011000000 0.010000000 0.0010000000 2.000000e-03 0.0030000000 2.000000e-03 4.000000e-03 2.000000e-03 1.000000e-03 1.000000e-03 0.0010000000
   81    1      2      0    0      1      -1      -1  1000 0.039000000 0.19000000 0.17100000 0.17600000 0.08400000 0.10800000 0.07000000 0.01600000 0.035000000 0.029000000 0.013000000 0.020000000 0.0080000000 0.0110000000 0.008000000 0.008000000 0.0060000000 1.000000e-03 0.0000000000 3.000000e-03 0.000000e+00 1.000000e-03 1.000000e-03 0.000000e+00 0.0020000000
   82    1      2      0    0      1      -1      -1  1000 0.043000000 0.14800000 0.16800000 0.13100000 0.13400000 0.07300000 0.11200000 0.06700000 0.014000000 0.031000000 0.015000000 0.015000000 0.0170000000 0.0050000000 0.006000000 0.003000000 0.0050000000 4.000000e-03 0.0000000000 2.000000e-03 2.000000e-03 1.000000e-03 1.000000e-03 0.000000e+00 0.0030000000
   83    1      2      0    0      1      -1      -1  1000 0.023000000 0.23900000 0.12600000 0.13900000 0.09200000 0.11300000 0.05600000 0.06500000 0.037000000 0.014000000 0.034000000 0.008000000 0.0060000000 0.0190000000 0.001000000 0.007000000 0.0040000000 3.000000e-03 0.0060000000 0.000000e+00 0.000000e+00 1.000000e-03 1.000000e-03 1.000000e-03 0.0050000000
   84    1      2      0    0      1      -1      -1  1000 0.056000000 0.14500000 0.21700000 0.09800000 0.10800000 0.08100000 0.07700000 0.03900000 0.061000000 0.038000000 0.010000000 0.017000000 0.0120000000 0.0050000000 0.011000000 0.003000000 0.0060000000 1.000000e-03 0.0060000000 4.000000e-03 0.000000e+00 1.000000e-03 3.000000e-03 1.000000e-03 0.0000000000
   85    1      2      0    0      1      -1      -1  1000 0.028000000 0.30600000 0.09700000 0.14900000 0.08000000 0.08100000 0.05100000 0.05600000 0.028000000 0.048000000 0.020000000 0.007000000 0.0160000000 0.0110000000 0.003000000 0.005000000 0.0020000000 0.000000e+00 0.0010000000 2.000000e-03 4.000000e-03 0.000000e+00 0.000000e+00 1.000000e-03 0.0040000000
   86    1      2      0    0      1      -1      -1  1000 0.043000000 0.15500000 0.26100000 0.08700000 0.12600000 0.06300000 0.04600000 0.04800000 0.058000000 0.028000000 0.037000000 0.011000000 0.0040000000 0.0060000000 0.007000000 0.003000000 0.0000000000 4.000000e-03 0.0030000000 0.000000e+00 2.000000e-03 4.000000e-03 0.000000e+00 0.000000e+00 0.0040000000
   87    1      2      0    0      1      -1      -1  1000 0.025000000 0.18300000 0.14900000 0.20900000 0.06700000 0.10100000 0.04700000 0.04400000 0.027000000 0.046000000 0.026000000 0.027000000 0.0210000000 0.0040000000 0.009000000 0.004000000 0.0010000000 3.000000e-03 0.0020000000 1.000000e-03 0.000000e+00 1.000000e-03 0.000000e+00 0.000000e+00 0.0030000000
   88    1      2      0    0      1      -1      -1  1000 0.062000000 0.10800000 0.18000000 0.11700000 0.15500000 0.06200000 0.08300000 0.04500000 0.039000000 0.033000000 0.030000000 0.016000000 0.0270000000 0.0150000000 0.004000000 0.007000000 0.0080000000 1.000000e-03 0.0010000000 2.000000e-03 1.000000e-03 0.000000e+00 1.000000e-03 0.000000e+00 0.0030000000
   89    1      2      0    0      1      -1      -1  1000 0.028000000 0.24900000 0.08900000 0.15100000 0.07200000 0.12900000 0.04800000 0.06800000 0.030000000 0.039000000 0.020000000 0.017000000 0.0150000000 0.0160000000 0.009000000 0.001000000 0.0020000000 2.000000e-03 0.0030000000 4.000000e-03 1.000000e-03 2.000000e-03 1.000000e-03 1.000000e-03 0.0030000000
   90    1      2      0    0      1      -1      -1  1000 0.040000000 0.16300000 0.22600000 0.08600000 0.12600000 0.05500000 0.12000000 0.03300000 0.043000000 0.026000000 0.015000000 0.013000000 0.0160000000 0.0060000000 0.007000000 0.005000000 0.0020000000 7.000000e-03 0.0030000000 1.000000e-03 2.000000e-03 0.000000e+00 0.000000e+00 3.000000e-03 0.0020000000
   91    1      2      0    0      1      -1      -1  1000 0.021000000 0.15200000 0.12600000 0.21500000 0.05800000 0.07900000 0.06500000 0.08400000 0.046000000 0.042000000 0.020000000 0.014000000 0.0220000000 0.0190000000 0.009000000 0.009000000 0.0060000000 0.000000e+00 0.0040000000 3.000000e-03 3.000000e-03 0.000000e+00 2.000000e-03 0.000000e+00 0.0010000000
   92    1      2      0    0      1      -1      -1  1000 0.041000000 0.14100000 0.16700000 0.09300000 0.16600000 0.05000000 0.07400000 0.05600000 0.077000000 0.018000000 0.030000000 0.012000000 0.0160000000 0.0160000000 0.006000000 0.008000000 0.0080000000 7.000000e-03 0.0000000000 6.000000e-03 0.000000e+00 0.000000e+00 2.000000e-03 0.000000e+00 0.0060000000
   93    1      2      0    0      1      -1      -1  1000 0.028000000 0.23000000 0.15500000 0.11800000 0.08800000 0.11100000 0.02800000 0.04800000 0.029000000 0.061000000 0.014000000 0.017000000 0.0120000000 0.0140000000 0.010000000 0.013000000 0.0050000000 9.000000e-03 0.0000000000 1.000000e-03 3.000000e-03 1.000000e-03 2.000000e-03 0.000000e+00 0.0030000000
   94    1      2      0    0      1      -1      -1  1000 0.046000000 0.17200000 0.21300000 0.10200000 0.09600000 0.05600000 0.09600000 0.02300000 0.037000000 0.024000000 0.040000000 0.014000000 0.0180000000 0.0150000000 0.008000000 0.008000000 0.0060000000 7.000000e-03 0.0040000000 4.000000e-03 1.000000e-03 7.000000e-03 0.000000e+00 0.000000e+00 0.0030000000
   95    1      2      0    0      1      -1      -1  1000 0.066000000 0.18100000 0.13300000 0.19500000 0.09000000 0.07000000 0.05400000 0.06400000 0.009000000 0.027000000 0.016000000 0.024000000 0.0100000000 0.0140000000 0.010000000 0.008000000 0.0090000000 2.000000e-03 0.0010000000 6.000000e-03 5.000000e-03 2.000000e-03 0.000000e+00 1.000000e-03 0.0030000000
   96    1      2      0    0      1      -1      -1  1000 0.018000000 0.26600000 0.17000000 0.09000000 0.13600000 0.07700000 0.05800000 0.03100000 0.042000000 0.016000000 0.020000000 0.015000000 0.0200000000 0.0070000000 0.007000000 0.009000000 0.0040000000 4.000000e-03 0.0030000000 1.000000e-03 1.000000e-03 2.000000e-03 0.000000e+00 1.000000e-03 0.0020000000
   97    1      2      0    0      1      -1      -1  1000 0.078000000 0.12400000 0.26700000 0.10000000 0.08100000 0.09000000 0.05500000 0.03400000 0.026000000 0.043000000 0.016000000 0.015000000 0.0160000000 0.0190000000 0.004000000 0.005000000 0.0030000000 4.000000e-03 0.0050000000 2.000000e-03 5.000000e-03 1.000000e-03 2.000000e-03 0.000000e+00 0.0050000000
   98    1      2      0    0      1      -1      -1  1000 0.028000000 0.32600000 0.08400000 0.17000000 0.08600000 0.06000000 0.06400000 0.03200000 0.037000000 0.010000000 0.029000000 0.010000000 0.0130000000 0.0080000000 0.013000000 0.006000000 0.0060000000 1.000000e-03 0.0040000000 0.000000e+00 4.000000e-03 3.000000e-03 3.000000e-03 1.000000e-03 0.0020000000
   99    1      2      0    0      1      -1      -1  1000 0.064000000 0.11800000 0.31100000 0.07100000 0.12400000 0.07200000 0.04400000 0.06000000 0.024000000 0.021000000 0.018000000 0.025000000 0.0070000000 0.0090000000 0.009000000 0.007000000 0.0000000000 3.000000e-03 0.0010000000 2.000000e-03 1.000000e-03 3.000000e-03 0.000000e+00 2.000000e-03 0.0040000000
  100    1      2      0    0      1      -1      -1  1000 0.033000000 0.29300000 0.10800000 0.19100000 0.06000000 0.10800000 0.04200000 0.03200000 0.036000000 0.020000000 0.009000000 0.010000000 0.0200000000 0.0040000000 0.007000000 0.003000000 0.0050000000 4.000000e-03 0.0020000000 2.000000e-03 1.000000e-03 2.000000e-03 4.000000e-03 0.000000e+00 0.0040000000
0 #_N_MeanSize_at_Age_obs
0 #_N_environ_variables
0 #_N_environ_obs
0 #_N_sizefreq_methods
0 #_do_tags
0 #_morphcomp_data
#
999
