#C data file created using the SS_writedat function in the R package r4ss
#C should work with SS version: 
#C file write time: 2014-11-06 01:07:31
#
1 #_styr
100 #_endyr
1 #_nseas
12 #_months_per_seas
1 #_spawn_seas
1 #_Nfleet
2 #_Nsurveys
1 #_N_areas
Fishery%Survey%CPUE #_fleetnames
0.5 0.5 0.5 #_surveytiming_in_season
1 1 1 #_area_assignments_for_each_fishery_and_survey
1 #_units of catch:  1=bio; 2=num
0.01 #_se of log(catch) only used for init_eq_catch and for Fmethod 2 and 3
1 #_Ngenders
25 #_Nages
0 #_init_equil_catch_for_each_fishery
100 #_N_lines_of_catch_to_read
 #_Fishery year seas
         0    1    1
         0    2    1
         0    3    1
         0    4    1
         0    5    1
         0    6    1
         0    7    1
         0    8    1
         0    9    1
         0   10    1
         0   11    1
         0   12    1
         0   13    1
         0   14    1
         0   15    1
         0   16    1
         0   17    1
         0   18    1
         0   19    1
         0   20    1
         0   21    1
         0   22    1
         0   23    1
         0   24    1
         0   25    1
 264615000   26    1
 250350000   27    1
 236917000   28    1
 224219000   29    1
 210239000   30    1
 197856000   31    1
 188833000   32    1
 184600000   33    1
 182698000   34    1
 182169000   35    1
 179450000   36    1
 175982000   37    1
 173574000   38    1
 172243000   39    1
 172455000   40    1
 174275000   41    1
 170644000   42    1
 164998000   43    1
 161731000   44    1
 163590000   45    1
 165068000   46    1
 167570000   47    1
 170666000   48    1
 171411000   49    1
 169825000   50    1
 164610000   51    1
 158930000   52    1
 152107000   53    1
 146766000   54    1
 144524000   55    1
 149291000   56    1
 160370000   57    1
 167426000   58    1
 168630000   59    1
 168817000   60    1
 169999000   61    1
 172996000   62    1
 171362000   63    1
 167417000   64    1
 162242000   65    1
 156542000   66    1
 152647000   67    1
 153981000   68    1
 152409000   69    1
 149713000   70    1
 147446000   71    1
 144530000   72    1
 141497000   73    1
 140552000   74    1
 140304000   75    1
 138547000   76    1
 136436000   77    1
 136750000   78    1
 139179000   79    1
 139373000   80    1
 136125000   81    1
 131337000   82    1
 127184000   83    1
 126157000   84    1
 124395000   85    1
 121474000   86    1
 120216000   87    1
 119901000   88    1
 120662000   89    1
 124770000   90    1
 129419000   91    1
 134780000   92    1
 144202000   93    1
 156130000   94    1
 159824000   95    1
 158702000   96    1
 157825000   97    1
 163364000   98    1
 167166000   99    1
 165782000  100    1
13 #_N_cpue
 #_Fleet Units Errtype
       1     1       0
       2     1       0
       3     1       0
 #_year seas index        obs se_log
     76    1     2 1570055781    0.2
     78    1     2 2209581541    0.2
     80    1     2 1621950893    0.2
     82    1     2 1732144988    0.2
     84    1     2 1428644558    0.2
     86    1     2 1850982757    0.2
     88    1     2 2156116980    0.2
     90    1     2 1922618787    0.2
     92    1     2 3019790158    0.2
     94    1     2 2374545361    0.2
     96    1     2 2512851635    0.2
     98    1     2 2737998772    0.2
    100    1     2 2048955007    0.2
0 #_N_discard_fleets
#_discard_units (1=same_as_catchunits(bio/num); 2=fraction; 3=numbers)
#_discard_errtype:  >0 for DF of T-dist(read CV below); 0 for normal with CV; -1 for normal with se; -2 for lognormal
0 #_N_discard
0 #_N_meanbodywt
1 #_DF_for_meanbodywt_T-distribution_like
2 # length bin method: 1=use databins; 2=generate from binwidth,min,max below; 3=read vector
1 # binwidth for population size comp
10 # minimum size in the population (lower edge of first bin and size at age 0.00)
200 # maximum size in the population (lower edge of last bin)
-0.001 #_comp_tail_compression
1e-05 #_add_to_comp
0 #_combine males into females at or below this bin number
21 #_N_lbins
#_lbin_vector
10 53 70 83 94 101 107 111 114 117 120 123 125 127 130 132 135 138 142 148 200
0 #_N_Length_comp_observations
25 #_N_agebins
#_agebin_vector
1 2 3 4 5 6 7 8 9 10 11 12 13 14 15 16 17 18 19 20 21 22 23 24 25
1 #_N_ageerror_definitions
 #_age0   age1   age2   age3   age4   age5   age6   age7   age8   age9  age10  age11  age12  age13  age14  age15  age16  age17  age18  age19  age20  age21  age22  age23  age24  age25
 -1.000 -1.000 -1.000 -1.000 -1.000 -1.000 -1.000 -1.000 -1.000 -1.000 -1.000 -1.000 -1.000 -1.000 -1.000 -1.000 -1.000 -1.000 -1.000 -1.000 -1.000 -1.000 -1.000 -1.000 -1.000 -1.000
  0.001  0.001  0.001  0.001  0.001  0.001  0.001  0.001  0.001  0.001  0.001  0.001  0.001  0.001  0.001  0.001  0.001  0.001  0.001  0.001  0.001  0.001  0.001  0.001  0.001  0.001
22 #_N_agecomp
1 #_Lbin_method: 1=poplenbins; 2=datalenbins; 3=lengths
-1 #_combine males into females at or below this bin number
 #_Yr Seas FltSvy Gender Part Ageerr Lbin_lo Lbin_hi Nsamp          a1         a2         a3         a4         a5         a6         a7         a8          a9        a10         a11         a12         a13          a14         a15         a16          a17          a18          a19          a20          a21          a22          a23          a24          a25
   50    1      1      0    0      1      -1      -1   200 0.006734378 0.06665701 0.20562919 0.16134086 0.17769158 0.07282976 0.10628034 0.09964302 0.011005355 0.01994942 0.013873832 0.023414635 0.004962276 0.0077375838 0.007484758 0.002498619 4.233669e-03 4.358806e-05 1.575432e-03 2.353482e-04 5.464617e-05 1.513713e-03 1.866330e-03 1.957707e-03 7.869409e-04
   55    1      1      0    0      1      -1      -1   200 0.037128028 0.25680881 0.15498485 0.11712648 0.04733407 0.13038414 0.03443217 0.04882967 0.030192167 0.05404578 0.023368460 0.029652364 0.023280670 0.0026192496 0.001018495 0.002423209 1.855631e-03 1.646725e-03 1.459012e-03 1.246490e-04 8.136955e-04 4.028618e-04 2.656707e-08 3.263551e-08 6.875360e-05
   60    1      1      0    0      1      -1      -1   200 0.051121799 0.10979022 0.21179968 0.05181541 0.18355992 0.14295743 0.08883848 0.03259408 0.024272718 0.01542319 0.022613377 0.011093229 0.008995440 0.0040703603 0.003832636 0.002094683 5.458698e-05 2.491935e-02 4.991606e-05 1.612584e-08 8.641252e-04 3.376534e-03 1.011742e-04 1.064081e-03 4.697559e-03
   65    1      1      0    0      1      -1      -1   200 0.010967897 0.12867404 0.14177151 0.13303488 0.08285999 0.22228144 0.02708632 0.05722322 0.009813549 0.05110065 0.039889597 0.038574561 0.017308311 0.0006805653 0.004791427 0.006555521 5.404181e-03 8.722992e-03 2.021046e-03 4.068769e-03 3.295036e-04 1.148178e-03 5.022737e-03 6.205914e-05 6.070510e-04
   70    1      1      0    0      1      -1      -1   200 0.016268428 0.16970014 0.12524397 0.15939793 0.21064132 0.02082512 0.06064311 0.05418765 0.034112839 0.02576212 0.046941304 0.015247484 0.012468155 0.0028690446 0.010119479 0.019818989 8.584413e-03 6.385166e-03 1.658214e-05 1.029528e-06 1.818559e-06 3.594573e-04 1.457588e-05 2.210594e-05 3.677835e-04
   75    1      1      0    0      1      -1      -1   200 0.008012588 0.16296763 0.27637595 0.13981978 0.07908947 0.08423578 0.04905672 0.02748941 0.021649593 0.06626689 0.004548172 0.016223847 0.006051275 0.0156687314 0.008579094 0.003238836 4.758840e-03 1.093418e-02 2.101757e-07 5.008294e-03 4.823490e-03 3.989026e-03 2.314764e-05 1.135850e-03 5.319807e-05
   80    1      1      0    0      1      -1      -1   200 0.031784948 0.11328809 0.23924395 0.18511537 0.09356594 0.06536363 0.06205486 0.06180983 0.031594323 0.01607428 0.038603343 0.006597587 0.006863072 0.0147190195 0.017453689 0.002047489 3.449693e-03 4.028207e-03 9.724403e-08 3.362000e-05 2.563483e-04 6.912547e-06 2.260915e-03 3.452260e-13 3.784787e-03
   85    1      1      0    0      1      -1      -1   200 0.003935754 0.10525297 0.23397763 0.27056336 0.04593448 0.03917634 0.02666603 0.06872616 0.086370957 0.03174576 0.019496236 0.004768463 0.013371704 0.0085143068 0.001079176 0.016623973 6.692553e-04 2.152365e-03 2.156464e-03 4.892796e-04 3.540255e-04 8.247333e-03 4.487686e-03 2.427862e-11 5.240300e-03
   90    1      1      0    0      1      -1      -1   200 0.015374175 0.21060316 0.28028780 0.11429847 0.10733372 0.05277893 0.01556225 0.05977554 0.046327978 0.02582249 0.017061231 0.008720455 0.012603231 0.0072598271 0.004954387 0.006271153 2.002382e-04 2.184592e-03 7.306328e-04 8.218160e-05 1.019166e-02 8.833601e-04 3.475901e-06 2.934106e-06 6.861261e-04
   95    1      1      0    0      1      -1      -1   200 0.010420999 0.10964399 0.08900749 0.29537894 0.08175321 0.10722788 0.11421465 0.08092117 0.031131780 0.02465270 0.005324104 0.002843136 0.025185676 0.0061980137 0.006306746 0.002010019 2.074210e-06 1.479057e-05 3.424921e-03 6.608373e-04 1.803559e-04 9.178740e-06 1.860028e-07 6.775993e-04 2.809554e-03
  100    1      1      0    0      1      -1      -1   200 0.009649698 0.11700794 0.16347676 0.20594234 0.17518683 0.01832673 0.03649854 0.02756409 0.055126247 0.04221951 0.026520524 0.026337747 0.033272094 0.0020688033 0.020924633 0.020714778 4.652397e-04 4.337998e-03 1.186401e-04 8.644509e-03 4.860616e-03 6.678018e-04 2.072790e-06 1.320004e-06 6.454232e-05
   50    1      2      0    0      1      -1      -1   200 0.045000000 0.07000000 0.22000000 0.15000000 0.18000000 0.10500000 0.07500000 0.05500000 0.015000000 0.00500000 0.015000000 0.020000000 0.005000000 0.0150000000 0.000000000 0.005000000 1.000000e-02 0.000000e+00 5.000000e-03 0.000000e+00 0.000000e+00 0.000000e+00 0.000000e+00 0.000000e+00 5.000000e-03
   55    1      2      0    0      1      -1      -1   200 0.060000000 0.29500000 0.19000000 0.09000000 0.05500000 0.07500000 0.03500000 0.08000000 0.010000000 0.04000000 0.010000000 0.015000000 0.015000000 0.0000000000 0.000000000 0.005000000 1.000000e-02 0.000000e+00 0.000000e+00 5.000000e-03 0.000000e+00 5.000000e-03 0.000000e+00 0.000000e+00 5.000000e-03
   60    1      2      0    0      1      -1      -1   200 0.070000000 0.17000000 0.16000000 0.03000000 0.14500000 0.17500000 0.10000000 0.03000000 0.020000000 0.02500000 0.020000000 0.000000000 0.010000000 0.0100000000 0.010000000 0.005000000 1.500000e-02 0.000000e+00 5.000000e-03 0.000000e+00 0.000000e+00 0.000000e+00 0.000000e+00 0.000000e+00 0.000000e+00
   65    1      2      0    0      1      -1      -1   200 0.015000000 0.17500000 0.17000000 0.12500000 0.06500000 0.12000000 0.06000000 0.06500000 0.010000000 0.05000000 0.050000000 0.025000000 0.010000000 0.0100000000 0.005000000 0.015000000 0.000000e+00 1.000000e-02 0.000000e+00 1.000000e-02 5.000000e-03 5.000000e-03 0.000000e+00 0.000000e+00 0.000000e+00
   70    1      2      0    0      1      -1      -1   200 0.065000000 0.20500000 0.11000000 0.15000000 0.18500000 0.01500000 0.04000000 0.03000000 0.025000000 0.03000000 0.035000000 0.030000000 0.040000000 0.0050000000 0.005000000 0.020000000 0.000000e+00 1.000000e-02 0.000000e+00 0.000000e+00 0.000000e+00 0.000000e+00 0.000000e+00 0.000000e+00 0.000000e+00
   75    1      2      0    0      1      -1      -1   200 0.030000000 0.15500000 0.20500000 0.17000000 0.09500000 0.09500000 0.07500000 0.01000000 0.045000000 0.05500000 0.000000000 0.020000000 0.005000000 0.0000000000 0.000000000 0.015000000 5.000000e-03 0.000000e+00 0.000000e+00 5.000000e-03 1.000000e-02 0.000000e+00 0.000000e+00 0.000000e+00 5.000000e-03
   80    1      2      0    0      1      -1      -1   200 0.045000000 0.09500000 0.17000000 0.17000000 0.14500000 0.05500000 0.08500000 0.05500000 0.060000000 0.02500000 0.025000000 0.015000000 0.005000000 0.0200000000 0.015000000 0.000000000 5.000000e-03 0.000000e+00 1.000000e-02 0.000000e+00 0.000000e+00 0.000000e+00 0.000000e+00 0.000000e+00 0.000000e+00
   85    1      2      0    0      1      -1      -1   200 0.045000000 0.10000000 0.20500000 0.18000000 0.11500000 0.06500000 0.04500000 0.07000000 0.030000000 0.04000000 0.025000000 0.005000000 0.015000000 0.0100000000 0.015000000 0.010000000 5.000000e-03 5.000000e-03 1.000000e-02 5.000000e-03 0.000000e+00 0.000000e+00 0.000000e+00 0.000000e+00 0.000000e+00
   90    1      2      0    0      1      -1      -1   200 0.055000000 0.22500000 0.23000000 0.08000000 0.10500000 0.07000000 0.04000000 0.04000000 0.070000000 0.02500000 0.015000000 0.000000000 0.010000000 0.0150000000 0.005000000 0.000000000 0.000000e+00 1.500000e-02 0.000000e+00 0.000000e+00 0.000000e+00 0.000000e+00 0.000000e+00 0.000000e+00 0.000000e+00
   95    1      2      0    0      1      -1      -1   200 0.030000000 0.10500000 0.13500000 0.26000000 0.13500000 0.09500000 0.07500000 0.06000000 0.015000000 0.03000000 0.035000000 0.000000000 0.015000000 0.0000000000 0.000000000 0.000000000 5.000000e-03 0.000000e+00 5.000000e-03 0.000000e+00 0.000000e+00 0.000000e+00 0.000000e+00 0.000000e+00 0.000000e+00
  100    1      2      0    0      1      -1      -1   200 0.065000000 0.11500000 0.11500000 0.21000000 0.20500000 0.03500000 0.02500000 0.03500000 0.085000000 0.04000000 0.035000000 0.015000000 0.015000000 0.0000000000 0.000000000 0.005000000 0.000000e+00 0.000000e+00 0.000000e+00 0.000000e+00 0.000000e+00 0.000000e+00 0.000000e+00 0.000000e+00 0.000000e+00
0 #_N_MeanSize_at_Age_obs
0 #_N_environ_variables
0 #_N_environ_obs
0 #_N_sizefreq_methods
0 #_do_tags
0 #_morphcomp_data
#
999
