#C data file created using the SS_writedat function in the R package r4ss
#C should work with SS version: 
#C file write time: 2014-11-06 01:15:54
#
1 #_styr
100 #_endyr
1 #_nseas
12 #_months_per_seas
1 #_spawn_seas
1 #_Nfleet
2 #_Nsurveys
1 #_N_areas
Fishery%Survey%CPUE #_fleetnames
0.5 0.5 0.5 #_surveytiming_in_season
1 1 1 #_area_assignments_for_each_fishery_and_survey
1 #_units of catch:  1=bio; 2=num
0.01 #_se of log(catch) only used for init_eq_catch and for Fmethod 2 and 3
1 #_Ngenders
25 #_Nages
0 #_init_equil_catch_for_each_fishery
100 #_N_lines_of_catch_to_read
 #_Fishery year seas
         0    1    1
         0    2    1
         0    3    1
         0    4    1
         0    5    1
         0    6    1
         0    7    1
         0    8    1
         0    9    1
         0   10    1
         0   11    1
         0   12    1
         0   13    1
         0   14    1
         0   15    1
         0   16    1
         0   17    1
         0   18    1
         0   19    1
         0   20    1
         0   21    1
         0   22    1
         0   23    1
         0   24    1
         0   25    1
 344907000   26    1
 318638000   27    1
 298526000   28    1
 281299000   29    1
 265245000   30    1
 251959000   31    1
 241127000   32    1
 234957000   33    1
 231468000   34    1
 224146000   35    1
 213295000   36    1
 201635000   37    1
 191391000   38    1
 181238000   39    1
 173151000   40    1
 171849000   41    1
 175797000   42    1
 175476000   43    1
 170404000   44    1
 163564000   45    1
 156664000   46    1
 150525000   47    1
 147063000   48    1
 146515000   49    1
 146306000   50    1
 145777000   51    1
 150168000   52    1
 159406000   53    1
 160769000   54    1
 157457000   55    1
 151984000   56    1
 144714000   57    1
 137379000   58    1
 131222000   59    1
 127175000   60    1
 124204000   61    1
 124748000   62    1
 131592000   63    1
 139752000   64    1
 145504000   65    1
 151227000   66    1
 154511000   67    1
 154015000   68    1
 152180000   69    1
 153340000   70    1
 156200000   71    1
 157680000   72    1
 159322000   73    1
 162701000   74    1
 166159000   75    1
 166142000   76    1
 164025000   77    1
 157334000   78    1
 151184000   79    1
 147262000   80    1
 144399000   81    1
 142775000   82    1
 140083000   83    1
 136757000   84    1
 133032000   85    1
 130550000   86    1
 133936000   87    1
 145036000   88    1
 157094000   89    1
 163009000   90    1
 165332000   91    1
 164897000   92    1
 163426000   93    1
 158850000   94    1
 154287000   95    1
 150723000   96    1
 148235000   97    1
 146919000   98    1
 144264000   99    1
 143909000  100    1
13 #_N_cpue
 #_Fleet Units Errtype
       1     1       0
       2     1       0
       3     1       0
 #_year seas index        obs se_log
     76    1     2 2055548065    0.2
     78    1     2 2033476295    0.2
     80    1     2 2151338123    0.2
     82    1     2 1794997507    0.2
     84    1     2 2241776106    0.2
     86    1     2 1665583680    0.2
     88    1     2 2306038448    0.2
     90    1     2 2172337913    0.2
     92    1     2 2311242460    0.2
     94    1     2 2204155606    0.2
     96    1     2 2424320225    0.2
     98    1     2 2040751394    0.2
    100    1     2 2351788907    0.2
0 #_N_discard_fleets
#_discard_units (1=same_as_catchunits(bio/num); 2=fraction; 3=numbers)
#_discard_errtype:  >0 for DF of T-dist(read CV below); 0 for normal with CV; -1 for normal with se; -2 for lognormal
0 #_N_discard
0 #_N_meanbodywt
1 #_DF_for_meanbodywt_T-distribution_like
2 # length bin method: 1=use databins; 2=generate from binwidth,min,max below; 3=read vector
1 # binwidth for population size comp
10 # minimum size in the population (lower edge of first bin and size at age 0.00)
200 # maximum size in the population (lower edge of last bin)
-0.001 #_comp_tail_compression
1e-05 #_add_to_comp
0 #_combine males into females at or below this bin number
21 #_N_lbins
#_lbin_vector
10 53 70 83 94 101 107 111 114 117 120 123 125 127 130 132 135 138 142 148 200
0 #_N_Length_comp_observations
25 #_N_agebins
#_agebin_vector
1 2 3 4 5 6 7 8 9 10 11 12 13 14 15 16 17 18 19 20 21 22 23 24 25
1 #_N_ageerror_definitions
 #_age0   age1   age2   age3   age4   age5   age6   age7   age8   age9  age10  age11  age12  age13  age14  age15  age16  age17  age18  age19  age20  age21  age22  age23  age24  age25
 -1.000 -1.000 -1.000 -1.000 -1.000 -1.000 -1.000 -1.000 -1.000 -1.000 -1.000 -1.000 -1.000 -1.000 -1.000 -1.000 -1.000 -1.000 -1.000 -1.000 -1.000 -1.000 -1.000 -1.000 -1.000 -1.000
  0.001  0.001  0.001  0.001  0.001  0.001  0.001  0.001  0.001  0.001  0.001  0.001  0.001  0.001  0.001  0.001  0.001  0.001  0.001  0.001  0.001  0.001  0.001  0.001  0.001  0.001
22 #_N_agecomp
1 #_Lbin_method: 1=poplenbins; 2=datalenbins; 3=lengths
-1 #_combine males into females at or below this bin number
 #_Yr Seas FltSvy Gender Part Ageerr Lbin_lo Lbin_hi Nsamp          a1        a2         a3        a4         a5         a6         a7         a8          a9        a10         a11         a12         a13          a14          a15          a16          a17          a18          a19          a20          a21          a22          a23          a24          a25
   50    1      1      0    0      1      -1      -1   200 0.008662476 0.1153003 0.17510809 0.1819845 0.10491502 0.09699526 0.06216176 0.03000654 0.031591193 0.03698498 0.040402799 0.043782445 0.010286884 3.073310e-03 5.002333e-03 0.0047667630 5.652484e-03 8.195266e-03 1.408786e-02 1.632210e-05 1.437156e-02 2.533568e-03 2.280633e-06 4.202703e-05 4.074001e-03
   55    1      1      0    0      1      -1      -1   200 0.016684943 0.1137238 0.08399263 0.1352466 0.29846809 0.08462483 0.05350894 0.06051350 0.047499649 0.02477661 0.009823161 0.014686619 0.015089533 2.617046e-05 6.878006e-03 0.0161759232 9.452285e-03 3.887424e-04 8.917142e-04 2.006024e-03 5.532447e-04 8.472921e-07 1.465054e-03 6.114551e-10 3.523151e-03
   60    1      1      0    0      1      -1      -1   200 0.021163249 0.1849021 0.21404099 0.1395301 0.08934514 0.03418149 0.04657496 0.01800252 0.074360451 0.06484922 0.014595539 0.024335583 0.019807036 1.620615e-02 2.075558e-03 0.0016301581 7.484264e-04 1.242625e-06 7.404346e-07 2.345748e-03 5.189795e-03 1.061579e-02 1.083032e-05 1.090388e-09 1.548717e-02
   65    1      1      0    0      1      -1      -1   200 0.019951410 0.1598877 0.15882187 0.2527612 0.12044887 0.10887638 0.03980141 0.05335397 0.005535942 0.01633905 0.005681276 0.002270716 0.001827683 7.067504e-03 3.039345e-02 0.0006201105 6.699348e-03 1.661915e-04 9.004964e-03 5.457833e-06 3.665158e-07 3.004174e-04 1.112906e-16 1.378715e-04 4.682585e-05
   70    1      1      0    0      1      -1      -1   200 0.007765916 0.2803699 0.15130123 0.1114630 0.06130227 0.10539787 0.05875960 0.03121530 0.094622442 0.03474397 0.006260040 0.039014461 0.001221047 6.469005e-04 8.829483e-03 0.0002823237 3.879732e-05 3.364528e-04 1.962427e-04 3.201202e-03 3.870890e-06 8.644030e-04 2.088278e-03 3.485542e-08 7.501999e-05
   75    1      1      0    0      1      -1      -1   200 0.010520536 0.1171180 0.24048924 0.1559041 0.09629794 0.07371558 0.11007871 0.05900938 0.009102098 0.01385574 0.013153531 0.021199661 0.010754222 2.211276e-02 1.662625e-02 0.0152413754 4.089629e-03 4.980033e-04 1.528716e-03 3.864233e-03 4.831857e-04 1.242706e-03 2.014799e-20 1.246309e-09 3.114424e-03
   80    1      1      0    0      1      -1      -1   200 0.015299094 0.1047978 0.28072166 0.1110802 0.03517539 0.11574588 0.06202972 0.07397767 0.031666573 0.04788939 0.030307976 0.014853322 0.006575738 1.543739e-02 7.989356e-03 0.0056194227 1.138703e-02 1.557497e-02 9.178118e-03 2.701565e-03 1.197484e-03 1.990551e-10 8.298356e-08 1.451932e-09 7.940956e-04
   85    1      1      0    0      1      -1      -1   200 0.024367691 0.1425134 0.14244521 0.1557473 0.10225630 0.12165855 0.06222811 0.04688808 0.042640767 0.01503278 0.011730775 0.019924482 0.019744301 2.924608e-02 1.369923e-02 0.0107545862 7.272063e-03 1.924357e-02 4.069494e-03 1.370805e-04 1.506891e-05 2.365192e-03 1.399465e-04 1.182366e-04 5.761687e-03
   90    1      1      0    0      1      -1      -1   200 0.012914628 0.1716436 0.11917060 0.2068764 0.16889544 0.11602498 0.01364373 0.02373156 0.050630427 0.02595528 0.033452182 0.012952816 0.017515608 7.213275e-03 9.884297e-05 0.0134634029 1.512944e-04 1.345938e-03 3.170955e-03 9.172833e-04 4.369021e-08 7.674179e-06 3.025520e-17 1.777645e-11 2.239810e-04
   95    1      1      0    0      1      -1      -1   200 0.031571551 0.1950370 0.13374082 0.1124757 0.13304754 0.05905382 0.06052319 0.02748853 0.056654325 0.08730188 0.059999965 0.026535341 0.001937728 1.952848e-03 1.026461e-03 0.0029256830 2.484425e-03 1.069448e-03 2.787987e-03 1.998795e-08 1.308721e-04 7.323219e-06 2.619012e-06 7.258230e-04 1.519091e-03
  100    1      1      0    0      1      -1      -1   200 0.011352921 0.2061609 0.22351007 0.1340095 0.10302619 0.07881636 0.04187397 0.05635782 0.040528860 0.02804950 0.016402028 0.003188950 0.002418698 1.374909e-02 1.637577e-02 0.0132992318 1.241828e-04 4.884591e-06 4.114665e-04 1.056378e-03 3.341782e-03 1.756156e-03 2.692345e-04 1.990806e-07 3.915881e-03
   50    1      2      0    0      1      -1      -1   200 0.035000000 0.2350000 0.20500000 0.1650000 0.10000000 0.06500000 0.05500000 0.02500000 0.010000000 0.02000000 0.035000000 0.010000000 0.020000000 5.000000e-03 1.000000e-02 0.0000000000 0.000000e+00 5.000000e-03 0.000000e+00 0.000000e+00 0.000000e+00 0.000000e+00 0.000000e+00 0.000000e+00 0.000000e+00
   55    1      2      0    0      1      -1      -1   200 0.030000000 0.1450000 0.05500000 0.0750000 0.30500000 0.06500000 0.09000000 0.07000000 0.050000000 0.02500000 0.020000000 0.010000000 0.005000000 0.000000e+00 5.000000e-03 0.0200000000 1.500000e-02 1.000000e-02 0.000000e+00 0.000000e+00 0.000000e+00 0.000000e+00 0.000000e+00 0.000000e+00 5.000000e-03
   60    1      2      0    0      1      -1      -1   200 0.030000000 0.1850000 0.21500000 0.1300000 0.10000000 0.05500000 0.04000000 0.04500000 0.030000000 0.08000000 0.035000000 0.025000000 0.000000000 5.000000e-03 5.000000e-03 0.0100000000 0.000000e+00 0.000000e+00 0.000000e+00 0.000000e+00 0.000000e+00 5.000000e-03 0.000000e+00 0.000000e+00 5.000000e-03
   65    1      2      0    0      1      -1      -1   200 0.030000000 0.1800000 0.17500000 0.1800000 0.13000000 0.05500000 0.03000000 0.04500000 0.055000000 0.02000000 0.010000000 0.025000000 0.000000000 1.500000e-02 2.500000e-02 0.0100000000 0.000000e+00 0.000000e+00 0.000000e+00 0.000000e+00 5.000000e-03 5.000000e-03 0.000000e+00 0.000000e+00 5.000000e-03
   70    1      2      0    0      1      -1      -1   200 0.040000000 0.2850000 0.23000000 0.0600000 0.10000000 0.08000000 0.05500000 0.03000000 0.045000000 0.01500000 0.015000000 0.010000000 0.010000000 5.000000e-03 5.000000e-03 0.0000000000 0.000000e+00 0.000000e+00 0.000000e+00 1.000000e-02 0.000000e+00 0.000000e+00 0.000000e+00 0.000000e+00 5.000000e-03
   75    1      2      0    0      1      -1      -1   200 0.020000000 0.1250000 0.25000000 0.1000000 0.17000000 0.08000000 0.05500000 0.04500000 0.030000000 0.03000000 0.025000000 0.030000000 0.020000000 0.000000e+00 5.000000e-03 0.0000000000 5.000000e-03 5.000000e-03 0.000000e+00 0.000000e+00 0.000000e+00 0.000000e+00 0.000000e+00 0.000000e+00 5.000000e-03
   80    1      2      0    0      1      -1      -1   200 0.050000000 0.1900000 0.21000000 0.1050000 0.04000000 0.11000000 0.05500000 0.04500000 0.030000000 0.03000000 0.020000000 0.025000000 0.015000000 5.000000e-03 1.000000e-02 0.0100000000 1.000000e-02 0.000000e+00 1.000000e-02 1.500000e-02 0.000000e+00 5.000000e-03 5.000000e-03 0.000000e+00 5.000000e-03
   85    1      2      0    0      1      -1      -1   200 0.055000000 0.1300000 0.14500000 0.1150000 0.12000000 0.14500000 0.09000000 0.07000000 0.010000000 0.01000000 0.045000000 0.010000000 0.020000000 1.500000e-02 0.000000e+00 0.0000000000 1.000000e-02 0.000000e+00 0.000000e+00 0.000000e+00 5.000000e-03 0.000000e+00 0.000000e+00 0.000000e+00 5.000000e-03
   90    1      2      0    0      1      -1      -1   200 0.030000000 0.1950000 0.12500000 0.2100000 0.18500000 0.07000000 0.02500000 0.03000000 0.035000000 0.01500000 0.025000000 0.015000000 0.015000000 5.000000e-03 5.000000e-03 0.0000000000 0.000000e+00 1.000000e-02 5.000000e-03 0.000000e+00 0.000000e+00 0.000000e+00 0.000000e+00 0.000000e+00 0.000000e+00
   95    1      2      0    0      1      -1      -1   200 0.040000000 0.2450000 0.13000000 0.1100000 0.12500000 0.06000000 0.06000000 0.03000000 0.050000000 0.05000000 0.045000000 0.015000000 0.020000000 0.000000e+00 0.000000e+00 0.0100000000 0.000000e+00 0.000000e+00 5.000000e-03 0.000000e+00 0.000000e+00 5.000000e-03 0.000000e+00 0.000000e+00 0.000000e+00
  100    1      2      0    0      1      -1      -1   200 0.065000000 0.2450000 0.17500000 0.1100000 0.13500000 0.09500000 0.05000000 0.02000000 0.005000000 0.02500000 0.015000000 0.015000000 0.010000000 2.000000e-02 1.000000e-02 0.0000000000 0.000000e+00 0.000000e+00 0.000000e+00 0.000000e+00 0.000000e+00 5.000000e-03 0.000000e+00 0.000000e+00 0.000000e+00
0 #_N_MeanSize_at_Age_obs
0 #_N_environ_variables
0 #_N_environ_obs
0 #_N_sizefreq_methods
0 #_do_tags
0 #_morphcomp_data
#
999
