#C data file created using the SS_writedat function in the R package r4ss
#C should work with SS version: 
#C file write time: 2014-11-06 19:31:57
#
1 #_styr
100 #_endyr
1 #_nseas
12 #_months_per_seas
1 #_spawn_seas
1 #_Nfleet
2 #_Nsurveys
1 #_N_areas
Fishery%Survey%CPUE #_fleetnames
0.5 0.5 0.5 #_surveytiming_in_season
1 1 1 #_area_assignments_for_each_fishery_and_survey
1 #_units of catch:  1=bio; 2=num
0.01 #_se of log(catch) only used for init_eq_catch and for Fmethod 2 and 3
1 #_Ngenders
25 #_Nages
0 #_init_equil_catch_for_each_fishery
100 #_N_lines_of_catch_to_read
 #_Fishery year seas
         0    1    1
         0    2    1
         0    3    1
         0    4    1
         0    5    1
         0    6    1
         0    7    1
         0    8    1
         0    9    1
         0   10    1
         0   11    1
         0   12    1
         0   13    1
         0   14    1
         0   15    1
         0   16    1
         0   17    1
         0   18    1
         0   19    1
         0   20    1
         0   21    1
         0   22    1
         0   23    1
         0   24    1
         0   25    1
 294459000   26    1
 275511000   27    1
 257882000   28    1
 240388000   29    1
 227192000   30    1
 218496000   31    1
 212586000   32    1
 212535000   33    1
 207137000   34    1
 200095000   35    1
 194531000   36    1
 187173000   37    1
 176606000   38    1
 166251000   39    1
 159644000   40    1
 156885000   41    1
 152360000   42    1
 147827000   43    1
 147706000   44    1
 150466000   45    1
 151934000   46    1
 152866000   47    1
 153409000   48    1
 150741000   49    1
 146725000   50    1
 143231000   51    1
 140239000   52    1
 139733000   53    1
 139779000   54    1
 136983000   55    1
 134165000   56    1
 131147000   57    1
 130138000   58    1
 131854000   59    1
 137212000   60    1
 143372000   61    1
 147426000   62    1
 148213000   63    1
 146969000   64    1
 143913000   65    1
 143361000   66    1
 147885000   67    1
 157639000   68    1
 161072000   69    1
 158731000   70    1
 154465000   71    1
 151716000   72    1
 150157000   73    1
 147555000   74    1
 144695000   75    1
 141250000   76    1
 137883000   77    1
 138138000   78    1
 145157000   79    1
 152175000   80    1
 155733000   81    1
 155230000   82    1
 150850000   83    1
 143862000   84    1
 138129000   85    1
 135848000   86    1
 139876000   87    1
 147297000   88    1
 153276000   89    1
 154939000   90    1
 154573000   91    1
 154145000   92    1
 149516000   93    1
 144020000   94    1
 139640000   95    1
 136420000   96    1
 131587000   97    1
 127941000   98    1
 125782000   99    1
 127328000  100    1
76 #_N_cpue
 #_Fleet Units Errtype
       1     1       0
       2     1       0
       3     1       0
 #_year seas index        obs se_log
     25    1     2 4133261105    0.2
     26    1     2 6282047191    0.2
     27    1     2 3135571766    0.2
     28    1     2 5739299511    0.2
     29    1     2 3826867847    0.2
     30    1     2 4379012707    0.2
     31    1     2 2978475742    0.2
     32    1     2 3345173259    0.2
     33    1     2 2974676884    0.2
     34    1     2 3074718807    0.2
     35    1     2 3607635328    0.2
     36    1     2 2528324793    0.2
     37    1     2 2340767715    0.2
     38    1     2 2777804357    0.2
     39    1     2 2954935464    0.2
     40    1     2 3614853633    0.2
     41    1     2 2103104908    0.2
     42    1     2 1501881798    0.2
     43    1     2 1725393972    0.2
     44    1     2 1823258021    0.2
     45    1     2 1290599526    0.2
     46    1     2 2035864529    0.2
     47    1     2 2799780556    0.2
     48    1     2 2677496462    0.2
     49    1     2 1899269810    0.2
     50    1     2 2174753915    0.2
     51    1     2 1615317567    0.2
     52    1     2 1474254371    0.2
     53    1     2 2024302597    0.2
     54    1     2 2321631595    0.2
     55    1     2 2258238308    0.2
     56    1     2 1930198910    0.2
     57    1     2 2254818517    0.2
     58    1     2 1417030999    0.2
     59    1     2 1856705630    0.2
     60    1     2 1696297111    0.2
     61    1     2 1821548906    0.2
     62    1     2 1480350535    0.2
     63    1     2 1732401219    0.2
     64    1     2 2869441280    0.2
     65    1     2 2604750432    0.2
     66    1     2 2836832785    0.2
     67    1     2 2135647587    0.2
     68    1     2 1793120030    0.2
     69    1     2 2853768534    0.2
     70    1     2 2196815058    0.2
     71    1     2 2117564595    0.2
     72    1     2 2175961534    0.2
     73    1     2 1682212068    0.2
     74    1     2 1361416921    0.2
     75    1     2 2181890113    0.2
     76    1     2 1898591084    0.2
     77    1     2 1974424442    0.2
     78    1     2 2436198055    0.2
     79    1     2 1847802672    0.2
     80    1     2 2914490683    0.2
     81    1     2 1779618635    0.2
     82    1     2 2340701323    0.2
     83    1     2 2157379096    0.2
     84    1     2 3080578108    0.2
     85    1     2 1730346100    0.2
     86    1     2 3294872183    0.2
     87    1     2 1786676383    0.2
     88    1     2 2834665747    0.2
     89    1     2 2720947741    0.2
     90    1     2 2068526578    0.2
     91    1     2 3068356432    0.2
     92    1     2 1714121669    0.2
     93    1     2 1723654281    0.2
     94    1     2 2193821073    0.2
     95    1     2 2182709941    0.2
     96    1     2 2104214023    0.2
     97    1     2 2550403276    0.2
     98    1     2 2808521844    0.2
     99    1     2 1756513428    0.2
    100    1     2 2297950695    0.2
0 #_N_discard_fleets
#_discard_units (1=same_as_catchunits(bio/num); 2=fraction; 3=numbers)
#_discard_errtype:  >0 for DF of T-dist(read CV below); 0 for normal with CV; -1 for normal with se; -2 for lognormal
0 #_N_discard
0 #_N_meanbodywt
1 #_DF_for_meanbodywt_T-distribution_like
2 # length bin method: 1=use databins; 2=generate from binwidth,min,max below; 3=read vector
1 # binwidth for population size comp
10 # minimum size in the population (lower edge of first bin and size at age 0.00)
200 # maximum size in the population (lower edge of last bin)
-0.001 #_comp_tail_compression
1e-05 #_add_to_comp
0 #_combine males into females at or below this bin number
21 #_N_lbins
#_lbin_vector
10 53 70 83 94 101 107 111 114 117 120 123 125 127 130 132 135 138 142 148 200
0 #_N_Length_comp_observations
25 #_N_agebins
#_agebin_vector
1 2 3 4 5 6 7 8 9 10 11 12 13 14 15 16 17 18 19 20 21 22 23 24 25
1 #_N_ageerror_definitions
 #_age0   age1   age2   age3   age4   age5   age6   age7   age8   age9  age10  age11  age12  age13  age14  age15  age16  age17  age18  age19  age20  age21  age22  age23  age24  age25
 -1.000 -1.000 -1.000 -1.000 -1.000 -1.000 -1.000 -1.000 -1.000 -1.000 -1.000 -1.000 -1.000 -1.000 -1.000 -1.000 -1.000 -1.000 -1.000 -1.000 -1.000 -1.000 -1.000 -1.000 -1.000 -1.000
  0.001  0.001  0.001  0.001  0.001  0.001  0.001  0.001  0.001  0.001  0.001  0.001  0.001  0.001  0.001  0.001  0.001  0.001  0.001  0.001  0.001  0.001  0.001  0.001  0.001  0.001
198 #_N_agecomp
1 #_Lbin_method: 1=poplenbins; 2=datalenbins; 3=lengths
-1 #_combine males into females at or below this bin number
 #_Yr Seas FltSvy Gender Part Ageerr Lbin_lo Lbin_hi Nsamp           a1         a2         a3         a4         a5          a6         a7          a8          a9          a10          a11          a12          a13          a14          a15          a16          a17          a18          a19          a20          a21          a22          a23          a24          a25
    2    1      1      0    0      1      -1      -1   100 2.344641e-02 0.07458160 0.12639052 0.20115824 0.12604756 0.058529760 0.06486354 0.079229779 0.033832697 0.0533943310 0.0270104262 4.748130e-02 7.043069e-03 7.267940e-03 1.461172e-02 9.430625e-03 4.569805e-03 3.166048e-05 2.416596e-03 9.424833e-03 1.728438e-02 2.679990e-03 2.560119e-04 9.761797e-05 8.919587e-03
    3    1      1      0    0      1      -1      -1   100 1.697729e-02 0.09743218 0.15813261 0.12168250 0.15532446 0.059169876 0.13026677 0.065110974 0.068336435 0.0309522315 0.0211919093 2.263548e-02 4.705103e-03 2.977824e-03 3.603503e-03 1.815080e-02 8.068356e-03 1.020173e-04 2.700839e-03 5.832683e-04 5.500679e-03 2.132470e-03 3.407218e-06 1.474258e-04 4.111589e-03
    4    1      1      0    0      1      -1      -1   100 3.260066e-03 0.13808519 0.11530017 0.20068428 0.06689391 0.103396889 0.06013207 0.046569377 0.056707028 0.0274572153 0.0598340769 3.705936e-03 3.920438e-03 5.897055e-03 1.330817e-02 8.574378e-03 2.068653e-02 1.827064e-02 1.318074e-02 8.109438e-03 1.198879e-02 8.270652e-04 1.398139e-05 1.391074e-04 1.305745e-02
    5    1      1      0    0      1      -1      -1   100 9.286742e-03 0.19997022 0.11522581 0.12159179 0.10177682 0.055581031 0.09414380 0.053586757 0.019496837 0.0213715280 0.0410834706 1.253660e-02 1.159171e-02 3.391498e-02 1.767908e-02 1.124721e-02 5.527948e-03 1.898126e-02 2.297387e-02 1.572723e-04 1.413398e-02 5.404258e-03 2.680935e-03 2.915469e-06 1.005318e-02
    6    1      1      0    0      1      -1      -1   100 6.588759e-03 0.18807334 0.17505495 0.11294155 0.10924565 0.101759777 0.07421739 0.016420402 0.040466641 0.0324688632 0.0641265824 1.344247e-02 1.608207e-02 1.816796e-03 1.453816e-02 3.569099e-03 2.338584e-03 5.467662e-03 1.132382e-03 1.365086e-03 4.145020e-03 1.303997e-03 1.191195e-03 7.579779e-08 1.224351e-02
    7    1      1      0    0      1      -1      -1   100 1.415376e-02 0.04996684 0.17647106 0.14597749 0.09565491 0.080095229 0.04366754 0.042284236 0.057482859 0.0398842793 0.0258444838 4.930777e-02 6.029102e-02 4.735741e-02 1.242730e-02 4.139058e-03 2.338860e-02 8.925258e-03 6.129469e-05 5.925025e-03 2.107006e-03 6.765389e-04 3.508403e-03 2.522227e-05 1.037741e-02
    8    1      1      0    0      1      -1      -1   100 9.618682e-03 0.10308421 0.11107933 0.17365409 0.09259090 0.110065323 0.02719673 0.051638549 0.047474274 0.0449376537 0.0383478363 3.337653e-02 2.185320e-02 1.257905e-02 5.908036e-03 8.702969e-02 2.563112e-03 5.247480e-03 2.939401e-03 9.943898e-05 3.790059e-04 2.630349e-04 7.054925e-03 7.345707e-10 1.101951e-02
    9    1      1      0    0      1      -1      -1   100 1.367379e-02 0.10409649 0.14212762 0.10400278 0.11936532 0.120882847 0.08655933 0.045591623 0.049197235 0.0417223828 0.0137493588 1.397324e-02 6.486421e-03 5.780559e-02 1.135753e-02 1.933868e-02 1.119259e-02 6.761090e-03 1.283094e-02 9.721828e-03 9.492613e-04 3.625467e-05 1.430777e-05 4.565941e-03 3.997562e-03
   10    1      1      0    0      1      -1      -1   100 2.748795e-02 0.09796098 0.22091458 0.07965126 0.09899856 0.119376742 0.05024885 0.052392893 0.027482491 0.0423296410 0.0376766848 9.139010e-03 1.673521e-02 3.769693e-02 8.158185e-03 1.636289e-02 1.270458e-03 1.091740e-02 1.536340e-04 1.860157e-02 1.040343e-02 8.650392e-03 3.918423e-04 2.287025e-05 6.975558e-03
   11    1      1      0    0      1      -1      -1   100 6.853285e-04 0.05141060 0.15159134 0.19591083 0.05139544 0.087678743 0.11893044 0.058384197 0.041238491 0.0614659343 0.0295366276 1.571684e-02 5.687527e-02 1.117921e-02 3.488169e-02 6.752204e-03 4.466660e-04 1.155568e-04 6.768841e-04 1.150859e-02 2.811507e-03 3.453139e-04 4.016292e-03 2.711243e-05 6.418903e-03
   12    1      1      0    0      1      -1      -1   100 1.183973e-02 0.08787178 0.12582339 0.16183152 0.12475715 0.060072723 0.03381663 0.116362421 0.052002596 0.0421760591 0.0408510823 3.508862e-02 8.279512e-03 6.986956e-03 1.894920e-02 4.504518e-03 1.599636e-02 1.078874e-02 7.839851e-03 1.208337e-04 4.934852e-04 3.811567e-05 8.908092e-04 2.704418e-02 5.573725e-03
   13    1      1      0    0      1      -1      -1   100 1.805052e-03 0.23779558 0.06436057 0.09322783 0.09798082 0.073008330 0.05139123 0.055457986 0.103108020 0.0879223475 0.0398538035 9.833935e-03 4.557033e-03 3.512959e-02 1.046620e-03 2.351401e-03 6.898319e-03 5.599495e-04 2.413911e-04 4.046034e-03 7.939873e-04 3.863870e-03 5.389180e-03 2.240783e-04 1.915305e-02
   14    1      1      0    0      1      -1      -1   100 3.676075e-03 0.06977201 0.25981109 0.07237255 0.09380685 0.060980644 0.10881544 0.065458518 0.044266492 0.0597798254 0.0703032938 1.878801e-02 6.062551e-03 1.887006e-02 2.657967e-02 1.538355e-03 2.492568e-03 1.002089e-03 7.133882e-03 1.935416e-04 7.383648e-04 2.925621e-05 5.862923e-04 5.574810e-04 6.385085e-03
   15    1      1      0    0      1      -1      -1   100 2.426261e-02 0.06309332 0.20806440 0.28126911 0.03488724 0.028526227 0.05576280 0.057719829 0.009074295 0.0313593887 0.0749442744 3.636261e-02 1.485838e-02 8.278803e-03 1.337583e-02 3.160722e-03 1.259806e-03 2.967127e-02 6.735964e-03 3.007740e-03 1.956924e-05 9.568234e-03 4.116204e-05 1.054860e-03 3.641557e-03
   16    1      1      0    0      1      -1      -1   100 5.532306e-02 0.08600232 0.14778984 0.13461245 0.18105433 0.042293602 0.05035145 0.061719225 0.044340742 0.0122180844 0.0221651388 3.260030e-02 2.406461e-02 2.660454e-02 2.573557e-02 1.420075e-02 5.015817e-03 1.688841e-04 1.707883e-03 6.317603e-03 1.791563e-02 7.345445e-04 4.372683e-04 1.027579e-05 6.616080e-03
   17    1      1      0    0      1      -1      -1   100 1.033765e-02 0.13585223 0.23506291 0.07910389 0.05625906 0.137280874 0.05592678 0.018776893 0.056487811 0.0211805484 0.0262546602 2.001229e-02 1.754010e-02 2.554524e-02 5.126915e-03 3.691778e-02 2.540385e-03 7.001550e-03 1.303183e-02 7.907243e-03 2.416092e-03 1.903888e-03 1.273156e-04 1.536396e-05 2.739072e-02
   18    1      1      0    0      1      -1      -1   100 1.977994e-02 0.13482992 0.23810240 0.10596104 0.11353324 0.069176187 0.08431501 0.008804584 0.006183112 0.0593009889 0.0113304666 3.110187e-02 1.384400e-02 2.485622e-02 1.506402e-02 4.237993e-03 2.462086e-02 7.097466e-03 3.960073e-03 7.322570e-03 1.629520e-03 2.274801e-03 2.952604e-04 4.148703e-07 1.237805e-02
   19    1      1      0    0      1      -1      -1   100 1.528662e-04 0.11465091 0.14047332 0.20583004 0.05461933 0.058694958 0.03407038 0.058971766 0.073341572 0.0256259455 0.0161599322 5.437738e-02 2.574590e-02 1.317422e-02 1.693803e-02 2.369052e-02 1.119220e-02 3.917014e-02 2.722454e-03 8.705140e-03 5.350827e-03 2.626002e-05 2.256901e-06 1.443041e-02 1.883226e-03
   20    1      1      0    0      1      -1      -1   100 9.518798e-03 0.12704339 0.23674499 0.14809237 0.09609862 0.043675343 0.09322875 0.031961213 0.067211536 0.0115305819 0.0064271594 1.523054e-02 1.903497e-02 3.168488e-02 2.841902e-03 1.877624e-02 6.714500e-03 2.825813e-03 1.969907e-02 9.466742e-04 1.316949e-03 3.264305e-04 7.095977e-03 2.003077e-04 1.772990e-03
   21    1      1      0    0      1      -1      -1   100 1.815559e-02 0.08965241 0.14258501 0.18197673 0.19713994 0.101891796 0.01424146 0.023945561 0.037906156 0.1201573025 0.0116366229 8.769265e-03 1.855846e-03 8.923615e-03 4.138122e-04 6.513044e-03 1.305087e-02 3.406155e-03 1.436545e-03 1.793306e-03 2.198521e-03 4.386952e-03 1.313854e-06 2.957390e-10 7.962180e-03
   22    1      1      0    0      1      -1      -1   100 1.227223e-02 0.08321475 0.13535174 0.15204185 0.09897000 0.089395255 0.10807204 0.056632727 0.030772956 0.0502600003 0.0677161960 1.214714e-02 6.130579e-04 7.547586e-03 2.593784e-03 2.666515e-02 8.265314e-03 2.478607e-02 7.006800e-03 3.076701e-04 3.064096e-03 1.126796e-02 5.358295e-07 5.798511e-03 5.236573e-03
   23    1      1      0    0      1      -1      -1   100 4.717182e-03 0.13205057 0.16901870 0.05825424 0.10353524 0.100810594 0.10938692 0.072621969 0.021750394 0.0244375032 0.0421242323 7.752371e-02 9.384425e-04 1.251082e-02 1.928420e-02 1.242567e-02 3.756199e-03 5.955916e-05 2.625158e-03 2.199908e-03 6.070701e-04 7.567104e-03 1.545370e-04 3.613711e-03 1.802637e-02
   24    1      1      0    0      1      -1      -1   100 1.900860e-02 0.26617211 0.10831358 0.07571894 0.04438624 0.114389481 0.05303205 0.059946039 0.025931847 0.0403181436 0.0624374871 1.784930e-02 3.327320e-02 1.537378e-02 6.489945e-03 1.790936e-02 1.174490e-02 3.982752e-03 3.517832e-03 6.670015e-05 9.570070e-04 2.062488e-03 8.633892e-03 7.041600e-06 8.477277e-03
   25    1      1      0    0      1      -1      -1   100 8.579215e-05 0.14791185 0.21750248 0.18122853 0.06538642 0.069353603 0.04403993 0.034208751 0.049826281 0.0443114606 0.0159078567 2.713264e-02 3.123247e-02 2.827729e-02 1.681033e-02 8.202296e-05 6.197273e-04 1.183259e-03 7.400576e-03 2.003944e-03 3.553556e-03 6.534905e-04 5.079110e-07 9.953362e-03 1.333890e-03
   26    1      1      0    0      1      -1      -1   100 3.554612e-02 0.08103937 0.20196434 0.17470511 0.10201563 0.035471554 0.04406294 0.048969346 0.043135921 0.0483342132 0.0212510697 1.543661e-02 1.783922e-02 5.605973e-03 5.961628e-02 1.493832e-02 5.641680e-03 1.637047e-03 6.597041e-03 3.889709e-03 2.882568e-03 1.175424e-02 1.360988e-05 1.221103e-04 1.752999e-02
   27    1      1      0    0      1      -1      -1   100 1.157780e-04 0.15792746 0.12728576 0.12786916 0.14930149 0.065218217 0.07480678 0.028075318 0.019103469 0.0392842701 0.0694529951 2.723761e-02 1.558779e-02 7.395134e-03 3.433521e-02 3.559597e-02 1.112180e-03 2.426048e-04 2.077408e-03 2.471899e-05 1.858468e-03 1.124673e-03 4.014749e-06 5.786573e-03 9.176955e-03
   28    1      1      0    0      1      -1      -1   100 3.696605e-03 0.08152726 0.15533973 0.09441451 0.08396383 0.149918685 0.17098869 0.061314915 0.031941723 0.0231315500 0.0040457077 3.405998e-02 1.894304e-02 1.334935e-02 1.685910e-03 1.765915e-02 1.507605e-02 1.766853e-02 4.748561e-03 2.404334e-04 1.107582e-03 4.339942e-05 2.125391e-07 1.901956e-03 1.323263e-02
   29    1      1      0    0      1      -1      -1   100 7.422010e-02 0.11829860 0.11057560 0.15717711 0.06093666 0.082750163 0.10092312 0.063035398 0.059858164 0.0274168558 0.0048780378 3.071336e-02 4.111130e-02 1.859778e-02 3.335340e-03 6.868840e-03 2.267996e-03 1.420657e-03 4.675773e-03 6.441672e-04 8.687152e-03 5.737834e-03 3.540740e-13 3.837616e-03 1.203237e-02
   30    1      1      0    0      1      -1      -1   100 2.053437e-02 0.19654706 0.13644355 0.12077509 0.08435343 0.003538870 0.06593517 0.087706645 0.028911627 0.0472524170 0.0423384747 1.134793e-02 4.502899e-02 3.115073e-02 1.546817e-02 1.240614e-03 1.421875e-02 8.949073e-03 1.676198e-03 2.526766e-03 1.938787e-02 6.565265e-05 1.706792e-05 1.589572e-17 1.458548e-02
   31    1      1      0    0      1      -1      -1   100 4.746716e-02 0.09424229 0.25689501 0.10106280 0.06175132 0.090848621 0.05565036 0.049243307 0.068501325 0.0218161369 0.0461380658 2.790575e-02 1.100848e-02 4.271366e-03 9.795870e-03 1.992319e-02 1.154160e-02 2.660274e-03 7.317214e-03 4.453271e-04 2.746940e-04 4.613926e-05 1.965041e-03 1.556025e-14 9.228658e-03
   32    1      1      0    0      1      -1      -1   100 3.373736e-03 0.25021952 0.11464452 0.18726550 0.07177270 0.090367900 0.02579685 0.041965826 0.039541644 0.0474612911 0.0043725687 2.880206e-03 1.155562e-03 2.120791e-02 2.681589e-03 8.602676e-03 6.236330e-03 4.528538e-04 8.862624e-04 1.353661e-06 1.411411e-04 1.325676e-03 4.872083e-04 6.454640e-05 7.709463e-02
   33    1      1      0    0      1      -1      -1   100 4.905816e-03 0.09317432 0.30559017 0.07305516 0.14884681 0.078740797 0.04938575 0.033965423 0.018437928 0.0188934654 0.0250089039 3.633713e-02 4.286173e-02 7.432517e-03 3.694514e-04 4.504744e-03 1.324162e-02 1.012811e-02 2.931007e-03 6.362023e-06 4.771022e-03 7.914222e-03 2.182810e-05 1.527542e-03 1.794818e-02
   34    1      1      0    0      1      -1      -1   100 5.915797e-03 0.05094067 0.11317174 0.33951620 0.10920052 0.128756646 0.04004982 0.036701658 0.018701884 0.0003968371 0.0434412006 4.351232e-02 3.919682e-03 1.792383e-02 7.595661e-03 2.116237e-03 1.324246e-02 4.252197e-03 1.370511e-03 2.625475e-03 1.466514e-04 4.037366e-03 5.258662e-04 3.324877e-06 1.193543e-02
   35    1      1      0    0      1      -1      -1   100 6.982352e-03 0.14228977 0.11372538 0.13558409 0.18682604 0.040014569 0.10316950 0.051142203 0.040168995 0.0185608996 0.0090034787 2.503526e-02 1.428017e-02 1.539013e-02 1.183707e-02 2.942572e-03 7.782194e-03 4.466123e-02 1.055047e-02 1.315296e-02 1.651671e-04 1.559523e-03 2.785206e-04 2.092476e-05 4.876509e-03
   36    1      1      0    0      1      -1      -1   100 5.200911e-03 0.14075112 0.30958672 0.04586816 0.07373537 0.170814922 0.02771891 0.088165271 0.021283622 0.0132586781 0.0284987424 9.294488e-03 1.475070e-02 1.552373e-02 8.093973e-03 5.025746e-04 1.681757e-07 1.328454e-02 2.359162e-04 2.279609e-04 6.014106e-03 2.691093e-14 1.363018e-03 1.867534e-06 5.824519e-03
   37    1      1      0    0      1      -1      -1   100 5.084606e-03 0.07723987 0.24123444 0.13706760 0.01852629 0.122400068 0.15405176 0.018438002 0.082382103 0.0431672433 0.0269341632 1.754884e-02 5.744937e-03 1.517787e-02 3.742453e-03 6.217803e-03 5.064324e-03 2.519623e-04 9.800181e-03 9.509901e-04 1.645591e-03 1.912479e-03 2.046350e-07 5.373436e-03 4.278656e-05
   38    1      1      0    0      1      -1      -1   100 3.402942e-02 0.12104161 0.05335167 0.16640866 0.18743941 0.027358761 0.05666250 0.180288592 0.021896855 0.0660454312 0.0181414146 3.123897e-03 2.122468e-02 1.674144e-03 1.287622e-03 1.724314e-02 5.720948e-03 1.273352e-03 3.350365e-04 1.762844e-03 1.627238e-03 5.340592e-04 3.480400e-05 4.341802e-13 1.149391e-02
   39    1      1      0    0      1      -1      -1   100 5.090534e-02 0.10235653 0.15439604 0.09004004 0.09337147 0.114737600 0.06870136 0.062323613 0.120034384 0.0516897788 0.0184636513 6.616309e-03 6.370933e-03 7.673099e-03 4.854512e-03 3.503897e-03 1.176874e-03 5.713863e-03 1.913432e-05 2.817945e-08 1.413149e-02 1.264709e-06 4.310327e-06 1.096189e-02 1.195260e-02
   40    1      1      0    0      1      -1      -1   100 4.986558e-02 0.18277825 0.16514964 0.12294526 0.07194538 0.108327568 0.10098489 0.038797120 0.040672928 0.0665936097 0.0078685147 1.246833e-02 1.394799e-03 6.730195e-03 1.025421e-03 1.319493e-02 3.010791e-04 2.898202e-05 3.293111e-04 5.950789e-07 3.855825e-05 2.038481e-03 9.851043e-04 5.941412e-07 5.534871e-03
   41    1      1      0    0      1      -1      -1   100 2.903321e-02 0.14113890 0.26406082 0.15678354 0.10427863 0.023734731 0.06052583 0.069071685 0.024457784 0.0138685882 0.0504426463 9.787730e-03 1.707273e-02 1.393785e-02 1.914018e-03 1.109178e-02 6.025111e-04 8.213907e-04 5.185899e-07 2.626817e-03 2.208816e-03 1.852017e-07 3.525896e-04 2.157434e-03 2.927419e-05
   42    1      1      0    0      1      -1      -1   100 2.002029e-02 0.06895958 0.14987597 0.19377538 0.10644773 0.059222140 0.05122663 0.082821091 0.066804374 0.0627945133 0.0189265388 4.910209e-02 3.689494e-02 8.523667e-03 8.720246e-04 4.139083e-04 6.751210e-03 3.207778e-04 5.814582e-03 2.878243e-05 5.090745e-03 5.140142e-03 2.499700e-15 5.425412e-05 1.186221e-04
   43    1      1      0    0      1      -1      -1   100 2.939783e-02 0.19906689 0.09606720 0.09372096 0.13869753 0.084657920 0.12762068 0.034888578 0.072921271 0.0397764026 0.0085209003 2.265910e-03 2.231588e-02 5.769275e-04 2.219016e-02 7.210351e-04 1.701160e-02 9.853967e-04 2.404003e-03 9.729529e-06 1.230103e-03 3.250682e-03 4.316838e-04 7.297717e-12 1.270716e-03
   44    1      1      0    0      1      -1      -1   100 6.473815e-03 0.18143485 0.18578616 0.12539964 0.13822418 0.145672984 0.06063362 0.011078436 0.015359152 0.0105916141 0.0196759461 5.026738e-03 3.706621e-02 2.643438e-02 6.438633e-03 6.524605e-03 1.472690e-04 2.151209e-04 8.946870e-05 7.074497e-05 6.912684e-05 1.049155e-03 4.252162e-11 3.478609e-19 1.653815e-02
   45    1      1      0    0      1      -1      -1   100 4.564985e-03 0.21741624 0.24669075 0.16275991 0.03651608 0.086987736 0.07220381 0.056099875 0.001596555 0.0118709520 0.0130968899 8.476076e-03 1.478510e-02 2.357287e-03 2.466983e-02 2.504126e-03 1.703018e-02 1.210479e-02 1.382277e-03 2.689786e-03 3.397735e-07 3.297535e-04 4.761841e-04 1.409912e-04 3.249499e-03
   46    1      1      0    0      1      -1      -1   100 1.323774e-02 0.15145705 0.16767082 0.24674215 0.12229572 0.027234413 0.06326915 0.048635832 0.039920759 0.0263935642 0.0334258442 8.309419e-03 1.099749e-02 6.120202e-03 6.832364e-04 8.828863e-03 1.749125e-03 1.534378e-02 6.620583e-03 5.497361e-05 6.128738e-04 5.492306e-10 7.549600e-17 2.142397e-07 3.961935e-04
   47    1      1      0    0      1      -1      -1   100 6.656288e-03 0.19039643 0.12908221 0.16728843 0.15269803 0.127649713 0.04057829 0.037641583 0.074470196 0.0179604856 0.0059602595 1.012594e-02 1.043458e-03 2.761564e-02 1.120976e-03 3.614214e-04 2.420281e-03 5.070682e-03 1.266262e-03 5.002336e-04 7.786853e-05 3.483319e-11 7.014722e-06 2.754933e-08 8.281749e-06
   48    1      1      0    0      1      -1      -1   100 7.457562e-04 0.13073380 0.20465545 0.17593174 0.10711440 0.126223800 0.08022243 0.040503081 0.016314136 0.0419383870 0.0343865166 5.401102e-03 3.483118e-03 1.352315e-02 4.233689e-04 2.025758e-03 6.926196e-03 1.943537e-03 1.445832e-05 4.956953e-03 1.616682e-05 2.263650e-06 2.673767e-10 3.703091e-10 2.514434e-03
   49    1      1      0    0      1      -1      -1   100 3.030283e-02 0.06542339 0.17522573 0.22054021 0.09193175 0.097918094 0.12662964 0.060018686 0.027822710 0.0137884854 0.0386378368 2.388476e-02 5.294555e-04 1.066502e-04 9.321360e-03 2.926661e-03 1.487087e-04 3.655938e-03 4.896786e-03 2.722324e-05 4.815836e-04 3.272824e-06 5.198288e-03 2.782567e-05 5.521270e-04
   50    1      1      0    0      1      -1      -1   100 7.296665e-03 0.15348573 0.13535386 0.08858159 0.15768604 0.058089892 0.10981052 0.074052610 0.074986135 0.0039760641 0.0113468376 5.274472e-02 6.774420e-03 2.701592e-04 2.931988e-02 2.319631e-02 2.162448e-03 1.995138e-04 8.321906e-07 1.003322e-02 9.788483e-06 5.112904e-05 5.833444e-05 4.900498e-04 2.324714e-05
   51    1      1      0    0      1      -1      -1   100 2.910919e-02 0.08385008 0.22919842 0.07212135 0.11115091 0.145118640 0.03293127 0.064684311 0.072723046 0.0350296312 0.0183421725 2.271039e-02 2.086899e-02 8.551444e-03 1.432090e-02 2.007364e-03 2.796241e-03 1.020111e-02 1.260932e-04 1.516989e-04 8.102206e-04 2.092410e-06 1.541101e-04 1.742427e-02 5.616038e-03
   52    1      1      0    0      1      -1      -1   100 2.166916e-02 0.21004000 0.16873254 0.13755458 0.06782134 0.073119306 0.06292393 0.090679628 0.024165037 0.0636373612 0.0262470874 1.924235e-03 7.066395e-03 7.379330e-03 2.314957e-02 4.293613e-03 1.012728e-07 5.385568e-03 1.356345e-06 1.709557e-05 1.150937e-04 5.099585e-04 1.581738e-09 9.059392e-07 3.566813e-03
   53    1      1      0    0      1      -1      -1   100 1.239413e-02 0.24081600 0.20676507 0.12771386 0.05895536 0.049955998 0.06487348 0.075268090 0.050172711 0.0195256750 0.0286622766 3.524864e-03 2.135345e-03 8.452637e-03 2.402094e-02 6.972879e-03 8.778512e-04 2.607688e-09 6.503869e-07 1.265857e-03 3.675905e-10 5.527960e-03 4.386205e-03 1.552961e-10 7.732156e-03
   54    1      1      0    0      1      -1      -1   100 1.196543e-02 0.10522406 0.26276764 0.11260357 0.10449232 0.071661396 0.02980808 0.022842397 0.065973101 0.0265824527 0.0532316734 7.912093e-02 1.482983e-02 4.215795e-03 1.655967e-02 8.174467e-03 3.262109e-03 1.517759e-04 2.215746e-08 2.362814e-03 3.607803e-07 1.796744e-12 3.444511e-03 2.446822e-05 7.011367e-04
   55    1      1      0    0      1      -1      -1   100 3.152368e-02 0.17865351 0.12255966 0.24702224 0.12286380 0.065084217 0.04914493 0.037109186 0.027453854 0.0241922251 0.0254913398 2.051137e-02 9.308024e-03 7.820013e-03 2.517501e-03 1.162261e-03 5.019086e-03 1.233592e-03 6.708757e-06 1.570302e-13 1.407475e-08 1.621701e-03 1.171193e-06 2.893514e-03 1.680640e-02
   56    1      1      0    0      1      -1      -1   100 3.813454e-03 0.19569475 0.20311200 0.08433125 0.18127359 0.108704387 0.05991898 0.029959415 0.014071873 0.0081216184 0.0189991404 1.847673e-02 1.264100e-02 2.787756e-02 2.003441e-02 4.045455e-03 1.614998e-03 1.141526e-03 1.498769e-07 1.895409e-20 4.051035e-05 1.843162e-03 2.941362e-04 1.259766e-03 2.730131e-03
   57    1      1      0    0      1      -1      -1   100 2.080083e-02 0.18639179 0.13261012 0.19787244 0.08744908 0.151940892 0.06072353 0.010253066 0.021309403 0.0200926262 0.0321254296 9.122282e-03 7.688822e-03 1.414509e-02 1.472349e-02 2.665049e-02 3.226700e-08 4.685212e-03 1.005360e-03 7.435051e-06 4.007877e-04 1.231449e-12 7.131647e-07 3.457069e-11 1.090697e-06
   58    1      1      0    0      1      -1      -1   100 2.283427e-02 0.16405046 0.14278862 0.11107956 0.12556607 0.075014562 0.04542645 0.061096907 0.098807732 0.0552800266 0.0336914944 8.793350e-03 9.674316e-03 1.070309e-02 5.157528e-03 6.331619e-03 4.694973e-03 1.930691e-06 4.253984e-06 1.892727e-02 6.684834e-05 1.893204e-18 9.919007e-10 4.390697e-15 8.671732e-06
   59    1      1      0    0      1      -1      -1   100 1.320764e-02 0.25512090 0.20251051 0.13969442 0.10826265 0.086552303 0.01055626 0.071468350 0.004347749 0.0184414122 0.0329300197 3.977297e-03 1.736670e-03 7.466427e-03 4.314861e-03 1.874509e-02 1.980540e-04 3.158227e-05 1.364290e-03 6.958732e-07 7.279541e-13 1.201938e-02 5.185273e-04 1.525235e-24 6.534921e-03
   60    1      1      0    0      1      -1      -1   100 2.142786e-02 0.25960464 0.23144377 0.13205423 0.10170533 0.034557957 0.04199988 0.014963792 0.046986446 0.0288938381 0.0077182062 2.488026e-03 1.322953e-03 5.104590e-02 4.962741e-03 9.903552e-03 1.383024e-04 6.395175e-03 2.776511e-05 5.862865e-08 1.197897e-03 1.396179e-09 3.066157e-12 1.045680e-08 1.161667e-03
   61    1      1      0    0      1      -1      -1   100 2.715386e-02 0.17792187 0.25544669 0.17141502 0.08453882 0.050946503 0.03331849 0.013764416 0.003492433 0.0318585357 0.0507866550 5.293976e-02 4.112460e-03 9.545487e-03 2.610694e-04 2.323485e-03 4.007020e-03 3.001529e-05 1.304635e-03 1.480379e-02 3.706164e-13 4.543248e-10 2.758613e-10 1.002571e-02 3.283021e-06
   62    1      1      0    0      1      -1      -1   100 2.212820e-02 0.14863460 0.22298760 0.19960431 0.11824719 0.078021420 0.03260412 0.050570669 0.026943824 0.0094316301 0.0193984884 2.722922e-02 1.709048e-02 1.154358e-02 2.142306e-03 3.297689e-03 8.825474e-03 2.037541e-05 1.421216e-05 7.137447e-04 5.498512e-04 2.057403e-07 3.388381e-19 1.335482e-16 8.096080e-07
   63    1      1      0    0      1      -1      -1   100 5.404984e-04 0.17027270 0.07727632 0.17651930 0.17146563 0.156415995 0.02373100 0.064243806 0.028245114 0.0527799864 0.0057346638 2.022814e-02 6.205626e-03 1.854484e-02 2.097714e-02 2.250058e-03 1.655449e-04 9.265276e-04 2.410688e-04 3.155552e-03 7.585341e-10 5.922711e-05 2.064101e-05 5.288682e-15 6.127548e-07
   64    1      1      0    0      1      -1      -1   100 6.781166e-03 0.07374571 0.28130394 0.11377596 0.05022576 0.118302214 0.15665230 0.054741043 0.008818361 0.0063172186 0.0163548105 7.459681e-03 3.002332e-02 1.991507e-02 8.634904e-04 1.876689e-02 7.207730e-03 2.291581e-02 1.795392e-05 1.231189e-03 3.218587e-03 6.972988e-04 7.790217e-13 5.322459e-12 6.644883e-04
   65    1      1      0    0      1      -1      -1   100 1.999018e-02 0.17139951 0.08895432 0.14947614 0.06446312 0.135668280 0.11896365 0.055825195 0.019461647 0.0631447493 0.0085223595 3.295123e-02 8.804226e-03 1.694139e-02 1.078367e-02 1.004527e-03 1.084944e-02 1.511937e-07 1.732512e-05 2.257601e-06 9.379921e-03 1.125048e-05 5.088975e-03 4.613044e-13 8.296489e-03
   66    1      1      0    0      1      -1      -1   100 6.871433e-02 0.14182440 0.24533933 0.06116179 0.11754363 0.025429692 0.07356940 0.069940687 0.057082238 0.0493030813 0.0088377986 2.622671e-02 2.062345e-02 1.079190e-02 1.075868e-02 6.688068e-03 2.539487e-03 1.563882e-04 2.450752e-06 2.439831e-03 1.422712e-05 9.987581e-04 2.443981e-06 3.696434e-08 1.117626e-05
   67    1      1      0    0      1      -1      -1   100 5.280011e-02 0.34535117 0.13051277 0.18198078 0.02864069 0.035086387 0.02082699 0.072982477 0.025959307 0.0189494930 0.0099655970 3.271155e-03 2.847556e-03 4.096228e-02 1.229441e-04 8.231101e-03 1.368801e-02 3.150429e-04 7.804497e-04 3.409980e-03 1.533276e-05 1.949382e-04 1.012470e-03 9.897458e-04 1.103206e-03
   68    1      1      0    0      1      -1      -1   100 3.029572e-03 0.12652696 0.36095377 0.15345190 0.06792775 0.008084403 0.04294250 0.011622603 0.023355743 0.1099168100 0.0325323155 1.990312e-02 4.859554e-03 1.548417e-06 2.377678e-03 8.372647e-04 2.899281e-02 1.200422e-08 6.881658e-07 1.251618e-05 2.679306e-07 7.505072e-05 9.051528e-04 7.877055e-04 9.023207e-04
   69    1      1      0    0      1      -1      -1   100 2.176914e-02 0.03319470 0.20478036 0.36248454 0.08825012 0.086206975 0.02507275 0.064227211 0.026879606 0.0153681914 0.0250135417 1.336281e-02 1.433730e-02 5.006333e-03 7.144313e-05 1.293173e-02 2.532452e-04 7.255998e-04 3.121022e-05 3.674087e-06 3.670492e-06 5.414541e-06 4.308209e-08 9.323323e-08 2.031019e-05
   70    1      1      0    0      1      -1      -1   100 4.575242e-03 0.12225842 0.07686349 0.15779383 0.27984340 0.074406288 0.09067368 0.043364107 0.034601110 0.0048278114 0.0541498104 1.489266e-02 2.335192e-02 1.210917e-03 2.133853e-04 8.698562e-03 7.932718e-03 2.297105e-11 1.492649e-04 5.888443e-05 8.394682e-07 2.044127e-05 1.366315e-17 2.076963e-14 1.132232e-04
   71    1      1      0    0      1      -1      -1   100 1.013083e-02 0.17772266 0.16249087 0.04126590 0.07829304 0.233817137 0.04236962 0.038221378 0.025568711 0.0480846024 0.0119450035 1.240336e-02 4.154763e-02 3.683695e-02 1.301539e-02 3.849170e-03 3.338289e-03 7.111536e-04 1.407230e-07 1.088850e-02 2.045135e-04 1.987886e-03 2.012490e-16 2.447741e-24 5.307250e-03
   72    1      1      0    0      1      -1      -1   100 9.768477e-03 0.21429970 0.18528209 0.06348435 0.03797481 0.148316253 0.16797429 0.055099449 0.050040567 0.0073901427 0.0048487616 1.005189e-02 1.452722e-02 1.633847e-02 1.747517e-04 1.505550e-03 1.271334e-03 2.482998e-04 1.766569e-04 3.474763e-04 5.278875e-03 7.277421e-05 1.442660e-03 1.917643e-05 4.065970e-03
   73    1      1      0    0      1      -1      -1   100 3.751648e-03 0.10179676 0.25497400 0.15661718 0.03419035 0.070619262 0.07796311 0.087219510 0.059530879 0.0489302192 0.0094968681 2.054376e-02 5.961529e-03 2.820346e-02 3.150428e-02 4.886584e-03 1.194845e-03 7.229731e-04 1.798752e-03 1.099236e-09 7.420111e-10 8.445421e-06 1.682376e-10 8.344183e-05 2.136037e-06
   74    1      1      0    0      1      -1      -1   100 1.466411e-02 0.11350904 0.17476714 0.15871531 0.12969621 0.047019461 0.04443483 0.094543245 0.074286312 0.0424019289 0.0435322922 1.012819e-02 2.737873e-03 1.739347e-03 2.691249e-02 2.401153e-03 5.027188e-03 4.162754e-03 1.812214e-03 1.730365e-05 1.693976e-03 5.248454e-03 6.369730e-05 4.854703e-04 2.217676e-08
   75    1      1      0    0      1      -1      -1   100 1.133979e-02 0.05698563 0.22555597 0.23615869 0.12791751 0.072236959 0.07111913 0.036559133 0.049228939 0.0566749656 0.0116448203 2.015629e-03 1.573606e-05 4.081401e-03 1.654063e-05 3.320057e-03 1.138045e-02 2.014356e-04 5.497945e-04 1.520903e-02 8.479395e-04 1.365423e-09 1.407956e-16 1.660670e-06 6.938785e-03
   76    1      1      0    0      1      -1      -1   100 1.894334e-02 0.15086718 0.13164596 0.13895924 0.10229237 0.149606494 0.08861768 0.039772021 0.012262322 0.0262008161 0.0695373800 1.615080e-02 2.309214e-02 9.202979e-05 6.555516e-03 1.020453e-02 2.611945e-03 4.930251e-03 6.882927e-03 5.718348e-05 5.284163e-07 3.391085e-04 1.633706e-04 4.291042e-09 2.148463e-04
   77    1      1      0    0      1      -1      -1   100 4.179820e-02 0.17484990 0.13608316 0.09676181 0.17153856 0.037899175 0.05608406 0.036867289 0.030062147 0.0451646595 0.0049654208 7.905506e-02 1.413984e-02 4.593204e-03 8.930730e-03 3.800758e-02 5.927075e-04 3.506596e-03 1.355328e-02 4.566026e-03 2.032234e-04 2.214495e-14 7.120028e-14 3.674768e-09 7.773721e-04
   78    1      1      0    0      1      -1      -1   100 2.562585e-02 0.30734278 0.16024551 0.09948912 0.04902220 0.062411764 0.07105492 0.123464092 0.011180749 0.0139288809 0.0137092444 8.243361e-03 2.385832e-02 4.334942e-03 1.288697e-03 2.095462e-05 3.874600e-03 6.926826e-03 3.026891e-03 9.869881e-04 3.228035e-03 2.304629e-03 6.157404e-07 3.581383e-05 4.394217e-03
   79    1      1      0    0      1      -1      -1   100 1.603585e-02 0.24294334 0.35055238 0.07540336 0.04477950 0.078401455 0.04126223 0.005715849 0.052712543 0.0161946033 0.0007494299 5.229247e-05 1.653418e-03 1.938835e-02 3.302880e-02 1.730620e-03 2.695449e-03 2.106506e-04 5.565374e-03 2.902113e-05 1.193665e-04 1.860546e-10 1.077611e-02 6.533455e-17 2.927520e-11
   80    1      1      0    0      1      -1      -1   100 1.633856e-02 0.21313203 0.27338172 0.25539899 0.08983160 0.025185984 0.02805931 0.013886202 0.018533360 0.0079484840 0.0167285324 3.713536e-03 1.303364e-02 1.851052e-03 1.188289e-02 2.613209e-05 7.398485e-03 1.256537e-03 2.316253e-03 2.321174e-11 1.683526e-07 9.650121e-05 7.311878e-11 1.577517e-12 2.611191e-08
   81    1      1      0    0      1      -1      -1   100 1.046980e-02 0.05138361 0.22729407 0.20211998 0.21630610 0.089366207 0.02422724 0.028719390 0.020381154 0.0347149470 0.0247967897 2.924049e-02 1.069314e-02 1.911444e-03 1.600384e-03 1.486061e-02 1.236794e-03 1.402778e-03 7.309372e-04 2.505778e-07 3.436012e-06 3.910739e-05 5.063154e-11 7.891614e-03 6.097282e-04
   82    1      1      0    0      1      -1      -1   100 1.507437e-03 0.11264781 0.14596846 0.19792593 0.15652070 0.145046620 0.06474288 0.019832418 0.025738187 0.0351262662 0.0015105543 3.558809e-02 1.116763e-03 2.987441e-02 2.766757e-05 1.615601e-03 8.056292e-03 1.080118e-02 3.848628e-04 5.419512e-04 5.860822e-07 2.179857e-13 1.372554e-11 9.383879e-04 4.486934e-03
   83    1      1      0    0      1      -1      -1   100 3.625320e-02 0.06976142 0.18190255 0.13791077 0.10126134 0.080490537 0.17454718 0.051311424 0.029324750 0.0510598972 0.0386776581 6.071542e-03 2.579818e-02 7.772843e-04 8.574847e-03 5.543387e-04 1.335537e-03 3.181364e-05 2.489108e-03 1.175305e-03 2.250420e-16 2.221863e-04 3.235058e-08 6.371662e-05 4.053808e-04
   84    1      1      0    0      1      -1      -1   100 1.364335e-03 0.13840566 0.08786059 0.13358360 0.08448706 0.076752593 0.19552975 0.131835861 0.032017651 0.0323870467 0.0242732594 2.294890e-02 1.476114e-02 6.099289e-03 5.562742e-03 3.265172e-04 8.092184e-04 1.459546e-06 1.062663e-02 7.809800e-05 7.384313e-10 1.457801e-06 2.558300e-04 1.822500e-22 3.131378e-05
   85    1      1      0    0      1      -1      -1   100 2.042984e-02 0.19500844 0.17585140 0.03462628 0.12824424 0.043476325 0.08319683 0.120639988 0.050051672 0.0070490169 0.0302967248 1.309847e-02 1.503570e-02 1.653047e-02 2.771265e-03 2.969304e-02 3.892726e-07 7.411032e-03 1.960206e-08 7.486426e-03 3.171256e-04 5.249486e-04 7.407425e-24 1.830582e-21 1.826036e-02
   86    1      1      0    0      1      -1      -1   100 6.628310e-02 0.27653855 0.15199654 0.11786114 0.05571970 0.038726242 0.03179561 0.051954699 0.040529313 0.0631066992 0.0143717638 3.221181e-02 4.255492e-03 1.935514e-03 3.244184e-03 6.759115e-03 2.223569e-02 4.284597e-04 6.255617e-03 1.646176e-03 4.884314e-04 2.183793e-06 4.927020e-03 4.943886e-03 1.783069e-03
   87    1      1      0    0      1      -1      -1   100 1.620316e-02 0.23861777 0.25065830 0.10828646 0.05701310 0.062729125 0.04330255 0.043733133 0.040473007 0.0474484143 0.0267167848 5.720511e-04 7.643293e-03 3.761293e-03 3.523529e-03 2.365268e-03 1.283200e-03 8.128177e-07 9.829916e-03 1.425233e-05 1.657787e-02 2.061664e-05 4.940677e-16 1.488909e-12 1.922610e-02
   88    1      1      0    0      1      -1      -1   100 1.528276e-02 0.18968787 0.22606764 0.14072169 0.09240558 0.079193961 0.02385591 0.064015944 0.026563224 0.0220129102 0.0497846085 2.600765e-02 3.889518e-05 1.104188e-02 1.020053e-02 6.619736e-05 2.312578e-05 2.784159e-03 2.132644e-04 9.201964e-06 1.374199e-55 3.561540e-14 2.739181e-05 1.871038e-03 1.812458e-02
   89    1      1      0    0      1      -1      -1   100 6.153313e-04 0.08450587 0.26367949 0.17970974 0.11599126 0.050134507 0.08158806 0.020201526 0.053357340 0.0242927386 0.0126483144 4.920575e-02 2.797869e-02 1.731355e-02 2.372210e-03 7.562747e-06 1.143670e-02 2.030117e-03 5.394715e-05 4.793280e-07 2.133916e-14 8.884406e-04 1.878602e-03 9.441456e-07 1.088268e-04
   90    1      1      0    0      1      -1      -1   100 3.681112e-02 0.07356802 0.10606544 0.25393080 0.26960916 0.085376637 0.02333292 0.052351370 0.002336061 0.0237896005 0.0074374230 3.080158e-02 7.686203e-03 7.264529e-03 2.362817e-03 1.169546e-02 1.134675e-05 4.927732e-05 4.551112e-04 1.843093e-04 1.105421e-03 1.149999e-11 7.333956e-19 3.138333e-04 3.461557e-03
   91    1      1      0    0      1      -1      -1   100 8.757468e-03 0.16551683 0.04437644 0.14200725 0.13634113 0.170111153 0.16221755 0.045567510 0.033012147 0.0250603321 0.0109852224 2.665918e-02 1.116116e-02 8.911688e-04 1.500924e-03 7.271913e-06 1.313623e-02 6.644151e-04 1.368724e-13 1.750675e-05 3.965239e-04 5.977816e-09 2.510746e-72 4.172981e-59 1.612587e-03
   92    1      1      0    0      1      -1      -1   100 2.918164e-02 0.09627802 0.23498601 0.05722422 0.08883981 0.124377798 0.13139498 0.050676040 0.034221909 0.0519142317 0.0124181166 2.257156e-02 2.769817e-03 2.825308e-02 6.508576e-04 2.983798e-02 8.168559e-05 3.277042e-05 2.647512e-03 3.505649e-05 1.096433e-03 2.408700e-05 7.821979e-05 6.342103e-19 4.081751e-04
   93    1      1      0    0      1      -1      -1   100 1.331302e-02 0.08771322 0.11218397 0.26120959 0.04406651 0.126684981 0.11240773 0.077084432 0.032173972 0.0250886049 0.0165653257 7.270657e-03 1.372734e-02 5.443962e-03 1.581569e-02 5.721056e-03 1.449290e-03 1.029109e-03 4.713215e-03 3.233825e-02 2.008639e-14 1.524759e-09 2.385685e-03 1.614387e-03 2.365131e-13
   94    1      1      0    0      1      -1      -1   100 1.442953e-02 0.12415143 0.14314842 0.13749746 0.12775317 0.048752693 0.07432522 0.091350545 0.103919704 0.0699553356 0.0273390255 2.433854e-03 3.523091e-04 9.805664e-04 2.721449e-04 1.965271e-02 1.956804e-03 2.869349e-04 7.381089e-03 2.006486e-05 3.354541e-09 1.246472e-11 8.968983e-07 3.809272e-04 3.659166e-03
   95    1      1      0    0      1      -1      -1   100 1.915425e-02 0.24346116 0.20767940 0.06295636 0.03036309 0.119621481 0.01758059 0.069053886 0.036551221 0.0883493213 0.0382899962 1.087355e-02 7.103485e-03 2.577312e-03 1.496263e-04 1.479825e-06 8.019914e-03 1.152595e-02 5.778328e-03 1.970282e-02 1.005143e-03 4.153391e-09 1.891612e-04 1.184629e-15 1.248098e-05
   96    1      1      0    0      1      -1      -1   100 5.508832e-02 0.10210185 0.29515111 0.11605431 0.06402567 0.052192433 0.07408508 0.018709905 0.125156653 0.0042376742 0.0269290767 1.977653e-02 1.807053e-02 1.437800e-03 9.935444e-04 2.657798e-04 7.344356e-05 3.912235e-03 8.691415e-03 3.045885e-03 6.067897e-11 6.548691e-10 1.193327e-08 1.113624e-06 9.999637e-03
   97    1      1      0    0      1      -1      -1   100 5.940378e-03 0.16154827 0.11110588 0.32153694 0.05925628 0.046960937 0.03945484 0.116685134 0.004038873 0.0210020466 0.0489295201 8.031065e-03 2.171445e-02 1.741038e-02 1.970993e-04 3.145839e-05 6.657509e-03 7.207639e-05 4.326327e-03 9.150364e-05 1.809179e-06 4.874698e-05 5.700035e-09 4.677872e-03 2.806001e-04
   98    1      1      0    0      1      -1      -1   100 2.194833e-02 0.14356952 0.22857078 0.12486983 0.13733221 0.060424517 0.04342695 0.025617601 0.056284804 0.0183643736 0.0494030990 3.576007e-02 2.026489e-02 1.119049e-02 1.493545e-03 8.172844e-03 8.915442e-04 1.307910e-03 5.693433e-03 5.139906e-05 7.413431e-05 5.240082e-03 2.071261e-12 1.930387e-09 4.764272e-05
   99    1      1      0    0      1      -1      -1   100 1.604453e-02 0.23990383 0.16949465 0.14086298 0.04853048 0.096445735 0.06914299 0.047125980 0.024388635 0.0234697598 0.0148204283 8.038512e-03 3.416909e-02 1.260996e-02 3.016762e-02 8.186674e-05 8.246543e-03 1.761314e-06 3.036323e-04 4.720087e-04 6.817060e-03 1.646930e-04 8.539516e-03 2.421683e-20 1.577285e-04
  100    1      1      0    0      1      -1      -1   100 2.400000e-03 0.24615099 0.20369465 0.12931302 0.05520993 0.108212392 0.07297304 0.020510601 0.002512823 0.0119213707 0.0288503753 6.851285e-03 2.154997e-02 4.675381e-02 2.582171e-04 2.304257e-02 1.691831e-02 9.987471e-06 6.829636e-04 8.998741e-05 1.653117e-03 1.814247e-12 1.553096e-05 3.689789e-04 5.608619e-05
    2    1      2      0    0      1      -1      -1   100 2.000000e-02 0.14000000 0.14000000 0.12000000 0.09000000 0.100000000 0.07000000 0.050000000 0.040000000 0.0300000000 0.0200000000 5.000000e-02 1.000000e-02 3.000000e-02 0.000000e+00 2.000000e-02 1.000000e-02 2.000000e-02 0.000000e+00 1.000000e-02 0.000000e+00 1.000000e-02 1.000000e-02 0.000000e+00 1.000000e-02
    3    1      2      0    0      1      -1      -1   100 3.000000e-02 0.09000000 0.23000000 0.16000000 0.12000000 0.020000000 0.05000000 0.050000000 0.070000000 0.0000000000 0.0300000000 3.000000e-02 3.000000e-02 2.000000e-02 0.000000e+00 2.000000e-02 1.000000e-02 2.000000e-02 0.000000e+00 1.000000e-02 0.000000e+00 0.000000e+00 0.000000e+00 0.000000e+00 1.000000e-02
    4    1      2      0    0      1      -1      -1   100 1.000000e-02 0.19000000 0.09000000 0.09000000 0.12000000 0.050000000 0.09000000 0.050000000 0.070000000 0.0700000000 0.0200000000 2.000000e-02 3.000000e-02 4.000000e-02 2.000000e-02 0.000000e+00 0.000000e+00 0.000000e+00 0.000000e+00 1.000000e-02 0.000000e+00 1.000000e-02 0.000000e+00 0.000000e+00 2.000000e-02
    5    1      2      0    0      1      -1      -1   100 2.000000e-02 0.16000000 0.13000000 0.12000000 0.10000000 0.090000000 0.06000000 0.040000000 0.020000000 0.0700000000 0.0400000000 3.000000e-02 1.000000e-02 3.000000e-02 2.000000e-02 2.000000e-02 1.000000e-02 1.000000e-02 0.000000e+00 0.000000e+00 0.000000e+00 0.000000e+00 0.000000e+00 1.000000e-02 1.000000e-02
    6    1      2      0    0      1      -1      -1   100 2.000000e-02 0.19000000 0.18000000 0.14000000 0.09000000 0.030000000 0.08000000 0.090000000 0.020000000 0.0200000000 0.0500000000 1.000000e-02 1.000000e-02 2.000000e-02 0.000000e+00 3.000000e-02 0.000000e+00 0.000000e+00 0.000000e+00 0.000000e+00 0.000000e+00 0.000000e+00 0.000000e+00 1.000000e-02 1.000000e-02
    7    1      2      0    0      1      -1      -1   100 2.000000e-02 0.15000000 0.16000000 0.16000000 0.11000000 0.070000000 0.12000000 0.070000000 0.030000000 0.0200000000 0.0300000000 0.000000e+00 1.000000e-02 2.000000e-02 1.000000e-02 0.000000e+00 0.000000e+00 0.000000e+00 0.000000e+00 0.000000e+00 0.000000e+00 2.000000e-02 0.000000e+00 0.000000e+00 0.000000e+00
    8    1      2      0    0      1      -1      -1   100 6.000000e-02 0.16000000 0.06000000 0.20000000 0.11000000 0.110000000 0.05000000 0.050000000 0.020000000 0.0600000000 0.0000000000 4.000000e-02 1.000000e-02 3.000000e-02 1.000000e-02 0.000000e+00 1.000000e-02 0.000000e+00 0.000000e+00 1.000000e-02 1.000000e-02 0.000000e+00 0.000000e+00 0.000000e+00 0.000000e+00
    9    1      2      0    0      1      -1      -1   100 3.000000e-02 0.18000000 0.12000000 0.08000000 0.11000000 0.090000000 0.04000000 0.070000000 0.090000000 0.0700000000 0.0200000000 4.000000e-02 0.000000e+00 0.000000e+00 0.000000e+00 1.000000e-02 1.000000e-02 3.000000e-02 0.000000e+00 1.000000e-02 0.000000e+00 0.000000e+00 0.000000e+00 0.000000e+00 0.000000e+00
   10    1      2      0    0      1      -1      -1   100 3.000000e-02 0.12000000 0.17000000 0.10000000 0.08000000 0.090000000 0.09000000 0.070000000 0.040000000 0.0700000000 0.0200000000 3.000000e-02 1.000000e-02 1.000000e-02 1.000000e-02 0.000000e+00 2.000000e-02 0.000000e+00 1.000000e-02 0.000000e+00 1.000000e-02 1.000000e-02 0.000000e+00 0.000000e+00 1.000000e-02
   11    1      2      0    0      1      -1      -1   100 3.000000e-02 0.11000000 0.16000000 0.17000000 0.05000000 0.070000000 0.07000000 0.090000000 0.090000000 0.0500000000 0.0000000000 2.000000e-02 2.000000e-02 1.000000e-02 2.000000e-02 0.000000e+00 1.000000e-02 1.000000e-02 1.000000e-02 1.000000e-02 0.000000e+00 0.000000e+00 0.000000e+00 0.000000e+00 0.000000e+00
   12    1      2      0    0      1      -1      -1   100 9.000000e-02 0.11000000 0.09000000 0.12000000 0.14000000 0.070000000 0.05000000 0.120000000 0.030000000 0.0100000000 0.0200000000 3.000000e-02 3.000000e-02 2.000000e-02 2.000000e-02 2.000000e-02 0.000000e+00 1.000000e-02 0.000000e+00 0.000000e+00 1.000000e-02 0.000000e+00 0.000000e+00 0.000000e+00 1.000000e-02
   13    1      2      0    0      1      -1      -1   100 3.000000e-02 0.24000000 0.03000000 0.09000000 0.09000000 0.080000000 0.07000000 0.080000000 0.030000000 0.0300000000 0.0400000000 2.000000e-02 3.000000e-02 1.000000e-02 1.000000e-02 2.000000e-02 1.000000e-02 2.000000e-02 0.000000e+00 2.000000e-02 2.000000e-02 1.000000e-02 0.000000e+00 0.000000e+00 2.000000e-02
   14    1      2      0    0      1      -1      -1   100 5.000000e-02 0.14000000 0.29000000 0.04000000 0.07000000 0.080000000 0.06000000 0.040000000 0.020000000 0.0600000000 0.0400000000 0.000000e+00 5.000000e-02 1.000000e-02 2.000000e-02 1.000000e-02 0.000000e+00 1.000000e-02 0.000000e+00 0.000000e+00 0.000000e+00 0.000000e+00 0.000000e+00 0.000000e+00 1.000000e-02
   15    1      2      0    0      1      -1      -1   100 2.000000e-02 0.14000000 0.18000000 0.12000000 0.10000000 0.080000000 0.03000000 0.050000000 0.060000000 0.0200000000 0.0400000000 5.000000e-02 0.000000e+00 5.000000e-02 2.000000e-02 1.000000e-02 2.000000e-02 1.000000e-02 0.000000e+00 0.000000e+00 0.000000e+00 0.000000e+00 0.000000e+00 0.000000e+00 0.000000e+00
   16    1      2      0    0      1      -1      -1   100 3.000000e-02 0.09000000 0.13000000 0.11000000 0.23000000 0.040000000 0.06000000 0.060000000 0.050000000 0.0500000000 0.0100000000 4.000000e-02 2.000000e-02 1.000000e-02 1.000000e-02 1.000000e-02 1.000000e-02 0.000000e+00 0.000000e+00 1.000000e-02 0.000000e+00 1.000000e-02 1.000000e-02 0.000000e+00 1.000000e-02
   17    1      2      0    0      1      -1      -1   100 6.000000e-02 0.24000000 0.14000000 0.08000000 0.04000000 0.140000000 0.03000000 0.020000000 0.060000000 0.0400000000 0.0200000000 0.000000e+00 2.000000e-02 3.000000e-02 3.000000e-02 0.000000e+00 0.000000e+00 0.000000e+00 2.000000e-02 1.000000e-02 0.000000e+00 1.000000e-02 0.000000e+00 1.000000e-02 0.000000e+00
   18    1      2      0    0      1      -1      -1   100 6.000000e-02 0.19000000 0.18000000 0.04000000 0.06000000 0.030000000 0.08000000 0.020000000 0.030000000 0.0600000000 0.0600000000 5.000000e-02 2.000000e-02 3.000000e-02 1.000000e-02 4.000000e-02 2.000000e-02 0.000000e+00 0.000000e+00 0.000000e+00 0.000000e+00 1.000000e-02 0.000000e+00 0.000000e+00 1.000000e-02
   19    1      2      0    0      1      -1      -1   100 1.000000e-02 0.12000000 0.24000000 0.24000000 0.03000000 0.050000000 0.02000000 0.140000000 0.020000000 0.0100000000 0.0100000000 4.000000e-02 1.000000e-02 1.000000e-02 2.000000e-02 1.000000e-02 1.000000e-02 0.000000e+00 0.000000e+00 0.000000e+00 0.000000e+00 0.000000e+00 0.000000e+00 0.000000e+00 1.000000e-02
   20    1      2      0    0      1      -1      -1   100 4.000000e-02 0.13000000 0.14000000 0.20000000 0.12000000 0.050000000 0.03000000 0.070000000 0.060000000 0.0400000000 0.0200000000 0.000000e+00 1.000000e-02 2.000000e-02 0.000000e+00 1.000000e-02 1.000000e-02 0.000000e+00 0.000000e+00 2.000000e-02 1.000000e-02 0.000000e+00 0.000000e+00 0.000000e+00 2.000000e-02
   21    1      2      0    0      1      -1      -1   100 3.000000e-02 0.09000000 0.12000000 0.11000000 0.14000000 0.090000000 0.08000000 0.020000000 0.010000000 0.0700000000 0.0300000000 6.000000e-02 3.000000e-02 4.000000e-02 1.000000e-02 2.000000e-02 1.000000e-02 1.000000e-02 2.000000e-02 0.000000e+00 0.000000e+00 0.000000e+00 0.000000e+00 0.000000e+00 1.000000e-02
   22    1      2      0    0      1      -1      -1   100 1.100000e-01 0.16000000 0.10000000 0.11000000 0.12000000 0.100000000 0.10000000 0.040000000 0.030000000 0.0100000000 0.0100000000 1.000000e-02 1.000000e-02 2.000000e-02 2.000000e-02 2.000000e-02 0.000000e+00 0.000000e+00 1.000000e-02 1.000000e-02 0.000000e+00 0.000000e+00 0.000000e+00 0.000000e+00 1.000000e-02
   23    1      2      0    0      1      -1      -1   100 5.000000e-02 0.15000000 0.14000000 0.11000000 0.05000000 0.100000000 0.10000000 0.090000000 0.030000000 0.0200000000 0.0200000000 6.000000e-02 0.000000e+00 2.000000e-02 3.000000e-02 1.000000e-02 0.000000e+00 1.000000e-02 0.000000e+00 0.000000e+00 0.000000e+00 0.000000e+00 0.000000e+00 0.000000e+00 1.000000e-02
   24    1      2      0    0      1      -1      -1   100 4.000000e-02 0.17000000 0.19000000 0.08000000 0.06000000 0.100000000 0.08000000 0.080000000 0.100000000 0.0200000000 0.0100000000 0.000000e+00 1.000000e-02 0.000000e+00 1.000000e-02 0.000000e+00 1.000000e-02 0.000000e+00 0.000000e+00 0.000000e+00 1.000000e-02 1.000000e-02 0.000000e+00 1.000000e-02 1.000000e-02
   25    1      2      0    0      1      -1      -1   100 3.000000e-02 0.18000000 0.22000000 0.12000000 0.04000000 0.080000000 0.01000000 0.060000000 0.110000000 0.0500000000 0.0100000000 0.000000e+00 2.000000e-02 2.000000e-02 0.000000e+00 0.000000e+00 2.000000e-02 0.000000e+00 1.000000e-02 1.000000e-02 0.000000e+00 0.000000e+00 0.000000e+00 1.000000e-02 0.000000e+00
   26    1      2      0    0      1      -1      -1   100 2.000000e-02 0.11000000 0.13000000 0.16000000 0.16000000 0.070000000 0.06000000 0.050000000 0.020000000 0.0700000000 0.0700000000 2.000000e-02 0.000000e+00 0.000000e+00 3.000000e-02 1.000000e-02 0.000000e+00 0.000000e+00 1.000000e-02 0.000000e+00 0.000000e+00 0.000000e+00 0.000000e+00 1.000000e-02 0.000000e+00
   27    1      2      0    0      1      -1      -1   100 2.000000e-02 0.15000000 0.13000000 0.15000000 0.12000000 0.100000000 0.07000000 0.040000000 0.050000000 0.0600000000 0.0300000000 4.000000e-02 2.000000e-02 0.000000e+00 0.000000e+00 1.000000e-02 0.000000e+00 0.000000e+00 0.000000e+00 0.000000e+00 1.000000e-02 0.000000e+00 0.000000e+00 0.000000e+00 0.000000e+00
   28    1      2      0    0      1      -1      -1   100 2.000000e-02 0.11000000 0.12000000 0.05000000 0.11000000 0.190000000 0.09000000 0.040000000 0.080000000 0.0000000000 0.0600000000 3.000000e-02 3.000000e-02 2.000000e-02 2.000000e-02 1.000000e-02 0.000000e+00 0.000000e+00 0.000000e+00 0.000000e+00 0.000000e+00 1.000000e-02 0.000000e+00 0.000000e+00 1.000000e-02
   29    1      2      0    0      1      -1      -1   100 5.000000e-02 0.09000000 0.19000000 0.15000000 0.07000000 0.120000000 0.06000000 0.040000000 0.030000000 0.0200000000 0.0100000000 3.000000e-02 4.000000e-02 3.000000e-02 0.000000e+00 1.000000e-02 1.000000e-02 3.000000e-02 0.000000e+00 0.000000e+00 1.000000e-02 0.000000e+00 0.000000e+00 0.000000e+00 1.000000e-02
   30    1      2      0    0      1      -1      -1   100 2.000000e-02 0.26000000 0.12000000 0.09000000 0.10000000 0.030000000 0.07000000 0.150000000 0.040000000 0.0300000000 0.0100000000 0.000000e+00 0.000000e+00 3.000000e-02 0.000000e+00 0.000000e+00 1.000000e-02 0.000000e+00 0.000000e+00 0.000000e+00 1.000000e-02 0.000000e+00 1.000000e-02 0.000000e+00 2.000000e-02
   31    1      2      0    0      1      -1      -1   100 1.200000e-01 0.12000000 0.26000000 0.12000000 0.09000000 0.090000000 0.01000000 0.020000000 0.040000000 0.0100000000 0.0000000000 0.000000e+00 2.000000e-02 3.000000e-02 0.000000e+00 2.000000e-02 1.000000e-02 0.000000e+00 1.000000e-02 0.000000e+00 0.000000e+00 0.000000e+00 1.000000e-02 0.000000e+00 2.000000e-02
   32    1      2      0    0      1      -1      -1   100 4.000000e-02 0.30000000 0.06000000 0.17000000 0.08000000 0.070000000 0.03000000 0.030000000 0.020000000 0.1200000000 0.0300000000 2.000000e-02 1.000000e-02 0.000000e+00 1.000000e-02 1.000000e-02 0.000000e+00 0.000000e+00 0.000000e+00 0.000000e+00 0.000000e+00 0.000000e+00 0.000000e+00 0.000000e+00 0.000000e+00
   33    1      2      0    0      1      -1      -1   100 0.000000e+00 0.12000000 0.38000000 0.07000000 0.10000000 0.050000000 0.03000000 0.090000000 0.040000000 0.0300000000 0.0100000000 2.000000e-02 1.000000e-02 0.000000e+00 1.000000e-02 2.000000e-02 0.000000e+00 0.000000e+00 0.000000e+00 1.000000e-02 1.000000e-02 0.000000e+00 0.000000e+00 0.000000e+00 0.000000e+00
   34    1      2      0    0      1      -1      -1   100 3.000000e-02 0.13000000 0.16000000 0.26000000 0.07000000 0.060000000 0.04000000 0.030000000 0.000000000 0.0100000000 0.0400000000 6.000000e-02 3.000000e-02 2.000000e-02 1.000000e-02 2.000000e-02 1.000000e-02 1.000000e-02 1.000000e-02 0.000000e+00 0.000000e+00 0.000000e+00 0.000000e+00 0.000000e+00 0.000000e+00
   35    1      2      0    0      1      -1      -1   100 5.000000e-02 0.27000000 0.07000000 0.09000000 0.20000000 0.030000000 0.03000000 0.030000000 0.030000000 0.0400000000 0.0200000000 3.000000e-02 3.000000e-02 3.000000e-02 1.000000e-02 0.000000e+00 0.000000e+00 1.000000e-02 0.000000e+00 0.000000e+00 0.000000e+00 1.000000e-02 0.000000e+00 0.000000e+00 2.000000e-02
   36    1      2      0    0      1      -1      -1   100 1.000000e-02 0.25000000 0.12000000 0.07000000 0.09000000 0.170000000 0.04000000 0.090000000 0.050000000 0.0000000000 0.0000000000 3.000000e-02 1.000000e-02 3.000000e-02 2.000000e-02 0.000000e+00 0.000000e+00 0.000000e+00 0.000000e+00 1.000000e-02 0.000000e+00 0.000000e+00 0.000000e+00 0.000000e+00 1.000000e-02
   37    1      2      0    0      1      -1      -1   100 4.000000e-02 0.12000000 0.15000000 0.19000000 0.10000000 0.030000000 0.15000000 0.020000000 0.060000000 0.0000000000 0.0300000000 0.000000e+00 3.000000e-02 2.000000e-02 2.000000e-02 1.000000e-02 2.000000e-02 0.000000e+00 0.000000e+00 0.000000e+00 0.000000e+00 1.000000e-02 0.000000e+00 0.000000e+00 0.000000e+00
   38    1      2      0    0      1      -1      -1   100 6.000000e-02 0.09000000 0.11000000 0.19000000 0.10000000 0.050000000 0.05000000 0.160000000 0.020000000 0.0400000000 0.0600000000 1.000000e-02 4.000000e-02 0.000000e+00 1.000000e-02 0.000000e+00 1.000000e-02 0.000000e+00 0.000000e+00 0.000000e+00 0.000000e+00 0.000000e+00 0.000000e+00 0.000000e+00 0.000000e+00
   39    1      2      0    0      1      -1      -1   100 4.000000e-02 0.20000000 0.10000000 0.05000000 0.26000000 0.050000000 0.10000000 0.040000000 0.070000000 0.0100000000 0.0400000000 0.000000e+00 1.000000e-02 1.000000e-02 0.000000e+00 0.000000e+00 0.000000e+00 0.000000e+00 0.000000e+00 0.000000e+00 1.000000e-02 0.000000e+00 0.000000e+00 0.000000e+00 1.000000e-02
   40    1      2      0    0      1      -1      -1   100 4.000000e-02 0.33000000 0.12000000 0.12000000 0.03000000 0.070000000 0.05000000 0.030000000 0.030000000 0.0200000000 0.0500000000 2.000000e-02 2.000000e-02 1.000000e-02 0.000000e+00 0.000000e+00 2.000000e-02 2.000000e-02 1.000000e-02 0.000000e+00 1.000000e-02 0.000000e+00 0.000000e+00 0.000000e+00 0.000000e+00
   41    1      2      0    0      1      -1      -1   100 4.000000e-02 0.09000000 0.33000000 0.18000000 0.08000000 0.030000000 0.08000000 0.050000000 0.010000000 0.0100000000 0.0600000000 1.000000e-02 2.000000e-02 0.000000e+00 0.000000e+00 0.000000e+00 1.000000e-02 0.000000e+00 0.000000e+00 0.000000e+00 0.000000e+00 0.000000e+00 0.000000e+00 0.000000e+00 0.000000e+00
   42    1      2      0    0      1      -1      -1   100 1.000000e-02 0.14000000 0.11000000 0.18000000 0.16000000 0.050000000 0.02000000 0.070000000 0.050000000 0.0500000000 0.0300000000 4.000000e-02 1.000000e-02 3.000000e-02 1.000000e-02 0.000000e+00 1.000000e-02 0.000000e+00 0.000000e+00 1.000000e-02 1.000000e-02 0.000000e+00 0.000000e+00 1.000000e-02 0.000000e+00
   43    1      2      0    0      1      -1      -1   100 1.100000e-01 0.23000000 0.10000000 0.10000000 0.18000000 0.060000000 0.03000000 0.020000000 0.040000000 0.0800000000 0.0000000000 3.000000e-02 0.000000e+00 0.000000e+00 1.000000e-02 0.000000e+00 0.000000e+00 1.000000e-02 0.000000e+00 0.000000e+00 0.000000e+00 0.000000e+00 0.000000e+00 0.000000e+00 0.000000e+00
   44    1      2      0    0      1      -1      -1   100 7.000000e-02 0.34000000 0.13000000 0.08000000 0.07000000 0.110000000 0.05000000 0.050000000 0.000000000 0.0300000000 0.0100000000 0.000000e+00 2.000000e-02 1.000000e-02 0.000000e+00 3.000000e-02 0.000000e+00 0.000000e+00 0.000000e+00 0.000000e+00 0.000000e+00 0.000000e+00 0.000000e+00 0.000000e+00 0.000000e+00
   45    1      2      0    0      1      -1      -1   100 2.000000e-02 0.22000000 0.20000000 0.15000000 0.12000000 0.070000000 0.10000000 0.030000000 0.010000000 0.0100000000 0.0300000000 3.000000e-02 0.000000e+00 0.000000e+00 0.000000e+00 0.000000e+00 0.000000e+00 0.000000e+00 0.000000e+00 0.000000e+00 0.000000e+00 0.000000e+00 0.000000e+00 1.000000e-02 0.000000e+00
   46    1      2      0    0      1      -1      -1   100 7.000000e-02 0.22000000 0.17000000 0.21000000 0.07000000 0.030000000 0.04000000 0.060000000 0.040000000 0.0200000000 0.0100000000 1.000000e-02 0.000000e+00 0.000000e+00 0.000000e+00 2.000000e-02 0.000000e+00 1.000000e-02 0.000000e+00 1.000000e-02 0.000000e+00 0.000000e+00 0.000000e+00 1.000000e-02 0.000000e+00
   47    1      2      0    0      1      -1      -1   100 3.000000e-02 0.28000000 0.14000000 0.10000000 0.14000000 0.100000000 0.03000000 0.030000000 0.050000000 0.0400000000 0.0100000000 0.000000e+00 1.000000e-02 2.000000e-02 0.000000e+00 0.000000e+00 0.000000e+00 1.000000e-02 0.000000e+00 0.000000e+00 0.000000e+00 0.000000e+00 0.000000e+00 0.000000e+00 1.000000e-02
   48    1      2      0    0      1      -1      -1   100 3.000000e-02 0.12000000 0.22000000 0.10000000 0.12000000 0.190000000 0.07000000 0.020000000 0.060000000 0.0300000000 0.0200000000 0.000000e+00 0.000000e+00 1.000000e-02 1.000000e-02 0.000000e+00 0.000000e+00 0.000000e+00 0.000000e+00 0.000000e+00 0.000000e+00 0.000000e+00 0.000000e+00 0.000000e+00 0.000000e+00
   49    1      2      0    0      1      -1      -1   100 5.000000e-02 0.11000000 0.14000000 0.14000000 0.13000000 0.110000000 0.14000000 0.040000000 0.010000000 0.0300000000 0.0300000000 1.000000e-02 1.000000e-02 1.000000e-02 0.000000e+00 2.000000e-02 0.000000e+00 1.000000e-02 0.000000e+00 0.000000e+00 1.000000e-02 0.000000e+00 0.000000e+00 0.000000e+00 0.000000e+00
   50    1      2      0    0      1      -1      -1   100 2.000000e-02 0.24000000 0.06000000 0.14000000 0.13000000 0.100000000 0.10000000 0.020000000 0.090000000 0.0200000000 0.0000000000 1.000000e-02 1.000000e-02 1.000000e-02 0.000000e+00 0.000000e+00 1.000000e-02 0.000000e+00 1.000000e-02 0.000000e+00 1.000000e-02 0.000000e+00 0.000000e+00 0.000000e+00 2.000000e-02
   51    1      2      0    0      1      -1      -1   100 5.000000e-02 0.28000000 0.14000000 0.09000000 0.05000000 0.080000000 0.07000000 0.030000000 0.090000000 0.0300000000 0.0000000000 2.000000e-02 4.000000e-02 0.000000e+00 0.000000e+00 0.000000e+00 1.000000e-02 0.000000e+00 0.000000e+00 0.000000e+00 1.000000e-02 0.000000e+00 0.000000e+00 1.000000e-02 0.000000e+00
   52    1      2      0    0      1      -1      -1   100 9.000000e-02 0.24000000 0.14000000 0.14000000 0.03000000 0.030000000 0.06000000 0.040000000 0.060000000 0.0600000000 0.0300000000 1.000000e-02 2.000000e-02 3.000000e-02 0.000000e+00 2.000000e-02 0.000000e+00 0.000000e+00 0.000000e+00 0.000000e+00 0.000000e+00 0.000000e+00 0.000000e+00 0.000000e+00 0.000000e+00
   53    1      2      0    0      1      -1      -1   100 3.000000e-02 0.28000000 0.19000000 0.11000000 0.12000000 0.070000000 0.04000000 0.030000000 0.030000000 0.0100000000 0.0100000000 3.000000e-02 2.000000e-02 1.000000e-02 0.000000e+00 0.000000e+00 0.000000e+00 0.000000e+00 0.000000e+00 1.000000e-02 0.000000e+00 0.000000e+00 1.000000e-02 0.000000e+00 0.000000e+00
   54    1      2      0    0      1      -1      -1   100 3.000000e-02 0.12000000 0.29000000 0.16000000 0.06000000 0.070000000 0.02000000 0.020000000 0.040000000 0.0500000000 0.0300000000 1.000000e-02 6.000000e-02 1.000000e-02 0.000000e+00 0.000000e+00 0.000000e+00 0.000000e+00 0.000000e+00 2.000000e-02 0.000000e+00 1.000000e-02 0.000000e+00 0.000000e+00 0.000000e+00
   55    1      2      0    0      1      -1      -1   100 5.000000e-02 0.26000000 0.07000000 0.29000000 0.08000000 0.080000000 0.04000000 0.030000000 0.020000000 0.0000000000 0.0000000000 3.000000e-02 0.000000e+00 1.000000e-02 0.000000e+00 0.000000e+00 3.000000e-02 0.000000e+00 0.000000e+00 0.000000e+00 0.000000e+00 0.000000e+00 0.000000e+00 1.000000e-02 0.000000e+00
   56    1      2      0    0      1      -1      -1   100 9.000000e-02 0.10000000 0.17000000 0.09000000 0.17000000 0.120000000 0.05000000 0.080000000 0.010000000 0.0000000000 0.0200000000 2.000000e-02 1.000000e-02 2.000000e-02 2.000000e-02 1.000000e-02 0.000000e+00 0.000000e+00 1.000000e-02 0.000000e+00 0.000000e+00 1.000000e-02 0.000000e+00 0.000000e+00 0.000000e+00
   57    1      2      0    0      1      -1      -1   100 6.000000e-02 0.25000000 0.16000000 0.07000000 0.09000000 0.060000000 0.06000000 0.050000000 0.040000000 0.0500000000 0.0200000000 2.000000e-02 0.000000e+00 2.000000e-02 0.000000e+00 1.000000e-02 0.000000e+00 2.000000e-02 1.000000e-02 0.000000e+00 1.000000e-02 0.000000e+00 0.000000e+00 0.000000e+00 0.000000e+00
   58    1      2      0    0      1      -1      -1   100 9.000000e-02 0.31000000 0.17000000 0.06000000 0.11000000 0.050000000 0.08000000 0.050000000 0.010000000 0.0100000000 0.0100000000 0.000000e+00 3.000000e-02 0.000000e+00 0.000000e+00 1.000000e-02 0.000000e+00 0.000000e+00 0.000000e+00 1.000000e-02 0.000000e+00 0.000000e+00 0.000000e+00 0.000000e+00 0.000000e+00
   59    1      2      0    0      1      -1      -1   100 3.000000e-02 0.26000000 0.13000000 0.14000000 0.09000000 0.070000000 0.04000000 0.060000000 0.060000000 0.0400000000 0.0100000000 1.000000e-02 0.000000e+00 0.000000e+00 2.000000e-02 0.000000e+00 4.000000e-02 0.000000e+00 0.000000e+00 0.000000e+00 0.000000e+00 0.000000e+00 0.000000e+00 0.000000e+00 0.000000e+00
   60    1      2      0    0      1      -1      -1   100 2.000000e-02 0.30000000 0.27000000 0.06000000 0.12000000 0.050000000 0.04000000 0.030000000 0.050000000 0.0300000000 0.0100000000 0.000000e+00 0.000000e+00 0.000000e+00 1.000000e-02 0.000000e+00 0.000000e+00 0.000000e+00 0.000000e+00 0.000000e+00 0.000000e+00 0.000000e+00 0.000000e+00 0.000000e+00 1.000000e-02
   61    1      2      0    0      1      -1      -1   100 1.000000e-02 0.17000000 0.21000000 0.17000000 0.13000000 0.060000000 0.03000000 0.050000000 0.020000000 0.0800000000 0.0000000000 2.000000e-02 1.000000e-02 0.000000e+00 0.000000e+00 1.000000e-02 1.000000e-02 0.000000e+00 1.000000e-02 1.000000e-02 0.000000e+00 0.000000e+00 0.000000e+00 0.000000e+00 0.000000e+00
   62    1      2      0    0      1      -1      -1   100 3.000000e-02 0.15000000 0.24000000 0.18000000 0.13000000 0.050000000 0.10000000 0.010000000 0.020000000 0.0000000000 0.0200000000 1.000000e-02 1.000000e-02 0.000000e+00 2.000000e-02 1.000000e-02 0.000000e+00 1.000000e-02 0.000000e+00 0.000000e+00 1.000000e-02 0.000000e+00 0.000000e+00 0.000000e+00 0.000000e+00
   63    1      2      0    0      1      -1      -1   100 0.000000e+00 0.22000000 0.14000000 0.15000000 0.13000000 0.100000000 0.09000000 0.060000000 0.000000000 0.0000000000 0.0000000000 2.000000e-02 2.000000e-02 1.000000e-02 0.000000e+00 0.000000e+00 1.000000e-02 1.000000e-02 0.000000e+00 2.000000e-02 1.000000e-02 0.000000e+00 0.000000e+00 0.000000e+00 1.000000e-02
   64    1      2      0    0      1      -1      -1   100 1.000000e-01 0.10000000 0.18000000 0.12000000 0.16000000 0.090000000 0.10000000 0.040000000 0.010000000 0.0100000000 0.0300000000 1.000000e-02 3.000000e-02 0.000000e+00 1.000000e-02 0.000000e+00 1.000000e-02 0.000000e+00 0.000000e+00 0.000000e+00 0.000000e+00 0.000000e+00 0.000000e+00 0.000000e+00 0.000000e+00
   65    1      2      0    0      1      -1      -1   100 6.000000e-02 0.18000000 0.13000000 0.11000000 0.09000000 0.130000000 0.09000000 0.070000000 0.020000000 0.0400000000 0.0100000000 2.000000e-02 0.000000e+00 1.000000e-02 2.000000e-02 0.000000e+00 0.000000e+00 1.000000e-02 0.000000e+00 0.000000e+00 1.000000e-02 0.000000e+00 0.000000e+00 0.000000e+00 0.000000e+00
   66    1      2      0    0      1      -1      -1   100 5.000000e-02 0.17000000 0.26000000 0.07000000 0.14000000 0.060000000 0.03000000 0.040000000 0.070000000 0.0400000000 0.0100000000 2.000000e-02 2.000000e-02 2.000000e-02 0.000000e+00 0.000000e+00 0.000000e+00 0.000000e+00 0.000000e+00 0.000000e+00 0.000000e+00 0.000000e+00 0.000000e+00 0.000000e+00 0.000000e+00
   67    1      2      0    0      1      -1      -1   100 5.000000e-02 0.40000000 0.14000000 0.16000000 0.01000000 0.040000000 0.03000000 0.050000000 0.030000000 0.0400000000 0.0200000000 0.000000e+00 0.000000e+00 0.000000e+00 0.000000e+00 0.000000e+00 1.000000e-02 0.000000e+00 1.000000e-02 0.000000e+00 0.000000e+00 0.000000e+00 1.000000e-02 0.000000e+00 0.000000e+00
   68    1      2      0    0      1      -1      -1   100 0.000000e+00 0.11000000 0.42000000 0.14000000 0.09000000 0.030000000 0.06000000 0.020000000 0.040000000 0.0100000000 0.0200000000 3.000000e-02 0.000000e+00 0.000000e+00 0.000000e+00 0.000000e+00 1.000000e-02 0.000000e+00 0.000000e+00 1.000000e-02 0.000000e+00 1.000000e-02 0.000000e+00 0.000000e+00 0.000000e+00
   69    1      2      0    0      1      -1      -1   100 2.000000e-02 0.14000000 0.20000000 0.31000000 0.10000000 0.050000000 0.01000000 0.000000000 0.050000000 0.0300000000 0.0200000000 2.000000e-02 2.000000e-02 1.000000e-02 0.000000e+00 0.000000e+00 0.000000e+00 0.000000e+00 0.000000e+00 1.000000e-02 0.000000e+00 0.000000e+00 1.000000e-02 0.000000e+00 0.000000e+00
   70    1      2      0    0      1      -1      -1   100 4.000000e-02 0.13000000 0.10000000 0.11000000 0.27000000 0.060000000 0.08000000 0.010000000 0.060000000 0.0300000000 0.0400000000 2.000000e-02 0.000000e+00 0.000000e+00 1.000000e-02 0.000000e+00 0.000000e+00 0.000000e+00 1.000000e-02 0.000000e+00 0.000000e+00 0.000000e+00 0.000000e+00 1.000000e-02 2.000000e-02
   71    1      2      0    0      1      -1      -1   100 6.000000e-02 0.14000000 0.13000000 0.06000000 0.14000000 0.230000000 0.07000000 0.020000000 0.010000000 0.0500000000 0.0300000000 3.000000e-02 0.000000e+00 2.000000e-02 0.000000e+00 0.000000e+00 0.000000e+00 0.000000e+00 0.000000e+00 0.000000e+00 1.000000e-02 0.000000e+00 0.000000e+00 0.000000e+00 0.000000e+00
   72    1      2      0    0      1      -1      -1   100 3.000000e-02 0.26000000 0.21000000 0.06000000 0.07000000 0.060000000 0.13000000 0.020000000 0.090000000 0.0100000000 0.0200000000 1.000000e-02 0.000000e+00 0.000000e+00 2.000000e-02 0.000000e+00 0.000000e+00 0.000000e+00 0.000000e+00 0.000000e+00 0.000000e+00 1.000000e-02 0.000000e+00 0.000000e+00 0.000000e+00
   73    1      2      0    0      1      -1      -1   100 5.000000e-02 0.18000000 0.24000000 0.10000000 0.07000000 0.010000000 0.08000000 0.110000000 0.040000000 0.0300000000 0.0100000000 1.000000e-02 2.000000e-02 0.000000e+00 1.000000e-02 2.000000e-02 0.000000e+00 2.000000e-02 0.000000e+00 0.000000e+00 0.000000e+00 0.000000e+00 0.000000e+00 0.000000e+00 0.000000e+00
   74    1      2      0    0      1      -1      -1   100 4.000000e-02 0.23000000 0.12000000 0.14000000 0.09000000 0.060000000 0.02000000 0.040000000 0.120000000 0.0200000000 0.0200000000 0.000000e+00 2.000000e-02 1.000000e-02 3.000000e-02 1.000000e-02 0.000000e+00 0.000000e+00 0.000000e+00 2.000000e-02 1.000000e-02 0.000000e+00 0.000000e+00 0.000000e+00 0.000000e+00
   75    1      2      0    0      1      -1      -1   100 4.000000e-02 0.19000000 0.20000000 0.12000000 0.15000000 0.090000000 0.06000000 0.000000000 0.010000000 0.0500000000 0.0300000000 1.000000e-02 0.000000e+00 1.000000e-02 0.000000e+00 2.000000e-02 1.000000e-02 1.000000e-02 0.000000e+00 0.000000e+00 0.000000e+00 0.000000e+00 0.000000e+00 0.000000e+00 0.000000e+00
   76    1      2      0    0      1      -1      -1   100 2.000000e-02 0.22000000 0.09000000 0.18000000 0.12000000 0.060000000 0.09000000 0.050000000 0.000000000 0.0300000000 0.0400000000 2.000000e-02 2.000000e-02 1.000000e-02 2.000000e-02 0.000000e+00 1.000000e-02 1.000000e-02 0.000000e+00 0.000000e+00 0.000000e+00 0.000000e+00 0.000000e+00 1.000000e-02 0.000000e+00
   77    1      2      0    0      1      -1      -1   100 3.000000e-02 0.26000000 0.11000000 0.17000000 0.08000000 0.060000000 0.06000000 0.080000000 0.010000000 0.0300000000 0.0200000000 5.000000e-02 0.000000e+00 1.000000e-02 0.000000e+00 1.000000e-02 1.000000e-02 0.000000e+00 0.000000e+00 0.000000e+00 0.000000e+00 0.000000e+00 0.000000e+00 0.000000e+00 1.000000e-02
   78    1      2      0    0      1      -1      -1   100 4.000000e-02 0.41000000 0.09000000 0.12000000 0.07000000 0.060000000 0.06000000 0.060000000 0.010000000 0.0200000000 0.0200000000 1.000000e-02 2.000000e-02 0.000000e+00 0.000000e+00 0.000000e+00 0.000000e+00 0.000000e+00 0.000000e+00 0.000000e+00 0.000000e+00 0.000000e+00 0.000000e+00 0.000000e+00 1.000000e-02
   79    1      2      0    0      1      -1      -1   100 4.000000e-02 0.24000000 0.26000000 0.09000000 0.09000000 0.050000000 0.05000000 0.030000000 0.030000000 0.0100000000 0.0300000000 0.000000e+00 1.000000e-02 3.000000e-02 2.000000e-02 1.000000e-02 0.000000e+00 0.000000e+00 0.000000e+00 1.000000e-02 0.000000e+00 0.000000e+00 0.000000e+00 0.000000e+00 0.000000e+00
   80    1      2      0    0      1      -1      -1   100 3.000000e-02 0.11000000 0.29000000 0.24000000 0.09000000 0.030000000 0.08000000 0.030000000 0.010000000 0.0200000000 0.0000000000 2.000000e-02 1.000000e-02 1.000000e-02 2.000000e-02 0.000000e+00 1.000000e-02 0.000000e+00 0.000000e+00 0.000000e+00 0.000000e+00 0.000000e+00 0.000000e+00 0.000000e+00 0.000000e+00
   81    1      2      0    0      1      -1      -1   100 2.000000e-02 0.15000000 0.18000000 0.20000000 0.19000000 0.050000000 0.03000000 0.060000000 0.020000000 0.0200000000 0.0400000000 0.000000e+00 0.000000e+00 0.000000e+00 2.000000e-02 1.000000e-02 0.000000e+00 0.000000e+00 0.000000e+00 1.000000e-02 0.000000e+00 0.000000e+00 0.000000e+00 0.000000e+00 0.000000e+00
   82    1      2      0    0      1      -1      -1   100 1.000000e-02 0.15000000 0.13000000 0.09000000 0.17000000 0.200000000 0.07000000 0.050000000 0.020000000 0.0200000000 0.0100000000 5.000000e-02 1.000000e-02 2.000000e-02 0.000000e+00 0.000000e+00 0.000000e+00 0.000000e+00 0.000000e+00 0.000000e+00 0.000000e+00 0.000000e+00 0.000000e+00 0.000000e+00 0.000000e+00
   83    1      2      0    0      1      -1      -1   100 9.000000e-02 0.09000000 0.13000000 0.07000000 0.18000000 0.100000000 0.14000000 0.050000000 0.040000000 0.0400000000 0.0100000000 1.000000e-02 0.000000e+00 0.000000e+00 1.000000e-02 0.000000e+00 1.000000e-02 0.000000e+00 1.000000e-02 0.000000e+00 0.000000e+00 1.000000e-02 0.000000e+00 0.000000e+00 1.000000e-02
   84    1      2      0    0      1      -1      -1   100 5.000000e-02 0.18000000 0.11000000 0.12000000 0.10000000 0.080000000 0.10000000 0.150000000 0.020000000 0.0300000000 0.0200000000 2.000000e-02 0.000000e+00 1.000000e-02 0.000000e+00 0.000000e+00 0.000000e+00 0.000000e+00 0.000000e+00 0.000000e+00 0.000000e+00 0.000000e+00 0.000000e+00 0.000000e+00 1.000000e-02
   85    1      2      0    0      1      -1      -1   100 8.000000e-02 0.17000000 0.19000000 0.01000000 0.10000000 0.090000000 0.08000000 0.070000000 0.080000000 0.0100000000 0.0400000000 2.000000e-02 3.000000e-02 0.000000e+00 1.000000e-02 0.000000e+00 0.000000e+00 0.000000e+00 0.000000e+00 2.000000e-02 0.000000e+00 0.000000e+00 0.000000e+00 0.000000e+00 0.000000e+00
   86    1      2      0    0      1      -1      -1   100 5.000000e-02 0.32000000 0.16000000 0.08000000 0.04000000 0.110000000 0.02000000 0.020000000 0.040000000 0.0500000000 0.0000000000 1.000000e-02 5.000000e-02 1.000000e-02 1.000000e-02 0.000000e+00 0.000000e+00 0.000000e+00 0.000000e+00 0.000000e+00 2.000000e-02 0.000000e+00 0.000000e+00 0.000000e+00 1.000000e-02
   87    1      2      0    0      1      -1      -1   100 4.000000e-02 0.24000000 0.26000000 0.06000000 0.12000000 0.070000000 0.06000000 0.020000000 0.020000000 0.0400000000 0.0200000000 0.000000e+00 1.000000e-02 1.000000e-02 1.000000e-02 1.000000e-02 1.000000e-02 0.000000e+00 0.000000e+00 0.000000e+00 0.000000e+00 0.000000e+00 0.000000e+00 0.000000e+00 0.000000e+00
   88    1      2      0    0      1      -1      -1   100 4.000000e-02 0.23000000 0.24000000 0.12000000 0.12000000 0.030000000 0.02000000 0.020000000 0.040000000 0.0200000000 0.0400000000 3.000000e-02 0.000000e+00 0.000000e+00 0.000000e+00 0.000000e+00 1.000000e-02 2.000000e-02 1.000000e-02 0.000000e+00 0.000000e+00 1.000000e-02 0.000000e+00 0.000000e+00 0.000000e+00
   89    1      2      0    0      1      -1      -1   100 1.000000e-02 0.09000000 0.32000000 0.25000000 0.08000000 0.080000000 0.06000000 0.010000000 0.030000000 0.0200000000 0.0200000000 1.000000e-02 1.000000e-02 0.000000e+00 1.000000e-02 0.000000e+00 0.000000e+00 0.000000e+00 0.000000e+00 0.000000e+00 0.000000e+00 0.000000e+00 0.000000e+00 0.000000e+00 0.000000e+00
   90    1      2      0    0      1      -1      -1   100 6.000000e-02 0.16000000 0.10000000 0.17000000 0.12000000 0.160000000 0.03000000 0.070000000 0.010000000 0.0200000000 0.0100000000 2.000000e-02 3.000000e-02 3.000000e-02 0.000000e+00 0.000000e+00 0.000000e+00 0.000000e+00 0.000000e+00 0.000000e+00 1.000000e-02 0.000000e+00 0.000000e+00 0.000000e+00 0.000000e+00
   91    1      2      0    0      1      -1      -1   100 5.000000e-02 0.29000000 0.06000000 0.11000000 0.10000000 0.160000000 0.08000000 0.030000000 0.010000000 0.0100000000 0.0000000000 1.000000e-02 3.000000e-02 2.000000e-02 3.000000e-02 0.000000e+00 0.000000e+00 0.000000e+00 0.000000e+00 0.000000e+00 0.000000e+00 0.000000e+00 0.000000e+00 0.000000e+00 1.000000e-02
   92    1      2      0    0      1      -1      -1   100 5.000000e-02 0.09000000 0.26000000 0.07000000 0.10000000 0.120000000 0.11000000 0.070000000 0.060000000 0.0100000000 0.0200000000 1.000000e-02 0.000000e+00 1.000000e-02 1.000000e-02 0.000000e+00 0.000000e+00 0.000000e+00 1.000000e-02 0.000000e+00 0.000000e+00 0.000000e+00 0.000000e+00 0.000000e+00 0.000000e+00
   93    1      2      0    0      1      -1      -1   100 4.000000e-02 0.15000000 0.11000000 0.22000000 0.05000000 0.050000000 0.06000000 0.100000000 0.100000000 0.0400000000 0.0100000000 0.000000e+00 1.000000e-02 2.000000e-02 0.000000e+00 1.000000e-02 2.000000e-02 0.000000e+00 0.000000e+00 0.000000e+00 0.000000e+00 0.000000e+00 0.000000e+00 1.000000e-02 0.000000e+00
   94    1      2      0    0      1      -1      -1   100 7.000000e-02 0.18000000 0.17000000 0.06000000 0.18000000 0.070000000 0.07000000 0.040000000 0.030000000 0.0400000000 0.0100000000 1.000000e-02 0.000000e+00 0.000000e+00 0.000000e+00 3.000000e-02 0.000000e+00 0.000000e+00 3.000000e-02 0.000000e+00 0.000000e+00 0.000000e+00 1.000000e-02 0.000000e+00 0.000000e+00
   95    1      2      0    0      1      -1      -1   100 0.000000e+00 0.30000000 0.15000000 0.21000000 0.08000000 0.090000000 0.02000000 0.030000000 0.030000000 0.0100000000 0.0400000000 1.000000e-02 0.000000e+00 0.000000e+00 2.000000e-02 0.000000e+00 0.000000e+00 0.000000e+00 0.000000e+00 0.000000e+00 0.000000e+00 0.000000e+00 0.000000e+00 0.000000e+00 1.000000e-02
   96    1      2      0    0      1      -1      -1   100 6.000000e-02 0.09000000 0.20000000 0.13000000 0.13000000 0.050000000 0.12000000 0.030000000 0.020000000 0.0500000000 0.0300000000 5.000000e-02 1.000000e-02 1.000000e-02 0.000000e+00 1.000000e-02 0.000000e+00 1.000000e-02 0.000000e+00 0.000000e+00 0.000000e+00 0.000000e+00 0.000000e+00 0.000000e+00 0.000000e+00
   97    1      2      0    0      1      -1      -1   100 7.000000e-02 0.24000000 0.08000000 0.24000000 0.06000000 0.060000000 0.04000000 0.080000000 0.010000000 0.0300000000 0.0200000000 0.000000e+00 2.000000e-02 1.000000e-02 0.000000e+00 0.000000e+00 1.000000e-02 0.000000e+00 1.000000e-02 1.000000e-02 0.000000e+00 1.000000e-02 0.000000e+00 0.000000e+00 0.000000e+00
   98    1      2      0    0      1      -1      -1   100 1.100000e-01 0.19000000 0.09000000 0.08000000 0.07000000 0.070000000 0.08000000 0.050000000 0.080000000 0.0500000000 0.0000000000 6.000000e-02 3.000000e-02 0.000000e+00 0.000000e+00 0.000000e+00 0.000000e+00 0.000000e+00 0.000000e+00 1.000000e-02 2.000000e-02 0.000000e+00 0.000000e+00 0.000000e+00 1.000000e-02
   99    1      2      0    0      1      -1      -1   100 8.000000e-02 0.17000000 0.12000000 0.16000000 0.07000000 0.150000000 0.07000000 0.020000000 0.010000000 0.0200000000 0.0200000000 2.000000e-02 1.000000e-02 2.000000e-02 1.000000e-02 2.000000e-02 1.000000e-02 1.000000e-02 0.000000e+00 0.000000e+00 0.000000e+00 0.000000e+00 1.000000e-02 0.000000e+00 0.000000e+00
  100    1      2      0    0      1      -1      -1   100 3.000000e-02 0.27000000 0.15000000 0.15000000 0.10000000 0.040000000 0.07000000 0.020000000 0.000000000 0.0200000000 0.0400000000 1.000000e-02 1.000000e-02 3.000000e-02 1.000000e-02 2.000000e-02 1.000000e-02 0.000000e+00 0.000000e+00 0.000000e+00 0.000000e+00 0.000000e+00 1.000000e-02 0.000000e+00 1.000000e-02
0 #_N_MeanSize_at_Age_obs
0 #_N_environ_variables
0 #_N_environ_obs
0 #_N_sizefreq_methods
0 #_do_tags
0 #_morphcomp_data
#
999
