#C data file created using the SS_writedat function in the R package r4ss
#C should work with SS version: 
#C file write time: 2014-11-06 00:33:22
#
1 #_styr
100 #_endyr
1 #_nseas
12 #_months_per_seas
1 #_spawn_seas
1 #_Nfleet
2 #_Nsurveys
1 #_N_areas
Fishery%Survey%CPUE #_fleetnames
0.5 0.5 0.5 #_surveytiming_in_season
1 1 1 #_area_assignments_for_each_fishery_and_survey
1 #_units of catch:  1=bio; 2=num
0.01 #_se of log(catch) only used for init_eq_catch and for Fmethod 2 and 3
1 #_Ngenders
25 #_Nages
0 #_init_equil_catch_for_each_fishery
100 #_N_lines_of_catch_to_read
 #_Fishery year seas
         0    1    1
         0    2    1
         0    3    1
         0    4    1
         0    5    1
         0    6    1
         0    7    1
         0    8    1
         0    9    1
         0   10    1
         0   11    1
         0   12    1
         0   13    1
         0   14    1
         0   15    1
         0   16    1
         0   17    1
         0   18    1
         0   19    1
         0   20    1
         0   21    1
         0   22    1
         0   23    1
         0   24    1
         0   25    1
 283740000   26    1
 272467000   27    1
 258026000   28    1
 242231000   29    1
 226863000   30    1
 208560000   31    1
 189496000   32    1
 174228000   33    1
 161676000   34    1
 152209000   35    1
 148507000   36    1
 146299000   37    1
 147657000   38    1
 148890000   39    1
 147020000   40    1
 147505000   41    1
 150420000   42    1
 150841000   43    1
 152610000   44    1
 151707000   45    1
 148457000   46    1
 145341000   47    1
 143674000   48    1
 142372000   49    1
 140743000   50    1
 139657000   51    1
 137426000   52    1
 134857000   53    1
 135150000   54    1
 139321000   55    1
 140751000   56    1
 138740000   57    1
 135880000   58    1
 133189000   59    1
 135040000   60    1
 138790000   61    1
 141714000   62    1
 143800000   63    1
 145747000   64    1
 142837000   65    1
 141271000   66    1
 144475000   67    1
 147695000   68    1
 149689000   69    1
 150507000   70    1
 149739000   71    1
 149279000   72    1
 147471000   73    1
 146604000   74    1
 144916000   75    1
 142568000   76    1
 146053000   77    1
 151101000   78    1
 154357000   79    1
 158119000   80    1
 159704000   81    1
 159051000   82    1
 157538000   83    1
 156246000   84    1
 155093000   85    1
 156344000   86    1
 155361000   87    1
 152938000   88    1
 149333000   89    1
 146830000   90    1
 142193000   91    1
 137348000   92    1
 133202000   93    1
 130055000   94    1
 126235000   95    1
 124320000   96    1
 123167000   97    1
 122229000   98    1
 123441000   99    1
 124184000  100    1
13 #_N_cpue
 #_Fleet Units Errtype
       1     1       0
       2     1       0
       3     1       0
 #_year seas index        obs se_log
     76    1     2 2046388386    0.2
     78    1     2 2101776349    0.2
     80    1     2 2109210606    0.2
     82    1     2 2459359740    0.2
     84    1     2 2950824065    0.2
     86    1     2 1664536875    0.2
     88    1     2 1855751602    0.2
     90    1     2 1692074539    0.2
     92    1     2 2701997735    0.2
     94    1     2 1616489949    0.2
     96    1     2 1744174501    0.2
     98    1     2 2195507623    0.2
    100    1     2 1156869399    0.2
0 #_N_discard_fleets
#_discard_units (1=same_as_catchunits(bio/num); 2=fraction; 3=numbers)
#_discard_errtype:  >0 for DF of T-dist(read CV below); 0 for normal with CV; -1 for normal with se; -2 for lognormal
0 #_N_discard
0 #_N_meanbodywt
1 #_DF_for_meanbodywt_T-distribution_like
2 # length bin method: 1=use databins; 2=generate from binwidth,min,max below; 3=read vector
1 # binwidth for population size comp
10 # minimum size in the population (lower edge of first bin and size at age 0.00)
200 # maximum size in the population (lower edge of last bin)
-0.001 #_comp_tail_compression
1e-05 #_add_to_comp
0 #_combine males into females at or below this bin number
21 #_N_lbins
#_lbin_vector
10 53 70 83 94 101 107 111 114 117 120 123 125 127 130 132 135 138 142 148 200
0 #_N_Length_comp_observations
25 #_N_agebins
#_agebin_vector
1 2 3 4 5 6 7 8 9 10 11 12 13 14 15 16 17 18 19 20 21 22 23 24 25
1 #_N_ageerror_definitions
 #_age0   age1   age2   age3   age4   age5   age6   age7   age8   age9  age10  age11  age12  age13  age14  age15  age16  age17  age18  age19  age20  age21  age22  age23  age24  age25
 -1.000 -1.000 -1.000 -1.000 -1.000 -1.000 -1.000 -1.000 -1.000 -1.000 -1.000 -1.000 -1.000 -1.000 -1.000 -1.000 -1.000 -1.000 -1.000 -1.000 -1.000 -1.000 -1.000 -1.000 -1.000 -1.000
  0.001  0.001  0.001  0.001  0.001  0.001  0.001  0.001  0.001  0.001  0.001  0.001  0.001  0.001  0.001  0.001  0.001  0.001  0.001  0.001  0.001  0.001  0.001  0.001  0.001  0.001
34 #_N_agecomp
1 #_Lbin_method: 1=poplenbins; 2=datalenbins; 3=lengths
-1 #_combine males into females at or below this bin number
 #_Yr Seas FltSvy Gender Part Ageerr Lbin_lo Lbin_hi Nsamp         a1         a2         a3         a4         a5         a6         a7         a8         a9        a10        a11         a12         a13         a14         a15         a16         a17          a18          a19          a20          a21          a22          a23          a24          a25
   50    1      1      0    0      1      -1      -1   500 0.01507282 0.17350397 0.16178425 0.19197420 0.12206088 0.06533551 0.05868413 0.06024044 0.04535958 0.01734070 0.03743429 0.013149749 0.004414649 0.003397514 0.005287217 0.008347638 0.004467340 0.0018605388 0.0020651352 2.745548e-04 4.057232e-04 1.996468e-03 1.151239e-03 1.079698e-07 4.391346e-03
   60    1      1      0    0      1      -1      -1   500 0.01781666 0.19101015 0.25047124 0.05639797 0.10761388 0.04863003 0.08895929 0.08106727 0.04099729 0.03073497 0.01655574 0.021629467 0.004954117 0.007369479 0.002699417 0.004039252 0.000634240 0.0032264599 0.0099358050 1.414190e-05 7.942630e-03 2.340466e-03 6.650348e-05 6.038372e-05 4.833167e-03
   70    1      1      0    0      1      -1      -1   500 0.02066909 0.10419628 0.21122743 0.12559244 0.17030673 0.11850273 0.04382275 0.02410281 0.04526259 0.02410925 0.03533592 0.014347477 0.017391343 0.003927116 0.003720510 0.001120833 0.011227879 0.0092774792 0.0093443125 2.423592e-05 1.397772e-03 3.014712e-04 5.357072e-05 1.794903e-03 2.943068e-03
   75    1      1      0    0      1      -1      -1   500 0.03303395 0.06580824 0.25678811 0.17049727 0.08566548 0.08954204 0.05808131 0.04561280 0.02669754 0.03508165 0.04662924 0.017691368 0.008832701 0.013276307 0.003255485 0.011137771 0.006057434 0.0055387068 0.0052449113 3.791252e-03 2.941244e-08 6.518958e-03 3.969314e-03 6.038895e-05 1.187757e-03
   76    1      1      0    0      1      -1      -1   500 0.02767335 0.22379053 0.09562827 0.20307117 0.10423452 0.06855470 0.07138849 0.02624849 0.02614272 0.03540423 0.04348015 0.026984571 0.009146806 0.005609519 0.014443973 0.001537827 0.005018875 0.0026402648 0.0040445599 5.280415e-04 6.582925e-04 5.193846e-04 1.376902e-03 1.850009e-03 2.436461e-05
   79    1      1      0    0      1      -1      -1   500 0.01950243 0.19964327 0.15908198 0.22806971 0.12837164 0.02750772 0.06383037 0.04835651 0.02662846 0.02323335 0.02387796 0.018564087 0.005352386 0.009020161 0.004042760 0.003212741 0.001295634 0.0092481029 0.0002035101 8.181277e-05 2.474694e-04 1.269438e-05 8.024445e-05 2.858850e-09 5.349789e-04
   82    1      1      0    0      1      -1      -1   500 0.02170836 0.10041494 0.15522014 0.15920173 0.16761059 0.07670106 0.09970305 0.07335744 0.02085936 0.02928140 0.02313258 0.019878058 0.016700759 0.006260899 0.004146422 0.004211677 0.004917019 0.0054930672 0.0018503272 2.073761e-03 2.425856e-03 1.079362e-05 8.907358e-04 1.220301e-03 2.729676e-03
   85    1      1      0    0      1      -1      -1   500 0.00813434 0.26009704 0.11613869 0.17595669 0.09327725 0.06544347 0.06864636 0.05394578 0.03098173 0.04213390 0.02988351 0.012966756 0.013797792 0.004358527 0.003935017 0.008851136 0.001614177 0.0007807220 0.0006552200 3.866592e-04 2.538524e-03 1.283889e-03 7.956726e-04 7.339880e-05 3.323748e-03
   88    1      1      0    0      1      -1      -1   500 0.02731863 0.07290792 0.20497624 0.12710747 0.21022034 0.06919212 0.07446360 0.03910468 0.02534350 0.04133786 0.03888405 0.013680833 0.014561436 0.011884426 0.007931432 0.003415304 0.001101071 0.0055954277 0.0043383740 4.333804e-05 1.981656e-03 1.899310e-03 9.541504e-04 1.327923e-03 4.289043e-04
   89    1      1      0    0      1      -1      -1   500 0.01062129 0.19697738 0.08895531 0.16041090 0.08340818 0.17180110 0.05518577 0.07338842 0.03240053 0.01645665 0.02695906 0.028960520 0.008480842 0.016454781 0.009700784 0.002702723 0.007553816 0.0010002868 0.0015275158 1.051444e-03 3.769027e-06 1.848648e-04 4.783294e-05 8.147692e-04 4.951474e-03
   91    1      1      0    0      1      -1      -1   500 0.01698881 0.13985111 0.15100611 0.22126089 0.07034348 0.08452588 0.04685563 0.10479753 0.02924876 0.04099917 0.01317092 0.020300959 0.010297257 0.011478189 0.010740681 0.012324488 0.009656548 0.0001967510 0.0030626940 1.179068e-03 3.334111e-04 2.296505e-05 5.458032e-04 2.200598e-04 5.928177e-04
   93    1      1      0    0      1      -1      -1   500 0.01862540 0.15646678 0.16552361 0.10748663 0.09578672 0.12090396 0.03851055 0.06497296 0.04286199 0.05337098 0.02630920 0.024358970 0.007291717 0.003641950 0.021605035 0.016266764 0.001920237 0.0137492558 0.0045796839 3.808277e-04 2.452439e-03 4.786207e-03 1.168523e-03 3.200732e-03 3.778864e-03
   95    1      1      0    0      1      -1      -1   500 0.02044397 0.13033373 0.15429378 0.24775135 0.08464700 0.09274455 0.04428430 0.07353793 0.01628704 0.02796978 0.02346315 0.030026497 0.006829041 0.014063917 0.004920775 0.004946333 0.003443121 0.0064171741 0.0002621123 6.274088e-03 2.171814e-03 1.402265e-03 1.536757e-03 1.484442e-04 1.801104e-03
   97    1      1      0    0      1      -1      -1   500 0.02577979 0.06883702 0.28450098 0.12024794 0.10360992 0.11066131 0.06211324 0.04714187 0.02566246 0.03779467 0.01300892 0.013579886 0.019630705 0.015575369 0.001973046 0.021281527 0.005942706 0.0014162633 0.0029811847 7.808931e-03 2.797128e-03 2.605716e-03 1.375174e-03 1.753416e-04 3.498910e-03
   98    1      1      0    0      1      -1      -1   500 0.01903478 0.26580908 0.07947228 0.18396043 0.09888115 0.07886817 0.08757521 0.04634698 0.02703641 0.01962985 0.02668200 0.011476078 0.012964425 0.003873591 0.012378234 0.001445161 0.009338898 0.0003424689 0.0030750902 5.670002e-04 2.397443e-03 2.221802e-04 2.508473e-04 6.659889e-04 7.706246e-03
   99    1      1      0    0      1      -1      -1   500 0.01941537 0.10223752 0.31441219 0.07071170 0.14365911 0.09646825 0.05332597 0.05746900 0.02342591 0.02404237 0.01489472 0.022402655 0.011102413 0.005034855 0.009060949 0.008491528 0.001580762 0.0056918915 0.0011228897 3.194965e-03 6.500800e-03 1.840317e-03 6.249523e-05 3.234481e-03 6.169094e-04
  100    1      1      0    0      1      -1      -1   500 0.01044758 0.22473417 0.11238224 0.23148944 0.06969257 0.10522905 0.05439290 0.02698497 0.04688894 0.01879304 0.02052240 0.007913436 0.016613893 0.005830575 0.013389196 0.006759018 0.009339982 0.0027552419 0.0036727829 5.323857e-04 8.327839e-03 1.029339e-04 1.488030e-04 2.515557e-05 3.031467e-03
   50    1      2      0    0      1      -1      -1   500 0.05000000 0.20000000 0.15600000 0.16200000 0.11000000 0.07800000 0.04600000 0.03800000 0.03800000 0.02200000 0.03800000 0.016000000 0.004000000 0.008000000 0.010000000 0.010000000 0.010000000 0.0000000000 0.0000000000 0.000000e+00 0.000000e+00 0.000000e+00 0.000000e+00 0.000000e+00 4.000000e-03
   60    1      2      0    0      1      -1      -1   500 0.06000000 0.24000000 0.26600000 0.05000000 0.07200000 0.03600000 0.06000000 0.06800000 0.04400000 0.02400000 0.01200000 0.020000000 0.008000000 0.016000000 0.008000000 0.004000000 0.000000000 0.0040000000 0.0040000000 0.000000e+00 0.000000e+00 0.000000e+00 0.000000e+00 4.000000e-03 0.000000e+00
   70    1      2      0    0      1      -1      -1   500 0.06000000 0.12200000 0.19600000 0.12800000 0.14800000 0.12600000 0.02800000 0.03000000 0.05200000 0.02600000 0.02800000 0.012000000 0.016000000 0.006000000 0.006000000 0.000000000 0.000000000 0.0020000000 0.0060000000 2.000000e-03 0.000000e+00 4.000000e-03 0.000000e+00 0.000000e+00 2.000000e-03
   75    1      2      0    0      1      -1      -1   500 0.05800000 0.07600000 0.22400000 0.16800000 0.09600000 0.11200000 0.05400000 0.05200000 0.03800000 0.03600000 0.03200000 0.012000000 0.008000000 0.012000000 0.004000000 0.008000000 0.002000000 0.0020000000 0.0000000000 2.000000e-03 0.000000e+00 0.000000e+00 2.000000e-03 0.000000e+00 2.000000e-03
   76    1      2      0    0      1      -1      -1   500 0.07200000 0.24600000 0.07000000 0.13800000 0.12000000 0.08400000 0.06600000 0.04600000 0.03200000 0.03200000 0.02800000 0.026000000 0.020000000 0.004000000 0.008000000 0.004000000 0.000000000 0.0000000000 0.0020000000 0.000000e+00 0.000000e+00 0.000000e+00 0.000000e+00 0.000000e+00 2.000000e-03
   79    1      2      0    0      1      -1      -1   500 0.03800000 0.22800000 0.12000000 0.24200000 0.11400000 0.02600000 0.05200000 0.05800000 0.03000000 0.02800000 0.01400000 0.016000000 0.008000000 0.006000000 0.012000000 0.002000000 0.000000000 0.0020000000 0.0000000000 2.000000e-03 2.000000e-03 0.000000e+00 0.000000e+00 0.000000e+00 0.000000e+00
   82    1      2      0    0      1      -1      -1   500 0.05600000 0.14600000 0.16200000 0.15600000 0.13200000 0.07000000 0.09600000 0.05600000 0.01800000 0.02400000 0.01600000 0.016000000 0.018000000 0.006000000 0.008000000 0.006000000 0.008000000 0.0000000000 0.0020000000 0.000000e+00 2.000000e-03 0.000000e+00 0.000000e+00 0.000000e+00 2.000000e-03
   85    1      2      0    0      1      -1      -1   500 0.04400000 0.27600000 0.12800000 0.14600000 0.07800000 0.08400000 0.04800000 0.04400000 0.02400000 0.04400000 0.03200000 0.010000000 0.014000000 0.004000000 0.004000000 0.008000000 0.000000000 0.0040000000 0.0040000000 2.000000e-03 2.000000e-03 0.000000e+00 0.000000e+00 0.000000e+00 0.000000e+00
   88    1      2      0    0      1      -1      -1   500 0.05400000 0.12000000 0.20200000 0.08600000 0.17200000 0.05400000 0.10200000 0.03200000 0.03800000 0.03600000 0.03600000 0.010000000 0.020000000 0.010000000 0.004000000 0.006000000 0.008000000 0.0000000000 0.0060000000 2.000000e-03 0.000000e+00 2.000000e-03 0.000000e+00 0.000000e+00 0.000000e+00
   89    1      2      0    0      1      -1      -1   500 0.02600000 0.25000000 0.08800000 0.16600000 0.07800000 0.15200000 0.03400000 0.06200000 0.02200000 0.02600000 0.03000000 0.016000000 0.004000000 0.018000000 0.006000000 0.002000000 0.006000000 0.0020000000 0.0020000000 2.000000e-03 4.000000e-03 0.000000e+00 2.000000e-03 2.000000e-03 0.000000e+00
   91    1      2      0    0      1      -1      -1   500 0.03200000 0.15800000 0.12000000 0.19200000 0.06600000 0.12000000 0.08400000 0.05800000 0.03400000 0.03600000 0.01000000 0.022000000 0.010000000 0.010000000 0.008000000 0.012000000 0.004000000 0.0020000000 0.0100000000 0.000000e+00 4.000000e-03 4.000000e-03 2.000000e-03 0.000000e+00 2.000000e-03
   93    1      2      0    0      1      -1      -1   500 0.02200000 0.24200000 0.12800000 0.11800000 0.06200000 0.15200000 0.04200000 0.05200000 0.03000000 0.06800000 0.00800000 0.022000000 0.006000000 0.006000000 0.012000000 0.006000000 0.004000000 0.0040000000 0.0060000000 0.000000e+00 0.000000e+00 0.000000e+00 2.000000e-03 2.000000e-03 6.000000e-03
   95    1      2      0    0      1      -1      -1   500 0.05000000 0.19000000 0.14200000 0.17800000 0.08000000 0.06000000 0.05200000 0.07800000 0.02000000 0.04200000 0.03000000 0.032000000 0.012000000 0.004000000 0.006000000 0.004000000 0.006000000 0.0080000000 0.0000000000 6.000000e-03 0.000000e+00 0.000000e+00 0.000000e+00 0.000000e+00 0.000000e+00
   97    1      2      0    0      1      -1      -1   500 0.06800000 0.09800000 0.26600000 0.12600000 0.07200000 0.10600000 0.05600000 0.04400000 0.02600000 0.03400000 0.01600000 0.024000000 0.022000000 0.014000000 0.008000000 0.000000000 0.000000000 0.0020000000 0.0020000000 1.000000e-02 4.000000e-03 2.000000e-03 0.000000e+00 0.000000e+00 0.000000e+00
   98    1      2      0    0      1      -1      -1   500 0.02800000 0.27600000 0.09200000 0.20200000 0.10800000 0.06000000 0.05400000 0.05000000 0.03600000 0.01600000 0.02400000 0.014000000 0.006000000 0.008000000 0.006000000 0.002000000 0.002000000 0.0000000000 0.0000000000 8.000000e-03 4.000000e-03 2.000000e-03 2.000000e-03 0.000000e+00 0.000000e+00
   99    1      2      0    0      1      -1      -1   500 0.05000000 0.11400000 0.30400000 0.07000000 0.15800000 0.05800000 0.05600000 0.03800000 0.03200000 0.01800000 0.01600000 0.030000000 0.008000000 0.010000000 0.006000000 0.010000000 0.006000000 0.0060000000 0.0060000000 0.000000e+00 0.000000e+00 2.000000e-03 0.000000e+00 0.000000e+00 2.000000e-03
  100    1      2      0    0      1      -1      -1   500 0.02600000 0.25200000 0.10200000 0.21800000 0.06000000 0.08400000 0.07000000 0.04200000 0.05600000 0.01600000 0.01800000 0.006000000 0.020000000 0.002000000 0.008000000 0.002000000 0.010000000 0.0000000000 0.0000000000 2.000000e-03 0.000000e+00 2.000000e-03 0.000000e+00 2.000000e-03 2.000000e-03
0 #_N_MeanSize_at_Age_obs
0 #_N_environ_variables
0 #_N_environ_obs
0 #_N_sizefreq_methods
0 #_do_tags
0 #_morphcomp_data
#
999
