#C data file created using the SS_writedat function in the R package r4ss
#C should work with SS version: 
#C file write time: 2014-11-06 00:58:29
#
1 #_styr
100 #_endyr
1 #_nseas
12 #_months_per_seas
1 #_spawn_seas
1 #_Nfleet
2 #_Nsurveys
1 #_N_areas
Fishery%Survey%CPUE #_fleetnames
0.5 0.5 0.5 #_surveytiming_in_season
1 1 1 #_area_assignments_for_each_fishery_and_survey
1 #_units of catch:  1=bio; 2=num
0.01 #_se of log(catch) only used for init_eq_catch and for Fmethod 2 and 3
1 #_Ngenders
25 #_Nages
0 #_init_equil_catch_for_each_fishery
100 #_N_lines_of_catch_to_read
 #_Fishery year seas
         0    1    1
         0    2    1
         0    3    1
         0    4    1
         0    5    1
         0    6    1
         0    7    1
         0    8    1
         0    9    1
         0   10    1
         0   11    1
         0   12    1
         0   13    1
         0   14    1
         0   15    1
         0   16    1
         0   17    1
         0   18    1
         0   19    1
         0   20    1
         0   21    1
         0   22    1
         0   23    1
         0   24    1
         0   25    1
 283740000   26    1
 272467000   27    1
 258026000   28    1
 242231000   29    1
 226863000   30    1
 208560000   31    1
 189496000   32    1
 174228000   33    1
 161676000   34    1
 152209000   35    1
 148507000   36    1
 146299000   37    1
 147657000   38    1
 148890000   39    1
 147020000   40    1
 147505000   41    1
 150420000   42    1
 150841000   43    1
 152610000   44    1
 151707000   45    1
 148457000   46    1
 145341000   47    1
 143674000   48    1
 142372000   49    1
 140743000   50    1
 139657000   51    1
 137426000   52    1
 134857000   53    1
 135150000   54    1
 139321000   55    1
 140751000   56    1
 138740000   57    1
 135880000   58    1
 133189000   59    1
 135040000   60    1
 138790000   61    1
 141714000   62    1
 143800000   63    1
 145747000   64    1
 142837000   65    1
 141271000   66    1
 144475000   67    1
 147695000   68    1
 149689000   69    1
 150507000   70    1
 149739000   71    1
 149279000   72    1
 147471000   73    1
 146604000   74    1
 144916000   75    1
 142568000   76    1
 146053000   77    1
 151101000   78    1
 154357000   79    1
 158119000   80    1
 159704000   81    1
 159051000   82    1
 157538000   83    1
 156246000   84    1
 155093000   85    1
 156344000   86    1
 155361000   87    1
 152938000   88    1
 149333000   89    1
 146830000   90    1
 142193000   91    1
 137348000   92    1
 133202000   93    1
 130055000   94    1
 126235000   95    1
 124320000   96    1
 123167000   97    1
 122229000   98    1
 123441000   99    1
 124184000  100    1
13 #_N_cpue
 #_Fleet Units Errtype
       1     1       0
       2     1       0
       3     1       0
 #_year seas index        obs se_log
     76    1     2 2046388386    0.2
     78    1     2 2101776349    0.2
     80    1     2 2109210606    0.2
     82    1     2 2459359740    0.2
     84    1     2 2950824065    0.2
     86    1     2 1664536875    0.2
     88    1     2 1855751602    0.2
     90    1     2 1692074539    0.2
     92    1     2 2701997735    0.2
     94    1     2 1616489949    0.2
     96    1     2 1744174501    0.2
     98    1     2 2195507623    0.2
    100    1     2 1156869399    0.2
0 #_N_discard_fleets
#_discard_units (1=same_as_catchunits(bio/num); 2=fraction; 3=numbers)
#_discard_errtype:  >0 for DF of T-dist(read CV below); 0 for normal with CV; -1 for normal with se; -2 for lognormal
0 #_N_discard
0 #_N_meanbodywt
1 #_DF_for_meanbodywt_T-distribution_like
2 # length bin method: 1=use databins; 2=generate from binwidth,min,max below; 3=read vector
1 # binwidth for population size comp
10 # minimum size in the population (lower edge of first bin and size at age 0.00)
200 # maximum size in the population (lower edge of last bin)
-0.001 #_comp_tail_compression
1e-05 #_add_to_comp
0 #_combine males into females at or below this bin number
21 #_N_lbins
#_lbin_vector
10 53 70 83 94 101 107 111 114 117 120 123 125 127 130 132 135 138 142 148 200
0 #_N_Length_comp_observations
25 #_N_agebins
#_agebin_vector
1 2 3 4 5 6 7 8 9 10 11 12 13 14 15 16 17 18 19 20 21 22 23 24 25
1 #_N_ageerror_definitions
 #_age0   age1   age2   age3   age4   age5   age6   age7   age8   age9  age10  age11  age12  age13  age14  age15  age16  age17  age18  age19  age20  age21  age22  age23  age24  age25
 -1.000 -1.000 -1.000 -1.000 -1.000 -1.000 -1.000 -1.000 -1.000 -1.000 -1.000 -1.000 -1.000 -1.000 -1.000 -1.000 -1.000 -1.000 -1.000 -1.000 -1.000 -1.000 -1.000 -1.000 -1.000 -1.000
  0.001  0.001  0.001  0.001  0.001  0.001  0.001  0.001  0.001  0.001  0.001  0.001  0.001  0.001  0.001  0.001  0.001  0.001  0.001  0.001  0.001  0.001  0.001  0.001  0.001  0.001
22 #_N_agecomp
1 #_Lbin_method: 1=poplenbins; 2=datalenbins; 3=lengths
-1 #_combine males into females at or below this bin number
 #_Yr Seas FltSvy Gender Part Ageerr Lbin_lo Lbin_hi Nsamp           a1         a2        a3         a4         a5         a6         a7         a8         a9          a10         a11          a12          a13          a14          a15          a16          a17          a18          a19          a20          a21          a22          a23          a24          a25
   50    1      1      0    0      1      -1      -1    50 0.0134106313 0.16960373 0.1565069 0.22094645 0.11548112 0.04377969 0.08253898 0.07176798 0.02208046 0.0111383261 0.041465281 4.478989e-04 0.0002676427 0.0020164500 1.510034e-02 2.551600e-03 1.155102e-04 6.064915e-08 4.396695e-06 2.858385e-09 1.802559e-05 6.868388e-29 3.615104e-05 3.206182e-22 3.072237e-02
   55    1      1      0    0      1      -1      -1    50 0.0007866410 0.16999724 0.3451738 0.10747116 0.03577595 0.10969856 0.05276831 0.04767157 0.06143351 0.0019400459 0.038485034 1.905279e-03 0.0137619159 0.0001337831 5.996501e-04 3.053573e-03 2.331569e-07 1.210210e-05 5.827578e-07 3.185515e-11 9.331090e-03 1.040444e-18 1.669160e-46 1.057706e-58 2.229639e-15
   60    1      1      0    0      1      -1      -1    50 0.0280604935 0.16134049 0.2837803 0.03372504 0.07345565 0.06494642 0.10289478 0.12155396 0.04660026 0.0107216397 0.017391035 4.294236e-02 0.0011147484 0.0034092926 2.500979e-04 1.320557e-04 2.174859e-16 3.807607e-03 3.781142e-03 1.272149e-13 3.312982e-09 3.816228e-24 9.128207e-05 4.070698e-27 1.354522e-06
   65    1      1      0    0      1      -1      -1    50 0.0256596659 0.08525432 0.1181779 0.18971657 0.07816648 0.11728728 0.10033800 0.11439488 0.02897433 0.0307015732 0.046737569 3.449491e-02 0.0087302680 0.0009088990 6.426158e-04 4.608398e-03 7.306453e-04 6.141419e-04 2.926262e-10 1.134585e-02 5.370799e-10 2.202821e-03 2.405429e-06 1.624979e-42 3.104405e-04
   70    1      1      0    0      1      -1      -1    50 0.0023257219 0.14236676 0.2239837 0.13269808 0.17130790 0.07903431 0.02445793 0.00748210 0.05487506 0.0107768308 0.010412651 6.226245e-02 0.0346474403 0.0155659818 7.153635e-03 7.893699e-06 1.000204e-02 1.020283e-02 3.516058e-04 1.396947e-19 8.511668e-05 1.770451e-16 8.243646e-13 1.027429e-13 1.034156e-13
   75    1      1      0    0      1      -1      -1    50 0.0236142929 0.12619840 0.3420955 0.06686473 0.10045679 0.08229722 0.10470588 0.04714697 0.02045197 0.0138889533 0.023394976 6.805742e-04 0.0073179482 0.0278800252 1.584194e-06 3.871566e-11 1.313017e-03 4.085903e-05 1.105229e-07 9.682180e-16 6.765420e-52 3.295933e-07 5.573889e-05 3.852943e-06 1.159027e-02
   80    1      1      0    0      1      -1      -1    50 0.0032818652 0.19470583 0.2690227 0.14802538 0.16781492 0.05364843 0.03303600 0.01451247 0.04737926 0.0058224226 0.033032824 1.003646e-03 0.0122461283 0.0075189344 5.817409e-04 8.371835e-04 2.166547e-03 2.359878e-08 3.505933e-05 4.557277e-11 7.685575e-12 5.445649e-07 5.318284e-03 9.874503e-08 9.696779e-06
   85    1      1      0    0      1      -1      -1    50 0.0018747273 0.20944850 0.1168440 0.14689536 0.14215164 0.04360015 0.08201777 0.11991954 0.01368153 0.0323898592 0.035596500 4.202104e-05 0.0421581605 0.0000123680 8.167757e-04 3.298537e-03 1.032144e-07 6.836796e-09 2.483067e-03 3.130348e-07 3.199772e-09 2.145113e-19 2.836151e-22 3.914232e-03 2.854813e-03
   90    1      1      0    0      1      -1      -1    50 0.0004547234 0.13633124 0.3503569 0.07816567 0.09971873 0.04028844 0.14415320 0.06684164 0.02742476 0.0006142813 0.006676624 2.269262e-03 0.0120267214 0.0033472738 4.737469e-03 1.171325e-02 2.874264e-08 4.273924e-04 1.601266e-21 4.409871e-06 1.917397e-03 3.119779e-08 5.504245e-10 1.252703e-02 3.502087e-06
   95    1      1      0    0      1      -1      -1    50 0.0021412387 0.24408367 0.1026845 0.12908777 0.08530772 0.12895419 0.06322264 0.08532355 0.02788971 0.0399135848 0.021911492 4.055699e-03 0.0002855141 0.0255272905 1.257893e-04 2.710336e-02 8.812292e-04 3.463286e-03 3.404458e-03 4.552467e-03 3.869031e-05 3.130353e-24 1.396785e-08 2.554790e-05 1.661412e-05
  100    1      1      0    0      1      -1      -1    50 0.0094733560 0.22552825 0.0435723 0.16824372 0.14015322 0.11161186 0.06696960 0.05201706 0.03435177 0.0505550580 0.006194372 2.062610e-02 0.0106125836 0.0003459289 1.232218e-03 5.556436e-04 1.531233e-02 2.538245e-03 2.833354e-02 3.590631e-04 1.137662e-02 2.817119e-28 2.328992e-08 4.841858e-33 3.714424e-05
   50    1      2      0    0      1      -1      -1    50 0.0400000000 0.36000000 0.0600000 0.10000000 0.12000000 0.10000000 0.04000000 0.02000000 0.02000000 0.0200000000 0.020000000 0.000000e+00 0.0000000000 0.0400000000 0.000000e+00 2.000000e-02 2.000000e-02 0.000000e+00 0.000000e+00 0.000000e+00 0.000000e+00 0.000000e+00 0.000000e+00 0.000000e+00 2.000000e-02
   55    1      2      0    0      1      -1      -1    50 0.0200000000 0.18000000 0.4000000 0.12000000 0.04000000 0.00000000 0.04000000 0.02000000 0.12000000 0.0000000000 0.000000000 2.000000e-02 0.0200000000 0.0000000000 0.000000e+00 0.000000e+00 0.000000e+00 0.000000e+00 0.000000e+00 0.000000e+00 0.000000e+00 2.000000e-02 0.000000e+00 0.000000e+00 0.000000e+00
   60    1      2      0    0      1      -1      -1    50 0.0800000000 0.26000000 0.3400000 0.06000000 0.02000000 0.02000000 0.08000000 0.00000000 0.04000000 0.0200000000 0.020000000 2.000000e-02 0.0000000000 0.0000000000 2.000000e-02 0.000000e+00 0.000000e+00 0.000000e+00 0.000000e+00 0.000000e+00 0.000000e+00 0.000000e+00 0.000000e+00 0.000000e+00 2.000000e-02
   65    1      2      0    0      1      -1      -1    50 0.1600000000 0.06000000 0.0400000 0.24000000 0.08000000 0.14000000 0.14000000 0.04000000 0.02000000 0.0000000000 0.020000000 0.000000e+00 0.0200000000 0.0000000000 0.000000e+00 0.000000e+00 0.000000e+00 2.000000e-02 0.000000e+00 2.000000e-02 0.000000e+00 0.000000e+00 0.000000e+00 0.000000e+00 0.000000e+00
   70    1      2      0    0      1      -1      -1    50 0.0200000000 0.14000000 0.3200000 0.16000000 0.06000000 0.08000000 0.02000000 0.04000000 0.06000000 0.0000000000 0.040000000 2.000000e-02 0.0000000000 0.0000000000 0.000000e+00 2.000000e-02 0.000000e+00 2.000000e-02 0.000000e+00 0.000000e+00 0.000000e+00 0.000000e+00 0.000000e+00 0.000000e+00 0.000000e+00
   75    1      2      0    0      1      -1      -1    50 0.0400000000 0.06000000 0.2200000 0.14000000 0.12000000 0.16000000 0.00000000 0.10000000 0.02000000 0.0400000000 0.060000000 2.000000e-02 0.0000000000 0.0200000000 0.000000e+00 0.000000e+00 0.000000e+00 0.000000e+00 0.000000e+00 0.000000e+00 0.000000e+00 0.000000e+00 0.000000e+00 0.000000e+00 0.000000e+00
   80    1      2      0    0      1      -1      -1    50 0.0000000000 0.14000000 0.2400000 0.08000000 0.18000000 0.08000000 0.04000000 0.06000000 0.02000000 0.0600000000 0.000000000 2.000000e-02 0.0200000000 0.0200000000 2.000000e-02 2.000000e-02 0.000000e+00 0.000000e+00 0.000000e+00 0.000000e+00 0.000000e+00 0.000000e+00 0.000000e+00 0.000000e+00 0.000000e+00
   85    1      2      0    0      1      -1      -1    50 0.0400000000 0.22000000 0.0800000 0.14000000 0.10000000 0.02000000 0.10000000 0.14000000 0.06000000 0.0200000000 0.040000000 0.000000e+00 0.0000000000 0.0000000000 2.000000e-02 0.000000e+00 0.000000e+00 0.000000e+00 0.000000e+00 0.000000e+00 0.000000e+00 0.000000e+00 0.000000e+00 2.000000e-02 0.000000e+00
   90    1      2      0    0      1      -1      -1    50 0.0000000000 0.22000000 0.3000000 0.08000000 0.10000000 0.00000000 0.10000000 0.04000000 0.02000000 0.0200000000 0.020000000 2.000000e-02 0.0200000000 0.0000000000 4.000000e-02 2.000000e-02 0.000000e+00 0.000000e+00 0.000000e+00 0.000000e+00 0.000000e+00 0.000000e+00 0.000000e+00 0.000000e+00 0.000000e+00
   95    1      2      0    0      1      -1      -1    50 0.0800000000 0.16000000 0.1600000 0.12000000 0.06000000 0.06000000 0.08000000 0.08000000 0.02000000 0.0600000000 0.000000000 4.000000e-02 0.0200000000 0.0200000000 2.000000e-02 0.000000e+00 0.000000e+00 0.000000e+00 0.000000e+00 2.000000e-02 0.000000e+00 0.000000e+00 0.000000e+00 0.000000e+00 0.000000e+00
  100    1      2      0    0      1      -1      -1    50 0.0400000000 0.28000000 0.0400000 0.20000000 0.02000000 0.14000000 0.08000000 0.06000000 0.06000000 0.0000000000 0.020000000 0.000000e+00 0.0200000000 0.0000000000 0.000000e+00 2.000000e-02 0.000000e+00 0.000000e+00 2.000000e-02 0.000000e+00 0.000000e+00 0.000000e+00 0.000000e+00 0.000000e+00 0.000000e+00
0 #_N_MeanSize_at_Age_obs
0 #_N_environ_variables
0 #_N_environ_obs
0 #_N_sizefreq_methods
0 #_do_tags
0 #_morphcomp_data
#
999
