#C data file created using the SS_writedat function in the R package r4ss
#C should work with SS version: 
#C file write time: 2014-11-06 17:19:30
#
1 #_styr
100 #_endyr
1 #_nseas
12 #_months_per_seas
1 #_spawn_seas
1 #_Nfleet
2 #_Nsurveys
1 #_N_areas
Fishery%Survey%CPUE #_fleetnames
0.5 0.5 0.5 #_surveytiming_in_season
1 1 1 #_area_assignments_for_each_fishery_and_survey
1 #_units of catch:  1=bio; 2=num
0.01 #_se of log(catch) only used for init_eq_catch and for Fmethod 2 and 3
1 #_Ngenders
25 #_Nages
0 #_init_equil_catch_for_each_fishery
100 #_N_lines_of_catch_to_read
 #_Fishery year seas
         0    1    1
         0    2    1
         0    3    1
         0    4    1
         0    5    1
         0    6    1
         0    7    1
         0    8    1
         0    9    1
         0   10    1
         0   11    1
         0   12    1
         0   13    1
         0   14    1
         0   15    1
         0   16    1
         0   17    1
         0   18    1
         0   19    1
         0   20    1
         0   21    1
         0   22    1
         0   23    1
         0   24    1
         0   25    1
 303607000   26    1
 289688000   27    1
 273921000   28    1
 257769000   29    1
 244950000   30    1
 229833000   31    1
 215324000   32    1
 201100000   33    1
 188072000   34    1
 180384000   35    1
 181257000   36    1
 182521000   37    1
 180242000   38    1
 176105000   39    1
 173665000   40    1
 171589000   41    1
 168302000   42    1
 166110000   43    1
 163723000   44    1
 161524000   45    1
 162080000   46    1
 164420000   47    1
 166889000   48    1
 171439000   49    1
 172836000   50    1
 168967000   51    1
 161993000   52    1
 156023000   53    1
 152621000   54    1
 148517000   55    1
 143951000   56    1
 140461000   57    1
 136332000   58    1
 132010000   59    1
 132944000   60    1
 137761000   61    1
 139598000   62    1
 138150000   63    1
 134271000   64    1
 131294000   65    1
 129951000   66    1
 129688000   67    1
 133239000   68    1
 134967000   69    1
 134155000   70    1
 131779000   71    1
 133296000   72    1
 134326000   73    1
 133893000   74    1
 136482000   75    1
 141267000   76    1
 145704000   77    1
 149647000   78    1
 151411000   79    1
 149289000   80    1
 145178000   81    1
 140984000   82    1
 135202000   83    1
 129068000   84    1
 125579000   85    1
 126513000   86    1
 131996000   87    1
 135968000   88    1
 139171000   89    1
 143061000   90    1
 145619000   91    1
 149204000   92    1
 150795000   93    1
 153118000   94    1
 159110000   95    1
 162626000   96    1
 163288000   97    1
 159456000   98    1
 153827000   99    1
 148811000  100    1
51 #_N_cpue
 #_Fleet Units Errtype
       1     1       0
       2     1       0
       3     1       0
 #_year seas index        obs se_log
     50    1     2 2178882700    0.2
     51    1     2 2626481239    0.2
     52    1     2 2857910982    0.2
     53    1     2 1838932021    0.2
     54    1     2 1982345404    0.2
     55    1     2 1553352447    0.2
     56    1     2 2309473587    0.2
     57    1     2 2405840912    0.2
     58    1     2 2353158787    0.2
     59    1     2 1589492151    0.2
     60    1     2 2710035877    0.2
     61    1     2 1789804424    0.2
     62    1     2 3265372375    0.2
     63    1     2 2277361795    0.2
     64    1     2 2061335635    0.2
     65    1     2 2345548354    0.2
     66    1     2 1549588415    0.2
     67    1     2 1341587280    0.2
     68    1     2 2159734000    0.2
     69    1     2 1606368535    0.2
     70    1     2 2002175407    0.2
     71    1     2 1751615804    0.2
     72    1     2 1755951498    0.2
     73    1     2 1807617791    0.2
     74    1     2 2120597157    0.2
     75    1     2 1708681199    0.2
     76    1     2 2610232855    0.2
     77    1     2 1629554778    0.2
     78    1     2 1946578824    0.2
     79    1     2 3032568022    0.2
     80    1     2 1344148085    0.2
     81    1     2 1904490438    0.2
     82    1     2 1932579513    0.2
     83    1     2 1815180295    0.2
     84    1     2 2165383265    0.2
     85    1     2 1527905019    0.2
     86    1     2 1449293051    0.2
     87    1     2 2378300959    0.2
     88    1     2 1657565319    0.2
     89    1     2 1939479889    0.2
     90    1     2 2750196973    0.2
     91    1     2 1587869055    0.2
     92    1     2 1721520881    0.2
     93    1     2 1285792355    0.2
     94    1     2 1751197588    0.2
     95    1     2 2019550522    0.2
     96    1     2 2473145194    0.2
     97    1     2 2040048033    0.2
     98    1     2 2472805068    0.2
     99    1     2 2094832870    0.2
    100    1     2 1826438686    0.2
0 #_N_discard_fleets
#_discard_units (1=same_as_catchunits(bio/num); 2=fraction; 3=numbers)
#_discard_errtype:  >0 for DF of T-dist(read CV below); 0 for normal with CV; -1 for normal with se; -2 for lognormal
0 #_N_discard
0 #_N_meanbodywt
1 #_DF_for_meanbodywt_T-distribution_like
2 # length bin method: 1=use databins; 2=generate from binwidth,min,max below; 3=read vector
1 # binwidth for population size comp
10 # minimum size in the population (lower edge of first bin and size at age 0.00)
200 # maximum size in the population (lower edge of last bin)
-0.001 #_comp_tail_compression
1e-05 #_add_to_comp
0 #_combine males into females at or below this bin number
21 #_N_lbins
#_lbin_vector
10 53 70 83 94 101 107 111 114 117 120 123 125 127 130 132 135 138 142 148 200
0 #_N_Length_comp_observations
25 #_N_agebins
#_agebin_vector
1 2 3 4 5 6 7 8 9 10 11 12 13 14 15 16 17 18 19 20 21 22 23 24 25
1 #_N_ageerror_definitions
 #_age0   age1   age2   age3   age4   age5   age6   age7   age8   age9  age10  age11  age12  age13  age14  age15  age16  age17  age18  age19  age20  age21  age22  age23  age24  age25
 -1.000 -1.000 -1.000 -1.000 -1.000 -1.000 -1.000 -1.000 -1.000 -1.000 -1.000 -1.000 -1.000 -1.000 -1.000 -1.000 -1.000 -1.000 -1.000 -1.000 -1.000 -1.000 -1.000 -1.000 -1.000 -1.000
  0.001  0.001  0.001  0.001  0.001  0.001  0.001  0.001  0.001  0.001  0.001  0.001  0.001  0.001  0.001  0.001  0.001  0.001  0.001  0.001  0.001  0.001  0.001  0.001  0.001  0.001
198 #_N_agecomp
1 #_Lbin_method: 1=poplenbins; 2=datalenbins; 3=lengths
-1 #_combine males into females at or below this bin number
 #_Yr Seas FltSvy Gender Part Ageerr Lbin_lo Lbin_hi Nsamp          a1         a2         a3         a4         a5         a6         a7          a8          a9         a10         a11         a12         a13         a14         a15         a16          a17          a18          a19          a20          a21          a22          a23          a24          a25
    2    1      1      0    0      1      -1      -1  1000 0.010850192 0.12730355 0.15111830 0.11768446 0.11119413 0.09274325 0.06263504 0.057358211 0.059258547 0.046723341 0.024732403 0.018866879 0.020434464 0.018380099 0.015151110 0.010417157 0.0116221235 0.0070844408 4.104461e-03 5.820344e-03 4.739844e-03 3.732621e-03 8.484371e-04 3.277571e-03 1.391904e-02
    3    1      1      0    0      1      -1      -1  1000 0.013962584 0.13367645 0.16387231 0.13345165 0.10022871 0.07177757 0.07564492 0.053031622 0.048927570 0.037902201 0.036626284 0.027389128 0.019122165 0.011619845 0.011615097 0.015193496 0.0114360924 0.0043524398 4.122979e-03 6.542518e-03 3.161545e-03 4.487258e-03 3.121140e-03 1.229481e-03 7.504941e-03
    4    1      1      0    0      1      -1      -1  1000 0.026841732 0.07496169 0.19134030 0.12764402 0.09962200 0.09899133 0.07622965 0.051272038 0.055793708 0.030519741 0.033846301 0.022160745 0.017941581 0.022787092 0.010246174 0.013250110 0.0051554996 0.0078926499 7.397167e-03 2.154069e-03 3.921500e-03 5.053942e-03 8.592089e-04 4.919635e-04 1.362578e-02
    5    1      1      0    0      1      -1      -1  1000 0.010863986 0.24521855 0.11085850 0.14075902 0.09984644 0.06840556 0.05957205 0.057380560 0.027469546 0.029359758 0.027730896 0.022409817 0.016723812 0.013610993 0.011574690 0.010454869 0.0111046030 0.0071305300 6.185965e-03 3.537922e-03 4.552435e-03 4.174975e-03 2.178504e-03 5.856818e-04 8.310326e-03
    6    1      1      0    0      1      -1      -1  1000 0.005387173 0.09181055 0.31078797 0.07696702 0.12659356 0.06336977 0.06463888 0.051772814 0.033063876 0.039129314 0.023603502 0.023823860 0.017599835 0.016170619 0.008076591 0.006284315 0.0102867786 0.0062973938 1.637471e-03 2.363820e-03 4.822439e-03 5.593362e-04 5.970809e-03 2.483800e-03 6.498515e-03
    7    1      1      0    0      1      -1      -1  1000 0.013905719 0.06624726 0.12823505 0.27559485 0.07678221 0.11147399 0.06364003 0.041302657 0.034701091 0.035412007 0.034186236 0.024463533 0.017063208 0.015602113 0.012937525 0.010093073 0.0042251216 0.0048914073 7.536153e-03 2.188408e-03 3.636580e-03 4.533890e-03 3.164494e-03 1.717360e-03 6.466038e-03
    8    1      1      0    0      1      -1      -1  1000 0.002674519 0.12062543 0.08901370 0.12160109 0.23235744 0.06630383 0.07279063 0.040986090 0.040086364 0.033960175 0.030554044 0.022499875 0.024166934 0.019967747 0.011395944 0.016266158 0.0074675397 0.0110654409 6.968509e-03 4.472241e-03 4.756561e-03 1.118081e-03 1.890842e-03 3.034607e-03 1.397622e-02
    9    1      1      0    0      1      -1      -1  1000 0.012539652 0.06874038 0.15142815 0.07940777 0.10317026 0.20888755 0.05957724 0.080611131 0.052056283 0.031090065 0.031789348 0.014906856 0.015578042 0.018913123 0.013481586 0.008085878 0.0089721438 0.0038979972 1.004552e-02 5.548194e-03 2.938075e-03 1.151907e-03 2.833998e-03 2.640518e-03 1.170832e-02
   10    1      1      0    0      1      -1      -1  1000 0.011462152 0.07789393 0.08694519 0.16398037 0.06550755 0.10822341 0.17871862 0.047164983 0.051498756 0.033071850 0.026137778 0.028461139 0.018281404 0.022007268 0.017253769 0.016010198 0.0047720288 0.0093513191 5.820268e-03 3.817523e-03 7.326004e-03 3.277157e-03 2.424090e-03 1.689423e-03 8.903824e-03
   11    1      1      0    0      1      -1      -1  1000 0.009958206 0.10557916 0.07801462 0.07080930 0.13452666 0.05869799 0.08734145 0.151024765 0.057743089 0.057095188 0.027959543 0.032192412 0.026464257 0.018425618 0.013593102 0.013269131 0.0064836692 0.0105724787 7.782745e-03 6.541763e-03 2.286589e-03 4.770859e-03 5.983634e-04 2.101273e-03 1.616777e-02
   12    1      1      0    0      1      -1      -1  1000 0.007378421 0.11043646 0.14157770 0.07310789 0.06823623 0.10596828 0.04278179 0.058567179 0.146506056 0.026704678 0.041557636 0.027446254 0.031740175 0.024702992 0.015526570 0.017083302 0.0084511178 0.0077138648 1.541920e-02 8.198671e-03 2.128881e-03 1.533613e-03 2.323132e-03 4.129844e-03 1.078006e-02
   13    1      1      0    0      1      -1      -1  1000 0.006746744 0.06035847 0.15271437 0.11223855 0.06890567 0.05165461 0.10524345 0.049561569 0.058321361 0.124152157 0.024977477 0.036281314 0.029234884 0.023616996 0.014680514 0.014812963 0.0138158717 0.0099895769 7.357584e-03 5.254166e-03 2.973394e-03 2.085504e-03 3.754552e-03 1.840934e-03 1.942733e-02
   14    1      1      0    0      1      -1      -1  1000 0.010500602 0.09913364 0.06916754 0.13296431 0.09124587 0.05727299 0.05290467 0.087431712 0.039801423 0.052113969 0.105518330 0.031719207 0.046629219 0.020003494 0.018271444 0.009474055 0.0135725680 0.0148824187 8.211566e-03 3.297436e-03 6.203050e-03 4.745751e-03 3.084055e-03 3.694722e-03 1.815596e-02
   15    1      1      0    0      1      -1      -1  1000 0.026870238 0.08276391 0.15117474 0.06817663 0.11991077 0.06392587 0.03814941 0.046738308 0.066437879 0.036931631 0.049625986 0.073107432 0.025170625 0.041877571 0.023783934 0.025155339 0.0122797987 0.0072013179 1.377450e-02 4.572891e-03 4.229062e-03 3.662753e-03 3.854620e-03 2.993098e-03 7.631685e-03
   16    1      1      0    0      1      -1      -1  1000 0.024627624 0.23000911 0.11257129 0.09823466 0.04009059 0.07811756 0.05233785 0.036697552 0.025870202 0.055447097 0.032008145 0.041109416 0.058070861 0.021032397 0.019467182 0.015718346 0.0116426305 0.0048364113 4.055478e-03 7.943055e-03 4.580026e-03 3.736082e-03 3.412786e-03 2.454109e-03 1.592953e-02
   17    1      1      0    0      1      -1      -1  1000 0.019344781 0.13768254 0.31803288 0.06541840 0.07110290 0.03511835 0.06634919 0.035849880 0.023550158 0.023604381 0.037279585 0.017029219 0.025958080 0.033726761 0.014608878 0.021359748 0.0130275546 0.0083642022 6.205528e-03 4.867999e-03 3.958558e-03 7.192828e-03 3.978485e-03 3.037527e-03 3.351594e-03
   18    1      1      0    0      1      -1      -1  1000 0.029308603 0.16091340 0.13938434 0.22392120 0.07020092 0.04244275 0.03545116 0.046992672 0.046846871 0.030848396 0.022520648 0.023159401 0.015289180 0.019255077 0.033684634 0.007527942 0.0085985585 0.0087430065 8.310953e-03 3.933802e-03 3.569808e-03 4.573296e-03 2.078188e-03 3.521589e-03 8.923599e-03
   19    1      1      0    0      1      -1      -1  1000 0.012200138 0.18548403 0.18080102 0.12380016 0.16805014 0.04020730 0.04277692 0.022483785 0.028899927 0.026655097 0.016938278 0.010998630 0.021038031 0.019812801 0.011788256 0.032182013 0.0089668618 0.0135571629 2.615130e-03 8.641178e-03 1.172892e-03 2.208531e-03 1.122017e-03 4.087995e-03 1.351171e-02
   20    1      1      0    0      1      -1      -1  1000 0.019195685 0.15264185 0.25377134 0.14117220 0.09649855 0.12760475 0.02387617 0.035567206 0.007709615 0.024374106 0.015271690 0.009897913 0.010857517 0.014944727 0.006811719 0.007750933 0.0181102221 0.0019262984 8.787775e-03 1.622003e-03 6.881029e-03 3.814630e-03 2.161849e-03 2.947448e-03 5.802779e-03
   21    1      1      0    0      1      -1      -1  1000 0.017585295 0.13354620 0.16532152 0.19882544 0.10879700 0.07104682 0.10447604 0.023493793 0.022582220 0.018034741 0.017222069 0.013877652 0.010755772 0.007336778 0.010456393 0.002757694 0.0120189722 0.0201857339 3.947159e-03 1.164458e-02 6.813365e-03 4.663814e-03 2.068149e-03 1.044332e-03 1.149847e-02
   22    1      1      0    0      1      -1      -1  1000 0.011492224 0.08619887 0.18411287 0.16066593 0.17168207 0.08494436 0.06313248 0.093486609 0.017277979 0.012178884 0.010904708 0.014699842 0.020798579 0.005285689 0.003611192 0.008617258 0.0047480897 0.0058234796 1.293626e-02 3.182689e-03 6.683176e-03 2.280342e-03 1.007263e-03 3.206288e-03 1.104287e-02
   23    1      1      0    0      1      -1      -1  1000 0.012055814 0.07717588 0.13619909 0.12851900 0.12779015 0.15742645 0.08859754 0.051560811 0.080800804 0.023303818 0.016421657 0.010408642 0.009739788 0.012501607 0.002655550 0.007892832 0.0081739970 0.0065175957 5.265585e-03 1.235218e-02 6.192568e-04 7.358395e-03 2.048627e-03 4.712139e-03 9.902786e-03
   24    1      1      0    0      1      -1      -1  1000 0.017206254 0.12424824 0.10333419 0.10248561 0.12582470 0.10103848 0.13414861 0.082579647 0.034305129 0.058563083 0.014422006 0.015454429 0.008998453 0.012499776 0.009036638 0.008164083 0.0062869141 0.0113356574 3.153340e-03 3.697787e-03 1.075801e-02 2.114501e-03 1.583416e-03 1.975688e-03 6.785354e-03
   25    1      1      0    0      1      -1      -1  1000 0.016761750 0.17530707 0.13993728 0.07620724 0.09162326 0.09969875 0.09343986 0.082515719 0.042120404 0.036779184 0.057574887 0.012100908 0.010996271 0.006217681 0.005288973 0.008354592 0.0072520968 0.0045540203 6.298357e-03 2.006708e-03 5.493813e-03 5.112022e-03 1.574433e-03 1.556707e-03 1.122802e-02
   26    1      1      0    0      1      -1      -1  1000 0.011962286 0.14072791 0.22077499 0.10246794 0.06073743 0.07789133 0.07961732 0.074890820 0.066389590 0.034344594 0.022722428 0.029953709 0.013795840 0.008048490 0.006949245 0.003487599 0.0032375371 0.0050059933 2.798822e-03 8.984260e-03 9.776906e-04 3.956031e-03 4.137651e-03 1.923019e-03 1.421749e-02
   27    1      1      0    0      1      -1      -1  1000 0.010580822 0.15135142 0.18444272 0.16951976 0.08943642 0.03879044 0.03669377 0.052577398 0.056406155 0.044924719 0.037277214 0.021175163 0.036759273 0.008080068 0.009975077 0.010477651 0.0036363955 0.0033130889 9.805686e-04 2.160695e-03 4.552999e-03 7.395146e-04 2.390755e-03 7.110838e-03 1.664706e-02
   28    1      1      0    0      1      -1      -1  1000 0.027302854 0.05245994 0.19097504 0.14610163 0.13979136 0.09091106 0.03023303 0.043990037 0.060526152 0.038808357 0.056143262 0.033634243 0.016017079 0.025076628 0.004470380 0.002835522 0.0056200806 0.0062086944 4.879691e-03 2.594473e-03 1.940983e-03 3.106489e-03 4.187630e-04 6.666452e-04 1.528760e-02
   29    1      1      0    0      1      -1      -1  1000 0.010158799 0.17487738 0.08774805 0.14250638 0.12636755 0.11071228 0.06595582 0.036400472 0.028588687 0.042737509 0.023813835 0.034508780 0.027167285 0.023015072 0.016205787 0.006874723 0.0085245294 0.0028581676 4.623501e-03 3.934053e-03 1.343395e-03 1.237972e-03 2.566267e-03 3.931251e-03 1.334247e-02
   30    1      1      0    0      1      -1      -1  1000 0.021290390 0.08757630 0.26244089 0.05746007 0.11427111 0.09042589 0.08834884 0.052951246 0.018397965 0.028753858 0.027056564 0.034367130 0.033187845 0.019189117 0.014098209 0.022095467 0.0028650346 0.0042400744 3.399927e-03 4.998346e-03 3.155990e-03 6.047438e-04 2.664900e-04 1.182084e-03 7.376423e-03
   31    1      1      0    0      1      -1      -1  1000 0.017870134 0.11125273 0.12382012 0.22411689 0.04151400 0.08726025 0.10457532 0.076491487 0.050581808 0.027674129 0.017464053 0.029992893 0.014200410 0.018719384 0.016053206 0.005675039 0.0181222870 0.0026007786 4.107073e-04 2.039653e-03 1.531684e-03 8.508181e-04 1.567016e-03 1.220264e-03 4.394931e-03
   32    1      1      0    0      1      -1      -1  1000 0.016890229 0.09531870 0.13865750 0.10774068 0.17694936 0.03620895 0.07726938 0.065586309 0.069144379 0.045497198 0.019390434 0.022859093 0.021411399 0.024621674 0.025806358 0.020267205 0.0093538663 0.0110614428 1.592592e-03 1.253678e-03 7.452306e-04 2.713195e-03 1.365358e-03 1.920329e-03 6.375464e-03
   33    1      1      0    0      1      -1      -1  1000 0.013883065 0.12805042 0.14881268 0.13126634 0.08959942 0.14636876 0.03223882 0.063788934 0.059255295 0.046100157 0.022671785 0.019307235 0.015642163 0.018470518 0.011921470 0.015385741 0.0123930440 0.0043554995 4.543272e-03 2.588399e-03 5.288633e-04 1.670048e-04 1.556503e-03 8.283309e-04 1.027629e-02
   34    1      1      0    0      1      -1      -1  1000 0.030712602 0.11731845 0.15747378 0.11329041 0.13098945 0.05665066 0.11880944 0.023231853 0.052974007 0.044871955 0.035707269 0.020609210 0.010582779 0.017853603 0.011226926 0.011858693 0.0122653170 0.0084137120 4.277612e-03 4.811304e-03 1.803731e-03 1.654426e-03 1.932005e-03 3.318475e-03 7.362325e-03
   35    1      1      0    0      1      -1      -1  1000 0.030643530 0.24022994 0.14784816 0.12008891 0.07401022 0.06986274 0.03593094 0.075065080 0.020876305 0.037220286 0.039734610 0.025304122 0.011207015 0.007756774 0.008806126 0.013231311 0.0062196856 0.0092415662 6.378141e-03 4.349455e-03 1.669851e-03 2.012711e-03 3.112461e-03 3.554334e-04 8.844634e-03
   36    1      1      0    0      1      -1      -1  1000 0.010918503 0.18529421 0.31262039 0.08547499 0.07895028 0.05939472 0.04031277 0.030569847 0.055805238 0.010939771 0.031881681 0.014910930 0.029892906 0.013927539 0.003522047 0.001954402 0.0075282737 0.0044726130 7.134026e-03 3.588466e-03 1.867220e-03 4.081827e-03 4.814218e-04 1.980967e-04 4.277841e-03
   37    1      1      0    0      1      -1      -1  1000 0.009381345 0.10785955 0.24941318 0.25327411 0.06197774 0.05977916 0.03600327 0.034667754 0.018461988 0.041974246 0.015310354 0.025771153 0.017829920 0.014578054 0.011994963 0.002200062 0.0050189877 0.0042808489 7.413817e-03 1.302212e-02 3.505940e-03 1.547370e-03 2.413303e-03 1.875191e-04 2.133239e-03
   38    1      1      0    0      1      -1      -1  1000 0.019477034 0.10920737 0.14432867 0.20964906 0.22115355 0.05763388 0.04230313 0.025861836 0.030954878 0.016150499 0.027929320 0.010219521 0.016292438 0.016950749 0.014903019 0.005595238 0.0067766210 0.0028837638 3.686009e-03 3.928405e-03 3.936855e-03 1.979010e-03 1.353233e-03 1.537572e-03 5.308341e-03
   39    1      1      0    0      1      -1      -1  1000 0.017393229 0.14665848 0.10393724 0.13255546 0.19056480 0.15152692 0.04211810 0.036585531 0.033550542 0.022501982 0.019527172 0.039908981 0.002313907 0.011616562 0.008954021 0.013700594 0.0042902159 0.0031612147 1.905450e-03 2.415066e-03 1.630249e-03 3.518105e-03 4.995627e-03 5.790308e-04 4.091522e-03
   40    1      1      0    0      1      -1      -1  1000 0.019517389 0.19750025 0.21225770 0.07881875 0.08008842 0.12168680 0.13075986 0.024038128 0.030946172 0.013991937 0.015789719 0.011637707 0.013620992 0.006873016 0.009290376 0.004183207 0.0060136219 0.0082679368 1.356936e-03 1.528154e-03 1.305210e-03 1.476882e-03 1.206252e-03 5.493829e-04 7.295193e-03
   41    1      1      0    0      1      -1      -1  1000 0.018218145 0.12263916 0.21941603 0.15302836 0.07543914 0.07300675 0.10207315 0.082094442 0.031035431 0.018759718 0.017476369 0.010984691 0.007610587 0.014382422 0.002300057 0.010302699 0.0182310984 0.0062813737 3.168712e-03 3.437697e-03 4.117193e-03 1.736221e-03 1.056768e-03 1.422508e-03 1.781287e-03
   42    1      1      0    0      1      -1      -1  1000 0.015324612 0.15963530 0.14415405 0.17732276 0.11988897 0.05447382 0.04695052 0.089835862 0.072799310 0.018593367 0.017753693 0.018140201 0.011702535 0.010093739 0.010399516 0.001740895 0.0024523735 0.0056138954 9.118319e-03 8.009929e-04 1.120674e-03 2.665958e-03 2.558048e-03 2.791782e-04 6.581431e-03
   43    1      1      0    0      1      -1      -1  1000 0.014631184 0.14993380 0.22019838 0.10415293 0.13619534 0.08314706 0.03862193 0.042991635 0.061942287 0.061115120 0.012514917 0.013877448 0.011678282 0.009496785 0.005985740 0.007981628 0.0009450408 0.0047012921 1.704241e-03 3.369599e-03 3.090881e-03 1.125194e-03 4.433155e-04 1.303983e-03 8.851978e-03
   44    1      1      0    0      1      -1      -1  1000 0.017014937 0.14735805 0.17707578 0.16164343 0.08400961 0.10913557 0.07214327 0.029010023 0.031666901 0.042042291 0.050180434 0.015196430 0.013177716 0.007582314 0.004177536 0.001277389 0.0155565639 0.0036469620 4.542177e-03 3.856259e-03 2.568904e-03 1.274480e-03 2.786301e-03 1.064355e-05 3.066019e-03
   45    1      1      0    0      1      -1      -1  1000 0.027604597 0.17118741 0.17572801 0.13891807 0.11342092 0.06770785 0.08071079 0.049899813 0.028582077 0.030130277 0.038290758 0.029677464 0.009415864 0.004217297 0.006413746 0.004188136 0.0053041579 0.0055933109 1.964221e-03 2.151086e-03 1.795390e-03 3.456552e-03 1.461294e-03 2.127428e-04 1.968184e-03
   46    1      1      0    0      1      -1      -1  1000 0.018538138 0.21701802 0.18989744 0.13017591 0.08872029 0.06844198 0.04168564 0.068237394 0.034433322 0.018463113 0.013433631 0.032694311 0.032128926 0.003299219 0.006119471 0.007554723 0.0033208758 0.0034522165 5.091991e-03 4.507973e-04 3.521803e-05 2.150720e-03 6.861547e-03 9.132813e-04 6.881823e-03
   47    1      1      0    0      1      -1      -1  1000 0.016225551 0.12671235 0.25975486 0.13601973 0.10537289 0.08127501 0.05626490 0.051079059 0.047905093 0.022339275 0.012542032 0.014958547 0.017327489 0.017860409 0.008740672 0.003567619 0.0010240635 0.0086850468 3.679326e-03 3.483275e-03 1.400975e-03 6.573907e-04 1.409526e-04 3.230455e-04 2.660447e-03
   48    1      1      0    0      1      -1      -1  1000 0.015290725 0.21274440 0.15383043 0.18820576 0.10709975 0.06374892 0.05482834 0.044015131 0.035252296 0.035264449 0.018776261 0.016060301 0.007239280 0.013866623 0.015086221 0.005617453 0.0018958171 0.0006166068 3.671299e-03 1.375965e-03 1.547092e-03 3.218701e-07 1.144250e-03 1.623994e-04 2.659918e-03
   49    1      1      0    0      1      -1      -1  1000 0.007907154 0.15085760 0.25018860 0.13287755 0.12731294 0.06847120 0.04846258 0.042228523 0.043540852 0.020085355 0.028784025 0.017887596 0.014049014 0.008730998 0.013165390 0.007933782 0.0019452291 0.0035551558 1.844521e-03 5.123003e-03 2.800120e-04 1.473496e-03 6.365562e-07 5.497068e-04 2.745087e-03
   50    1      1      0    0      1      -1      -1  1000 0.007271193 0.08810278 0.21129222 0.21315738 0.09573510 0.12910861 0.05564730 0.037063378 0.039327724 0.026777146 0.021170275 0.024750594 0.009217313 0.004034627 0.004403045 0.009912373 0.0095540730 0.0009951088 5.601748e-04 4.513088e-03 1.232879e-03 8.729889e-04 2.472449e-03 1.570432e-04 2.671139e-03
   51    1      1      0    0      1      -1      -1  1000 0.013720146 0.07017916 0.11729005 0.19196240 0.18763301 0.08762501 0.11314285 0.050314095 0.042634982 0.029361654 0.024255193 0.008042201 0.017871423 0.009549998 0.005002627 0.006086731 0.0077472794 0.0074531965 1.780295e-03 8.299974e-04 3.582677e-04 3.029601e-04 1.023435e-03 1.800957e-03 4.032082e-03
   52    1      1      0    0      1      -1      -1  1000 0.020561180 0.11024102 0.11220020 0.10371608 0.15082177 0.14884569 0.07174372 0.098896331 0.038461016 0.038124619 0.023690035 0.015900964 0.013304295 0.012012712 0.005231670 0.003153391 0.0028009243 0.0074156196 1.054353e-02 7.819826e-03 1.621098e-03 8.673300e-04 5.973865e-06 2.747180e-04 1.746304e-03
   53    1      1      0    0      1      -1      -1  1000 0.022577097 0.20408534 0.13887759 0.07191896 0.07542518 0.10474776 0.11856961 0.055516590 0.071900102 0.030269142 0.028265546 0.022171062 0.019107220 0.005864373 0.008747433 0.007765568 0.0007225489 0.0001296149 4.037077e-03 1.081759e-03 9.154486e-04 4.769718e-04 4.250241e-04 1.759188e-03 4.643795e-03
   54    1      1      0    0      1      -1      -1  1000 0.019023194 0.15572432 0.26386970 0.09249897 0.05880879 0.07421586 0.09045123 0.069207004 0.029422455 0.041204119 0.026857572 0.009807320 0.015121277 0.013380224 0.007127902 0.007810345 0.0072555882 0.0043451576 1.043767e-03 5.914156e-03 3.236528e-03 4.992330e-05 4.735591e-04 2.014348e-03 1.136684e-03
   55    1      1      0    0      1      -1      -1  1000 0.019100060 0.11666221 0.20657475 0.19472034 0.09015927 0.04073528 0.04785450 0.074523352 0.069888736 0.023936324 0.032865610 0.014944669 0.012336184 0.012910459 0.007241693 0.010971898 0.0131127743 0.0013046498 8.229469e-04 1.334585e-03 2.389229e-03 2.932386e-03 3.494714e-04 5.127954e-04 1.815825e-03
   56    1      1      0    0      1      -1      -1  1000 0.016936419 0.15212270 0.13649682 0.18247434 0.14511074 0.06300714 0.03486758 0.035565477 0.073859192 0.044767656 0.023637008 0.032777306 0.021139015 0.006014138 0.006189786 0.008167877 0.0085962198 0.0025538371 9.379100e-04 1.157109e-03 1.086599e-03 3.289586e-04 4.611933e-04 4.457573e-04 1.299223e-03
   57    1      1      0    0      1      -1      -1  1000 0.006067258 0.15005060 0.21567539 0.10632100 0.11687608 0.11907092 0.05726494 0.029909676 0.035122744 0.034836571 0.033456523 0.022448432 0.018174704 0.009464394 0.010115280 0.015343034 0.0046892593 0.0012143200 4.963860e-03 2.029295e-03 2.877031e-04 1.702351e-03 1.403862e-03 1.149562e-03 2.362236e-03
   58    1      1      0    0      1      -1      -1  1000 0.023178652 0.07549425 0.20442098 0.13855301 0.09820901 0.09183089 0.11874844 0.040928052 0.021575373 0.025413233 0.035373663 0.040640307 0.017928488 0.020745794 0.008297398 0.004989332 0.0065236862 0.0105201611 1.180611e-03 2.482356e-03 5.377178e-03 8.550814e-04 2.186572e-03 2.542993e-03 2.004489e-03
   59    1      1      0    0      1      -1      -1  1000 0.034033597 0.17100353 0.11529650 0.15583016 0.13304067 0.06191600 0.09706290 0.061956643 0.024804545 0.023436535 0.014882177 0.027508147 0.021884560 0.012412494 0.012227768 0.004284322 0.0068152789 0.0060922058 1.372664e-03 3.262726e-03 3.747357e-03 2.557524e-03 2.172574e-03 9.119313e-04 1.487186e-03
   60    1      1      0    0      1      -1      -1  1000 0.025183382 0.27233365 0.18708218 0.07653156 0.09937543 0.07340631 0.05408337 0.051980982 0.047350345 0.022203795 0.008871166 0.008761469 0.019512741 0.015566795 0.010013131 0.007722265 0.0040420567 0.0024438368 1.598082e-03 3.863048e-03 3.109223e-04 4.141969e-03 5.362662e-04 1.171105e-04 2.968135e-03
   61    1      1      0    0      1      -1      -1  1000 0.011494518 0.14015565 0.34772987 0.13319973 0.04370300 0.05347741 0.05832021 0.031443429 0.043301177 0.046354557 0.012914286 0.007298491 0.011880756 0.007264853 0.019967135 0.004870999 0.0094564684 0.0029763744 6.723798e-03 2.027737e-03 3.306323e-04 3.429984e-04 2.558958e-03 1.888604e-03 3.183560e-04
   62    1      1      0    0      1      -1      -1  1000 0.011676472 0.10594678 0.20738819 0.25202960 0.12873881 0.03505752 0.04816736 0.063987520 0.019070701 0.026973268 0.032007877 0.011905505 0.007279051 0.006861656 0.010471089 0.008423131 0.0077526031 0.0078330661 3.515554e-03 1.171341e-03 1.177604e-04 7.541085e-04 4.423177e-04 5.273318e-04 1.901386e-03
   63    1      1      0    0      1      -1      -1  1000 0.011648101 0.08455703 0.12589445 0.14463467 0.24088519 0.10374288 0.05625693 0.051751811 0.038400934 0.030654345 0.029493678 0.020154619 0.010908591 0.004107644 0.006000252 0.002729855 0.0104144388 0.0090886799 2.901029e-03 8.395268e-03 2.408609e-03 1.602316e-03 7.820843e-04 6.967489e-04 1.889843e-03
   64    1      1      0    0      1      -1      -1  1000 0.022145899 0.10517554 0.13648567 0.11154064 0.14277449 0.17988934 0.09102103 0.029532018 0.040508898 0.039232637 0.015262107 0.021208424 0.016528506 0.004457128 0.006240418 0.005200155 0.0058927501 0.0067808485 3.384082e-03 2.440250e-03 4.051212e-03 5.429769e-03 2.009697e-03 3.073152e-05 2.777756e-03
   65    1      1      0    0      1      -1      -1  1000 0.010378953 0.23636868 0.12880898 0.10679559 0.08112961 0.09103385 0.12613146 0.055240854 0.024988575 0.035691026 0.021016228 0.010088526 0.020541769 0.015341098 0.005756497 0.002693571 0.0057060525 0.0025308560 6.620319e-03 2.417377e-03 3.299282e-03 1.669547e-03 1.377046e-04 1.088789e-03 4.524799e-03
   66    1      1      0    0      1      -1      -1  1000 0.035607905 0.08462069 0.25803460 0.09693424 0.06979114 0.07735287 0.09373823 0.111839615 0.049268541 0.018772451 0.017450466 0.020770667 0.011732277 0.009016848 0.015611291 0.004592264 0.0054460011 0.0043300419 3.318874e-03 3.016523e-03 5.102670e-03 6.844682e-04 9.095788e-04 1.385654e-04 1.919179e-03
   67    1      1      0    0      1      -1      -1  1000 0.020738540 0.25498449 0.11339129 0.18811854 0.07136083 0.04716393 0.03655320 0.044631247 0.085489596 0.030169030 0.016569075 0.014200629 0.013526321 0.013766079 0.009706612 0.016538855 0.0089492509 0.0018603789 1.712594e-03 5.146773e-03 6.892327e-04 7.806375e-04 7.758723e-04 1.736350e-03 1.440648e-03
   68    1      1      0    0      1      -1      -1  1000 0.019861133 0.12923754 0.32101199 0.08021749 0.12707827 0.05990968 0.04648944 0.041446184 0.031913484 0.062276084 0.028028771 0.010510612 0.009222299 0.009034420 0.005171537 0.004020487 0.0049902554 0.0013081075 2.476761e-03 1.229184e-03 5.122846e-04 1.159447e-03 2.022974e-04 1.179230e-03 1.513014e-03
   69    1      1      0    0      1      -1      -1  1000 0.006412681 0.14088748 0.19606010 0.24084799 0.06882820 0.10400739 0.04328377 0.018740207 0.044267077 0.029817860 0.042820781 0.019104876 0.007251451 0.007792215 0.007515351 0.003642861 0.0059930781 0.0040273531 1.077602e-03 2.444594e-03 2.824683e-04 3.239916e-04 2.947417e-03 4.608539e-05 1.577134e-03
   70    1      1      0    0      1      -1      -1  1000 0.025855122 0.04417811 0.22664062 0.15198821 0.21117120 0.05404117 0.09093650 0.031954232 0.018478983 0.022351406 0.032643196 0.032487445 0.020679385 0.004190690 0.005661965 0.004497660 0.0029025191 0.0045761914 3.127204e-03 3.150660e-04 7.064167e-04 3.370063e-03 9.074824e-04 5.616160e-04 5.777539e-03
   71    1      1      0    0      1      -1      -1  1000 0.026092733 0.20370330 0.05505750 0.15969924 0.11494439 0.16112141 0.03360436 0.072207404 0.027516869 0.023566169 0.024975783 0.022162376 0.018491301 0.018912574 0.002398145 0.007485187 0.0053679119 0.0012398105 5.301773e-03 6.245087e-03 5.075373e-04 3.021233e-03 3.392147e-03 3.269272e-04 2.658843e-03
   72    1      1      0    0      1      -1      -1  1000 0.007098350 0.17987826 0.26007222 0.03893372 0.12598932 0.09005432 0.11170215 0.024911981 0.051677243 0.019859771 0.010547113 0.012094252 0.013692832 0.017965226 0.011175450 0.003144195 0.0054643754 0.0062156201 1.750577e-03 3.032334e-04 3.481704e-03 4.575731e-04 4.732709e-04 4.239881e-04 2.633262e-03
   73    1      1      0    0      1      -1      -1  1000 0.023141147 0.08934790 0.28283317 0.20073311 0.02967078 0.08965684 0.05970876 0.080760241 0.017033799 0.039393595 0.021199395 0.004960737 0.010125145 0.011541034 0.015141835 0.003443367 0.0022421318 0.0025232834 3.663231e-03 1.207298e-03 2.893734e-03 6.316379e-04 1.773522e-05 9.218162e-06 8.120881e-03
   74    1      1      0    0      1      -1      -1  1000 0.025520734 0.17337340 0.14726255 0.22592458 0.13271022 0.02498355 0.05650933 0.042794705 0.060340660 0.018118542 0.029184985 0.010372407 0.008034579 0.002448544 0.010253323 0.010980542 0.0074311216 0.0032755250 2.260750e-03 5.730247e-04 6.506922e-04 1.438493e-03 2.029213e-04 2.841629e-03 2.513201e-03
   75    1      1      0    0      1      -1      -1  1000 0.019169037 0.23624238 0.18645227 0.08771727 0.12645643 0.11185918 0.01911380 0.045695387 0.028773612 0.062310339 0.009975634 0.024670291 0.005261020 0.009708036 0.002254541 0.002584674 0.0071669949 0.0059135817 9.946285e-04 7.632958e-04 2.375083e-03 9.918911e-05 1.743618e-03 1.927841e-04 2.506907e-03
   76    1      1      0    0      1      -1      -1  1000 0.018406434 0.16852636 0.26746528 0.12949642 0.05152996 0.11858224 0.07724442 0.009751646 0.039232652 0.019457476 0.039833216 0.006170664 0.018346224 0.008885397 0.008617135 0.000811759 0.0023197990 0.0086409861 7.782116e-04 2.190207e-03 1.657000e-03 1.388404e-03 3.672340e-06 1.891836e-04 4.752578e-04
   77    1      1      0    0      1      -1      -1  1000 0.021805464 0.18143619 0.19926451 0.19608156 0.10779625 0.04485839 0.07183565 0.051328046 0.009375791 0.025907658 0.022081529 0.027189715 0.005557568 0.013116155 0.002707118 0.002556344 0.0023578145 0.0051857911 6.514300e-03 8.035309e-04 2.074327e-04 2.651978e-04 5.513602e-04 9.509425e-04 2.657018e-04
   78    1      1      0    0      1      -1      -1  1000 0.011704832 0.15021884 0.20382740 0.17833973 0.13806124 0.08993774 0.03486327 0.050710523 0.051892856 0.008196676 0.017722386 0.015090029 0.020637385 0.003797230 0.008199521 0.005091701 0.0034473618 0.0026803909 7.924254e-04 1.869356e-03 1.814441e-04 8.928187e-05 7.538311e-05 6.907229e-04 1.882283e-03
   79    1      1      0    0      1      -1      -1  1000 0.011753968 0.10159189 0.20011789 0.15799355 0.14238750 0.12278100 0.06967472 0.032626972 0.036795952 0.043625590 0.005516692 0.026476909 0.010285189 0.015232732 0.006041897 0.004431375 0.0026418393 0.0004268365 8.395993e-04 2.797727e-03 3.328451e-03 5.402511e-04 4.819124e-04 6.062572e-05 1.548928e-03
   80    1      1      0    0      1      -1      -1  1000 0.028149860 0.08759867 0.16759858 0.15504388 0.13063669 0.10871014 0.09612704 0.065889948 0.023771406 0.040513075 0.027818374 0.005759942 0.015984623 0.012857265 0.017069639 0.002214071 0.0054322293 0.0014741729 1.914793e-03 1.053466e-03 1.072677e-03 2.930618e-03 7.878962e-05 3.062387e-05 2.694258e-04
   81    1      1      0    0      1      -1      -1  1000 0.011867726 0.16070411 0.13383230 0.11394989 0.13707241 0.11388235 0.08673827 0.084020485 0.037965797 0.015185568 0.035797123 0.020772813 0.008014907 0.009082094 0.004850970 0.010973816 0.0018261208 0.0078059438 4.180133e-04 6.979189e-04 6.850025e-04 1.004109e-03 2.041431e-03 4.692682e-06 8.061342e-04
   82    1      1      0    0      1      -1      -1  1000 0.010260480 0.12822165 0.18377535 0.10658526 0.09354533 0.12389455 0.08204546 0.069738173 0.067431054 0.036616999 0.018792699 0.026394594 0.019069378 0.001544762 0.010035904 0.005785198 0.0054768828 0.0012188297 1.820617e-03 1.045496e-03 5.167493e-04 1.751975e-03 1.637541e-03 6.399465e-04 2.155122e-03
   83    1      1      0    0      1      -1      -1  1000 0.019103937 0.09641710 0.20464544 0.15539811 0.06359241 0.07795485 0.08649382 0.084519328 0.047958510 0.056355216 0.023903318 0.016071558 0.018056700 0.010888918 0.004478694 0.007913371 0.0077317883 0.0082156920 1.983316e-03 2.831813e-03 3.493750e-04 5.345106e-04 1.702435e-03 1.537576e-04 2.746039e-03
   84    1      1      0    0      1      -1      -1  1000 0.024899325 0.17387960 0.12722912 0.13384306 0.12528928 0.07613569 0.04840023 0.067548567 0.059568094 0.041895035 0.032938282 0.022632950 0.005283076 0.015786066 0.014541865 0.002089503 0.0088829093 0.0043458941 4.087398e-03 6.030631e-04 3.725424e-03 4.699201e-05 2.232788e-03 1.034083e-03 3.081708e-03
   85    1      1      0    0      1      -1      -1  1000 0.034919178 0.18676241 0.20883203 0.07710506 0.09110863 0.09337423 0.04260502 0.045610929 0.052640586 0.039749331 0.038381087 0.025190627 0.014094930 0.012405149 0.016903856 0.006141300 0.0010669149 0.0018249065 4.340440e-04 6.844565e-03 5.650240e-04 1.995880e-03 4.379452e-04 5.809779e-05 9.482754e-04
   86    1      1      0    0      1      -1      -1  1000 0.018618729 0.27994608 0.20240317 0.13272666 0.04340472 0.06599208 0.05578098 0.030044139 0.033726528 0.020986433 0.034571837 0.019230163 0.019156589 0.008849912 0.009095540 0.008687583 0.0053651524 0.0002577638 3.416394e-03 1.839790e-03 2.928164e-03 8.039429e-04 1.582550e-04 4.872546e-04 1.522141e-03
   87    1      1      0    0      1      -1      -1  1000 0.009420916 0.18917485 0.29189562 0.15503325 0.09386692 0.03188721 0.04200912 0.056124139 0.019038468 0.020869663 0.019447870 0.018441114 0.012217419 0.015265605 0.007309117 0.005219955 0.0038898717 0.0029432113 4.320881e-06 1.138717e-03 1.909011e-03 5.799030e-04 6.737292e-04 9.527981e-04 6.872101e-04
   88    1      1      0    0      1      -1      -1  1000 0.018314163 0.11278236 0.23272712 0.24448579 0.10105949 0.07511383 0.03036982 0.040288016 0.040479475 0.016905627 0.019701599 0.017837460 0.012035371 0.009965229 0.011899643 0.005089621 0.0033440122 0.0017392410 2.590599e-03 4.474098e-05 1.574571e-03 5.420120e-04 3.603649e-04 2.618614e-04 4.879840e-04
   89    1      1      0    0      1      -1      -1  1000 0.012313113 0.20311396 0.14852957 0.17976675 0.16702444 0.07085808 0.05707290 0.012607803 0.026458502 0.018410773 0.015862061 0.011074907 0.021565328 0.020535341 0.006236266 0.012043842 0.0017635557 0.0036269268 1.648813e-03 4.900219e-03 9.076649e-04 1.297186e-03 8.850299e-04 3.043756e-04 1.192600e-03
   90    1      1      0    0      1      -1      -1  1000 0.018550579 0.13574188 0.25625313 0.09577203 0.12053489 0.15033689 0.06342118 0.041511597 0.011796518 0.024919292 0.020652638 0.006918490 0.010035178 0.013881671 0.008287364 0.006863459 0.0079266856 0.0013743327 2.548325e-04 2.485688e-03 1.205872e-03 3.242054e-04 1.439319e-04 6.139596e-05 7.462581e-04
   91    1      1      0    0      1      -1      -1  1000 0.015979343 0.18826448 0.15973782 0.19169537 0.06682524 0.10603872 0.09999134 0.050856117 0.026897448 0.009574897 0.016600502 0.013910538 0.004855053 0.005659273 0.013000253 0.009568230 0.0064444662 0.0050750555 4.607849e-03 7.605590e-04 4.641282e-04 1.836100e-03 5.642088e-04 1.746194e-05 7.755375e-04
   92    1      1      0    0      1      -1      -1  1000 0.005388935 0.15344036 0.25452338 0.11892318 0.13403067 0.06610734 0.07377376 0.071106418 0.034224073 0.023386994 0.008789278 0.014377814 0.009543474 0.002762015 0.006941185 0.008061056 0.0031947083 0.0015883331 3.649264e-03 1.833028e-03 3.524462e-04 6.610972e-04 3.213085e-04 5.664496e-04 2.453431e-03
   93    1      1      0    0      1      -1      -1  1000 0.029014531 0.10028479 0.22458951 0.18960200 0.07525683 0.11240562 0.04306319 0.056684346 0.072197722 0.022277998 0.017976619 0.016411853 0.008677613 0.007104447 0.001480206 0.002613939 0.0036361002 0.0048149300 3.032389e-03 1.695426e-04 3.579428e-03 3.554625e-04 1.314059e-03 8.797736e-04 2.577107e-03
   94    1      1      0    0      1      -1      -1  1000 0.013870772 0.27231251 0.13250313 0.14257564 0.11087332 0.07346561 0.07842089 0.028689993 0.037572393 0.046111720 0.014305366 0.010309240 0.007746401 0.007263309 0.003970504 0.004082824 0.0033380405 0.0045423722 2.520894e-03 4.147020e-03 2.199964e-04 9.362263e-04 3.971225e-05 9.131254e-05 9.081139e-05
   95    1      1      0    0      1      -1      -1  1000 0.020554712 0.14220690 0.29640360 0.08308014 0.10715819 0.09755092 0.04378001 0.061008445 0.028863582 0.032823361 0.028171939 0.019979960 0.012870377 0.004008114 0.004642576 0.005777394 0.0020671722 0.0010249874 9.391122e-04 1.179887e-03 6.813686e-04 1.088872e-03 1.396005e-04 3.186401e-04 3.680135e-03
   96    1      1      0    0      1      -1      -1  1000 0.006809573 0.13994508 0.17492391 0.23989416 0.06050626 0.08871180 0.06995250 0.043156502 0.055145359 0.019234688 0.031565276 0.031674270 0.006587097 0.008410307 0.004422495 0.002399710 0.0051212007 0.0036007924 6.651411e-04 1.595648e-03 6.809807e-04 2.731638e-04 5.905643e-04 2.121471e-04 3.921382e-03
   97    1      1      0    0      1      -1      -1  1000 0.014732455 0.08502436 0.19916319 0.15703331 0.20933777 0.06661417 0.07141048 0.055461239 0.022014024 0.039032903 0.015748563 0.018366078 0.017732841 0.009226638 0.005413202 0.002183236 0.0042927188 0.0003916695 4.454557e-04 2.625214e-03 8.385795e-04 3.797508e-04 5.857878e-04 3.285009e-04 1.617868e-03
   98    1      1      0    0      1      -1      -1  1000 0.013470607 0.08872285 0.12860042 0.15421617 0.14887481 0.18426812 0.04485432 0.066033526 0.050587697 0.021457705 0.033867384 0.014211530 0.015958442 0.017019010 0.004419077 0.002898521 0.0021436262 0.0019217441 1.897913e-03 3.894912e-04 1.262355e-03 1.874138e-03 3.557459e-04 1.982146e-04 4.965861e-04
   99    1      1      0    0      1      -1      -1  1000 0.014435300 0.14260960 0.11424326 0.08755782 0.16050358 0.10958939 0.15077450 0.033125645 0.040717744 0.035381716 0.021253697 0.027316420 0.015268608 0.009492755 0.014559248 0.003416687 0.0085999327 0.0034118489 1.802361e-03 8.076757e-04 1.289192e-03 5.412069e-04 2.224115e-04 9.911385e-04 2.088258e-03
  100    1      1      0    0      1      -1      -1  1000 0.025665106 0.14029616 0.20584516 0.08768687 0.07798140 0.09704463 0.08331408 0.107708780 0.027968712 0.031616333 0.025134920 0.012811170 0.024671985 0.009564421 0.011599253 0.010761968 0.0065431309 0.0029111194 1.526750e-03 1.037335e-03 3.557965e-03 5.687990e-05 2.257928e-04 1.195806e-03 3.274259e-03
    2    1      2      0    0      1      -1      -1  1000 0.039000000 0.16100000 0.15000000 0.12600000 0.09800000 0.07300000 0.06700000 0.060000000 0.041000000 0.038000000 0.027000000 0.026000000 0.013000000 0.018000000 0.010000000 0.010000000 0.0100000000 0.0070000000 7.000000e-03 1.000000e-03 5.000000e-03 3.000000e-03 3.000000e-03 2.000000e-03 5.000000e-03
    3    1      2      0    0      1      -1      -1  1000 0.037000000 0.19200000 0.15200000 0.09600000 0.10200000 0.09100000 0.05700000 0.039000000 0.026000000 0.038000000 0.026000000 0.026000000 0.021000000 0.017000000 0.009000000 0.009000000 0.0200000000 0.0090000000 7.000000e-03 4.000000e-03 8.000000e-03 4.000000e-03 0.000000e+00 2.000000e-03 8.000000e-03
    4    1      2      0    0      1      -1      -1  1000 0.081000000 0.11600000 0.18400000 0.10900000 0.09700000 0.08100000 0.06300000 0.050000000 0.038000000 0.035000000 0.031000000 0.025000000 0.012000000 0.013000000 0.007000000 0.009000000 0.0080000000 0.0050000000 9.000000e-03 9.000000e-03 1.000000e-03 3.000000e-03 0.000000e+00 0.000000e+00 1.400000e-02
    5    1      2      0    0      1      -1      -1  1000 0.020000000 0.32100000 0.10300000 0.12100000 0.07800000 0.06700000 0.06300000 0.045000000 0.032000000 0.016000000 0.027000000 0.020000000 0.020000000 0.012000000 0.007000000 0.006000000 0.0060000000 0.0090000000 4.000000e-03 4.000000e-03 2.000000e-03 2.000000e-03 4.000000e-03 4.000000e-03 7.000000e-03
    6    1      2      0    0      1      -1      -1  1000 0.020000000 0.12100000 0.30800000 0.07600000 0.13000000 0.05400000 0.03900000 0.050000000 0.046000000 0.036000000 0.025000000 0.019000000 0.012000000 0.018000000 0.007000000 0.010000000 0.0050000000 0.0050000000 2.000000e-03 4.000000e-03 2.000000e-03 1.000000e-03 2.000000e-03 1.000000e-03 7.000000e-03
    7    1      2      0    0      1      -1      -1  1000 0.024000000 0.10700000 0.11400000 0.28000000 0.06200000 0.10400000 0.05300000 0.059000000 0.042000000 0.023000000 0.017000000 0.017000000 0.028000000 0.012000000 0.014000000 0.005000000 0.0060000000 0.0060000000 3.000000e-03 1.000000e-03 3.000000e-03 2.000000e-03 1.000000e-03 5.000000e-03 1.200000e-02
    8    1      2      0    0      1      -1      -1  1000 0.010000000 0.16400000 0.08700000 0.12100000 0.23500000 0.05100000 0.07500000 0.042000000 0.042000000 0.031000000 0.037000000 0.008000000 0.011000000 0.011000000 0.011000000 0.012000000 0.0110000000 0.0020000000 7.000000e-03 1.000000e-02 2.000000e-03 4.000000e-03 5.000000e-03 2.000000e-03 9.000000e-03
    9    1      2      0    0      1      -1      -1  1000 0.012000000 0.08100000 0.15900000 0.07800000 0.10700000 0.19800000 0.04900000 0.077000000 0.036000000 0.037000000 0.037000000 0.029000000 0.025000000 0.017000000 0.011000000 0.010000000 0.0090000000 0.0050000000 2.000000e-03 4.000000e-03 3.000000e-03 7.000000e-03 1.000000e-03 1.000000e-03 5.000000e-03
   10    1      2      0    0      1      -1      -1  1000 0.019000000 0.08600000 0.09500000 0.15200000 0.06500000 0.07600000 0.20000000 0.045000000 0.058000000 0.036000000 0.023000000 0.031000000 0.022000000 0.016000000 0.011000000 0.009000000 0.0070000000 0.0070000000 5.000000e-03 3.000000e-03 7.000000e-03 5.000000e-03 1.000000e-03 4.000000e-03 1.700000e-02
   11    1      2      0    0      1      -1      -1  1000 0.033000000 0.12900000 0.08900000 0.06600000 0.11800000 0.06000000 0.06300000 0.146000000 0.034000000 0.061000000 0.027000000 0.037000000 0.024000000 0.024000000 0.017000000 0.011000000 0.0110000000 0.0060000000 3.000000e-03 7.000000e-03 7.000000e-03 5.000000e-03 4.000000e-03 4.000000e-03 1.400000e-02
   12    1      2      0    0      1      -1      -1  1000 0.017000000 0.13600000 0.14500000 0.06400000 0.05900000 0.09100000 0.06500000 0.054000000 0.130000000 0.024000000 0.045000000 0.030000000 0.023000000 0.027000000 0.013000000 0.015000000 0.0120000000 0.0090000000 8.000000e-03 3.000000e-03 8.000000e-03 3.000000e-03 0.000000e+00 3.000000e-03 1.600000e-02
   13    1      2      0    0      1      -1      -1  1000 0.025000000 0.07300000 0.14300000 0.09400000 0.08100000 0.06800000 0.09500000 0.046000000 0.049000000 0.107000000 0.030000000 0.047000000 0.030000000 0.019000000 0.014000000 0.008000000 0.0180000000 0.0070000000 8.000000e-03 5.000000e-03 6.000000e-03 8.000000e-03 3.000000e-03 2.000000e-03 1.400000e-02
   14    1      2      0    0      1      -1      -1  1000 0.029000000 0.12400000 0.08600000 0.10900000 0.09600000 0.06100000 0.04500000 0.071000000 0.042000000 0.069000000 0.092000000 0.023000000 0.034000000 0.019000000 0.018000000 0.011000000 0.0120000000 0.0140000000 7.000000e-03 9.000000e-03 7.000000e-03 2.000000e-03 4.000000e-03 3.000000e-03 1.300000e-02
   15    1      2      0    0      1      -1      -1  1000 0.067000000 0.10200000 0.12500000 0.05100000 0.09400000 0.08300000 0.05300000 0.039000000 0.067000000 0.024000000 0.051000000 0.076000000 0.017000000 0.031000000 0.022000000 0.020000000 0.0140000000 0.0120000000 1.000000e-02 8.000000e-03 7.000000e-03 4.000000e-03 5.000000e-03 6.000000e-03 1.200000e-02
   16    1      2      0    0      1      -1      -1  1000 0.036000000 0.30900000 0.09200000 0.08300000 0.03900000 0.05700000 0.05600000 0.033000000 0.027000000 0.044000000 0.022000000 0.033000000 0.057000000 0.013000000 0.030000000 0.012000000 0.0080000000 0.0140000000 7.000000e-03 3.000000e-03 5.000000e-03 5.000000e-03 2.000000e-03 3.000000e-03 1.000000e-02
   17    1      2      0    0      1      -1      -1  1000 0.034000000 0.15800000 0.28400000 0.07900000 0.05900000 0.03300000 0.04700000 0.056000000 0.032000000 0.019000000 0.035000000 0.012000000 0.019000000 0.043000000 0.012000000 0.021000000 0.0130000000 0.0100000000 8.000000e-03 8.000000e-03 2.000000e-03 4.000000e-03 2.000000e-03 2.000000e-03 8.000000e-03
   18    1      2      0    0      1      -1      -1  1000 0.061000000 0.20900000 0.13200000 0.20400000 0.05400000 0.04900000 0.02400000 0.041000000 0.040000000 0.015000000 0.015000000 0.025000000 0.011000000 0.015000000 0.038000000 0.019000000 0.0100000000 0.0080000000 6.000000e-03 5.000000e-03 7.000000e-03 3.000000e-03 2.000000e-03 2.000000e-03 5.000000e-03
   19    1      2      0    0      1      -1      -1  1000 0.043000000 0.24100000 0.17500000 0.10100000 0.15400000 0.03600000 0.03300000 0.021000000 0.031000000 0.020000000 0.010000000 0.012000000 0.019000000 0.006000000 0.017000000 0.027000000 0.0100000000 0.0110000000 5.000000e-03 7.000000e-03 4.000000e-03 4.000000e-03 3.000000e-03 2.000000e-03 8.000000e-03
   20    1      2      0    0      1      -1      -1  1000 0.027000000 0.18900000 0.23900000 0.12200000 0.07200000 0.13100000 0.02300000 0.031000000 0.012000000 0.030000000 0.021000000 0.009000000 0.008000000 0.012000000 0.008000000 0.009000000 0.0130000000 0.0030000000 9.000000e-03 1.000000e-02 5.000000e-03 4.000000e-03 3.000000e-03 0.000000e+00 1.000000e-02
   21    1      2      0    0      1      -1      -1  1000 0.034000000 0.16100000 0.17500000 0.19500000 0.09600000 0.07000000 0.10300000 0.027000000 0.025000000 0.011000000 0.012000000 0.015000000 0.010000000 0.006000000 0.009000000 0.003000000 0.0030000000 0.0140000000 4.000000e-03 7.000000e-03 5.000000e-03 1.000000e-03 2.000000e-03 2.000000e-03 1.000000e-02
   22    1      2      0    0      1      -1      -1  1000 0.025000000 0.12400000 0.14000000 0.13700000 0.17800000 0.10100000 0.05300000 0.096000000 0.021000000 0.013000000 0.008000000 0.021000000 0.013000000 0.006000000 0.006000000 0.010000000 0.0080000000 0.0070000000 5.000000e-03 5.000000e-03 5.000000e-03 3.000000e-03 6.000000e-03 0.000000e+00 9.000000e-03
   23    1      2      0    0      1      -1      -1  1000 0.023000000 0.10200000 0.10900000 0.16000000 0.13100000 0.15600000 0.09000000 0.043000000 0.065000000 0.015000000 0.014000000 0.010000000 0.015000000 0.009000000 0.013000000 0.003000000 0.0050000000 0.0050000000 0.000000e+00 1.000000e-02 5.000000e-03 5.000000e-03 0.000000e+00 1.000000e-03 1.100000e-02
   24    1      2      0    0      1      -1      -1  1000 0.055000000 0.15000000 0.07100000 0.09600000 0.12700000 0.09100000 0.13900000 0.071000000 0.042000000 0.063000000 0.012000000 0.008000000 0.007000000 0.010000000 0.007000000 0.012000000 0.0020000000 0.0090000000 3.000000e-03 2.000000e-03 1.000000e-02 1.000000e-03 1.000000e-03 3.000000e-03 8.000000e-03
   25    1      2      0    0      1      -1      -1  1000 0.041000000 0.22900000 0.14100000 0.06900000 0.06900000 0.09200000 0.06600000 0.091000000 0.049000000 0.028000000 0.050000000 0.014000000 0.009000000 0.004000000 0.006000000 0.009000000 0.0030000000 0.0060000000 3.000000e-03 3.000000e-03 2.000000e-03 5.000000e-03 1.000000e-03 2.000000e-03 8.000000e-03
   26    1      2      0    0      1      -1      -1  1000 0.029000000 0.18000000 0.22400000 0.10900000 0.05100000 0.06600000 0.05700000 0.056000000 0.080000000 0.035000000 0.016000000 0.031000000 0.011000000 0.008000000 0.005000000 0.003000000 0.0040000000 0.0070000000 2.000000e-03 3.000000e-03 0.000000e+00 5.000000e-03 7.000000e-03 2.000000e-03 9.000000e-03
   27    1      2      0    0      1      -1      -1  1000 0.013000000 0.17100000 0.19400000 0.16500000 0.09200000 0.04200000 0.05300000 0.040000000 0.043000000 0.060000000 0.037000000 0.014000000 0.031000000 0.009000000 0.005000000 0.000000000 0.0050000000 0.0010000000 2.000000e-03 2.000000e-03 3.000000e-03 1.000000e-03 1.000000e-03 7.000000e-03 9.000000e-03
   28    1      2      0    0      1      -1      -1  1000 0.051000000 0.07200000 0.17400000 0.16100000 0.12700000 0.07500000 0.04600000 0.047000000 0.046000000 0.037000000 0.055000000 0.032000000 0.021000000 0.022000000 0.007000000 0.004000000 0.0040000000 0.0030000000 4.000000e-03 2.000000e-03 1.000000e-03 2.000000e-03 0.000000e+00 0.000000e+00 7.000000e-03
   29    1      2      0    0      1      -1      -1  1000 0.028000000 0.26600000 0.06100000 0.13200000 0.11200000 0.11200000 0.05000000 0.030000000 0.029000000 0.037000000 0.035000000 0.030000000 0.022000000 0.014000000 0.015000000 0.003000000 0.0060000000 0.0000000000 3.000000e-03 2.000000e-03 1.000000e-03 0.000000e+00 7.000000e-03 0.000000e+00 5.000000e-03
   30    1      2      0    0      1      -1      -1  1000 0.028000000 0.11100000 0.24600000 0.06300000 0.12400000 0.08800000 0.08400000 0.047000000 0.022000000 0.013000000 0.045000000 0.027000000 0.024000000 0.017000000 0.017000000 0.017000000 0.0040000000 0.0000000000 4.000000e-03 2.000000e-03 5.000000e-03 1.000000e-03 2.000000e-03 0.000000e+00 9.000000e-03
   31    1      2      0    0      1      -1      -1  1000 0.030000000 0.17700000 0.11100000 0.18500000 0.05000000 0.08800000 0.08000000 0.076000000 0.050000000 0.014000000 0.021000000 0.018000000 0.021000000 0.022000000 0.011000000 0.006000000 0.0160000000 0.0010000000 2.000000e-03 1.000000e-03 4.000000e-03 2.000000e-03 1.000000e-03 0.000000e+00 1.300000e-02
   32    1      2      0    0      1      -1      -1  1000 0.026000000 0.14300000 0.14500000 0.08700000 0.16200000 0.03800000 0.08500000 0.081000000 0.060000000 0.041000000 0.013000000 0.013000000 0.022000000 0.018000000 0.019000000 0.012000000 0.0080000000 0.0120000000 1.000000e-03 2.000000e-03 2.000000e-03 4.000000e-03 1.000000e-03 0.000000e+00 5.000000e-03
   33    1      2      0    0      1      -1      -1  1000 0.028000000 0.16500000 0.14300000 0.12600000 0.08500000 0.11900000 0.02700000 0.066000000 0.052000000 0.046000000 0.028000000 0.014000000 0.018000000 0.017000000 0.015000000 0.017000000 0.0090000000 0.0080000000 9.000000e-03 2.000000e-03 0.000000e+00 1.000000e-03 1.000000e-03 0.000000e+00 4.000000e-03
   34    1      2      0    0      1      -1      -1  1000 0.071000000 0.12900000 0.15600000 0.08900000 0.09400000 0.07900000 0.11400000 0.020000000 0.041000000 0.042000000 0.043000000 0.021000000 0.017000000 0.013000000 0.009000000 0.010000000 0.0190000000 0.0080000000 6.000000e-03 9.000000e-03 0.000000e+00 2.000000e-03 2.000000e-03 1.000000e-03 5.000000e-03
   35    1      2      0    0      1      -1      -1  1000 0.047000000 0.33100000 0.11100000 0.09400000 0.05400000 0.08100000 0.03700000 0.065000000 0.015000000 0.025000000 0.031000000 0.023000000 0.016000000 0.004000000 0.007000000 0.011000000 0.0080000000 0.0150000000 5.000000e-03 2.000000e-03 5.000000e-03 2.000000e-03 2.000000e-03 3.000000e-03 6.000000e-03
   36    1      2      0    0      1      -1      -1  1000 0.032000000 0.24800000 0.27500000 0.07900000 0.06400000 0.05500000 0.05100000 0.034000000 0.048000000 0.011000000 0.028000000 0.015000000 0.017000000 0.009000000 0.001000000 0.007000000 0.0040000000 0.0040000000 9.000000e-03 4.000000e-03 1.000000e-03 2.000000e-03 0.000000e+00 0.000000e+00 2.000000e-03
   37    1      2      0    0      1      -1      -1  1000 0.029000000 0.13500000 0.23000000 0.20900000 0.07700000 0.06800000 0.04000000 0.045000000 0.022000000 0.047000000 0.010000000 0.015000000 0.013000000 0.013000000 0.010000000 0.003000000 0.0050000000 0.0030000000 5.000000e-03 8.000000e-03 4.000000e-03 3.000000e-03 4.000000e-03 1.000000e-03 1.000000e-03
   38    1      2      0    0      1      -1      -1  1000 0.036000000 0.12600000 0.14500000 0.18500000 0.18000000 0.06100000 0.04500000 0.046000000 0.032000000 0.011000000 0.025000000 0.005000000 0.029000000 0.014000000 0.014000000 0.005000000 0.0030000000 0.0020000000 1.000000e-02 6.000000e-03 5.000000e-03 6.000000e-03 3.000000e-03 3.000000e-03 3.000000e-03
   39    1      2      0    0      1      -1      -1  1000 0.055000000 0.19800000 0.10800000 0.11800000 0.15000000 0.14300000 0.04600000 0.045000000 0.019000000 0.025000000 0.011000000 0.019000000 0.006000000 0.008000000 0.010000000 0.008000000 0.0050000000 0.0020000000 3.000000e-03 6.000000e-03 0.000000e+00 2.000000e-03 4.000000e-03 1.000000e-03 8.000000e-03
   40    1      2      0    0      1      -1      -1  1000 0.025000000 0.24800000 0.15500000 0.07200000 0.08900000 0.12500000 0.12600000 0.026000000 0.027000000 0.015000000 0.017000000 0.017000000 0.025000000 0.002000000 0.004000000 0.005000000 0.0050000000 0.0040000000 2.000000e-03 2.000000e-03 0.000000e+00 2.000000e-03 0.000000e+00 1.000000e-03 6.000000e-03
   41    1      2      0    0      1      -1      -1  1000 0.034000000 0.16300000 0.20800000 0.14900000 0.05100000 0.07900000 0.07600000 0.085000000 0.033000000 0.025000000 0.022000000 0.016000000 0.006000000 0.014000000 0.003000000 0.009000000 0.0070000000 0.0030000000 3.000000e-03 3.000000e-03 1.000000e-03 0.000000e+00 1.000000e-03 3.000000e-03 6.000000e-03
   42    1      2      0    0      1      -1      -1  1000 0.038000000 0.19700000 0.14100000 0.15900000 0.10100000 0.05000000 0.05600000 0.054000000 0.085000000 0.020000000 0.019000000 0.017000000 0.017000000 0.008000000 0.011000000 0.006000000 0.0030000000 0.0030000000 2.000000e-03 5.000000e-03 2.000000e-03 1.000000e-03 0.000000e+00 0.000000e+00 5.000000e-03
   43    1      2      0    0      1      -1      -1  1000 0.045000000 0.19000000 0.19500000 0.08300000 0.14100000 0.08200000 0.02900000 0.044000000 0.048000000 0.058000000 0.026000000 0.004000000 0.015000000 0.009000000 0.003000000 0.007000000 0.0040000000 0.0000000000 4.000000e-03 2.000000e-03 3.000000e-03 1.000000e-03 1.000000e-03 1.000000e-03 5.000000e-03
   44    1      2      0    0      1      -1      -1  1000 0.054000000 0.18400000 0.21200000 0.14200000 0.08000000 0.08300000 0.05600000 0.031000000 0.032000000 0.039000000 0.028000000 0.004000000 0.013000000 0.011000000 0.007000000 0.003000000 0.0040000000 0.0020000000 3.000000e-03 2.000000e-03 3.000000e-03 0.000000e+00 0.000000e+00 1.000000e-03 6.000000e-03
   45    1      2      0    0      1      -1      -1  1000 0.055000000 0.20900000 0.14200000 0.14100000 0.09800000 0.06300000 0.07800000 0.039000000 0.017000000 0.027000000 0.039000000 0.031000000 0.018000000 0.007000000 0.005000000 0.008000000 0.0000000000 0.0030000000 1.000000e-03 5.000000e-03 4.000000e-03 2.000000e-03 5.000000e-03 0.000000e+00 3.000000e-03
   46    1      2      0    0      1      -1      -1  1000 0.035000000 0.26200000 0.17200000 0.12900000 0.09100000 0.07300000 0.03600000 0.060000000 0.040000000 0.015000000 0.011000000 0.025000000 0.016000000 0.008000000 0.002000000 0.006000000 0.0010000000 0.0010000000 5.000000e-03 0.000000e+00 0.000000e+00 5.000000e-03 1.000000e-03 0.000000e+00 6.000000e-03
   47    1      2      0    0      1      -1      -1  1000 0.058000000 0.17900000 0.23400000 0.12200000 0.09400000 0.06200000 0.05700000 0.029000000 0.042000000 0.031000000 0.019000000 0.016000000 0.018000000 0.016000000 0.004000000 0.004000000 0.0020000000 0.0040000000 0.000000e+00 4.000000e-03 1.000000e-03 0.000000e+00 1.000000e-03 0.000000e+00 3.000000e-03
   48    1      2      0    0      1      -1      -1  1000 0.045000000 0.25200000 0.13800000 0.17300000 0.11100000 0.07200000 0.04800000 0.036000000 0.020000000 0.027000000 0.019000000 0.009000000 0.013000000 0.011000000 0.015000000 0.000000000 0.0050000000 0.0010000000 1.000000e-03 1.000000e-03 0.000000e+00 0.000000e+00 1.000000e-03 0.000000e+00 2.000000e-03
   49    1      2      0    0      1      -1      -1  1000 0.020000000 0.20500000 0.22000000 0.09900000 0.14000000 0.07600000 0.04700000 0.041000000 0.041000000 0.020000000 0.028000000 0.018000000 0.005000000 0.008000000 0.004000000 0.010000000 0.0050000000 0.0020000000 0.000000e+00 1.000000e-03 0.000000e+00 3.000000e-03 1.000000e-03 1.000000e-03 5.000000e-03
   50    1      2      0    0      1      -1      -1  1000 0.013000000 0.12000000 0.20600000 0.19800000 0.09100000 0.12300000 0.06500000 0.037000000 0.023000000 0.025000000 0.016000000 0.020000000 0.012000000 0.005000000 0.005000000 0.010000000 0.0100000000 0.0050000000 2.000000e-03 1.000000e-03 1.000000e-03 2.000000e-03 6.000000e-03 1.000000e-03 3.000000e-03
   51    1      2      0    0      1      -1      -1  1000 0.037000000 0.11800000 0.11500000 0.16700000 0.18700000 0.09600000 0.08500000 0.048000000 0.037000000 0.024000000 0.019000000 0.009000000 0.020000000 0.012000000 0.002000000 0.005000000 0.0070000000 0.0040000000 1.000000e-03 1.000000e-03 0.000000e+00 0.000000e+00 1.000000e-03 2.000000e-03 3.000000e-03
   52    1      2      0    0      1      -1      -1  1000 0.064000000 0.12900000 0.08700000 0.09800000 0.15900000 0.13500000 0.06200000 0.074000000 0.049000000 0.029000000 0.033000000 0.021000000 0.006000000 0.015000000 0.008000000 0.005000000 0.0040000000 0.0050000000 4.000000e-03 1.000000e-03 2.000000e-03 1.000000e-03 1.000000e-03 0.000000e+00 8.000000e-03
   53    1      2      0    0      1      -1      -1  1000 0.042000000 0.25600000 0.12600000 0.06600000 0.06700000 0.10400000 0.10800000 0.049000000 0.052000000 0.031000000 0.016000000 0.019000000 0.009000000 0.011000000 0.011000000 0.006000000 0.0030000000 0.0020000000 1.200000e-02 1.000000e-03 2.000000e-03 2.000000e-03 4.000000e-03 0.000000e+00 1.000000e-03
   54    1      2      0    0      1      -1      -1  1000 0.040000000 0.20800000 0.23900000 0.09100000 0.05200000 0.05500000 0.07100000 0.068000000 0.041000000 0.046000000 0.022000000 0.016000000 0.010000000 0.012000000 0.009000000 0.006000000 0.0050000000 0.0010000000 1.000000e-03 2.000000e-03 3.000000e-03 0.000000e+00 0.000000e+00 0.000000e+00 2.000000e-03
   55    1      2      0    0      1      -1      -1  1000 0.036000000 0.15200000 0.20200000 0.18500000 0.06800000 0.04800000 0.04000000 0.058000000 0.056000000 0.033000000 0.044000000 0.012000000 0.012000000 0.013000000 0.009000000 0.008000000 0.0050000000 0.0050000000 1.000000e-03 3.000000e-03 3.000000e-03 2.000000e-03 0.000000e+00 0.000000e+00 5.000000e-03
   56    1      2      0    0      1      -1      -1  1000 0.038000000 0.22200000 0.12900000 0.13400000 0.14200000 0.05600000 0.03400000 0.028000000 0.063000000 0.044000000 0.024000000 0.025000000 0.012000000 0.008000000 0.009000000 0.007000000 0.0030000000 0.0080000000 6.000000e-03 1.000000e-03 0.000000e+00 5.000000e-03 0.000000e+00 1.000000e-03 1.000000e-03
   57    1      2      0    0      1      -1      -1  1000 0.023000000 0.20300000 0.17500000 0.10200000 0.11900000 0.11800000 0.05200000 0.030000000 0.021000000 0.048000000 0.030000000 0.014000000 0.015000000 0.014000000 0.006000000 0.004000000 0.0030000000 0.0040000000 7.000000e-03 6.000000e-03 0.000000e+00 0.000000e+00 2.000000e-03 2.000000e-03 2.000000e-03
   58    1      2      0    0      1      -1      -1  1000 0.048000000 0.12600000 0.18700000 0.12600000 0.09500000 0.11300000 0.09600000 0.026000000 0.033000000 0.021000000 0.032000000 0.027000000 0.017000000 0.020000000 0.003000000 0.004000000 0.0040000000 0.0070000000 1.000000e-03 3.000000e-03 1.000000e-03 0.000000e+00 2.000000e-03 3.000000e-03 5.000000e-03
   59    1      2      0    0      1      -1      -1  1000 0.070000000 0.20300000 0.10400000 0.15500000 0.10400000 0.06100000 0.07400000 0.077000000 0.027000000 0.021000000 0.010000000 0.020000000 0.024000000 0.009000000 0.013000000 0.006000000 0.0040000000 0.0040000000 2.000000e-03 5.000000e-03 4.000000e-03 1.000000e-03 0.000000e+00 1.000000e-03 1.000000e-03
   60    1      2      0    0      1      -1      -1  1000 0.034000000 0.35300000 0.15700000 0.06300000 0.09300000 0.07600000 0.03300000 0.048000000 0.046000000 0.020000000 0.007000000 0.017000000 0.012000000 0.013000000 0.006000000 0.008000000 0.0070000000 0.0020000000 1.000000e-03 1.000000e-03 0.000000e+00 0.000000e+00 3.000000e-03 0.000000e+00 0.000000e+00
   61    1      2      0    0      1      -1      -1  1000 0.030000000 0.19700000 0.30400000 0.13200000 0.05700000 0.06100000 0.05000000 0.025000000 0.027000000 0.033000000 0.013000000 0.006000000 0.019000000 0.011000000 0.014000000 0.006000000 0.0040000000 0.0030000000 2.000000e-03 2.000000e-03 2.000000e-03 1.000000e-03 1.000000e-03 0.000000e+00 0.000000e+00
   62    1      2      0    0      1      -1      -1  1000 0.018000000 0.11800000 0.18200000 0.27700000 0.12500000 0.03600000 0.05500000 0.037000000 0.027000000 0.024000000 0.031000000 0.012000000 0.007000000 0.005000000 0.011000000 0.019000000 0.0030000000 0.0050000000 1.000000e-03 1.000000e-03 2.000000e-03 1.000000e-03 0.000000e+00 2.000000e-03 1.000000e-03
   63    1      2      0    0      1      -1      -1  1000 0.025000000 0.12400000 0.13000000 0.15500000 0.23100000 0.08700000 0.04400000 0.052000000 0.037000000 0.020000000 0.023000000 0.020000000 0.011000000 0.003000000 0.005000000 0.011000000 0.0050000000 0.0060000000 3.000000e-03 2.000000e-03 0.000000e+00 3.000000e-03 1.000000e-03 0.000000e+00 2.000000e-03
   64    1      2      0    0      1      -1      -1  1000 0.060000000 0.14900000 0.10900000 0.10800000 0.11700000 0.17400000 0.07300000 0.026000000 0.043000000 0.038000000 0.019000000 0.016000000 0.021000000 0.011000000 0.004000000 0.003000000 0.0050000000 0.0070000000 3.000000e-03 6.000000e-03 1.000000e-03 1.000000e-03 0.000000e+00 0.000000e+00 6.000000e-03
   65    1      2      0    0      1      -1      -1  1000 0.028000000 0.28200000 0.11500000 0.07200000 0.09000000 0.08600000 0.14100000 0.050000000 0.030000000 0.022000000 0.017000000 0.013000000 0.011000000 0.012000000 0.009000000 0.005000000 0.0020000000 0.0040000000 3.000000e-03 1.000000e-03 1.000000e-03 0.000000e+00 2.000000e-03 2.000000e-03 2.000000e-03
   66    1      2      0    0      1      -1      -1  1000 0.080000000 0.11600000 0.24600000 0.08000000 0.06700000 0.06000000 0.09000000 0.111000000 0.039000000 0.014000000 0.016000000 0.019000000 0.007000000 0.007000000 0.017000000 0.007000000 0.0050000000 0.0040000000 2.000000e-03 2.000000e-03 5.000000e-03 1.000000e-03 2.000000e-03 0.000000e+00 3.000000e-03
   67    1      2      0    0      1      -1      -1  1000 0.047000000 0.33600000 0.09600000 0.17800000 0.06700000 0.03100000 0.04000000 0.044000000 0.071000000 0.015000000 0.013000000 0.017000000 0.014000000 0.007000000 0.006000000 0.004000000 0.0020000000 0.0030000000 2.000000e-03 2.000000e-03 1.000000e-03 0.000000e+00 1.000000e-03 0.000000e+00 3.000000e-03
   68    1      2      0    0      1      -1      -1  1000 0.038000000 0.19700000 0.28500000 0.07800000 0.11200000 0.04800000 0.04100000 0.036000000 0.034000000 0.042000000 0.025000000 0.010000000 0.014000000 0.012000000 0.002000000 0.006000000 0.0050000000 0.0010000000 3.000000e-03 2.000000e-03 1.000000e-03 5.000000e-03 1.000000e-03 2.000000e-03 0.000000e+00
   69    1      2      0    0      1      -1      -1  1000 0.014000000 0.18500000 0.17500000 0.24700000 0.06500000 0.09800000 0.03300000 0.025000000 0.023000000 0.027000000 0.048000000 0.021000000 0.003000000 0.009000000 0.003000000 0.002000000 0.0060000000 0.0030000000 0.000000e+00 2.000000e-03 1.000000e-03 0.000000e+00 1.000000e-03 3.000000e-03 6.000000e-03
   70    1      2      0    0      1      -1      -1  1000 0.066000000 0.05500000 0.19800000 0.13600000 0.17800000 0.07200000 0.09500000 0.033000000 0.022000000 0.025000000 0.039000000 0.033000000 0.016000000 0.006000000 0.005000000 0.005000000 0.0070000000 0.0000000000 3.000000e-03 1.000000e-03 0.000000e+00 2.000000e-03 1.000000e-03 2.000000e-03 0.000000e+00
   71    1      2      0    0      1      -1      -1  1000 0.067000000 0.28300000 0.05900000 0.14700000 0.09000000 0.13900000 0.02800000 0.069000000 0.018000000 0.019000000 0.010000000 0.021000000 0.020000000 0.006000000 0.003000000 0.004000000 0.0060000000 0.0030000000 1.000000e-03 2.000000e-03 0.000000e+00 1.000000e-03 1.000000e-03 0.000000e+00 3.000000e-03
   72    1      2      0    0      1      -1      -1  1000 0.023000000 0.25200000 0.23500000 0.04100000 0.10500000 0.06900000 0.10200000 0.032000000 0.043000000 0.019000000 0.010000000 0.006000000 0.012000000 0.015000000 0.011000000 0.004000000 0.0070000000 0.0010000000 5.000000e-03 1.000000e-03 1.000000e-03 1.000000e-03 0.000000e+00 0.000000e+00 5.000000e-03
   73    1      2      0    0      1      -1      -1  1000 0.047000000 0.12800000 0.26300000 0.19200000 0.03000000 0.06500000 0.06000000 0.067000000 0.030000000 0.036000000 0.012000000 0.014000000 0.007000000 0.013000000 0.014000000 0.005000000 0.0020000000 0.0050000000 5.000000e-03 1.000000e-03 1.000000e-03 2.000000e-03 0.000000e+00 0.000000e+00 1.000000e-03
   74    1      2      0    0      1      -1      -1  1000 0.077000000 0.24500000 0.11200000 0.16300000 0.14100000 0.02900000 0.05600000 0.033000000 0.049000000 0.019000000 0.028000000 0.010000000 0.007000000 0.003000000 0.005000000 0.013000000 0.0050000000 0.0000000000 2.000000e-03 1.000000e-03 0.000000e+00 1.000000e-03 0.000000e+00 0.000000e+00 1.000000e-03
   75    1      2      0    0      1      -1      -1  1000 0.040000000 0.28100000 0.18200000 0.09000000 0.13100000 0.09200000 0.01700000 0.036000000 0.027000000 0.045000000 0.004000000 0.024000000 0.005000000 0.003000000 0.002000000 0.002000000 0.0100000000 0.0030000000 0.000000e+00 1.000000e-03 1.000000e-03 1.000000e-03 0.000000e+00 1.000000e-03 2.000000e-03
   76    1      2      0    0      1      -1      -1  1000 0.046000000 0.22100000 0.26000000 0.13000000 0.04900000 0.07300000 0.06500000 0.009000000 0.031000000 0.025000000 0.035000000 0.010000000 0.013000000 0.004000000 0.008000000 0.005000000 0.0030000000 0.0060000000 4.000000e-03 1.000000e-03 0.000000e+00 1.000000e-03 0.000000e+00 0.000000e+00 1.000000e-03
   77    1      2      0    0      1      -1      -1  1000 0.049000000 0.20200000 0.18300000 0.18100000 0.09400000 0.05100000 0.08300000 0.058000000 0.008000000 0.024000000 0.016000000 0.022000000 0.002000000 0.008000000 0.003000000 0.005000000 0.0030000000 0.0010000000 1.000000e-03 2.000000e-03 2.000000e-03 2.000000e-03 0.000000e+00 0.000000e+00 0.000000e+00
   78    1      2      0    0      1      -1      -1  1000 0.020000000 0.20800000 0.19200000 0.14300000 0.13600000 0.07400000 0.03300000 0.049000000 0.050000000 0.010000000 0.017000000 0.014000000 0.022000000 0.005000000 0.004000000 0.004000000 0.0040000000 0.0020000000 2.000000e-03 3.000000e-03 3.000000e-03 1.000000e-03 0.000000e+00 0.000000e+00 4.000000e-03
   79    1      2      0    0      1      -1      -1  1000 0.018000000 0.15600000 0.20600000 0.15100000 0.11700000 0.10100000 0.07500000 0.021000000 0.055000000 0.026000000 0.008000000 0.020000000 0.016000000 0.011000000 0.003000000 0.005000000 0.0030000000 0.0000000000 1.000000e-03 3.000000e-03 2.000000e-03 2.000000e-03 0.000000e+00 0.000000e+00 0.000000e+00
   80    1      2      0    0      1      -1      -1  1000 0.035000000 0.11200000 0.15400000 0.16400000 0.13600000 0.10300000 0.09600000 0.040000000 0.031000000 0.041000000 0.036000000 0.004000000 0.011000000 0.010000000 0.011000000 0.003000000 0.0040000000 0.0000000000 2.000000e-03 0.000000e+00 0.000000e+00 4.000000e-03 2.000000e-03 0.000000e+00 1.000000e-03
   81    1      2      0    0      1      -1      -1  1000 0.050000000 0.19500000 0.11000000 0.09600000 0.12300000 0.11900000 0.08600000 0.070000000 0.035000000 0.017000000 0.037000000 0.024000000 0.002000000 0.008000000 0.001000000 0.011000000 0.0030000000 0.0040000000 0.000000e+00 3.000000e-03 0.000000e+00 1.000000e-03 3.000000e-03 2.000000e-03 0.000000e+00
   82    1      2      0    0      1      -1      -1  1000 0.021000000 0.18400000 0.20000000 0.09900000 0.08800000 0.10200000 0.06700000 0.068000000 0.056000000 0.025000000 0.020000000 0.027000000 0.013000000 0.006000000 0.010000000 0.003000000 0.0040000000 0.0020000000 1.000000e-03 0.000000e+00 0.000000e+00 0.000000e+00 0.000000e+00 0.000000e+00 4.000000e-03
   83    1      2      0    0      1      -1      -1  1000 0.049000000 0.11300000 0.17200000 0.16600000 0.07400000 0.07900000 0.08600000 0.065000000 0.044000000 0.051000000 0.018000000 0.014000000 0.020000000 0.013000000 0.005000000 0.007000000 0.0050000000 0.0090000000 2.000000e-03 1.000000e-03 1.000000e-03 1.000000e-03 0.000000e+00 0.000000e+00 5.000000e-03
   84    1      2      0    0      1      -1      -1  1000 0.053000000 0.21400000 0.10200000 0.12500000 0.11700000 0.05800000 0.06000000 0.061000000 0.046000000 0.045000000 0.042000000 0.022000000 0.012000000 0.010000000 0.010000000 0.000000000 0.0060000000 0.0030000000 7.000000e-03 1.000000e-03 2.000000e-03 0.000000e+00 1.000000e-03 0.000000e+00 3.000000e-03
   85    1      2      0    0      1      -1      -1  1000 0.071000000 0.20900000 0.17000000 0.07200000 0.10400000 0.09000000 0.03700000 0.040000000 0.046000000 0.043000000 0.028000000 0.036000000 0.014000000 0.005000000 0.008000000 0.010000000 0.0000000000 0.0070000000 2.000000e-03 6.000000e-03 1.000000e-03 0.000000e+00 0.000000e+00 0.000000e+00 1.000000e-03
   86    1      2      0    0      1      -1      -1  1000 0.052000000 0.36000000 0.13800000 0.11400000 0.03700000 0.04900000 0.05800000 0.026000000 0.031000000 0.036000000 0.027000000 0.015000000 0.020000000 0.009000000 0.001000000 0.009000000 0.0060000000 0.0000000000 3.000000e-03 1.000000e-03 4.000000e-03 0.000000e+00 1.000000e-03 0.000000e+00 3.000000e-03
   87    1      2      0    0      1      -1      -1  1000 0.028000000 0.21400000 0.27700000 0.13100000 0.11200000 0.03100000 0.03700000 0.033000000 0.017000000 0.019000000 0.023000000 0.025000000 0.016000000 0.018000000 0.007000000 0.002000000 0.0030000000 0.0020000000 0.000000e+00 1.000000e-03 1.000000e-03 1.000000e-03 2.000000e-03 0.000000e+00 0.000000e+00
   88    1      2      0    0      1      -1      -1  1000 0.052000000 0.14900000 0.21700000 0.22100000 0.08500000 0.07500000 0.02700000 0.033000000 0.038000000 0.016000000 0.008000000 0.020000000 0.020000000 0.012000000 0.008000000 0.009000000 0.0020000000 0.0030000000 0.000000e+00 1.000000e-03 2.000000e-03 0.000000e+00 0.000000e+00 0.000000e+00 2.000000e-03
   89    1      2      0    0      1      -1      -1  1000 0.034000000 0.27200000 0.12800000 0.15500000 0.16500000 0.06900000 0.05200000 0.014000000 0.016000000 0.019000000 0.014000000 0.009000000 0.009000000 0.008000000 0.008000000 0.010000000 0.0080000000 0.0030000000 3.000000e-03 1.000000e-03 0.000000e+00 0.000000e+00 1.000000e-03 1.000000e-03 1.000000e-03
   90    1      2      0    0      1      -1      -1  1000 0.045000000 0.16700000 0.24600000 0.06900000 0.12200000 0.12600000 0.06600000 0.037000000 0.013000000 0.027000000 0.021000000 0.006000000 0.012000000 0.008000000 0.008000000 0.006000000 0.0040000000 0.0050000000 1.000000e-03 4.000000e-03 3.000000e-03 1.000000e-03 1.000000e-03 0.000000e+00 2.000000e-03
   91    1      2      0    0      1      -1      -1  1000 0.042000000 0.23900000 0.16000000 0.17300000 0.06300000 0.07900000 0.07800000 0.043000000 0.029000000 0.016000000 0.010000000 0.013000000 0.004000000 0.007000000 0.007000000 0.011000000 0.0110000000 0.0030000000 3.000000e-03 1.000000e-03 2.000000e-03 2.000000e-03 0.000000e+00 1.000000e-03 3.000000e-03
   92    1      2      0    0      1      -1      -1  1000 0.023000000 0.22000000 0.19500000 0.12300000 0.11800000 0.05700000 0.04500000 0.084000000 0.044000000 0.020000000 0.010000000 0.010000000 0.012000000 0.003000000 0.007000000 0.007000000 0.0060000000 0.0050000000 3.000000e-03 4.000000e-03 0.000000e+00 1.000000e-03 1.000000e-03 0.000000e+00 2.000000e-03
   93    1      2      0    0      1      -1      -1  1000 0.076000000 0.11900000 0.18000000 0.17800000 0.09200000 0.09100000 0.05300000 0.057000000 0.051000000 0.031000000 0.019000000 0.005000000 0.006000000 0.010000000 0.005000000 0.005000000 0.0120000000 0.0030000000 0.000000e+00 2.000000e-03 1.000000e-03 2.000000e-03 0.000000e+00 1.000000e-03 1.000000e-03
   94    1      2      0    0      1      -1      -1  1000 0.042000000 0.32400000 0.09500000 0.14100000 0.09100000 0.06200000 0.08600000 0.017000000 0.042000000 0.032000000 0.020000000 0.016000000 0.002000000 0.004000000 0.002000000 0.004000000 0.0020000000 0.0030000000 5.000000e-03 2.000000e-03 3.000000e-03 2.000000e-03 0.000000e+00 1.000000e-03 2.000000e-03
   95    1      2      0    0      1      -1      -1  1000 0.037000000 0.19900000 0.30700000 0.07400000 0.09300000 0.06100000 0.03700000 0.057000000 0.032000000 0.025000000 0.029000000 0.013000000 0.014000000 0.006000000 0.002000000 0.002000000 0.0030000000 0.0030000000 2.000000e-03 1.000000e-03 1.000000e-03 0.000000e+00 0.000000e+00 0.000000e+00 2.000000e-03
   96    1      2      0    0      1      -1      -1  1000 0.023000000 0.17900000 0.17300000 0.21900000 0.06200000 0.07800000 0.07600000 0.037000000 0.039000000 0.019000000 0.023000000 0.021000000 0.012000000 0.006000000 0.006000000 0.006000000 0.0080000000 0.0000000000 6.000000e-03 3.000000e-03 2.000000e-03 1.000000e-03 0.000000e+00 1.000000e-03 0.000000e+00
   97    1      2      0    0      1      -1      -1  1000 0.019000000 0.12900000 0.16000000 0.15900000 0.18500000 0.05300000 0.05500000 0.061000000 0.030000000 0.047000000 0.023000000 0.027000000 0.016000000 0.010000000 0.007000000 0.001000000 0.0040000000 0.0060000000 0.000000e+00 1.000000e-03 4.000000e-03 0.000000e+00 0.000000e+00 1.000000e-03 2.000000e-03
   98    1      2      0    0      1      -1      -1  1000 0.029000000 0.12700000 0.13000000 0.15600000 0.12400000 0.15100000 0.03900000 0.056000000 0.056000000 0.028000000 0.037000000 0.011000000 0.012000000 0.015000000 0.009000000 0.001000000 0.0020000000 0.0040000000 5.000000e-03 2.000000e-03 1.000000e-03 2.000000e-03 1.000000e-03 0.000000e+00 2.000000e-03
   99    1      2      0    0      1      -1      -1  1000 0.042000000 0.20000000 0.08600000 0.08300000 0.13200000 0.11000000 0.12400000 0.043000000 0.043000000 0.040000000 0.013000000 0.024000000 0.010000000 0.014000000 0.019000000 0.003000000 0.0080000000 0.0000000000 0.000000e+00 3.000000e-03 1.000000e-03 1.000000e-03 0.000000e+00 0.000000e+00 1.000000e-03
  100    1      2      0    0      1      -1      -1  1000 0.053000000 0.18000000 0.17500000 0.08300000 0.07100000 0.09600000 0.07300000 0.107000000 0.023000000 0.029000000 0.035000000 0.019000000 0.018000000 0.006000000 0.010000000 0.005000000 0.0040000000 0.0030000000 3.000000e-03 3.000000e-03 2.000000e-03 0.000000e+00 1.000000e-03 0.000000e+00 1.000000e-03
0 #_N_MeanSize_at_Age_obs
0 #_N_environ_variables
0 #_N_environ_obs
0 #_N_sizefreq_methods
0 #_do_tags
0 #_morphcomp_data
#
999
