#C data file created using the SS_writedat function in the R package r4ss
#C should work with SS version: 
#C file write time: 2014-11-06 19:47:22
#
1 #_styr
100 #_endyr
1 #_nseas
12 #_months_per_seas
1 #_spawn_seas
1 #_Nfleet
2 #_Nsurveys
1 #_N_areas
Fishery%Survey%CPUE #_fleetnames
0.5 0.5 0.5 #_surveytiming_in_season
1 1 1 #_area_assignments_for_each_fishery_and_survey
1 #_units of catch:  1=bio; 2=num
0.01 #_se of log(catch) only used for init_eq_catch and for Fmethod 2 and 3
1 #_Ngenders
25 #_Nages
0 #_init_equil_catch_for_each_fishery
100 #_N_lines_of_catch_to_read
 #_Fishery year seas
         0    1    1
         0    2    1
         0    3    1
         0    4    1
         0    5    1
         0    6    1
         0    7    1
         0    8    1
         0    9    1
         0   10    1
         0   11    1
         0   12    1
         0   13    1
         0   14    1
         0   15    1
         0   16    1
         0   17    1
         0   18    1
         0   19    1
         0   20    1
         0   21    1
         0   22    1
         0   23    1
         0   24    1
         0   25    1
 267741000   26    1
 250058000   27    1
 235672000   28    1
 223555000   29    1
 214658000   30    1
 208007000   31    1
 200963000   32    1
 192798000   33    1
 183335000   34    1
 173044000   35    1
 161603000   36    1
 151981000   37    1
 145554000   38    1
 138035000   39    1
 131970000   40    1
 131348000   41    1
 137083000   42    1
 142060000   43    1
 147252000   44    1
 150310000   45    1
 147793000   46    1
 144133000   47    1
 142077000   48    1
 138667000   49    1
 134534000   50    1
 131165000   51    1
 128185000   52    1
 125867000   53    1
 124039000   54    1
 121290000   55    1
 120476000   56    1
 122150000   57    1
 122603000   58    1
 124716000   59    1
 129305000   60    1
 134769000   61    1
 137631000   62    1
 139351000   63    1
 140991000   64    1
 140481000   65    1
 140852000   66    1
 142549000   67    1
 146660000   68    1
 154662000   69    1
 161275000   70    1
 167118000   71    1
 174090000   72    1
 175943000   73    1
 175592000   74    1
 171040000   75    1
 168433000   76    1
 168824000   77    1
 167983000   78    1
 164263000   79    1
 161432000   80    1
 160867000   81    1
 161098000   82    1
 163548000   83    1
 165663000   84    1
 165354000   85    1
 165363000   86    1
 165698000   87    1
 164373000   88    1
 162912000   89    1
 162889000   90    1
 165517000   91    1
 165102000   92    1
 163634000   93    1
 163477000   94    1
 163714000   95    1
 164910000   96    1
 164801000   97    1
 167127000   98    1
 164341000   99    1
 162794000  100    1
76 #_N_cpue
 #_Fleet Units Errtype
       1     1       0
       2     1       0
       3     1       0
 #_year seas index        obs se_log
     25    1     2 3972307245    0.2
     26    1     2 3956348967    0.2
     27    1     2 2704080666    0.2
     28    1     2 2657183479    0.2
     29    1     2 2999579699    0.2
     30    1     2 3362558482    0.2
     31    1     2 2633328040    0.2
     32    1     2 3162263914    0.2
     33    1     2 2346242135    0.2
     34    1     2 2751793891    0.2
     35    1     2 3394225141    0.2
     36    1     2 4000587099    0.2
     37    1     2 1502143177    0.2
     38    1     2 2749289484    0.2
     39    1     2 1798972913    0.2
     40    1     2 1756024294    0.2
     41    1     2 2069900066    0.2
     42    1     2 1996716796    0.2
     43    1     2 1741879398    0.2
     44    1     2 1739247347    0.2
     45    1     2 2874249499    0.2
     46    1     2 1600575287    0.2
     47    1     2 2433014527    0.2
     48    1     2 2380359581    0.2
     49    1     2 1833899799    0.2
     50    1     2 2305728836    0.2
     51    1     2 2636375469    0.2
     52    1     2 1663358568    0.2
     53    1     2 2214404908    0.2
     54    1     2 2337486023    0.2
     55    1     2 1822123522    0.2
     56    1     2 1336380549    0.2
     57    1     2 2378221189    0.2
     58    1     2 1648013299    0.2
     59    1     2 2032663943    0.2
     60    1     2 2070585995    0.2
     61    1     2 2025357840    0.2
     62    1     2 2187018371    0.2
     63    1     2 2930770866    0.2
     64    1     2 1674602361    0.2
     65    1     2 1784189365    0.2
     66    1     2 2284774521    0.2
     67    1     2 2837176835    0.2
     68    1     2 2454733691    0.2
     69    1     2 2469439212    0.2
     70    1     2 2711727017    0.2
     71    1     2 1626718658    0.2
     72    1     2 2371115601    0.2
     73    1     2 2765331437    0.2
     74    1     2 3199260758    0.2
     75    1     2 2769872552    0.2
     76    1     2 2516213622    0.2
     77    1     2 1867163515    0.2
     78    1     2 2302684743    0.2
     79    1     2 2683353501    0.2
     80    1     2 2590830809    0.2
     81    1     2 1751862051    0.2
     82    1     2 1864312485    0.2
     83    1     2 2070768548    0.2
     84    1     2 2002133900    0.2
     85    1     2 1879515382    0.2
     86    1     2 1787654654    0.2
     87    1     2 2428123556    0.2
     88    1     2 2104938947    0.2
     89    1     2 2339367141    0.2
     90    1     2 2292377159    0.2
     91    1     2 3070038651    0.2
     92    1     2 3104620728    0.2
     93    1     2 2713699555    0.2
     94    1     2 2002957391    0.2
     95    1     2 1850445980    0.2
     96    1     2 3365506098    0.2
     97    1     2 2555506167    0.2
     98    1     2 1943222048    0.2
     99    1     2 2303660486    0.2
    100    1     2 2212272737    0.2
0 #_N_discard_fleets
#_discard_units (1=same_as_catchunits(bio/num); 2=fraction; 3=numbers)
#_discard_errtype:  >0 for DF of T-dist(read CV below); 0 for normal with CV; -1 for normal with se; -2 for lognormal
0 #_N_discard
0 #_N_meanbodywt
1 #_DF_for_meanbodywt_T-distribution_like
2 # length bin method: 1=use databins; 2=generate from binwidth,min,max below; 3=read vector
1 # binwidth for population size comp
10 # minimum size in the population (lower edge of first bin and size at age 0.00)
200 # maximum size in the population (lower edge of last bin)
-0.001 #_comp_tail_compression
1e-05 #_add_to_comp
0 #_combine males into females at or below this bin number
21 #_N_lbins
#_lbin_vector
10 53 70 83 94 101 107 111 114 117 120 123 125 127 130 132 135 138 142 148 200
0 #_N_Length_comp_observations
25 #_N_agebins
#_agebin_vector
1 2 3 4 5 6 7 8 9 10 11 12 13 14 15 16 17 18 19 20 21 22 23 24 25
1 #_N_ageerror_definitions
 #_age0   age1   age2   age3   age4   age5   age6   age7   age8   age9  age10  age11  age12  age13  age14  age15  age16  age17  age18  age19  age20  age21  age22  age23  age24  age25
 -1.000 -1.000 -1.000 -1.000 -1.000 -1.000 -1.000 -1.000 -1.000 -1.000 -1.000 -1.000 -1.000 -1.000 -1.000 -1.000 -1.000 -1.000 -1.000 -1.000 -1.000 -1.000 -1.000 -1.000 -1.000 -1.000
  0.001  0.001  0.001  0.001  0.001  0.001  0.001  0.001  0.001  0.001  0.001  0.001  0.001  0.001  0.001  0.001  0.001  0.001  0.001  0.001  0.001  0.001  0.001  0.001  0.001  0.001
198 #_N_agecomp
1 #_Lbin_method: 1=poplenbins; 2=datalenbins; 3=lengths
-1 #_combine males into females at or below this bin number
 #_Yr Seas FltSvy Gender Part Ageerr Lbin_lo Lbin_hi Nsamp           a1         a2         a3         a4         a5         a6         a7          a8          a9          a10         a11          a12          a13          a14          a15          a16          a17          a18          a19          a20          a21          a22          a23          a24          a25
    2    1      1      0    0      1      -1      -1   100 0.0517544695 0.15894640 0.15775746 0.08435435 0.11300774 0.07494005 0.05701373 0.066627299 0.029579880 0.0323504938 0.022700670 0.0291830216 0.0094956738 4.034706e-02 2.246479e-02 8.795732e-03 3.342661e-03 5.176415e-03 7.729198e-04 4.259363e-03 9.506936e-04 1.227868e-02 5.178908e-03 3.931259e-03 4.790280e-03
    3    1      1      0    0      1      -1      -1   100 0.0055024245 0.18912781 0.16031795 0.11130769 0.10528318 0.05590290 0.03082953 0.086241328 0.051052431 0.0051819338 0.010687864 0.0279328659 0.0046425890 3.605561e-02 1.263209e-02 3.242533e-02 1.425213e-02 5.118166e-03 2.289050e-02 1.219740e-02 3.750006e-03 4.994494e-03 1.395395e-03 5.256862e-03 5.021520e-03
    4    1      1      0    0      1      -1      -1   100 0.0065422681 0.22609586 0.18174502 0.10675576 0.08204487 0.04293398 0.07529916 0.072374007 0.040845966 0.0389986128 0.033998578 0.0366965910 0.0177735751 7.309570e-03 7.436062e-03 5.465124e-03 6.140567e-04 4.214596e-04 1.322970e-03 5.722428e-04 6.503920e-03 9.710837e-08 2.710378e-03 8.131951e-07 5.539058e-03
    5    1      1      0    0      1      -1      -1   100 0.0270221019 0.19446206 0.19513937 0.11252629 0.03594404 0.06438355 0.04051076 0.035168354 0.047319090 0.0852490343 0.051773489 0.0167957642 0.0138592944 5.568743e-03 8.268448e-03 2.167152e-02 1.153606e-02 9.829488e-03 1.920612e-02 8.350730e-04 9.063073e-04 2.933510e-06 7.257415e-05 8.896653e-08 1.949448e-03
    6    1      1      0    0      1      -1      -1   100 0.0008527156 0.14255093 0.28858145 0.18695529 0.07154412 0.07221030 0.03174602 0.030684906 0.034263243 0.0186382155 0.033702789 0.0059699487 0.0016819738 1.476287e-02 7.705022e-03 1.127077e-02 1.624625e-02 8.060678e-05 2.668358e-02 1.318419e-04 8.333017e-05 8.664218e-04 1.441161e-03 1.607235e-04 1.185521e-03
    7    1      1      0    0      1      -1      -1   100 0.0040989231 0.07003785 0.20857448 0.21669276 0.14573245 0.09199771 0.03304018 0.031172834 0.015288894 0.0259953864 0.037405208 0.0167597762 0.0165421427 5.744909e-03 1.051623e-02 1.316288e-02 1.895984e-02 9.305985e-04 1.318373e-02 1.574217e-02 2.541879e-04 5.054118e-04 1.327390e-04 5.426900e-03 2.101807e-03
    8    1      1      0    0      1      -1      -1   100 0.0001554933 0.11705285 0.05062519 0.18177571 0.16897709 0.14288169 0.07210917 0.041527037 0.020064978 0.0387748877 0.022581188 0.0521559647 0.0147511701 7.324088e-03 5.900352e-03 7.705006e-03 1.531264e-02 2.395517e-02 7.440382e-05 1.179167e-02 9.655115e-05 1.735855e-03 1.442012e-10 2.579866e-03 9.197934e-05
    9    1      1      0    0      1      -1      -1   100 0.0006549024 0.05524626 0.15875697 0.03209441 0.13287194 0.11941501 0.15293504 0.082524125 0.064392993 0.0253576665 0.028197312 0.0027745606 0.0229555521 9.850454e-03 2.140593e-03 2.089203e-02 9.658680e-04 7.525505e-03 5.511938e-04 1.124755e-02 1.084730e-03 2.145836e-02 5.514548e-07 5.769233e-03 4.033719e-02
   10    1      1      0    0      1      -1      -1   100 0.0253562839 0.08773901 0.08783297 0.15873339 0.05672153 0.13863650 0.13971290 0.077471684 0.032371517 0.0366362500 0.032778541 0.0254932007 0.0157059671 2.195580e-02 1.394723e-02 1.902592e-03 1.110487e-02 2.720592e-04 2.924095e-03 6.756509e-03 5.911078e-04 6.500580e-06 7.619257e-05 6.426865e-03 1.884643e-02
   11    1      1      0    0      1      -1      -1   100 0.0293834970 0.12518162 0.08149859 0.11229929 0.09651929 0.04136781 0.09168597 0.121447741 0.132580094 0.0308584676 0.019494868 0.0150472934 0.0282471837 1.209106e-02 1.965220e-02 1.571158e-02 1.421157e-02 1.851933e-03 6.087676e-04 7.558210e-04 1.681498e-03 3.108795e-03 7.092128e-05 1.065096e-10 4.644136e-03
   12    1      1      0    0      1      -1      -1   100 0.0107589283 0.15496504 0.09136061 0.03313114 0.10389272 0.09452690 0.05857905 0.056028794 0.130143676 0.0791463459 0.040116208 0.0405802901 0.0276383613 1.905921e-02 8.586750e-03 7.708244e-04 7.743036e-03 2.497956e-02 6.813905e-04 5.883921e-03 2.369563e-04 2.852953e-03 2.744390e-06 7.959318e-03 3.752848e-04
   13    1      1      0    0      1      -1      -1   100 0.0152266832 0.13685492 0.27179525 0.07883750 0.10982749 0.04358660 0.03636573 0.024780498 0.075739475 0.0713351686 0.053342980 0.0014966506 0.0149991641 4.027018e-03 8.018037e-04 2.177849e-02 1.773324e-02 2.907037e-03 1.250137e-03 1.594966e-03 4.719128e-03 6.743361e-03 1.620964e-03 4.270175e-05 2.593037e-03
   14    1      1      0    0      1      -1      -1   100 0.0021175318 0.14305088 0.14935293 0.17507110 0.10695398 0.04624461 0.03465561 0.020244509 0.015236160 0.0370713849 0.049416852 0.0457738974 0.0397662360 3.718458e-02 6.475917e-03 1.981825e-02 9.287920e-03 3.035216e-03 1.820161e-03 2.390931e-03 9.285205e-03 8.571750e-05 4.434554e-04 3.089628e-03 4.212732e-02
   15    1      1      0    0      1      -1      -1   100 0.0102193059 0.08715985 0.14731754 0.12691145 0.16257962 0.02894414 0.07942361 0.030209636 0.054690092 0.0429502193 0.038920462 0.0501179908 0.0358631116 1.596039e-02 9.252786e-03 1.830095e-02 1.113065e-03 9.350038e-03 2.722414e-04 1.427552e-03 1.906406e-05 1.443105e-04 2.248897e-02 6.609229e-03 1.975439e-02
   16    1      1      0    0      1      -1      -1   100 0.0052055860 0.07675679 0.10004338 0.12774181 0.14493941 0.14630446 0.06768746 0.036930135 0.004340606 0.0296307768 0.029052188 0.0443001716 0.0415543067 3.930376e-02 4.581866e-02 1.129508e-02 6.752799e-03 1.868855e-03 3.537166e-03 5.894430e-05 1.390158e-02 3.026843e-03 5.291460e-03 6.491643e-04 1.400862e-02
   17    1      1      0    0      1      -1      -1   100 0.0039535277 0.05817693 0.14681676 0.08791197 0.15399132 0.05967957 0.10569538 0.071988494 0.034368499 0.0369235091 0.038153390 0.0216333135 0.0556830920 1.601990e-02 2.831947e-02 5.546655e-03 4.925934e-02 4.326482e-03 9.448236e-04 7.453880e-03 1.843503e-03 3.287646e-05 1.251716e-04 8.496447e-03 2.655684e-03
   18    1      1      0    0      1      -1      -1   100 0.0090304606 0.10879573 0.16640144 0.09746489 0.04356613 0.06520967 0.10600891 0.063367885 0.068267586 0.0346422067 0.054837214 0.0290934500 0.0229968062 1.485851e-02 4.477100e-02 1.785293e-02 6.465371e-03 1.177969e-02 1.017452e-02 2.387871e-04 2.021437e-03 1.269847e-04 6.379113e-03 5.840080e-04 1.506526e-02
   19    1      1      0    0      1      -1      -1   100 0.0017048659 0.12687370 0.14412913 0.07873101 0.10186151 0.10963430 0.07157965 0.064849315 0.036481585 0.0610272444 0.033600633 0.0094394464 0.0265788681 1.274030e-02 4.589128e-02 6.492466e-03 1.488461e-02 2.854234e-02 2.771875e-03 3.124637e-03 4.662384e-04 4.563043e-04 8.922897e-04 1.744498e-03 1.550190e-02
   20    1      1      0    0      1      -1      -1   100 0.0061358935 0.10988156 0.11491949 0.16267288 0.10920344 0.04517094 0.06778744 0.057052512 0.070519196 0.0687061059 0.016835995 0.0061599521 0.0148691683 8.845226e-03 1.674419e-02 2.288369e-02 3.864473e-03 3.413832e-02 5.812572e-03 4.406365e-02 4.558274e-04 2.667701e-03 1.002443e-04 1.384032e-06 1.050815e-02
   21    1      1      0    0      1      -1      -1   100 0.0059117734 0.14350283 0.10750172 0.09248986 0.07257515 0.10881573 0.06633417 0.045442568 0.075287164 0.0983473386 0.028076693 0.0520258442 0.0022995958 1.875754e-02 1.116019e-02 4.408427e-03 2.081152e-02 3.214560e-02 4.612953e-03 1.981408e-03 8.248960e-04 6.525000e-04 2.956338e-04 3.301628e-03 2.437258e-03
   22    1      1      0    0      1      -1      -1   100 0.0313047945 0.15094038 0.12314317 0.10928135 0.12262643 0.07190584 0.06198863 0.050638660 0.034517337 0.0488659898 0.066149394 0.0381576929 0.0250727750 4.676779e-03 5.484713e-04 5.874808e-03 2.856988e-03 1.819243e-02 6.677058e-03 9.322694e-03 7.198619e-03 2.552019e-03 1.233295e-07 2.373245e-04 7.270236e-03
   23    1      1      0    0      1      -1      -1   100 0.0034785975 0.13646615 0.18994242 0.09501989 0.05004936 0.12680909 0.13640551 0.012362000 0.050417928 0.0192433918 0.042403388 0.0493721521 0.0059053526 5.115909e-03 2.421466e-02 7.119476e-04 6.520088e-04 8.162736e-04 3.553423e-02 1.123850e-02 6.891207e-04 1.229948e-08 1.927471e-05 1.179633e-03 1.953197e-03
   24    1      1      0    0      1      -1      -1   100 0.0088479107 0.05382665 0.10605955 0.25930062 0.15313974 0.03779357 0.02978281 0.151775209 0.028655985 0.0134096982 0.034025931 0.0270397097 0.0080069822 5.721354e-03 1.322000e-02 7.041016e-03 1.225090e-02 3.556559e-03 5.024778e-06 4.478372e-03 1.208226e-02 2.184801e-02 1.943089e-03 1.093592e-04 6.079679e-03
   25    1      1      0    0      1      -1      -1   100 0.0479199781 0.09656226 0.08687717 0.13520531 0.10997304 0.06457332 0.05533182 0.067478688 0.055642082 0.0517604471 0.037763296 0.0065074823 0.0212196345 4.116567e-02 1.196763e-02 9.058950e-03 3.200453e-02 2.412656e-04 1.988471e-03 3.359578e-02 1.216858e-02 3.441258e-03 1.132241e-04 4.125168e-04 1.702759e-02
   26    1      1      0    0      1      -1      -1   100 0.0084563407 0.13524450 0.09604784 0.10328711 0.11304217 0.16330847 0.02693801 0.036590105 0.058662340 0.0473532784 0.026085680 0.0204783384 0.0137732710 9.569625e-03 6.144533e-03 3.201231e-02 3.418634e-03 3.619153e-02 1.230742e-02 1.026011e-02 1.547396e-03 2.958468e-02 2.032158e-04 3.664872e-03 5.828224e-03
   27    1      1      0    0      1      -1      -1   100 0.0449512156 0.20181274 0.15904171 0.04966560 0.07272646 0.07325577 0.13916300 0.010016584 0.045226013 0.0339959200 0.032033385 0.0036802344 0.0345305682 2.084067e-02 1.065979e-02 3.376790e-02 2.241619e-02 1.339276e-03 1.421804e-03 8.119577e-07 3.421390e-06 2.021646e-04 4.935533e-05 1.066139e-05 9.188747e-03
   28    1      1      0    0      1      -1      -1   100 0.0197907407 0.15574032 0.22972338 0.11352622 0.04416323 0.04048365 0.08785412 0.070974457 0.038448612 0.0747619865 0.009155777 0.0066787791 0.0075410795 8.168379e-03 3.384010e-03 2.257808e-03 7.625638e-03 2.865525e-03 4.186894e-02 1.733949e-02 3.044600e-03 2.887449e-03 2.371865e-04 1.341593e-03 1.013703e-02
   29    1      1      0    0      1      -1      -1   100 0.0231804806 0.14073678 0.13763755 0.10933172 0.10171814 0.08534355 0.03028431 0.025194882 0.092892291 0.0418002210 0.033946471 0.0274933017 0.0669502781 6.834394e-03 1.897611e-02 8.896607e-03 1.960698e-03 1.144333e-02 1.028281e-02 2.077884e-02 9.471305e-04 3.470072e-04 5.306576e-11 6.869823e-06 3.016245e-03
   30    1      1      0    0      1      -1      -1   100 0.0065710729 0.14226336 0.19181328 0.12423351 0.12324194 0.07919651 0.01192650 0.026350312 0.031589134 0.0714363864 0.057626380 0.0121409716 0.0185835635 6.301509e-03 4.190147e-03 8.030520e-03 2.119536e-03 4.399284e-02 6.522139e-03 2.384998e-02 1.079697e-03 1.299208e-03 1.291385e-05 2.256792e-05 5.606028e-03
   31    1      1      0    0      1      -1      -1   100 0.0146780638 0.09558663 0.21302536 0.14139864 0.15289666 0.09314509 0.05776157 0.017944367 0.018999039 0.0302111032 0.049581356 0.0120364756 0.0204795460 8.835177e-04 2.553026e-02 1.592316e-02 1.353817e-03 9.799704e-05 2.944883e-03 6.487809e-04 6.044435e-05 7.785581e-04 9.667754e-10 4.769395e-04 3.355774e-02
   32    1      1      0    0      1      -1      -1   100 0.0048724307 0.14005325 0.18551360 0.12831148 0.11988721 0.08365289 0.10217204 0.074288103 0.012137217 0.0214291435 0.019827915 0.0332213109 0.0053312354 1.158738e-02 9.919483e-04 4.972581e-03 1.543895e-02 4.230109e-03 1.786661e-06 5.100314e-03 5.234645e-03 1.292489e-02 1.059094e-04 4.047446e-05 8.673177e-03
   33    1      1      0    0      1      -1      -1   100 0.0172858977 0.07377429 0.12323442 0.11690696 0.13605685 0.06901694 0.08209855 0.096276022 0.010878347 0.0214308762 0.017722216 0.0146855590 0.0426999171 2.068161e-02 5.509247e-02 3.586458e-02 1.082074e-02 4.056417e-06 2.307031e-04 2.160049e-02 2.904314e-03 7.698327e-05 3.481555e-03 7.554083e-04 2.642024e-02
   34    1      1      0    0      1      -1      -1   100 0.0063443043 0.11380909 0.13785480 0.11837756 0.19054358 0.11827949 0.06149741 0.050925291 0.073907447 0.0289064039 0.020907478 0.0031712506 0.0026605265 3.236695e-02 4.402997e-03 6.411118e-03 6.561679e-03 1.374869e-03 5.063426e-03 1.441581e-05 1.841099e-05 7.249227e-03 9.757292e-05 1.485054e-07 9.254568e-03
   35    1      1      0    0      1      -1      -1   100 0.0360789758 0.08415798 0.12953224 0.13340031 0.09862866 0.06879737 0.06325107 0.095489219 0.106208527 0.0628018252 0.014655776 0.0050354005 0.0107007719 5.520198e-03 1.046552e-02 2.831576e-03 1.154618e-04 3.152763e-05 3.009352e-02 1.221152e-04 1.927893e-05 1.281598e-03 8.500406e-07 1.175644e-02 2.902379e-02
   36    1      1      0    0      1      -1      -1   100 0.0198628941 0.14532949 0.19733768 0.10154181 0.06061408 0.10632173 0.03741962 0.134203469 0.065817196 0.0140722395 0.033759756 0.0143886050 0.0064337005 4.863405e-03 2.409330e-02 4.762363e-03 4.771659e-04 1.397408e-03 4.261659e-04 4.519350e-03 4.609412e-03 1.774519e-07 3.879562e-07 1.768456e-02 6.403466e-05
   37    1      1      0    0      1      -1      -1   100 0.0072065008 0.22229809 0.09371529 0.14303149 0.07507431 0.07303748 0.02917246 0.078042719 0.080953679 0.0684176011 0.041959838 0.0214895923 0.0041550428 4.599566e-03 4.340418e-04 2.902461e-03 1.423630e-02 1.160370e-03 2.257417e-02 1.485887e-03 8.445338e-03 6.249818e-04 5.675549e-08 9.558848e-07 4.981774e-03
   38    1      1      0    0      1      -1      -1   100 0.0144923060 0.12088999 0.30083285 0.07661872 0.05652308 0.07129448 0.04950482 0.021772622 0.058230874 0.0743349058 0.056289570 0.0228914716 0.0066997089 2.670555e-03 1.433736e-03 2.048140e-03 4.414327e-02 6.207919e-03 1.114481e-03 3.551161e-03 4.164798e-03 8.754672e-05 1.452988e-04 7.405564e-04 3.317143e-03
   39    1      1      0    0      1      -1      -1   100 0.0126797113 0.09141728 0.10315265 0.21494047 0.07796636 0.08043146 0.09361494 0.041097208 0.040359505 0.0702769085 0.040434633 0.0373919942 0.0130130497 1.845733e-02 1.105320e-02 4.718815e-05 4.077302e-03 1.140166e-02 1.017154e-02 7.122236e-03 7.080464e-04 1.712310e-03 1.252446e-02 1.595070e-04 5.789036e-03
   40    1      1      0    0      1      -1      -1   100 0.0281554692 0.17134974 0.11568795 0.13784380 0.20230886 0.04459548 0.03958244 0.032213707 0.010627088 0.0254917532 0.011047467 0.0045157693 0.0689371862 2.101876e-02 1.875603e-02 7.318161e-03 6.723414e-03 8.809863e-04 4.156825e-04 2.588071e-02 1.530552e-04 1.099721e-03 2.403755e-02 4.108869e-05 1.318136e-03
   41    1      1      0    0      1      -1      -1   100 0.0228610309 0.28899591 0.13657165 0.14084184 0.07495054 0.13143040 0.02807738 0.015532217 0.075981134 0.0108125486 0.001996141 0.0131891050 0.0197415819 6.025211e-03 2.204463e-03 3.841538e-04 8.458047e-03 6.446841e-04 8.789343e-04 1.354897e-03 1.587484e-02 6.519856e-06 2.231350e-04 8.330362e-10 2.963642e-03
   42    1      1      0    0      1      -1      -1   100 0.0023544243 0.18998143 0.34601559 0.15785927 0.04875806 0.04004463 0.05559936 0.005735679 0.029696704 0.0199376665 0.001728114 0.0139181902 0.0391854978 3.916751e-02 2.212861e-04 3.547004e-04 5.024119e-03 1.243440e-03 2.542098e-06 1.394291e-04 1.122156e-07 6.891864e-05 2.161670e-08 1.962471e-03 1.000824e-03
   43    1      1      0    0      1      -1      -1   100 0.0088926530 0.15321012 0.17704835 0.30200872 0.11340341 0.06386162 0.03309877 0.045766071 0.024196874 0.0105548484 0.008495381 0.0097918992 0.0023730021 6.725495e-03 1.119896e-02 1.786253e-03 6.018759e-04 2.714857e-03 1.294414e-03 1.088767e-12 1.846235e-15 2.948048e-12 4.206456e-06 1.979958e-02 3.172637e-03
   44    1      1      0    0      1      -1      -1   100 0.0035957972 0.21790831 0.20560622 0.09779861 0.17940366 0.07377992 0.07704587 0.023737628 0.042922192 0.0074014178 0.020392535 0.0136249911 0.0089823849 4.926859e-03 3.122416e-03 6.599560e-03 4.103872e-03 1.614634e-03 5.852435e-03 8.699441e-04 1.363917e-20 9.638377e-05 3.471734e-04 1.721978e-05 2.499663e-04
   45    1      1      0    0      1      -1      -1   100 0.0081646658 0.09958361 0.23061513 0.12840964 0.11986638 0.17816731 0.07895973 0.031131860 0.013668940 0.0315973312 0.002805879 0.0002535008 0.0240371872 6.225792e-03 1.587825e-02 2.959635e-03 1.438635e-02 9.656026e-03 1.747904e-04 7.467890e-04 9.760738e-04 1.010048e-03 3.378177e-13 3.550505e-04 3.700401e-04
   46    1      1      0    0      1      -1      -1   100 0.0228472252 0.06777755 0.07603575 0.22611980 0.23963406 0.04001301 0.13442083 0.067505368 0.031247127 0.0074698377 0.012474648 0.0228811078 0.0012174731 1.028359e-03 4.066926e-03 4.771249e-03 4.819436e-03 1.906818e-02 7.066413e-04 4.018361e-09 2.627872e-04 7.530088e-03 2.150683e-04 1.230020e-17 7.887467e-03
   47    1      1      0    0      1      -1      -1   100 0.0308155828 0.18270454 0.08109052 0.05215762 0.17817219 0.08810444 0.12528599 0.072684379 0.009158686 0.0428221241 0.014641026 0.0100077553 0.0013980632 2.673076e-02 1.653521e-02 1.289816e-02 3.572669e-03 2.096608e-02 1.152926e-02 3.916815e-04 1.864276e-04 4.319939e-03 1.541757e-05 3.450174e-21 1.381150e-02
   48    1      1      0    0      1      -1      -1   100 0.0226309342 0.13974130 0.30705847 0.07239542 0.07373732 0.06277722 0.07871515 0.042491947 0.090850062 0.0090800789 0.010340147 0.0100261014 0.0123640238 2.030014e-02 1.536168e-03 1.524517e-03 2.836311e-04 8.841774e-03 1.869621e-05 9.868476e-03 8.202351e-04 7.128781e-06 3.381975e-30 3.994502e-10 2.459107e-02
   49    1      1      0    0      1      -1      -1   100 0.0126119652 0.07114720 0.26573907 0.17233654 0.06187016 0.03019597 0.05916170 0.101491342 0.046627785 0.0324229807 0.054269768 0.0043779379 0.0016176226 5.570547e-02 3.927586e-03 1.718807e-04 1.586687e-03 5.684165e-04 1.894517e-02 1.133439e-03 1.822166e-03 2.232407e-03 1.689721e-13 1.846093e-12 3.673826e-05
   50    1      1      0    0      1      -1      -1   100 0.0216616049 0.16439186 0.14505251 0.18498324 0.11487889 0.07004859 0.02987506 0.139563704 0.025469580 0.0463648360 0.024865597 0.0053027373 0.0124642969 7.974773e-03 1.873794e-03 3.616890e-05 2.785413e-05 4.324113e-03 6.816016e-08 6.184637e-07 4.871049e-06 7.609922e-04 4.233822e-05 6.259009e-18 3.190399e-05
   51    1      1      0    0      1      -1      -1   100 0.0051760102 0.16711170 0.10867287 0.14342365 0.13235359 0.12553320 0.01910382 0.024455940 0.099065416 0.0262254392 0.048575503 0.0505368976 0.0130387690 6.909986e-03 1.396192e-04 8.898398e-03 1.551552e-05 5.567341e-05 5.884515e-07 2.857361e-07 1.513355e-03 1.751119e-06 2.798085e-03 1.638998e-02 3.946777e-06
   52    1      1      0    0      1      -1      -1   100 0.0413684984 0.14773608 0.15811151 0.11613311 0.08161637 0.06459343 0.07023583 0.022601768 0.059670036 0.0487132301 0.028562307 0.0299498879 0.0726992771 1.376065e-02 3.591159e-04 3.103489e-07 2.206535e-04 1.599697e-02 1.812166e-06 4.225840e-07 1.157270e-05 2.442331e-02 2.831777e-03 4.003966e-04 1.676622e-06
   53    1      1      0    0      1      -1      -1   100 0.0442709865 0.16127617 0.17628439 0.17904418 0.08335314 0.05266131 0.05081477 0.047318572 0.016446677 0.0168821340 0.030280294 0.0110298806 0.0067769619 6.899513e-02 5.114223e-03 7.188954e-03 8.766967e-03 2.470854e-02 1.306296e-07 3.249692e-03 8.314646e-04 1.388764e-10 4.917114e-06 3.321055e-10 4.700521e-03
   54    1      1      0    0      1      -1      -1   100 0.0182970624 0.12871090 0.20210081 0.17244987 0.10066056 0.10932113 0.02940781 0.052199770 0.057985762 0.0120844029 0.001919123 0.0427733309 0.0010525905 1.102239e-02 1.707427e-02 5.370607e-03 5.324103e-03 1.335065e-02 6.911459e-09 9.717229e-06 4.472605e-03 1.995803e-10 1.176419e-02 9.884274e-04 1.659920e-03
   55    1      1      0    0      1      -1      -1   100 0.0364816149 0.11166804 0.13065524 0.16417487 0.15586679 0.06054005 0.14442047 0.045853089 0.028966140 0.0535104672 0.005422840 0.0001236839 0.0097108729 3.084166e-02 1.018741e-02 5.675835e-03 1.326029e-03 2.042529e-03 5.477170e-08 2.003898e-03 2.058269e-09 1.761982e-07 7.060042e-11 5.565526e-05 4.725888e-04
   56    1      1      0    0      1      -1      -1   100 0.0061485349 0.28144606 0.11337991 0.16455018 0.10449378 0.07267833 0.04860539 0.049979829 0.010344044 0.0315680092 0.019376537 0.0007682548 0.0184997624 3.270231e-02 2.057101e-02 9.730211e-03 4.799282e-03 1.437774e-03 3.186909e-15 2.107938e-04 1.158236e-03 5.379684e-12 1.007462e-03 1.513671e-03 5.030615e-03
   57    1      1      0    0      1      -1      -1   100 0.0298192696 0.11469108 0.28841248 0.09806421 0.12772638 0.11342267 0.04860752 0.026008128 0.040439788 0.0268352896 0.012163871 0.0130482742 0.0239198525 1.533843e-04 1.030900e-02 3.395639e-03 2.397475e-03 4.499550e-04 2.258575e-05 1.223694e-08 8.013764e-13 1.376805e-02 3.854789e-20 1.090777e-04 6.236018e-03
   58    1      1      0    0      1      -1      -1   100 0.0174363458 0.14376826 0.21769124 0.22200974 0.04568962 0.06761860 0.07449826 0.015825785 0.090906070 0.0297665767 0.016365603 0.0060673606 0.0047603887 3.257317e-04 1.104809e-03 1.824171e-02 2.687733e-02 1.797999e-05 2.146150e-04 1.645255e-08 2.889850e-05 1.561216e-04 6.289413e-04 1.444654e-20 9.109324e-13
   59    1      1      0    0      1      -1      -1   100 0.0245147484 0.20255609 0.24074532 0.10546378 0.10550663 0.06282374 0.01542740 0.074076897 0.051935386 0.0388988183 0.016986905 0.0078325340 0.0192601771 5.612581e-03 2.902230e-03 4.806275e-05 5.371769e-04 6.664182e-04 1.610590e-02 3.130896e-06 5.510953e-06 9.194172e-06 5.738289e-14 1.374537e-10 8.081371e-03
   60    1      1      0    0      1      -1      -1   100 0.0032542736 0.21929238 0.24223596 0.11556561 0.07931299 0.19888423 0.01583623 0.034920006 0.030473984 0.0165257204 0.019503115 0.0033878855 0.0004789846 6.928823e-03 1.593194e-03 3.985853e-05 1.414897e-05 1.410271e-04 3.549823e-06 2.939092e-07 1.004635e-02 3.065698e-09 3.333911e-04 3.423179e-09 1.227985e-03
   61    1      1      0    0      1      -1      -1   100 0.0042694865 0.17141672 0.27559729 0.11820100 0.11336953 0.04293289 0.06997461 0.081696453 0.032958909 0.0275817860 0.018780983 0.0069883654 0.0020307720 4.966700e-03 1.158383e-03 4.158874e-05 1.901918e-03 3.070308e-03 2.981138e-03 1.874160e-02 1.846034e-04 1.153475e-03 7.881339e-18 1.451358e-06 2.982021e-08
   62    1      1      0    0      1      -1      -1   100 0.0792737658 0.08125731 0.18175755 0.19030139 0.13741731 0.09623200 0.05308451 0.077145843 0.006297097 0.0078501300 0.020765880 0.0051926352 0.0271094382 9.782371e-03 5.266252e-05 3.092868e-04 1.044044e-05 3.660764e-03 9.812978e-04 3.406366e-06 9.944161e-05 1.457267e-02 6.570422e-03 1.813315e-28 2.723860e-04
   63    1      1      0    0      1      -1      -1   100 0.0046693995 0.24379679 0.15290211 0.10834597 0.13598923 0.11312671 0.07763277 0.041123930 0.026410507 0.0059765868 0.018964374 0.0152198492 0.0078416360 7.371205e-03 4.420387e-03 9.714590e-07 9.994247e-03 5.641347e-03 8.616422e-03 1.486952e-08 1.056204e-04 2.283413e-12 2.759753e-09 4.918714e-05 1.180072e-02
   64    1      1      0    0      1      -1      -1   100 0.0160701457 0.15931712 0.18125866 0.09636226 0.12333359 0.11528186 0.04961950 0.117479391 0.026060690 0.0218446589 0.019640805 0.0119052088 0.0087216559 2.287105e-02 1.091724e-02 4.561643e-03 2.831147e-03 8.215203e-03 3.203262e-04 2.060460e-08 2.258400e-15 5.047921e-06 3.105526e-03 1.406501e-05 2.632022e-04
   65    1      1      0    0      1      -1      -1   100 0.0162875499 0.12176896 0.16620028 0.19988904 0.05127068 0.09156053 0.10761487 0.049738623 0.088660085 0.0091651134 0.062407112 0.0267042369 0.0003042815 1.735197e-03 1.997311e-03 2.420047e-03 1.015107e-03 4.756602e-07 4.872373e-05 1.128687e-04 8.679284e-05 9.340268e-14 4.308232e-06 1.007798e-03 7.082307e-09
   66    1      1      0    0      1      -1      -1   100 0.0129748796 0.22596655 0.21974301 0.11687042 0.10801587 0.08148648 0.04513039 0.037018131 0.046625104 0.0267557155 0.026521190 0.0292228783 0.0034363918 1.624059e-03 3.828550e-03 4.124046e-03 7.110694e-04 3.859818e-04 1.408909e-05 3.472400e-04 1.939359e-05 3.073681e-07 4.841645e-06 9.169445e-03 3.971064e-06
   67    1      1      0    0      1      -1      -1   100 0.0199796626 0.11621051 0.26955672 0.16419198 0.10336706 0.10852670 0.02457813 0.042407776 0.021426490 0.0361364016 0.024209487 0.0033800229 0.0364727255 4.093300e-03 3.240935e-04 1.533248e-02 9.681096e-06 6.985117e-03 6.711293e-05 1.013972e-03 1.451814e-03 1.504363e-07 2.219400e-35 3.968752e-10 2.786097e-04
   68    1      1      0    0      1      -1      -1   100 0.0193554685 0.21457728 0.20472755 0.15034322 0.07891892 0.03363891 0.11494188 0.073685341 0.027105727 0.0157085127 0.028303832 0.0159202067 0.0042319785 2.509788e-03 4.567030e-03 1.785953e-04 1.349380e-05 7.360136e-03 1.784422e-08 1.402459e-05 7.838610e-08 1.219521e-07 1.307069e-07 1.072594e-13 3.897763e-03
   69    1      1      0    0      1      -1      -1   100 0.0044969209 0.16410793 0.31394585 0.09477944 0.11347595 0.07060055 0.08424265 0.023695646 0.033041192 0.0006783929 0.027977582 0.0192477713 0.0155617835 3.267297e-06 7.392467e-03 6.119116e-05 4.930754e-03 2.866658e-07 4.871992e-07 9.314315e-09 9.442489e-04 5.656391e-08 1.500320e-05 4.364390e-06 2.079621e-02
   70    1      1      0    0      1      -1      -1   100 0.0183085423 0.07941999 0.27263003 0.19951055 0.11033845 0.05501196 0.06362324 0.034194097 0.059539728 0.0227698722 0.037387756 0.0269334287 0.0026746887 1.932854e-03 2.361310e-04 1.641714e-03 1.441427e-05 1.305699e-02 2.327020e-04 3.655701e-04 5.207338e-09 1.415379e-04 2.309777e-18 5.026643e-07 3.524325e-05
   71    1      1      0    0      1      -1      -1   100 0.0070983617 0.24647238 0.10782464 0.16072553 0.12555515 0.11993728 0.09539043 0.045964796 0.012587751 0.0205066943 0.001583767 0.0093445780 0.0021745093 1.438616e-02 4.998225e-03 1.522297e-02 4.127671e-03 4.213236e-03 5.249234e-10 8.885403e-06 4.722767e-08 7.730506e-10 7.130920e-09 1.785254e-03 9.167010e-05
   72    1      1      0    0      1      -1      -1   100 0.0128736575 0.05034081 0.30639119 0.11578122 0.17075024 0.13517963 0.05146381 0.032672329 0.035320394 0.0019389787 0.046804071 0.0008677382 0.0039142309 1.228661e-02 1.824281e-02 3.220642e-03 1.624045e-03 2.725302e-05 1.025404e-07 2.676389e-14 1.003273e-12 4.245189e-18 1.874331e-04 1.128019e-04 5.527425e-10
   73    1      1      0    0      1      -1      -1   100 0.0037332215 0.18921593 0.12848580 0.18397514 0.05978131 0.12973137 0.04377192 0.118011044 0.056093592 0.0167870134 0.020886440 0.0201571275 0.0209768421 1.867718e-03 1.496758e-03 1.158153e-04 1.254744e-05 1.410382e-03 1.466853e-03 1.182096e-09 3.103115e-12 1.431691e-03 5.096905e-04 9.847686e-19 8.180827e-05
   74    1      1      0    0      1      -1      -1   100 0.0235045724 0.05641970 0.23279995 0.07127012 0.22555175 0.02317724 0.08901746 0.090261624 0.041253506 0.0487087898 0.008629442 0.0207018312 0.0192503431 7.801416e-04 7.788834e-04 3.040441e-03 2.878392e-02 1.530406e-02 4.335195e-07 1.095786e-05 1.580003e-06 3.653962e-04 2.833437e-04 1.754755e-05 8.696997e-05
   75    1      1      0    0      1      -1      -1   100 0.0176503333 0.14717386 0.12729286 0.22717122 0.09114155 0.14924206 0.04137566 0.069170880 0.042614814 0.0127002456 0.045104919 0.0098295533 0.0057089818 7.184991e-03 9.269730e-04 1.152708e-03 7.476624e-04 4.774549e-06 3.805883e-03 2.468328e-10 2.503258e-12 9.672610e-09 7.221201e-08 2.167729e-10 2.692180e-11
   76    1      1      0    0      1      -1      -1   100 0.0282572744 0.17578411 0.17314158 0.06588719 0.15813528 0.06406550 0.11978390 0.019449302 0.089457340 0.0424031491 0.029908461 0.0103030929 0.0055343835 2.733865e-03 1.503808e-03 6.804205e-03 8.143453e-04 5.422059e-03 1.082767e-04 1.133488e-04 3.031886e-09 5.759412e-06 2.732412e-11 3.633242e-04 2.043242e-05
   77    1      1      0    0      1      -1      -1   100 0.0107694001 0.17399364 0.29385996 0.09454362 0.04247219 0.10796566 0.02148470 0.063926291 0.009228402 0.0630862271 0.017770162 0.0276027148 0.0256351895 2.320372e-02 1.118186e-02 3.279216e-03 1.921953e-04 2.476857e-05 2.545560e-03 2.687082e-03 4.527923e-03 1.543176e-05 1.944530e-08 2.299906e-21 4.058504e-06
   78    1      1      0    0      1      -1      -1   100 0.0112357425 0.09661636 0.22874149 0.24316510 0.11758017 0.04298557 0.02591359 0.017285742 0.081428811 0.0163105673 0.039988749 0.0087939422 0.0075131888 2.186582e-02 2.101589e-05 6.245355e-03 2.346983e-02 2.371450e-03 6.820647e-04 1.855485e-05 6.180017e-03 1.676256e-16 8.512203e-13 1.571018e-16 1.586860e-03
   79    1      1      0    0      1      -1      -1   100 0.0049986982 0.07948601 0.14881195 0.24338470 0.11981072 0.12389227 0.01998312 0.073441884 0.022940224 0.0586697435 0.011481612 0.0117835111 0.0230623823 2.176909e-02 1.068265e-02 6.636312e-03 2.936384e-03 1.444450e-05 1.357364e-02 1.155936e-03 2.346104e-07 2.598978e-06 1.705496e-14 3.424354e-04 1.139454e-03
   80    1      1      0    0      1      -1      -1   100 0.0051224506 0.18004427 0.13972672 0.10187244 0.21967933 0.08687080 0.02641902 0.013175254 0.075041886 0.0167335286 0.041060044 0.0104595485 0.0031163378 2.156181e-02 1.762016e-02 1.154947e-02 2.502784e-03 1.076878e-03 8.026028e-04 8.164146e-04 2.471795e-02 4.907951e-15 7.704042e-06 2.063168e-05 1.948642e-06
   81    1      1      0    0      1      -1      -1   100 0.0143536290 0.13587476 0.23815993 0.09761229 0.07732764 0.09309054 0.07238184 0.012615269 0.019546387 0.1117149715 0.003359323 0.0740429482 0.0111393876 2.936183e-03 1.925357e-02 9.188600e-03 7.605385e-04 2.255114e-04 1.823547e-03 2.984290e-03 1.527425e-04 2.498815e-04 6.215828e-05 9.013043e-17 1.144065e-03
   82    1      1      0    0      1      -1      -1   100 0.0169137659 0.19511405 0.13625269 0.25063455 0.07343948 0.04911481 0.05898874 0.089230712 0.023852202 0.0070904089 0.005603685 0.0002874767 0.0454835134 5.382293e-04 9.995474e-03 4.089161e-03 1.574989e-03 1.987137e-02 3.424085e-04 7.826587e-05 4.261853e-03 3.565498e-06 7.311241e-04 6.900733e-04 5.817405e-03
   83    1      1      0    0      1      -1      -1   100 0.0061547583 0.15373110 0.19734216 0.17080973 0.12062559 0.10265035 0.03411088 0.079409562 0.038355248 0.0581774642 0.001353579 0.0073834690 0.0014513946 8.536163e-03 1.306586e-04 4.366634e-03 4.983057e-03 2.037866e-05 2.058249e-03 1.222765e-06 6.659026e-04 6.767536e-03 2.338425e-09 7.028864e-07 9.142035e-04
   84    1      1      0    0      1      -1      -1   100 0.0186909067 0.11088745 0.28470526 0.13373407 0.14104168 0.06972063 0.02722809 0.012767405 0.055393136 0.0582862757 0.014281146 0.0001468220 0.0190504116 1.493878e-03 1.488596e-02 1.844913e-02 1.616175e-02 4.996088e-04 5.296107e-09 2.104335e-03 6.103649e-08 4.719648e-04 1.045350e-18 1.001276e-24 1.705340e-08
   85    1      1      0    0      1      -1      -1   100 0.0292922138 0.11576755 0.19701981 0.12797885 0.17337319 0.08254150 0.06422446 0.026124655 0.013052681 0.0116661256 0.079461759 0.0251106951 0.0035269278 9.040433e-03 3.173337e-03 1.650641e-02 5.762794e-04 9.566551e-03 3.013409e-03 8.529574e-07 8.944896e-03 3.712865e-05 9.316995e-09 2.977308e-13 2.668070e-07
   86    1      1      0    0      1      -1      -1   100 0.0016695665 0.16404550 0.23608602 0.09362738 0.14597477 0.05627775 0.10466752 0.046493555 0.033435579 0.0072607586 0.059173133 0.0157498185 0.0100626522 4.283178e-04 8.161898e-03 1.262525e-03 3.060307e-03 5.570458e-10 4.644859e-03 5.494541e-03 1.302232e-04 6.710855e-04 8.014542e-04 2.738782e-08 8.207618e-04
   87    1      1      0    0      1      -1      -1   100 0.0273531525 0.12253141 0.20010341 0.17353596 0.08795508 0.12744175 0.06556467 0.045540599 0.031557120 0.0041331674 0.010488101 0.0254715497 0.0257081859 5.906873e-03 1.676293e-02 9.469542e-03 6.277182e-04 1.634635e-02 1.695388e-03 4.102574e-04 1.494555e-05 5.069835e-04 8.712852e-04 5.434584e-11 3.582492e-06
   88    1      1      0    0      1      -1      -1   100 0.0262577718 0.22810487 0.11179311 0.19119641 0.06218815 0.05360926 0.15524572 0.076559767 0.026878120 0.0281270197 0.006187109 0.0035747417 0.0014344674 6.038988e-03 1.335456e-02 1.645246e-03 1.377017e-03 2.679065e-04 5.350049e-03 8.957981e-07 3.681389e-07 2.332026e-04 5.051670e-04 1.223949e-06 6.886572e-05
   89    1      1      0    0      1      -1      -1   100 0.0594504761 0.08130462 0.14759619 0.10359681 0.15131197 0.07908958 0.13173312 0.045118629 0.056541351 0.0583684588 0.041945444 0.0067436007 0.0014984303 7.529218e-03 1.525710e-02 3.091776e-03 4.316846e-03 3.218798e-03 1.146696e-03 1.109685e-03 6.468634e-09 6.551068e-11 1.252115e-06 2.297461e-13 2.994125e-05
   90    1      1      0    0      1      -1      -1   100 0.0318340587 0.31481024 0.22131055 0.11196109 0.05237364 0.09521266 0.03191722 0.021360870 0.031253164 0.0230791072 0.006659442 0.0165371830 0.0179866334 4.276630e-03 3.526685e-03 3.898393e-03 7.969920e-07 1.512235e-03 4.758192e-04 1.600101e-05 6.950920e-03 9.106919e-12 9.068931e-06 1.795840e-03 1.241755e-03
   91    1      1      0    0      1      -1      -1   100 0.0027247495 0.16729984 0.23277582 0.13473656 0.09494185 0.05699080 0.12263394 0.052168806 0.026111366 0.0076426463 0.046137482 0.0353741300 0.0029263848 6.474466e-03 2.295883e-03 2.133107e-03 4.949002e-03 6.784833e-04 3.774109e-11 6.063683e-04 4.734748e-18 2.545335e-07 2.159467e-18 8.202101e-06 3.898550e-04
   92    1      1      0    0      1      -1      -1   100 0.0299086502 0.09140663 0.23566020 0.18824522 0.13429090 0.11695265 0.03053306 0.060099803 0.020212625 0.0126925800 0.031684768 0.0085884829 0.0027931826 2.377231e-03 1.633091e-02 1.639369e-04 8.914624e-05 1.998038e-03 2.031560e-04 5.335789e-08 8.285361e-04 4.838029e-07 3.169938e-06 6.773210e-04 1.425927e-02
   93    1      1      0    0      1      -1      -1   100 0.0126974930 0.15413949 0.17998513 0.16498123 0.12141216 0.08429939 0.05334039 0.038302162 0.074946922 0.0132760865 0.001810506 0.0154856891 0.0311383234 2.052721e-02 3.946132e-03 3.758435e-05 2.547963e-03 2.506512e-02 4.630992e-07 5.692339e-05 1.409105e-08 3.836707e-04 5.391471e-09 1.586738e-03 3.321191e-05
   94    1      1      0    0      1      -1      -1   100 0.0127994664 0.12287527 0.21407425 0.08570014 0.19265727 0.09896749 0.06194898 0.051703276 0.036065460 0.0173898028 0.037718307 0.0142012319 0.0049591419 1.176413e-02 1.456842e-02 4.857153e-03 1.055797e-03 3.756330e-04 1.537454e-03 1.645343e-04 4.542284e-03 4.072289e-10 4.404148e-07 1.007386e-02 2.202547e-07
   95    1      1      0    0      1      -1      -1   100 0.0056770203 0.23546851 0.11698553 0.19101825 0.04529975 0.10436688 0.09265848 0.056280351 0.022164756 0.0447403703 0.034715879 0.0179547603 0.0140407844 6.048721e-03 4.382379e-04 5.576763e-04 3.343686e-03 1.082824e-04 1.975578e-04 1.772676e-03 1.773292e-10 4.982779e-03 4.258889e-06 5.180511e-04 6.567647e-04
   96    1      1      0    0      1      -1      -1   100 0.0335368875 0.07813539 0.25472964 0.11435702 0.15070168 0.03676515 0.03696551 0.126493052 0.042747589 0.0208901802 0.035556001 0.0246699444 0.0194033084 1.836323e-03 1.034250e-02 3.738422e-03 7.931860e-04 2.580359e-04 7.862255e-03 1.658110e-05 1.433246e-13 2.519903e-08 1.857483e-04 4.676845e-24 1.555793e-05
   97    1      1      0    0      1      -1      -1   100 0.0072251302 0.36290471 0.08458526 0.16762114 0.03168304 0.12038572 0.03779452 0.040801813 0.045255332 0.0155728442 0.009289947 0.0239315721 0.0146234257 6.019158e-03 3.472464e-05 1.391880e-02 8.194727e-03 2.311203e-03 3.514238e-08 2.885156e-08 2.549697e-11 7.825561e-03 2.072533e-05 3.646868e-07 2.214793e-07
   98    1      1      0    0      1      -1      -1   100 0.0099088842 0.10735053 0.30546339 0.07882543 0.14592320 0.05179026 0.08119293 0.055617550 0.025362808 0.0471579196 0.029481206 0.0072326976 0.0022484208 4.393520e-02 4.200411e-04 1.741243e-03 6.030072e-04 3.433556e-03 3.119025e-07 1.420045e-03 7.258830e-05 2.891007e-14 2.897337e-18 3.886198e-16 8.187908e-04
   99    1      1      0    0      1      -1      -1   100 0.0260383943 0.12745599 0.12291521 0.19736725 0.08558988 0.15202271 0.06210147 0.048104830 0.026285040 0.0123537922 0.013943452 0.0188181239 0.0076498966 5.389821e-03 6.020743e-02 2.352682e-02 1.656620e-05 1.707236e-03 4.008177e-04 1.362015e-05 6.415342e-03 4.870470e-19 3.518401e-07 1.231301e-20 1.675953e-03
  100    1      1      0    0      1      -1      -1   100 0.0076880007 0.24035847 0.10115985 0.09689315 0.17492647 0.06493536 0.06205027 0.026899112 0.057288298 0.0217239464 0.024129239 0.0422136862 0.0177633691 2.648035e-02 7.947351e-03 4.505237e-03 3.003827e-05 1.306317e-05 6.953421e-03 2.586188e-05 3.790241e-04 9.500225e-03 4.760713e-08 1.148390e-10 6.136164e-03
    2    1      2      0    0      1      -1      -1   100 0.1200000000 0.13000000 0.11000000 0.13000000 0.07000000 0.10000000 0.06000000 0.050000000 0.020000000 0.0300000000 0.030000000 0.0200000000 0.0400000000 1.000000e-02 3.000000e-02 1.000000e-02 1.000000e-02 0.000000e+00 2.000000e-02 0.000000e+00 0.000000e+00 0.000000e+00 1.000000e-02 0.000000e+00 0.000000e+00
    3    1      2      0    0      1      -1      -1   100 0.0700000000 0.17000000 0.20000000 0.12000000 0.12000000 0.06000000 0.07000000 0.020000000 0.010000000 0.0400000000 0.010000000 0.0000000000 0.0200000000 0.000000e+00 1.000000e-02 1.000000e-02 1.000000e-02 0.000000e+00 1.000000e-02 0.000000e+00 1.000000e-02 2.000000e-02 1.000000e-02 0.000000e+00 1.000000e-02
    4    1      2      0    0      1      -1      -1   100 0.0200000000 0.25000000 0.16000000 0.12000000 0.16000000 0.02000000 0.05000000 0.070000000 0.030000000 0.0500000000 0.000000000 0.0100000000 0.0200000000 2.000000e-02 0.000000e+00 0.000000e+00 1.000000e-02 0.000000e+00 0.000000e+00 0.000000e+00 1.000000e-02 0.000000e+00 0.000000e+00 0.000000e+00 0.000000e+00
    5    1      2      0    0      1      -1      -1   100 0.0400000000 0.29000000 0.29000000 0.08000000 0.05000000 0.05000000 0.04000000 0.010000000 0.020000000 0.0400000000 0.020000000 0.0100000000 0.0300000000 0.000000e+00 0.000000e+00 1.000000e-02 1.000000e-02 0.000000e+00 0.000000e+00 0.000000e+00 1.000000e-02 0.000000e+00 0.000000e+00 0.000000e+00 0.000000e+00
    6    1      2      0    0      1      -1      -1   100 0.0000000000 0.15000000 0.18000000 0.15000000 0.14000000 0.09000000 0.06000000 0.060000000 0.010000000 0.0300000000 0.010000000 0.0300000000 0.0200000000 0.000000e+00 2.000000e-02 1.000000e-02 0.000000e+00 1.000000e-02 1.000000e-02 1.000000e-02 0.000000e+00 1.000000e-02 0.000000e+00 0.000000e+00 0.000000e+00
    7    1      2      0    0      1      -1      -1   100 0.0200000000 0.04000000 0.17000000 0.23000000 0.19000000 0.08000000 0.06000000 0.050000000 0.040000000 0.0000000000 0.010000000 0.0100000000 0.0000000000 3.000000e-02 0.000000e+00 1.000000e-02 1.000000e-02 1.000000e-02 1.000000e-02 0.000000e+00 1.000000e-02 0.000000e+00 0.000000e+00 1.000000e-02 1.000000e-02
    8    1      2      0    0      1      -1      -1   100 0.0200000000 0.09000000 0.08000000 0.18000000 0.18000000 0.13000000 0.09000000 0.060000000 0.040000000 0.0200000000 0.020000000 0.0400000000 0.0000000000 1.000000e-02 0.000000e+00 2.000000e-02 1.000000e-02 0.000000e+00 0.000000e+00 1.000000e-02 0.000000e+00 0.000000e+00 0.000000e+00 0.000000e+00 0.000000e+00
    9    1      2      0    0      1      -1      -1   100 0.0100000000 0.10000000 0.08000000 0.11000000 0.08000000 0.20000000 0.14000000 0.060000000 0.030000000 0.0200000000 0.040000000 0.0200000000 0.0300000000 1.000000e-02 0.000000e+00 0.000000e+00 3.000000e-02 0.000000e+00 1.000000e-02 0.000000e+00 1.000000e-02 0.000000e+00 0.000000e+00 0.000000e+00 2.000000e-02
   10    1      2      0    0      1      -1      -1   100 0.0400000000 0.13000000 0.03000000 0.14000000 0.06000000 0.08000000 0.18000000 0.080000000 0.050000000 0.0400000000 0.030000000 0.0100000000 0.0200000000 3.000000e-02 1.000000e-02 0.000000e+00 0.000000e+00 1.000000e-02 2.000000e-02 2.000000e-02 2.000000e-02 0.000000e+00 0.000000e+00 0.000000e+00 0.000000e+00
   11    1      2      0    0      1      -1      -1   100 0.1100000000 0.14000000 0.09000000 0.11000000 0.07000000 0.08000000 0.07000000 0.120000000 0.060000000 0.0400000000 0.040000000 0.0000000000 0.0200000000 0.000000e+00 0.000000e+00 2.000000e-02 0.000000e+00 0.000000e+00 0.000000e+00 0.000000e+00 1.000000e-02 1.000000e-02 0.000000e+00 0.000000e+00 1.000000e-02
   12    1      2      0    0      1      -1      -1   100 0.0200000000 0.20000000 0.12000000 0.09000000 0.07000000 0.07000000 0.07000000 0.090000000 0.020000000 0.0900000000 0.040000000 0.0000000000 0.0400000000 1.000000e-02 1.000000e-02 0.000000e+00 1.000000e-02 2.000000e-02 0.000000e+00 0.000000e+00 1.000000e-02 1.000000e-02 0.000000e+00 0.000000e+00 1.000000e-02
   13    1      2      0    0      1      -1      -1   100 0.0300000000 0.09000000 0.22000000 0.10000000 0.06000000 0.03000000 0.07000000 0.050000000 0.140000000 0.0800000000 0.060000000 0.0200000000 0.0000000000 1.000000e-02 0.000000e+00 1.000000e-02 1.000000e-02 0.000000e+00 0.000000e+00 0.000000e+00 1.000000e-02 0.000000e+00 0.000000e+00 0.000000e+00 1.000000e-02
   14    1      2      0    0      1      -1      -1   100 0.0100000000 0.18000000 0.12000000 0.14000000 0.07000000 0.09000000 0.04000000 0.010000000 0.050000000 0.0800000000 0.050000000 0.0300000000 0.0200000000 2.000000e-02 1.000000e-02 1.000000e-02 2.000000e-02 1.000000e-02 1.000000e-02 0.000000e+00 1.000000e-02 0.000000e+00 0.000000e+00 1.000000e-02 1.000000e-02
   15    1      2      0    0      1      -1      -1   100 0.0500000000 0.12000000 0.15000000 0.09000000 0.23000000 0.05000000 0.04000000 0.030000000 0.020000000 0.0100000000 0.030000000 0.0400000000 0.0300000000 4.000000e-02 1.000000e-02 2.000000e-02 0.000000e+00 0.000000e+00 0.000000e+00 0.000000e+00 1.000000e-02 1.000000e-02 0.000000e+00 0.000000e+00 2.000000e-02
   16    1      2      0    0      1      -1      -1   100 0.0200000000 0.13000000 0.18000000 0.22000000 0.06000000 0.11000000 0.07000000 0.030000000 0.030000000 0.0200000000 0.020000000 0.0600000000 0.0200000000 1.000000e-02 1.000000e-02 0.000000e+00 0.000000e+00 0.000000e+00 0.000000e+00 1.000000e-02 0.000000e+00 0.000000e+00 0.000000e+00 0.000000e+00 0.000000e+00
   17    1      2      0    0      1      -1      -1   100 0.0300000000 0.07000000 0.11000000 0.08000000 0.14000000 0.16000000 0.13000000 0.030000000 0.020000000 0.0500000000 0.040000000 0.0300000000 0.0400000000 1.000000e-02 3.000000e-02 0.000000e+00 1.000000e-02 0.000000e+00 1.000000e-02 0.000000e+00 0.000000e+00 0.000000e+00 0.000000e+00 0.000000e+00 1.000000e-02
   18    1      2      0    0      1      -1      -1   100 0.0500000000 0.16000000 0.12000000 0.11000000 0.05000000 0.09000000 0.10000000 0.080000000 0.020000000 0.0100000000 0.000000000 0.0300000000 0.0000000000 5.000000e-02 4.000000e-02 1.000000e-02 2.000000e-02 0.000000e+00 0.000000e+00 1.000000e-02 0.000000e+00 1.000000e-02 1.000000e-02 2.000000e-02 1.000000e-02
   19    1      2      0    0      1      -1      -1   100 0.0600000000 0.12000000 0.11000000 0.12000000 0.06000000 0.05000000 0.09000000 0.070000000 0.060000000 0.0400000000 0.020000000 0.0500000000 0.0200000000 2.000000e-02 3.000000e-02 1.000000e-02 2.000000e-02 1.000000e-02 1.000000e-02 1.000000e-02 0.000000e+00 0.000000e+00 0.000000e+00 1.000000e-02 1.000000e-02
   20    1      2      0    0      1      -1      -1   100 0.0200000000 0.18000000 0.17000000 0.12000000 0.02000000 0.11000000 0.04000000 0.090000000 0.020000000 0.0800000000 0.000000000 0.0100000000 0.0100000000 2.000000e-02 1.000000e-02 1.000000e-02 1.000000e-02 1.000000e-02 3.000000e-02 0.000000e+00 0.000000e+00 0.000000e+00 2.000000e-02 1.000000e-02 1.000000e-02
   21    1      2      0    0      1      -1      -1   100 0.0200000000 0.14000000 0.11000000 0.11000000 0.11000000 0.03000000 0.07000000 0.060000000 0.060000000 0.0100000000 0.090000000 0.0400000000 0.0200000000 0.000000e+00 2.000000e-02 1.000000e-02 1.000000e-02 1.000000e-02 3.000000e-02 0.000000e+00 1.000000e-02 0.000000e+00 0.000000e+00 1.000000e-02 3.000000e-02
   22    1      2      0    0      1      -1      -1   100 0.0300000000 0.24000000 0.07000000 0.07000000 0.07000000 0.09000000 0.08000000 0.030000000 0.070000000 0.0600000000 0.050000000 0.0400000000 0.0300000000 2.000000e-02 1.000000e-02 1.000000e-02 1.000000e-02 0.000000e+00 1.000000e-02 1.000000e-02 0.000000e+00 0.000000e+00 0.000000e+00 0.000000e+00 0.000000e+00
   23    1      2      0    0      1      -1      -1   100 0.0500000000 0.12000000 0.23000000 0.10000000 0.10000000 0.05000000 0.05000000 0.050000000 0.010000000 0.0400000000 0.040000000 0.0000000000 0.0200000000 4.000000e-02 0.000000e+00 0.000000e+00 1.000000e-02 0.000000e+00 2.000000e-02 4.000000e-02 1.000000e-02 1.000000e-02 0.000000e+00 1.000000e-02 0.000000e+00
   24    1      2      0    0      1      -1      -1   100 0.0200000000 0.17000000 0.14000000 0.15000000 0.09000000 0.03000000 0.08000000 0.060000000 0.020000000 0.0300000000 0.070000000 0.0200000000 0.0100000000 0.000000e+00 2.000000e-02 2.000000e-02 0.000000e+00 1.000000e-02 0.000000e+00 3.000000e-02 2.000000e-02 0.000000e+00 0.000000e+00 0.000000e+00 1.000000e-02
   25    1      2      0    0      1      -1      -1   100 0.0300000000 0.07000000 0.20000000 0.12000000 0.20000000 0.06000000 0.04000000 0.040000000 0.030000000 0.0400000000 0.000000000 0.0500000000 0.0300000000 3.000000e-02 0.000000e+00 2.000000e-02 0.000000e+00 0.000000e+00 0.000000e+00 1.000000e-02 2.000000e-02 1.000000e-02 0.000000e+00 0.000000e+00 0.000000e+00
   26    1      2      0    0      1      -1      -1   100 0.0400000000 0.19000000 0.10000000 0.14000000 0.12000000 0.10000000 0.05000000 0.040000000 0.050000000 0.0300000000 0.020000000 0.0200000000 0.0200000000 0.000000e+00 3.000000e-02 1.000000e-02 0.000000e+00 2.000000e-02 0.000000e+00 0.000000e+00 0.000000e+00 0.000000e+00 0.000000e+00 0.000000e+00 2.000000e-02
   27    1      2      0    0      1      -1      -1   100 0.0200000000 0.21000000 0.20000000 0.05000000 0.10000000 0.11000000 0.08000000 0.050000000 0.030000000 0.0200000000 0.030000000 0.0200000000 0.0200000000 2.000000e-02 0.000000e+00 1.000000e-02 3.000000e-02 0.000000e+00 0.000000e+00 0.000000e+00 0.000000e+00 0.000000e+00 0.000000e+00 0.000000e+00 0.000000e+00
   28    1      2      0    0      1      -1      -1   100 0.0300000000 0.22000000 0.16000000 0.13000000 0.05000000 0.06000000 0.07000000 0.090000000 0.010000000 0.0300000000 0.030000000 0.0400000000 0.0000000000 3.000000e-02 2.000000e-02 1.000000e-02 0.000000e+00 0.000000e+00 0.000000e+00 1.000000e-02 0.000000e+00 1.000000e-02 0.000000e+00 0.000000e+00 0.000000e+00
   29    1      2      0    0      1      -1      -1   100 0.0500000000 0.16000000 0.18000000 0.17000000 0.05000000 0.04000000 0.08000000 0.040000000 0.050000000 0.0100000000 0.010000000 0.0200000000 0.0400000000 0.000000e+00 4.000000e-02 0.000000e+00 2.000000e-02 1.000000e-02 0.000000e+00 0.000000e+00 0.000000e+00 1.000000e-02 2.000000e-02 0.000000e+00 0.000000e+00
   30    1      2      0    0      1      -1      -1   100 0.0700000000 0.14000000 0.15000000 0.16000000 0.15000000 0.04000000 0.02000000 0.070000000 0.080000000 0.0200000000 0.020000000 0.0100000000 0.0100000000 1.000000e-02 0.000000e+00 1.000000e-02 0.000000e+00 0.000000e+00 0.000000e+00 0.000000e+00 1.000000e-02 0.000000e+00 1.000000e-02 0.000000e+00 2.000000e-02
   31    1      2      0    0      1      -1      -1   100 0.0200000000 0.23000000 0.18000000 0.10000000 0.10000000 0.09000000 0.06000000 0.030000000 0.020000000 0.0100000000 0.060000000 0.0200000000 0.0200000000 0.000000e+00 2.000000e-02 0.000000e+00 0.000000e+00 1.000000e-02 1.000000e-02 1.000000e-02 1.000000e-02 0.000000e+00 0.000000e+00 0.000000e+00 0.000000e+00
   32    1      2      0    0      1      -1      -1   100 0.0100000000 0.21000000 0.11000000 0.13000000 0.13000000 0.08000000 0.05000000 0.050000000 0.020000000 0.0200000000 0.050000000 0.0200000000 0.0400000000 1.000000e-02 2.000000e-02 1.000000e-02 0.000000e+00 1.000000e-02 2.000000e-02 0.000000e+00 1.000000e-02 0.000000e+00 0.000000e+00 0.000000e+00 0.000000e+00
   33    1      2      0    0      1      -1      -1   100 0.0300000000 0.10000000 0.12000000 0.21000000 0.14000000 0.10000000 0.07000000 0.040000000 0.050000000 0.0300000000 0.020000000 0.0200000000 0.0100000000 0.000000e+00 0.000000e+00 1.000000e-02 0.000000e+00 1.000000e-02 1.000000e-02 0.000000e+00 2.000000e-02 0.000000e+00 0.000000e+00 0.000000e+00 1.000000e-02
   34    1      2      0    0      1      -1      -1   100 0.0400000000 0.17000000 0.14000000 0.15000000 0.08000000 0.07000000 0.13000000 0.020000000 0.030000000 0.0600000000 0.020000000 0.0100000000 0.0100000000 2.000000e-02 1.000000e-02 1.000000e-02 0.000000e+00 2.000000e-02 1.000000e-02 0.000000e+00 0.000000e+00 0.000000e+00 0.000000e+00 0.000000e+00 0.000000e+00
   35    1      2      0    0      1      -1      -1   100 0.0100000000 0.17000000 0.14000000 0.09000000 0.12000000 0.08000000 0.16000000 0.040000000 0.050000000 0.0400000000 0.020000000 0.0000000000 0.0200000000 1.000000e-02 1.000000e-02 0.000000e+00 1.000000e-02 1.000000e-02 0.000000e+00 0.000000e+00 1.000000e-02 1.000000e-02 0.000000e+00 0.000000e+00 0.000000e+00
   36    1      2      0    0      1      -1      -1   100 0.0500000000 0.10000000 0.12000000 0.11000000 0.08000000 0.08000000 0.13000000 0.090000000 0.030000000 0.0700000000 0.040000000 0.0200000000 0.0200000000 1.000000e-02 2.000000e-02 1.000000e-02 1.000000e-02 0.000000e+00 0.000000e+00 0.000000e+00 0.000000e+00 0.000000e+00 0.000000e+00 1.000000e-02 0.000000e+00
   37    1      2      0    0      1      -1      -1   100 0.0200000000 0.24000000 0.13000000 0.11000000 0.12000000 0.06000000 0.04000000 0.100000000 0.030000000 0.0700000000 0.020000000 0.0100000000 0.0100000000 0.000000e+00 1.000000e-02 0.000000e+00 1.000000e-02 0.000000e+00 0.000000e+00 0.000000e+00 0.000000e+00 0.000000e+00 0.000000e+00 0.000000e+00 2.000000e-02
   38    1      2      0    0      1      -1      -1   100 0.0100000000 0.07000000 0.27000000 0.08000000 0.08000000 0.09000000 0.08000000 0.060000000 0.080000000 0.0700000000 0.030000000 0.0100000000 0.0000000000 2.000000e-02 0.000000e+00 0.000000e+00 1.000000e-02 3.000000e-02 0.000000e+00 0.000000e+00 1.000000e-02 0.000000e+00 0.000000e+00 0.000000e+00 0.000000e+00
   39    1      2      0    0      1      -1      -1   100 0.0300000000 0.14000000 0.12000000 0.22000000 0.06000000 0.07000000 0.07000000 0.020000000 0.060000000 0.0300000000 0.020000000 0.0100000000 0.0300000000 5.000000e-02 1.000000e-02 1.000000e-02 2.000000e-02 0.000000e+00 0.000000e+00 0.000000e+00 0.000000e+00 1.000000e-02 0.000000e+00 0.000000e+00 2.000000e-02
   40    1      2      0    0      1      -1      -1   100 0.0900000000 0.23000000 0.16000000 0.04000000 0.17000000 0.02000000 0.03000000 0.050000000 0.050000000 0.0200000000 0.020000000 0.0200000000 0.0100000000 4.000000e-02 2.000000e-02 0.000000e+00 1.000000e-02 0.000000e+00 0.000000e+00 0.000000e+00 1.000000e-02 0.000000e+00 0.000000e+00 0.000000e+00 1.000000e-02
   41    1      2      0    0      1      -1      -1   100 0.0300000000 0.42000000 0.15000000 0.04000000 0.04000000 0.12000000 0.02000000 0.020000000 0.040000000 0.0200000000 0.000000000 0.0200000000 0.0300000000 1.000000e-02 1.000000e-02 0.000000e+00 0.000000e+00 0.000000e+00 0.000000e+00 1.000000e-02 1.000000e-02 0.000000e+00 0.000000e+00 0.000000e+00 1.000000e-02
   42    1      2      0    0      1      -1      -1   100 0.0400000000 0.21000000 0.29000000 0.19000000 0.05000000 0.03000000 0.04000000 0.020000000 0.010000000 0.0200000000 0.010000000 0.0200000000 0.0100000000 1.000000e-02 0.000000e+00 2.000000e-02 1.000000e-02 0.000000e+00 0.000000e+00 1.000000e-02 0.000000e+00 0.000000e+00 0.000000e+00 1.000000e-02 0.000000e+00
   43    1      2      0    0      1      -1      -1   100 0.0400000000 0.17000000 0.17000000 0.22000000 0.11000000 0.04000000 0.05000000 0.060000000 0.030000000 0.0200000000 0.020000000 0.0100000000 0.0000000000 2.000000e-02 0.000000e+00 2.000000e-02 0.000000e+00 1.000000e-02 0.000000e+00 1.000000e-02 0.000000e+00 0.000000e+00 0.000000e+00 0.000000e+00 0.000000e+00
   44    1      2      0    0      1      -1      -1   100 0.0200000000 0.22000000 0.20000000 0.11000000 0.22000000 0.07000000 0.06000000 0.030000000 0.020000000 0.0000000000 0.000000000 0.0000000000 0.0000000000 0.000000e+00 0.000000e+00 0.000000e+00 1.000000e-02 0.000000e+00 1.000000e-02 1.000000e-02 0.000000e+00 1.000000e-02 0.000000e+00 0.000000e+00 1.000000e-02
   45    1      2      0    0      1      -1      -1   100 0.0300000000 0.13000000 0.18000000 0.12000000 0.14000000 0.15000000 0.08000000 0.040000000 0.000000000 0.0400000000 0.010000000 0.0200000000 0.0100000000 1.000000e-02 0.000000e+00 1.000000e-02 1.000000e-02 0.000000e+00 0.000000e+00 0.000000e+00 1.000000e-02 0.000000e+00 0.000000e+00 0.000000e+00 1.000000e-02
   46    1      2      0    0      1      -1      -1   100 0.0800000000 0.16000000 0.10000000 0.18000000 0.10000000 0.10000000 0.09000000 0.050000000 0.010000000 0.0100000000 0.040000000 0.0100000000 0.0100000000 1.000000e-02 3.000000e-02 1.000000e-02 1.000000e-02 0.000000e+00 0.000000e+00 0.000000e+00 0.000000e+00 0.000000e+00 0.000000e+00 0.000000e+00 0.000000e+00
   47    1      2      0    0      1      -1      -1   100 0.0500000000 0.27000000 0.08000000 0.04000000 0.10000000 0.10000000 0.04000000 0.100000000 0.080000000 0.0300000000 0.030000000 0.0200000000 0.0100000000 0.000000e+00 1.000000e-02 1.000000e-02 1.000000e-02 0.000000e+00 2.000000e-02 0.000000e+00 0.000000e+00 0.000000e+00 0.000000e+00 0.000000e+00 0.000000e+00
   48    1      2      0    0      1      -1      -1   100 0.0500000000 0.24000000 0.18000000 0.08000000 0.07000000 0.05000000 0.09000000 0.050000000 0.110000000 0.0000000000 0.040000000 0.0000000000 0.0100000000 0.000000e+00 1.000000e-02 0.000000e+00 0.000000e+00 1.000000e-02 0.000000e+00 1.000000e-02 0.000000e+00 0.000000e+00 0.000000e+00 0.000000e+00 0.000000e+00
   49    1      2      0    0      1      -1      -1   100 0.0700000000 0.15000000 0.18000000 0.13000000 0.07000000 0.07000000 0.13000000 0.030000000 0.020000000 0.0300000000 0.020000000 0.0200000000 0.0200000000 3.000000e-02 0.000000e+00 0.000000e+00 1.000000e-02 1.000000e-02 0.000000e+00 1.000000e-02 0.000000e+00 0.000000e+00 0.000000e+00 0.000000e+00 0.000000e+00
   50    1      2      0    0      1      -1      -1   100 0.0200000000 0.21000000 0.15000000 0.14000000 0.15000000 0.03000000 0.03000000 0.070000000 0.020000000 0.0600000000 0.030000000 0.0400000000 0.0200000000 2.000000e-02 0.000000e+00 0.000000e+00 0.000000e+00 0.000000e+00 1.000000e-02 0.000000e+00 0.000000e+00 0.000000e+00 0.000000e+00 0.000000e+00 0.000000e+00
   51    1      2      0    0      1      -1      -1   100 0.0400000000 0.18000000 0.18000000 0.16000000 0.11000000 0.10000000 0.02000000 0.020000000 0.050000000 0.0500000000 0.030000000 0.0100000000 0.0200000000 0.000000e+00 1.000000e-02 2.000000e-02 0.000000e+00 0.000000e+00 0.000000e+00 0.000000e+00 0.000000e+00 0.000000e+00 0.000000e+00 0.000000e+00 0.000000e+00
   52    1      2      0    0      1      -1      -1   100 0.0400000000 0.17000000 0.13000000 0.13000000 0.08000000 0.14000000 0.08000000 0.040000000 0.020000000 0.0300000000 0.040000000 0.0500000000 0.0400000000 0.000000e+00 0.000000e+00 0.000000e+00 0.000000e+00 1.000000e-02 0.000000e+00 0.000000e+00 0.000000e+00 0.000000e+00 0.000000e+00 0.000000e+00 0.000000e+00
   53    1      2      0    0      1      -1      -1   100 0.0300000000 0.27000000 0.13000000 0.10000000 0.07000000 0.06000000 0.07000000 0.080000000 0.000000000 0.0500000000 0.020000000 0.0300000000 0.0100000000 5.000000e-02 0.000000e+00 1.000000e-02 0.000000e+00 1.000000e-02 0.000000e+00 0.000000e+00 0.000000e+00 0.000000e+00 1.000000e-02 0.000000e+00 0.000000e+00
   54    1      2      0    0      1      -1      -1   100 0.0200000000 0.18000000 0.22000000 0.14000000 0.14000000 0.07000000 0.02000000 0.100000000 0.040000000 0.0000000000 0.020000000 0.0000000000 0.0000000000 1.000000e-02 2.000000e-02 0.000000e+00 0.000000e+00 0.000000e+00 1.000000e-02 0.000000e+00 0.000000e+00 0.000000e+00 0.000000e+00 1.000000e-02 0.000000e+00
   55    1      2      0    0      1      -1      -1   100 0.0600000000 0.15000000 0.16000000 0.12000000 0.10000000 0.07000000 0.08000000 0.070000000 0.050000000 0.0300000000 0.010000000 0.0300000000 0.0000000000 3.000000e-02 2.000000e-02 1.000000e-02 0.000000e+00 0.000000e+00 0.000000e+00 0.000000e+00 0.000000e+00 0.000000e+00 0.000000e+00 0.000000e+00 1.000000e-02
   56    1      2      0    0      1      -1      -1   100 0.0500000000 0.29000000 0.16000000 0.16000000 0.08000000 0.05000000 0.04000000 0.030000000 0.020000000 0.0300000000 0.020000000 0.0500000000 0.0000000000 0.000000e+00 1.000000e-02 0.000000e+00 0.000000e+00 1.000000e-02 0.000000e+00 0.000000e+00 0.000000e+00 0.000000e+00 0.000000e+00 0.000000e+00 0.000000e+00
   57    1      2      0    0      1      -1      -1   100 0.0200000000 0.17000000 0.35000000 0.09000000 0.06000000 0.09000000 0.03000000 0.070000000 0.030000000 0.0100000000 0.000000000 0.0300000000 0.0000000000 0.000000e+00 1.000000e-02 0.000000e+00 1.000000e-02 1.000000e-02 1.000000e-02 0.000000e+00 0.000000e+00 0.000000e+00 0.000000e+00 0.000000e+00 1.000000e-02
   58    1      2      0    0      1      -1      -1   100 0.0500000000 0.17000000 0.15000000 0.24000000 0.07000000 0.09000000 0.05000000 0.050000000 0.020000000 0.0200000000 0.000000000 0.0400000000 0.0100000000 0.000000e+00 1.000000e-02 1.000000e-02 1.000000e-02 0.000000e+00 0.000000e+00 0.000000e+00 0.000000e+00 0.000000e+00 0.000000e+00 0.000000e+00 1.000000e-02
   59    1      2      0    0      1      -1      -1   100 0.0300000000 0.27000000 0.16000000 0.09000000 0.18000000 0.09000000 0.06000000 0.040000000 0.010000000 0.0100000000 0.010000000 0.0000000000 0.0200000000 1.000000e-02 0.000000e+00 0.000000e+00 1.000000e-02 0.000000e+00 0.000000e+00 0.000000e+00 1.000000e-02 0.000000e+00 0.000000e+00 0.000000e+00 0.000000e+00
   60    1      2      0    0      1      -1      -1   100 0.0500000000 0.32000000 0.17000000 0.11000000 0.06000000 0.09000000 0.03000000 0.020000000 0.040000000 0.0200000000 0.020000000 0.0200000000 0.0000000000 0.000000e+00 2.000000e-02 1.000000e-02 0.000000e+00 1.000000e-02 1.000000e-02 0.000000e+00 0.000000e+00 0.000000e+00 0.000000e+00 0.000000e+00 0.000000e+00
   61    1      2      0    0      1      -1      -1   100 0.0500000000 0.18000000 0.28000000 0.16000000 0.10000000 0.03000000 0.10000000 0.040000000 0.010000000 0.0300000000 0.000000000 0.0000000000 0.0000000000 0.000000e+00 0.000000e+00 0.000000e+00 0.000000e+00 1.000000e-02 0.000000e+00 0.000000e+00 0.000000e+00 0.000000e+00 0.000000e+00 0.000000e+00 1.000000e-02
   62    1      2      0    0      1      -1      -1   100 0.0900000000 0.12000000 0.24000000 0.14000000 0.12000000 0.06000000 0.08000000 0.050000000 0.010000000 0.0100000000 0.030000000 0.0100000000 0.0000000000 1.000000e-02 1.000000e-02 1.000000e-02 1.000000e-02 0.000000e+00 0.000000e+00 0.000000e+00 0.000000e+00 0.000000e+00 0.000000e+00 0.000000e+00 0.000000e+00
   63    1      2      0    0      1      -1      -1   100 0.0100000000 0.24000000 0.14000000 0.17000000 0.15000000 0.11000000 0.04000000 0.030000000 0.060000000 0.0000000000 0.010000000 0.0000000000 0.0100000000 0.000000e+00 0.000000e+00 0.000000e+00 0.000000e+00 0.000000e+00 0.000000e+00 0.000000e+00 2.000000e-02 1.000000e-02 0.000000e+00 0.000000e+00 0.000000e+00
   64    1      2      0    0      1      -1      -1   100 0.0500000000 0.14000000 0.27000000 0.08000000 0.08000000 0.11000000 0.03000000 0.090000000 0.030000000 0.0200000000 0.020000000 0.0200000000 0.0100000000 0.000000e+00 1.000000e-02 0.000000e+00 1.000000e-02 0.000000e+00 1.000000e-02 0.000000e+00 0.000000e+00 2.000000e-02 0.000000e+00 0.000000e+00 0.000000e+00
   65    1      2      0    0      1      -1      -1   100 0.0200000000 0.26000000 0.14000000 0.14000000 0.05000000 0.09000000 0.08000000 0.040000000 0.070000000 0.0400000000 0.030000000 0.0000000000 0.0000000000 1.000000e-02 0.000000e+00 1.000000e-02 1.000000e-02 0.000000e+00 0.000000e+00 1.000000e-02 0.000000e+00 0.000000e+00 0.000000e+00 0.000000e+00 0.000000e+00
   66    1      2      0    0      1      -1      -1   100 0.0400000000 0.19000000 0.11000000 0.13000000 0.15000000 0.05000000 0.05000000 0.070000000 0.040000000 0.0000000000 0.020000000 0.0200000000 0.0100000000 3.000000e-02 3.000000e-02 1.000000e-02 1.000000e-02 1.000000e-02 0.000000e+00 0.000000e+00 0.000000e+00 1.000000e-02 1.000000e-02 1.000000e-02 0.000000e+00
   67    1      2      0    0      1      -1      -1   100 0.0700000000 0.19000000 0.23000000 0.08000000 0.03000000 0.10000000 0.03000000 0.040000000 0.050000000 0.0700000000 0.030000000 0.0200000000 0.0300000000 1.000000e-02 0.000000e+00 1.000000e-02 0.000000e+00 1.000000e-02 0.000000e+00 0.000000e+00 0.000000e+00 0.000000e+00 0.000000e+00 0.000000e+00 0.000000e+00
   68    1      2      0    0      1      -1      -1   100 0.0400000000 0.31000000 0.21000000 0.17000000 0.11000000 0.03000000 0.03000000 0.040000000 0.020000000 0.0200000000 0.000000000 0.0000000000 0.0100000000 0.000000e+00 0.000000e+00 1.000000e-02 0.000000e+00 0.000000e+00 0.000000e+00 0.000000e+00 0.000000e+00 0.000000e+00 0.000000e+00 0.000000e+00 0.000000e+00
   69    1      2      0    0      1      -1      -1   100 0.0100000000 0.32000000 0.28000000 0.11000000 0.09000000 0.04000000 0.04000000 0.050000000 0.000000000 0.0000000000 0.020000000 0.0100000000 0.0000000000 0.000000e+00 1.000000e-02 1.000000e-02 0.000000e+00 1.000000e-02 0.000000e+00 0.000000e+00 0.000000e+00 0.000000e+00 0.000000e+00 0.000000e+00 0.000000e+00
   70    1      2      0    0      1      -1      -1   100 0.0800000000 0.08000000 0.23000000 0.22000000 0.05000000 0.08000000 0.08000000 0.030000000 0.030000000 0.0100000000 0.010000000 0.0100000000 0.0300000000 1.000000e-02 1.000000e-02 2.000000e-02 1.000000e-02 0.000000e+00 0.000000e+00 0.000000e+00 0.000000e+00 0.000000e+00 0.000000e+00 1.000000e-02 0.000000e+00
   71    1      2      0    0      1      -1      -1   100 0.0100000000 0.29000000 0.07000000 0.18000000 0.15000000 0.05000000 0.06000000 0.050000000 0.020000000 0.0300000000 0.010000000 0.0100000000 0.0100000000 3.000000e-02 0.000000e+00 1.000000e-02 1.000000e-02 0.000000e+00 0.000000e+00 0.000000e+00 0.000000e+00 0.000000e+00 0.000000e+00 0.000000e+00 1.000000e-02
   72    1      2      0    0      1      -1      -1   100 0.0600000000 0.06000000 0.33000000 0.07000000 0.13000000 0.13000000 0.06000000 0.050000000 0.040000000 0.0100000000 0.030000000 0.0100000000 0.0000000000 1.000000e-02 0.000000e+00 0.000000e+00 0.000000e+00 0.000000e+00 0.000000e+00 0.000000e+00 1.000000e-02 0.000000e+00 0.000000e+00 0.000000e+00 0.000000e+00
   73    1      2      0    0      1      -1      -1   100 0.0200000000 0.21000000 0.09000000 0.25000000 0.05000000 0.07000000 0.09000000 0.040000000 0.030000000 0.0400000000 0.010000000 0.0700000000 0.0300000000 0.000000e+00 0.000000e+00 0.000000e+00 0.000000e+00 0.000000e+00 0.000000e+00 0.000000e+00 0.000000e+00 0.000000e+00 0.000000e+00 0.000000e+00 0.000000e+00
   74    1      2      0    0      1      -1      -1   100 0.0200000000 0.12000000 0.17000000 0.06000000 0.30000000 0.05000000 0.13000000 0.060000000 0.020000000 0.0300000000 0.000000000 0.0000000000 0.0000000000 1.000000e-02 1.000000e-02 0.000000e+00 0.000000e+00 0.000000e+00 0.000000e+00 0.000000e+00 1.000000e-02 0.000000e+00 0.000000e+00 0.000000e+00 1.000000e-02
   75    1      2      0    0      1      -1      -1   100 0.0200000000 0.15000000 0.08000000 0.23000000 0.09000000 0.17000000 0.06000000 0.060000000 0.070000000 0.0300000000 0.010000000 0.0000000000 0.0000000000 1.000000e-02 0.000000e+00 0.000000e+00 2.000000e-02 0.000000e+00 0.000000e+00 0.000000e+00 0.000000e+00 0.000000e+00 0.000000e+00 0.000000e+00 0.000000e+00
   76    1      2      0    0      1      -1      -1   100 0.0100000000 0.32000000 0.15000000 0.03000000 0.10000000 0.02000000 0.10000000 0.040000000 0.050000000 0.0700000000 0.020000000 0.0400000000 0.0000000000 5.000000e-02 0.000000e+00 0.000000e+00 0.000000e+00 0.000000e+00 0.000000e+00 0.000000e+00 0.000000e+00 0.000000e+00 0.000000e+00 0.000000e+00 0.000000e+00
   77    1      2      0    0      1      -1      -1   100 0.0100000000 0.24000000 0.22000000 0.09000000 0.06000000 0.06000000 0.02000000 0.110000000 0.020000000 0.0400000000 0.070000000 0.0100000000 0.0100000000 0.000000e+00 0.000000e+00 1.000000e-02 0.000000e+00 0.000000e+00 1.000000e-02 0.000000e+00 0.000000e+00 2.000000e-02 0.000000e+00 0.000000e+00 0.000000e+00
   78    1      2      0    0      1      -1      -1   100 0.0100000000 0.10000000 0.21000000 0.12000000 0.11000000 0.05000000 0.09000000 0.050000000 0.080000000 0.0400000000 0.020000000 0.0500000000 0.0300000000 1.000000e-02 2.000000e-02 0.000000e+00 0.000000e+00 0.000000e+00 0.000000e+00 1.000000e-02 0.000000e+00 0.000000e+00 0.000000e+00 0.000000e+00 0.000000e+00
   79    1      2      0    0      1      -1      -1   100 0.1100000000 0.18000000 0.16000000 0.12000000 0.21000000 0.09000000 0.01000000 0.020000000 0.040000000 0.0300000000 0.010000000 0.0000000000 0.0000000000 0.000000e+00 0.000000e+00 0.000000e+00 0.000000e+00 0.000000e+00 0.000000e+00 0.000000e+00 0.000000e+00 1.000000e-02 0.000000e+00 1.000000e-02 0.000000e+00
   80    1      2      0    0      1      -1      -1   100 0.0400000000 0.26000000 0.09000000 0.08000000 0.13000000 0.14000000 0.07000000 0.020000000 0.020000000 0.0000000000 0.030000000 0.0100000000 0.0500000000 3.000000e-02 1.000000e-02 1.000000e-02 1.000000e-02 0.000000e+00 0.000000e+00 0.000000e+00 0.000000e+00 0.000000e+00 0.000000e+00 0.000000e+00 0.000000e+00
   81    1      2      0    0      1      -1      -1   100 0.1100000000 0.15000000 0.19000000 0.10000000 0.08000000 0.12000000 0.07000000 0.090000000 0.020000000 0.0000000000 0.010000000 0.0000000000 0.0100000000 1.000000e-02 2.000000e-02 1.000000e-02 0.000000e+00 0.000000e+00 0.000000e+00 0.000000e+00 0.000000e+00 0.000000e+00 0.000000e+00 0.000000e+00 1.000000e-02
   82    1      2      0    0      1      -1      -1   100 0.0400000000 0.24000000 0.12000000 0.13000000 0.07000000 0.10000000 0.07000000 0.060000000 0.060000000 0.0000000000 0.000000000 0.0100000000 0.0200000000 0.000000e+00 1.000000e-02 0.000000e+00 1.000000e-02 4.000000e-02 0.000000e+00 1.000000e-02 1.000000e-02 0.000000e+00 0.000000e+00 0.000000e+00 0.000000e+00
   83    1      2      0    0      1      -1      -1   100 0.0600000000 0.18000000 0.20000000 0.12000000 0.20000000 0.06000000 0.05000000 0.040000000 0.020000000 0.0200000000 0.000000000 0.0000000000 0.0100000000 3.000000e-02 1.000000e-02 0.000000e+00 0.000000e+00 0.000000e+00 0.000000e+00 0.000000e+00 0.000000e+00 0.000000e+00 0.000000e+00 0.000000e+00 0.000000e+00
   84    1      2      0    0      1      -1      -1   100 0.0600000000 0.14000000 0.25000000 0.15000000 0.11000000 0.03000000 0.04000000 0.050000000 0.060000000 0.0500000000 0.020000000 0.0000000000 0.0000000000 0.000000e+00 1.000000e-02 1.000000e-02 0.000000e+00 1.000000e-02 0.000000e+00 0.000000e+00 0.000000e+00 0.000000e+00 0.000000e+00 1.000000e-02 0.000000e+00
   85    1      2      0    0      1      -1      -1   100 0.0500000000 0.16000000 0.11000000 0.17000000 0.21000000 0.09000000 0.06000000 0.020000000 0.000000000 0.0500000000 0.020000000 0.0000000000 0.0000000000 1.000000e-02 0.000000e+00 1.000000e-02 0.000000e+00 3.000000e-02 0.000000e+00 1.000000e-02 0.000000e+00 0.000000e+00 0.000000e+00 0.000000e+00 0.000000e+00
   86    1      2      0    0      1      -1      -1   100 0.0100000000 0.27000000 0.16000000 0.10000000 0.12000000 0.10000000 0.04000000 0.080000000 0.060000000 0.0000000000 0.020000000 0.0200000000 0.0100000000 0.000000e+00 0.000000e+00 0.000000e+00 1.000000e-02 0.000000e+00 0.000000e+00 0.000000e+00 0.000000e+00 0.000000e+00 0.000000e+00 0.000000e+00 0.000000e+00
   87    1      2      0    0      1      -1      -1   100 0.0300000000 0.19000000 0.18000000 0.09000000 0.06000000 0.14000000 0.04000000 0.060000000 0.040000000 0.0200000000 0.010000000 0.0200000000 0.0200000000 2.000000e-02 0.000000e+00 2.000000e-02 1.000000e-02 3.000000e-02 0.000000e+00 0.000000e+00 0.000000e+00 1.000000e-02 0.000000e+00 0.000000e+00 1.000000e-02
   88    1      2      0    0      1      -1      -1   100 0.0600000000 0.16000000 0.11000000 0.21000000 0.11000000 0.06000000 0.07000000 0.070000000 0.030000000 0.0700000000 0.010000000 0.0000000000 0.0000000000 1.000000e-02 0.000000e+00 0.000000e+00 3.000000e-02 0.000000e+00 0.000000e+00 0.000000e+00 0.000000e+00 0.000000e+00 0.000000e+00 0.000000e+00 0.000000e+00
   89    1      2      0    0      1      -1      -1   100 0.0900000000 0.15000000 0.19000000 0.10000000 0.14000000 0.08000000 0.04000000 0.040000000 0.060000000 0.0400000000 0.030000000 0.0300000000 0.0000000000 0.000000e+00 1.000000e-02 0.000000e+00 0.000000e+00 0.000000e+00 0.000000e+00 0.000000e+00 0.000000e+00 0.000000e+00 0.000000e+00 0.000000e+00 0.000000e+00
   90    1      2      0    0      1      -1      -1   100 0.0300000000 0.23000000 0.19000000 0.17000000 0.05000000 0.10000000 0.05000000 0.050000000 0.040000000 0.0200000000 0.020000000 0.0000000000 0.0000000000 0.000000e+00 0.000000e+00 2.000000e-02 0.000000e+00 0.000000e+00 0.000000e+00 0.000000e+00 0.000000e+00 1.000000e-02 0.000000e+00 1.000000e-02 1.000000e-02
   91    1      2      0    0      1      -1      -1   100 0.0500000000 0.19000000 0.27000000 0.06000000 0.08000000 0.08000000 0.08000000 0.030000000 0.020000000 0.0400000000 0.010000000 0.0300000000 0.0000000000 1.000000e-02 0.000000e+00 3.000000e-02 1.000000e-02 0.000000e+00 0.000000e+00 0.000000e+00 0.000000e+00 0.000000e+00 0.000000e+00 0.000000e+00 1.000000e-02
   92    1      2      0    0      1      -1      -1   100 0.0500000000 0.09000000 0.15000000 0.29000000 0.09000000 0.07000000 0.01000000 0.070000000 0.040000000 0.0200000000 0.040000000 0.0100000000 0.0000000000 2.000000e-02 0.000000e+00 1.000000e-02 2.000000e-02 1.000000e-02 0.000000e+00 0.000000e+00 0.000000e+00 0.000000e+00 1.000000e-02 0.000000e+00 0.000000e+00
   93    1      2      0    0      1      -1      -1   100 0.0400000000 0.29000000 0.08000000 0.12000000 0.12000000 0.06000000 0.06000000 0.050000000 0.050000000 0.0100000000 0.050000000 0.0000000000 0.0300000000 2.000000e-02 0.000000e+00 1.000000e-02 1.000000e-02 0.000000e+00 0.000000e+00 0.000000e+00 0.000000e+00 0.000000e+00 0.000000e+00 0.000000e+00 0.000000e+00
   94    1      2      0    0      1      -1      -1   100 0.0300000000 0.16000000 0.20000000 0.09000000 0.09000000 0.11000000 0.06000000 0.050000000 0.040000000 0.0500000000 0.020000000 0.0300000000 0.0200000000 0.000000e+00 0.000000e+00 1.000000e-02 0.000000e+00 0.000000e+00 1.000000e-02 1.000000e-02 1.000000e-02 0.000000e+00 1.000000e-02 0.000000e+00 0.000000e+00
   95    1      2      0    0      1      -1      -1   100 0.0200000000 0.25000000 0.15000000 0.18000000 0.11000000 0.04000000 0.09000000 0.040000000 0.030000000 0.0100000000 0.020000000 0.0100000000 0.0000000000 3.000000e-02 1.000000e-02 1.000000e-02 0.000000e+00 0.000000e+00 0.000000e+00 0.000000e+00 0.000000e+00 0.000000e+00 0.000000e+00 0.000000e+00 0.000000e+00
   96    1      2      0    0      1      -1      -1   100 0.0700000000 0.11000000 0.25000000 0.10000000 0.12000000 0.07000000 0.05000000 0.080000000 0.030000000 0.0300000000 0.040000000 0.0200000000 0.0100000000 0.000000e+00 0.000000e+00 1.000000e-02 1.000000e-02 0.000000e+00 0.000000e+00 0.000000e+00 0.000000e+00 0.000000e+00 0.000000e+00 0.000000e+00 0.000000e+00
   97    1      2      0    0      1      -1      -1   100 0.0200000000 0.28000000 0.10000000 0.17000000 0.03000000 0.16000000 0.04000000 0.090000000 0.050000000 0.0000000000 0.010000000 0.0300000000 0.0000000000 1.000000e-02 0.000000e+00 0.000000e+00 0.000000e+00 0.000000e+00 1.000000e-02 0.000000e+00 0.000000e+00 0.000000e+00 0.000000e+00 0.000000e+00 0.000000e+00
   98    1      2      0    0      1      -1      -1   100 0.0300000000 0.06000000 0.31000000 0.04000000 0.16000000 0.10000000 0.09000000 0.050000000 0.030000000 0.0400000000 0.020000000 0.0200000000 0.0100000000 2.000000e-02 0.000000e+00 0.000000e+00 1.000000e-02 1.000000e-02 0.000000e+00 0.000000e+00 0.000000e+00 0.000000e+00 0.000000e+00 0.000000e+00 0.000000e+00
   99    1      2      0    0      1      -1      -1   100 0.0500000000 0.23000000 0.14000000 0.20000000 0.03000000 0.09000000 0.07000000 0.060000000 0.020000000 0.0100000000 0.030000000 0.0200000000 0.0300000000 0.000000e+00 0.000000e+00 0.000000e+00 1.000000e-02 0.000000e+00 0.000000e+00 0.000000e+00 0.000000e+00 0.000000e+00 0.000000e+00 0.000000e+00 1.000000e-02
  100    1      2      0    0      1      -1      -1   100 0.0300000000 0.29000000 0.08000000 0.05000000 0.18000000 0.01000000 0.09000000 0.050000000 0.100000000 0.0000000000 0.030000000 0.0300000000 0.0200000000 0.000000e+00 0.000000e+00 2.000000e-02 0.000000e+00 0.000000e+00 1.000000e-02 0.000000e+00 0.000000e+00 0.000000e+00 0.000000e+00 0.000000e+00 1.000000e-02
0 #_N_MeanSize_at_Age_obs
0 #_N_environ_variables
0 #_N_environ_obs
0 #_N_sizefreq_methods
0 #_do_tags
0 #_morphcomp_data
#
999
