#C data file created using the SS_writedat function in the R package r4ss
#C should work with SS version: 
#C file write time: 2014-11-06 19:43:37
#
1 #_styr
100 #_endyr
1 #_nseas
12 #_months_per_seas
1 #_spawn_seas
1 #_Nfleet
2 #_Nsurveys
1 #_N_areas
Fishery%Survey%CPUE #_fleetnames
0.5 0.5 0.5 #_surveytiming_in_season
1 1 1 #_area_assignments_for_each_fishery_and_survey
1 #_units of catch:  1=bio; 2=num
0.01 #_se of log(catch) only used for init_eq_catch and for Fmethod 2 and 3
1 #_Ngenders
25 #_Nages
0 #_init_equil_catch_for_each_fishery
100 #_N_lines_of_catch_to_read
 #_Fishery year seas
         0    1    1
         0    2    1
         0    3    1
         0    4    1
         0    5    1
         0    6    1
         0    7    1
         0    8    1
         0    9    1
         0   10    1
         0   11    1
         0   12    1
         0   13    1
         0   14    1
         0   15    1
         0   16    1
         0   17    1
         0   18    1
         0   19    1
         0   20    1
         0   21    1
         0   22    1
         0   23    1
         0   24    1
         0   25    1
 283740000   26    1
 272467000   27    1
 258026000   28    1
 242231000   29    1
 226863000   30    1
 208560000   31    1
 189496000   32    1
 174228000   33    1
 161676000   34    1
 152209000   35    1
 148507000   36    1
 146299000   37    1
 147657000   38    1
 148890000   39    1
 147020000   40    1
 147505000   41    1
 150420000   42    1
 150841000   43    1
 152610000   44    1
 151707000   45    1
 148457000   46    1
 145341000   47    1
 143674000   48    1
 142372000   49    1
 140743000   50    1
 139657000   51    1
 137426000   52    1
 134857000   53    1
 135150000   54    1
 139321000   55    1
 140751000   56    1
 138740000   57    1
 135880000   58    1
 133189000   59    1
 135040000   60    1
 138790000   61    1
 141714000   62    1
 143800000   63    1
 145747000   64    1
 142837000   65    1
 141271000   66    1
 144475000   67    1
 147695000   68    1
 149689000   69    1
 150507000   70    1
 149739000   71    1
 149279000   72    1
 147471000   73    1
 146604000   74    1
 144916000   75    1
 142568000   76    1
 146053000   77    1
 151101000   78    1
 154357000   79    1
 158119000   80    1
 159704000   81    1
 159051000   82    1
 157538000   83    1
 156246000   84    1
 155093000   85    1
 156344000   86    1
 155361000   87    1
 152938000   88    1
 149333000   89    1
 146830000   90    1
 142193000   91    1
 137348000   92    1
 133202000   93    1
 130055000   94    1
 126235000   95    1
 124320000   96    1
 123167000   97    1
 122229000   98    1
 123441000   99    1
 124184000  100    1
76 #_N_cpue
 #_Fleet Units Errtype
       1     1       0
       2     1       0
       3     1       0
 #_year seas index        obs se_log
     25    1     2 4089759818    0.2
     26    1     2 3949307119    0.2
     27    1     2 3621550570    0.2
     28    1     2 3977169404    0.2
     29    1     2 4572975826    0.2
     30    1     2 2405720697    0.2
     31    1     2 2522424488    0.2
     32    1     2 2182382642    0.2
     33    1     2 3431139992    0.2
     34    1     2 2005273468    0.2
     35    1     2 2138526174    0.2
     36    1     2 2649902056    0.2
     37    1     2 1358587220    0.2
     38    1     2 2131955846    0.2
     39    1     2 2054742601    0.2
     40    1     2 2233129502    0.2
     41    1     2 1678926843    0.2
     42    1     2 2387907389    0.2
     43    1     2 2089896426    0.2
     44    1     2 2092835027    0.2
     45    1     2 1914633270    0.2
     46    1     2 2664293080    0.2
     47    1     2 2377914342    0.2
     48    1     2 1678570122    0.2
     49    1     2 2416739171    0.2
     50    1     2 2292491599    0.2
     51    1     2 1703579375    0.2
     52    1     2 2723968930    0.2
     53    1     2 2287504410    0.2
     54    1     2 2638794938    0.2
     55    1     2 1179522025    0.2
     56    1     2 2450983125    0.2
     57    1     2 1376505094    0.2
     58    1     2 2344219073    0.2
     59    1     2 1685917595    0.2
     60    1     2 1979510931    0.2
     61    1     2 1807504945    0.2
     62    1     2 1978463991    0.2
     63    1     2 2590222417    0.2
     64    1     2 1648072707    0.2
     65    1     2 1842634312    0.2
     66    1     2 1780225160    0.2
     67    1     2 1966606694    0.2
     68    1     2 1878147847    0.2
     69    1     2 2575810583    0.2
     70    1     2 1608834788    0.2
     71    1     2 2338125744    0.2
     72    1     2 1905818657    0.2
     73    1     2 2932877940    0.2
     74    1     2 1866959071    0.2
     75    1     2 1589281374    0.2
     76    1     2 2296282285    0.2
     77    1     2 2161231051    0.2
     78    1     2 2503330276    0.2
     79    1     2 2211034200    0.2
     80    1     2 1806994286    0.2
     81    1     2 2198324012    0.2
     82    1     2 2167474419    0.2
     83    1     2 2339139273    0.2
     84    1     2 2574018345    0.2
     85    1     2 1758312317    0.2
     86    1     2 1624339741    0.2
     87    1     2 2063916343    0.2
     88    1     2 1648697898    0.2
     89    1     2 2408446668    0.2
     90    1     2 2693073020    0.2
     91    1     2 1744409174    0.2
     92    1     2 2099693965    0.2
     93    1     2 2958280925    0.2
     94    1     2 1277613044    0.2
     95    1     2 2718713430    0.2
     96    1     2 2246200603    0.2
     97    1     2 1662580326    0.2
     98    1     2 1589114192    0.2
     99    1     2 1440512693    0.2
    100    1     2 2396053931    0.2
0 #_N_discard_fleets
#_discard_units (1=same_as_catchunits(bio/num); 2=fraction; 3=numbers)
#_discard_errtype:  >0 for DF of T-dist(read CV below); 0 for normal with CV; -1 for normal with se; -2 for lognormal
0 #_N_discard
0 #_N_meanbodywt
1 #_DF_for_meanbodywt_T-distribution_like
2 # length bin method: 1=use databins; 2=generate from binwidth,min,max below; 3=read vector
1 # binwidth for population size comp
10 # minimum size in the population (lower edge of first bin and size at age 0.00)
200 # maximum size in the population (lower edge of last bin)
-0.001 #_comp_tail_compression
1e-05 #_add_to_comp
0 #_combine males into females at or below this bin number
21 #_N_lbins
#_lbin_vector
10 53 70 83 94 101 107 111 114 117 120 123 125 127 130 132 135 138 142 148 200
0 #_N_Length_comp_observations
25 #_N_agebins
#_agebin_vector
1 2 3 4 5 6 7 8 9 10 11 12 13 14 15 16 17 18 19 20 21 22 23 24 25
1 #_N_ageerror_definitions
 #_age0   age1   age2   age3   age4   age5   age6   age7   age8   age9  age10  age11  age12  age13  age14  age15  age16  age17  age18  age19  age20  age21  age22  age23  age24  age25
 -1.000 -1.000 -1.000 -1.000 -1.000 -1.000 -1.000 -1.000 -1.000 -1.000 -1.000 -1.000 -1.000 -1.000 -1.000 -1.000 -1.000 -1.000 -1.000 -1.000 -1.000 -1.000 -1.000 -1.000 -1.000 -1.000
  0.001  0.001  0.001  0.001  0.001  0.001  0.001  0.001  0.001  0.001  0.001  0.001  0.001  0.001  0.001  0.001  0.001  0.001  0.001  0.001  0.001  0.001  0.001  0.001  0.001  0.001
198 #_N_agecomp
1 #_Lbin_method: 1=poplenbins; 2=datalenbins; 3=lengths
-1 #_combine males into females at or below this bin number
 #_Yr Seas FltSvy Gender Part Ageerr Lbin_lo Lbin_hi Nsamp           a1         a2         a3         a4         a5         a6         a7          a8          a9         a10         a11          a12          a13          a14          a15          a16          a17          a18          a19          a20          a21          a22          a23          a24          a25
    2    1      1      0    0      1      -1      -1   100 9.852207e-03 0.10132250 0.11694851 0.08888223 0.10957767 0.13923217 0.08556664 0.077473917 0.019872147 0.034834424 0.028419251 0.0127588876 1.582299e-02 0.0414041605 2.600701e-02 5.240081e-02 3.673929e-04 8.447383e-03 1.771007e-03 1.117817e-03 9.748657e-03 8.702798e-03 8.501854e-03 8.727451e-05 8.803030e-04
    3    1      1      0    0      1      -1      -1   100 4.224258e-04 0.08407028 0.15469911 0.16415323 0.05660149 0.05265462 0.08781825 0.088256150 0.052865407 0.027345274 0.017184045 0.0349611117 1.745115e-02 0.0171482940 1.633107e-02 1.431536e-02 2.652758e-02 1.018587e-04 2.896693e-02 1.537156e-02 8.264833e-04 2.155047e-03 1.284768e-04 8.409216e-03 3.123558e-02
    4    1      1      0    0      1      -1      -1   100 1.380158e-02 0.08580983 0.18051988 0.13097793 0.09112427 0.06100165 0.02478907 0.090458234 0.086287960 0.038693503 0.044571014 0.0326515789 3.273435e-02 0.0064393199 1.168386e-02 4.513713e-03 1.106936e-02 5.678554e-03 3.514494e-03 7.639382e-03 6.648210e-03 8.175896e-03 2.964685e-09 1.005516e-02 1.116120e-02
    5    1      1      0    0      1      -1      -1   100 7.874676e-03 0.10547940 0.07339400 0.19305281 0.11262833 0.06700264 0.13408629 0.069937258 0.025442151 0.028901858 0.009279566 0.0332781931 1.733353e-02 0.0037981829 3.681270e-02 2.931496e-02 7.541804e-03 5.647322e-03 1.240118e-02 4.777139e-03 2.946397e-04 5.036789e-03 1.024104e-02 3.332899e-07 6.443199e-03
    6    1      1      0    0      1      -1      -1   100 3.030651e-04 0.12063985 0.15186325 0.05336221 0.14364792 0.12936347 0.08443647 0.059730538 0.026783298 0.035530189 0.028220902 0.0295657257 2.761157e-02 0.0274509367 1.853225e-02 5.999505e-04 1.428077e-02 3.671254e-03 5.828321e-03 8.712912e-03 8.417884e-03 1.825194e-02 1.168516e-03 6.856369e-04 1.341164e-03
    7    1      1      0    0      1      -1      -1   100 1.457541e-02 0.08117155 0.18745128 0.12872369 0.10276924 0.11769984 0.05149489 0.056180088 0.076080144 0.037783386 0.015573870 0.0184849092 8.666215e-03 0.0257737327 3.318697e-02 1.924543e-03 1.196906e-02 8.102885e-04 3.976576e-04 9.241407e-03 6.794091e-04 5.568420e-03 8.234936e-04 5.634415e-04 1.240706e-02
    8    1      1      0    0      1      -1      -1   100 2.199047e-02 0.08087643 0.17885814 0.09046072 0.16148178 0.06071414 0.08214618 0.028929974 0.039906202 0.079862159 0.016478042 0.0095219734 4.304518e-02 0.0264370281 4.642660e-04 1.355760e-03 5.534914e-03 3.076424e-03 2.498970e-02 7.308148e-03 6.312855e-04 1.740801e-03 5.895314e-06 4.237607e-04 3.376063e-02
    9    1      1      0    0      1      -1      -1   100 1.398731e-02 0.11407460 0.08225941 0.12572928 0.16670683 0.08847588 0.03117092 0.074584225 0.066999200 0.064248057 0.021057074 0.0309206337 1.764781e-02 0.0294816969 3.225364e-03 4.083550e-02 1.879864e-03 2.952449e-03 6.932329e-04 3.839304e-05 2.070700e-07 9.113765e-04 1.866493e-03 1.430637e-06 2.025276e-02
   10    1      1      0    0      1      -1      -1   100 1.135586e-02 0.12397755 0.10954251 0.11333249 0.06293855 0.08973294 0.11863590 0.034432519 0.087854823 0.018973854 0.035359479 0.0214033962 6.651453e-02 0.0020411287 4.952132e-03 2.739511e-02 8.956656e-03 1.610722e-02 6.396252e-03 2.540917e-02 8.775410e-04 9.790209e-03 1.098520e-03 1.576843e-04 2.763965e-03
   11    1      1      0    0      1      -1      -1   100 2.855930e-02 0.08803747 0.15464972 0.07137358 0.12655622 0.08968476 0.08128127 0.086035166 0.001328116 0.065352888 0.024698113 0.0326903003 3.849777e-02 0.0048045251 4.618775e-03 6.346727e-04 2.825985e-02 5.059974e-03 2.552663e-02 2.088552e-03 5.017861e-04 3.575277e-02 3.236360e-04 2.129115e-03 1.555051e-03
   12    1      1      0    0      1      -1      -1   100 8.222388e-03 0.15903773 0.14238006 0.22006328 0.10311200 0.03406260 0.07493711 0.038146923 0.056034329 0.010313619 0.013523915 0.0255468217 5.311800e-03 0.0297244774 1.127910e-02 1.400077e-02 5.773945e-03 3.589627e-03 1.285125e-02 1.110762e-02 1.096288e-04 1.140114e-03 9.215519e-05 7.427296e-04 1.889601e-02
   13    1      1      0    0      1      -1      -1   100 2.044559e-02 0.07345425 0.21891301 0.06618770 0.12711961 0.08266017 0.04229276 0.046766881 0.096844089 0.054654257 0.006364933 0.0083976188 4.989533e-02 0.0276084540 1.303789e-02 2.121035e-03 3.571631e-02 3.708213e-04 1.180410e-02 3.448423e-03 3.200824e-03 1.858901e-03 1.446399e-04 1.286951e-04 6.563710e-03
   14    1      1      0    0      1      -1      -1   100 6.770531e-03 0.13609210 0.10482767 0.10975311 0.09649673 0.10706558 0.10047347 0.036599453 0.055692281 0.042520905 0.054818999 0.0050142674 3.430341e-02 0.0142771347 1.421700e-02 5.127181e-03 2.571585e-02 1.858086e-02 1.158243e-02 1.321608e-02 5.801323e-03 6.656739e-04 1.059250e-05 3.977700e-05 3.375850e-04
   15    1      1      0    0      1      -1      -1   100 4.176278e-02 0.14769633 0.09335873 0.06631771 0.09988271 0.08070647 0.09841882 0.039176581 0.055387652 0.062696078 0.025693419 0.0529445384 2.485973e-02 0.0293178034 2.620645e-02 2.341805e-02 5.466682e-03 6.733542e-03 5.620397e-04 1.102836e-02 7.070629e-05 5.510804e-03 2.594242e-04 8.812980e-04 1.643280e-03
   16    1      1      0    0      1      -1      -1   100 1.714525e-02 0.13759897 0.21289310 0.07937479 0.08647340 0.10952310 0.06702458 0.065111573 0.027019309 0.019222350 0.034632455 0.0318197678 2.616869e-02 0.0111588075 2.034636e-02 1.493453e-02 6.976511e-03 7.726902e-04 3.307701e-03 1.062790e-02 2.608512e-04 5.516082e-04 1.277908e-11 2.459008e-06 1.705323e-02
   17    1      1      0    0      1      -1      -1   100 2.714636e-03 0.15389873 0.14133432 0.23180692 0.03243571 0.01800950 0.07077703 0.091802036 0.063254829 0.033828965 0.046955825 0.0222828270 2.991413e-02 0.0198966668 1.879710e-03 1.183068e-02 3.874839e-03 3.747555e-03 3.965032e-03 1.129039e-03 1.250014e-02 9.639225e-05 4.264236e-05 9.641461e-04 1.057698e-03
   18    1      1      0    0      1      -1      -1   100 6.008320e-03 0.14187242 0.13668536 0.10231578 0.10946315 0.06313529 0.05090056 0.051010331 0.025706062 0.057105959 0.016119131 0.0792503238 3.374304e-02 0.0412551435 3.478954e-02 9.604457e-04 1.286464e-02 1.184534e-02 2.134097e-03 3.466066e-03 2.378747e-04 7.242336e-04 6.142758e-03 1.313785e-03 1.095035e-02
   19    1      1      0    0      1      -1      -1   100 6.309410e-02 0.07715660 0.21455435 0.15362071 0.13408394 0.05802845 0.03235939 0.043877534 0.031348333 0.022810399 0.048328930 0.0158713612 1.982055e-03 0.0109117734 1.308097e-02 6.695075e-03 1.299128e-02 2.023215e-02 1.288850e-04 1.552925e-02 7.423246e-05 1.981035e-04 1.296522e-03 1.003896e-03 2.074172e-02
   20    1      1      0    0      1      -1      -1   100 4.187287e-02 0.19055991 0.14615740 0.16540503 0.13403585 0.03656406 0.09420699 0.022089917 0.008716134 0.027502513 0.013565730 0.0132720808 4.240265e-03 0.0370211797 2.081074e-02 7.480231e-03 1.952813e-03 4.818931e-03 1.370079e-02 9.985335e-04 2.096704e-05 1.033062e-02 3.891738e-06 1.277106e-05 4.659788e-03
   21    1      1      0    0      1      -1      -1   100 2.775276e-03 0.20079779 0.24707811 0.06477247 0.06759305 0.07753971 0.04460714 0.095402106 0.040402103 0.009912166 0.021709263 0.0020118243 2.022204e-02 0.0088666275 3.814145e-02 5.417446e-03 1.116945e-02 7.869560e-04 2.462625e-03 2.970296e-03 1.850144e-02 9.637656e-03 3.739916e-03 2.607875e-03 8.752156e-04
   22    1      1      0    0      1      -1      -1   100 3.872446e-02 0.08359234 0.17450734 0.14837123 0.07444530 0.08898982 0.06204643 0.075894812 0.065539753 0.036822110 0.012198062 0.0086217071 1.086370e-02 0.0361523611 1.008948e-02 1.745962e-02 2.849191e-02 9.826437e-04 2.114161e-04 1.428903e-03 4.575383e-03 6.521629e-04 1.112054e-02 4.910757e-03 3.307741e-03
   23    1      1      0    0      1      -1      -1   100 2.418173e-02 0.06550288 0.15200824 0.19334679 0.11868755 0.10537589 0.03581409 0.050571618 0.033713326 0.027486071 0.035973152 0.0397177006 2.179358e-02 0.0186296887 1.883229e-02 2.017160e-02 2.854728e-04 1.380885e-03 2.187359e-02 1.700699e-04 2.307160e-10 6.141641e-03 2.355521e-04 3.038324e-05 8.076209e-03
   24    1      1      0    0      1      -1      -1   100 1.320844e-02 0.17930070 0.07427026 0.07423854 0.22265396 0.12984858 0.04320520 0.048609465 0.035321774 0.025670651 0.035337866 0.0023219203 1.913482e-02 0.0072703896 3.242189e-03 8.393656e-03 1.783312e-02 3.472792e-03 2.161099e-02 4.272891e-03 4.319599e-03 9.481977e-14 4.132735e-04 7.782407e-04 2.527070e-02
   25    1      1      0    0      1      -1      -1   100 5.167912e-03 0.05586590 0.21155770 0.14470532 0.08402853 0.22240248 0.04535111 0.032186239 0.036838767 0.020306706 0.012173422 0.0263646435 1.040980e-02 0.0420089638 4.559726e-03 8.977300e-04 3.088154e-03 1.038422e-02 7.218145e-03 9.076480e-03 1.257463e-02 1.516104e-04 5.823834e-04 3.276373e-07 2.099092e-03
   26    1      1      0    0      1      -1      -1   100 3.602660e-03 0.14091455 0.09735877 0.18498288 0.03365531 0.05331433 0.13713420 0.111439806 0.047951960 0.070499556 0.004996332 0.0157412481 2.045941e-02 0.0066402651 1.761668e-03 2.544237e-02 9.627959e-03 7.541232e-03 3.376414e-03 1.179013e-02 1.479387e-04 2.479265e-05 1.324489e-05 3.003236e-05 1.155293e-02
   27    1      1      0    0      1      -1      -1   100 8.114792e-05 0.10300058 0.23479274 0.11965092 0.19395330 0.03937679 0.05403145 0.080036587 0.057701016 0.031760839 0.005608310 0.0047713168 2.188209e-02 0.0148485015 5.630619e-04 5.030579e-03 4.409693e-03 5.291025e-04 1.109693e-02 5.286714e-03 5.964443e-07 5.685328e-03 2.812316e-03 1.616174e-03 1.473909e-03
   28    1      1      0    0      1      -1      -1   100 7.273006e-03 0.08380763 0.18429896 0.17352058 0.08994935 0.12369383 0.03138517 0.020620446 0.062387244 0.027201269 0.026530139 0.0171216968 3.339290e-02 0.0202725586 1.998254e-02 1.675279e-03 6.916329e-03 3.199310e-03 2.194318e-02 3.021046e-02 6.965798e-03 7.019182e-05 1.599474e-03 9.588435e-04 5.023816e-03
   29    1      1      0    0      1      -1      -1   100 8.496070e-03 0.15173175 0.09244281 0.15392943 0.14085950 0.12019481 0.08926959 0.030743488 0.027379001 0.039730669 0.042536787 0.0248666340 3.669903e-03 0.0019680940 5.290484e-03 3.931094e-03 2.359061e-03 6.699243e-04 1.891462e-02 1.097374e-03 1.080897e-02 2.739700e-04 1.313637e-07 4.026900e-13 2.883583e-02
   30    1      1      0    0      1      -1      -1   100 2.465283e-05 0.07239177 0.24780528 0.07913414 0.11685858 0.16504265 0.04424620 0.110150612 0.024824703 0.035774886 0.026951912 0.0245016316 1.001300e-02 0.0027661787 3.310151e-03 7.967227e-03 2.159117e-02 1.106625e-03 1.152360e-05 7.279644e-04 6.652587e-05 3.714809e-04 1.976528e-06 5.352849e-05 4.305630e-03
   31    1      1      0    0      1      -1      -1   100 1.923590e-02 0.01173005 0.12839617 0.19818416 0.04692081 0.07234499 0.13452301 0.068651209 0.074169737 0.031767247 0.011707996 0.0403965680 5.740060e-02 0.0029428739 2.029630e-02 2.324074e-03 2.391086e-03 3.897918e-03 8.224146e-03 2.169692e-04 1.693665e-02 5.621327e-04 9.997805e-03 2.930647e-02 7.475122e-03
   32    1      1      0    0      1      -1      -1   100 7.071979e-03 0.08684114 0.06330450 0.08813927 0.13634920 0.06291097 0.07247335 0.133546548 0.071689743 0.085428293 0.013881402 0.0582527237 4.000877e-02 0.0588499666 2.604223e-03 4.592757e-03 3.484848e-03 8.348191e-04 5.402030e-05 3.893464e-03 8.784591e-05 3.071500e-03 1.546452e-03 7.039907e-06 1.075176e-03
   33    1      1      0    0      1      -1      -1   100 3.428754e-03 0.17092077 0.14585730 0.01733272 0.04907605 0.12177975 0.06979921 0.034958842 0.095333611 0.048270361 0.081115129 0.0335319066 8.097310e-03 0.0516510000 1.573742e-02 4.149295e-03 4.212805e-03 5.394192e-03 9.540847e-04 2.684716e-04 1.888284e-03 5.834776e-07 2.561406e-02 6.955087e-04 9.932588e-03
   34    1      1      0    0      1      -1      -1   100 2.037954e-02 0.09490414 0.19843402 0.11269756 0.02487560 0.10738220 0.08326325 0.029956577 0.065484680 0.080537086 0.041657739 0.0417982193 4.118219e-03 0.0222236588 1.260717e-02 1.785050e-02 2.083315e-03 1.323384e-02 5.279618e-03 6.232693e-05 7.275480e-03 7.298126e-07 1.208200e-13 1.118810e-02 2.706424e-03
   35    1      1      0    0      1      -1      -1   100 9.182270e-03 0.19562423 0.06914016 0.21088348 0.12094674 0.02936272 0.03833747 0.106631447 0.023100970 0.010736591 0.074412431 0.0391998072 1.177302e-02 0.0029884678 2.563929e-04 1.261047e-02 3.467388e-03 1.284255e-02 5.134858e-03 3.586237e-03 8.021688e-03 3.547567e-07 7.930854e-03 5.674708e-04 3.261931e-03
   36    1      1      0    0      1      -1      -1   100 2.444998e-02 0.20654682 0.28664445 0.07157181 0.13704825 0.05272268 0.01424824 0.031949220 0.036858760 0.014797135 0.018294212 0.0302783191 1.286133e-02 0.0166905661 3.705601e-03 3.242095e-04 2.158686e-03 1.633898e-02 1.106135e-02 2.077621e-04 3.271662e-03 1.264105e-05 3.547558e-06 1.644124e-11 7.953794e-03
   37    1      1      0    0      1      -1      -1   100 1.608077e-02 0.28476312 0.12942891 0.20628447 0.09216850 0.06743518 0.03607475 0.015048558 0.009922629 0.040598033 0.007734866 0.0156880060 3.828493e-02 0.0083994903 1.185094e-03 1.288673e-02 3.173810e-03 2.004445e-03 5.222028e-03 9.168630e-04 4.778748e-04 2.208904e-03 3.247379e-03 3.294623e-05 7.317164e-04
   38    1      1      0    0      1      -1      -1   100 1.162024e-03 0.20306968 0.16431744 0.18812086 0.16137645 0.01070201 0.07181911 0.018060742 0.019650628 0.007167836 0.011907927 0.0101400428 1.704765e-02 0.0451013479 1.215498e-02 7.870826e-03 2.925801e-02 3.186437e-04 1.438325e-02 2.352650e-03 1.793303e-03 1.660231e-06 1.219159e-04 1.695826e-05 2.084071e-03
   39    1      1      0    0      1      -1      -1   100 4.138283e-03 0.07674820 0.23216687 0.19140865 0.07445142 0.17909506 0.03807782 0.037313717 0.055567738 0.016552536 0.019582821 0.0036558054 1.959905e-02 0.0030531637 1.874703e-03 1.482165e-02 1.025574e-03 1.440233e-02 1.662610e-03 1.239514e-03 2.142697e-03 1.265257e-17 1.044677e-02 3.696066e-05 9.360606e-04
   40    1      1      0    0      1      -1      -1   100 9.064396e-03 0.11470816 0.12007962 0.18429458 0.15954595 0.08067963 0.08363353 0.049064318 0.058466324 0.014459839 0.053011761 0.0058647028 2.714823e-02 0.0012842756 1.178285e-02 6.362585e-03 1.124493e-03 1.073031e-03 5.024488e-03 2.265434e-03 1.672150e-04 4.916146e-04 4.908282e-07 3.792519e-04 1.002324e-02
   41    1      1      0    0      1      -1      -1   100 1.783424e-02 0.23584227 0.14711519 0.04682799 0.10447478 0.13967759 0.11836879 0.050579339 0.028319712 0.022435518 0.056060647 0.0069116759 3.671052e-05 0.0011806520 1.185947e-02 3.269874e-04 9.831264e-03 1.009723e-05 9.487732e-04 5.077192e-08 4.082281e-04 6.905758e-08 6.567150e-06 4.547491e-04 4.886458e-04
   42    1      1      0    0      1      -1      -1   100 1.417185e-02 0.08395113 0.29143026 0.15227566 0.03738775 0.07900183 0.05424387 0.064701084 0.061961493 0.014109309 0.010228579 0.0006948796 8.028959e-04 0.0176438688 7.139458e-03 2.654621e-05 1.181138e-02 1.816828e-03 4.265297e-02 2.166974e-02 1.035051e-08 1.587107e-05 1.025314e-02 6.442293e-03 1.556730e-02
   43    1      1      0    0      1      -1      -1   100 2.396535e-02 0.25468071 0.09348088 0.24308174 0.07011290 0.02331635 0.07136032 0.075341775 0.026483597 0.025893614 0.004686803 0.0228269500 1.908750e-02 0.0005017563 1.437030e-02 6.572276e-03 7.019156e-04 3.192908e-03 1.604792e-02 3.420295e-05 4.085399e-03 2.443802e-07 1.744367e-04 2.125462e-09 1.639018e-07
   44    1      1      0    0      1      -1      -1   100 1.626560e-02 0.13362665 0.24577787 0.05726552 0.18939115 0.02960380 0.02763725 0.134152027 0.036407879 0.006269849 0.089878377 0.0116326600 3.363750e-03 0.0072887692 1.258373e-05 5.684667e-03 1.033779e-03 5.514043e-04 2.023744e-03 4.560539e-05 5.511689e-08 2.585804e-04 4.738220e-13 1.922490e-13 1.828433e-03
   45    1      1      0    0      1      -1      -1   100 2.808897e-03 0.06477578 0.15666683 0.27561147 0.06072663 0.17650542 0.04550129 0.016658371 0.075058201 0.024369312 0.013627409 0.0371286761 3.421231e-03 0.0041120538 6.079248e-04 1.744920e-04 1.622554e-03 3.710289e-02 3.001558e-05 1.568862e-03 9.996058e-04 6.127041e-17 1.775129e-07 8.958867e-16 9.219128e-04
   46    1      1      0    0      1      -1      -1   100 1.947511e-02 0.13632449 0.08038405 0.11397918 0.29795317 0.07012532 0.11096240 0.019848744 0.011868120 0.021567723 0.009816379 0.0435929223 7.773792e-03 0.0083302806 3.157764e-04 6.375338e-05 1.401092e-03 1.465881e-02 6.608089e-04 8.456997e-07 2.171521e-04 9.571060e-07 6.875879e-08 2.348198e-06 3.067670e-02
   47    1      1      0    0      1      -1      -1   100 1.403313e-02 0.14443495 0.10197764 0.12882219 0.11125396 0.13888603 0.06348880 0.100784413 0.030882005 0.046856109 0.032075129 0.0266721427 9.792857e-04 0.0090209764 1.385216e-03 8.854755e-03 1.215701e-03 1.568356e-06 2.557637e-02 4.903652e-04 2.451960e-03 8.596403e-06 6.039670e-03 3.326670e-17 3.809044e-03
   48    1      1      0    0      1      -1      -1   100 5.014143e-04 0.21066226 0.15078301 0.14005905 0.07681600 0.07323542 0.09557215 0.037938807 0.049754616 0.016466187 0.034608679 0.0064062976 4.924817e-02 0.0058318686 2.329749e-03 1.065939e-03 2.821208e-02 3.755195e-04 4.035926e-05 1.345451e-03 6.141636e-03 1.564658e-06 3.027189e-05 3.660891e-07 1.257312e-02
   49    1      1      0    0      1      -1      -1   100 8.097170e-03 0.09809917 0.23472575 0.19418625 0.11453683 0.06654384 0.03033901 0.079688177 0.037447172 0.024732615 0.026063528 0.0557039811 7.938374e-03 0.0092787354 1.910055e-03 4.561312e-03 7.390954e-07 1.075384e-03 2.754479e-03 1.082318e-03 9.991538e-05 2.512343e-05 5.536634e-05 1.630274e-21 1.054710e-03
   50    1      1      0    0      1      -1      -1   100 2.605194e-03 0.21632888 0.16863843 0.17397752 0.12728196 0.07341126 0.04324301 0.028722969 0.044823613 0.019784613 0.033930320 0.0018738810 6.976921e-03 0.0092015915 9.166103e-03 9.780370e-03 4.166290e-04 1.379004e-02 9.289794e-05 2.334679e-04 2.161305e-03 4.293454e-05 3.064952e-03 1.692649e-15 1.045113e-02
   51    1      1      0    0      1      -1      -1   100 3.484976e-03 0.15941597 0.17306681 0.12466565 0.15448000 0.09164827 0.09568294 0.019558444 0.053914055 0.049305263 0.008505107 0.0324223909 1.907134e-02 0.0004742124 4.748573e-03 4.384830e-03 1.676611e-06 1.320989e-05 1.589897e-03 2.068708e-04 4.870574e-04 1.159585e-09 3.982011e-09 2.951318e-12 2.872459e-03
   52    1      1      0    0      1      -1      -1   100 4.126775e-03 0.11591289 0.14761276 0.17212482 0.08349338 0.17378552 0.10214436 0.037162826 0.013390955 0.028916000 0.020185647 0.0072574847 6.134404e-03 0.0266095486 3.968626e-04 1.793089e-02 4.549513e-03 2.597070e-06 1.179475e-02 1.594623e-05 6.063133e-07 1.917645e-05 7.174230e-13 2.567302e-02 7.592636e-04
   53    1      1      0    0      1      -1      -1   100 2.372130e-02 0.16366161 0.15393606 0.11641895 0.13861194 0.07771108 0.06055863 0.051659133 0.073246173 0.025487366 0.035532412 0.0286759424 8.184289e-03 0.0225978606 3.851359e-03 4.461758e-04 4.110350e-03 2.056959e-03 7.770769e-03 2.907858e-04 1.433007e-08 1.470392e-03 4.885159e-30 1.446384e-11 4.491163e-07
   54    1      1      0    0      1      -1      -1   100 2.098046e-02 0.24266988 0.21508988 0.14428610 0.08819047 0.06033805 0.02251740 0.075391407 0.023185169 0.030086301 0.009886519 0.0057142317 2.576362e-02 0.0179761833 4.100963e-04 1.144891e-09 2.747657e-04 1.260629e-03 1.765159e-03 5.637206e-03 1.585665e-04 8.416298e-03 5.116596e-07 4.345754e-07 6.567264e-07
   55    1      1      0    0      1      -1      -1   100 3.483005e-04 0.19622064 0.30564804 0.10516795 0.13543863 0.08993072 0.03775218 0.011687110 0.031714903 0.035126644 0.008688490 0.0008645055 1.594268e-02 0.0124538558 1.217555e-04 7.347367e-03 1.853115e-03 3.437071e-05 1.196960e-04 1.944643e-05 7.133078e-04 1.891630e-03 2.368097e-04 1.329798e-04 5.448779e-04
   56    1      1      0    0      1      -1      -1   100 1.297626e-02 0.05451136 0.19664056 0.33485540 0.10035588 0.04891089 0.06072666 0.074127933 0.016410535 0.007529162 0.016916939 0.0122331300 2.254764e-03 0.0304933139 2.633601e-03 2.458825e-03 1.802663e-02 6.145259e-03 6.543031e-04 3.935404e-05 7.210339e-04 6.146975e-08 1.734230e-06 2.028158e-17 3.764084e-04
   57    1      1      0    0      1      -1      -1   100 1.489406e-03 0.11929216 0.12008772 0.15963367 0.15556947 0.11802777 0.06472366 0.058245020 0.079150988 0.016492253 0.021873755 0.0021109370 7.049470e-04 0.0042615542 7.412794e-05 2.781608e-02 2.483768e-02 4.787801e-03 2.693945e-04 2.473319e-03 1.491599e-04 2.796049e-08 7.767341e-04 1.568527e-02 1.467106e-03
   58    1      1      0    0      1      -1      -1   100 5.052894e-02 0.07200059 0.18383330 0.06272379 0.11510143 0.19829305 0.04961906 0.030649481 0.016179691 0.024658268 0.003259067 0.0386690030 5.146552e-02 0.0534480674 2.693904e-03 1.893070e-02 5.726954e-03 9.277138e-04 6.144610e-03 1.005479e-02 1.559516e-08 3.327986e-06 2.310582e-08 2.678161e-05 5.061919e-03
   59    1      1      0    0      1      -1      -1   100 1.235014e-02 0.21572833 0.12611274 0.17365028 0.02968011 0.11472294 0.13302556 0.021006247 0.035383634 0.010011090 0.054341626 0.0065030772 2.058235e-02 0.0057334783 1.943991e-02 7.367437e-05 5.897088e-03 5.697620e-03 1.157347e-05 1.556022e-03 7.549265e-06 3.470951e-03 1.545207e-06 3.269684e-04 4.685486e-03
   60    1      1      0    0      1      -1      -1   100 4.488788e-02 0.21066822 0.24769703 0.11587881 0.10145900 0.02958056 0.05500715 0.044015013 0.050244398 0.016459775 0.008568873 0.0168053710 2.798324e-02 0.0090942282 2.920104e-03 2.439566e-03 1.272189e-02 2.196346e-03 2.013768e-04 1.323763e-07 9.101032e-04 2.323259e-17 1.318352e-05 3.841857e-11 2.477455e-04
   61    1      1      0    0      1      -1      -1   100 1.605060e-03 0.16864370 0.27726633 0.16246120 0.04564820 0.04364058 0.02327523 0.088108882 0.020393708 0.044289536 0.015267818 0.0304774755 4.223700e-02 0.0018202474 8.127884e-03 9.073453e-03 8.081743e-04 8.592350e-03 7.422318e-03 1.572884e-04 1.607001e-13 6.750397e-04 1.973813e-16 1.929331e-06 6.594846e-06
   62    1      1      0    0      1      -1      -1   100 5.120040e-02 0.08819962 0.23795787 0.12675189 0.19751103 0.06971988 0.05748566 0.008293969 0.048913229 0.031692092 0.021305599 0.0327031876 2.391145e-03 0.0036804447 1.257888e-07 4.744820e-03 1.285732e-04 1.695438e-02 1.616953e-07 2.160332e-09 5.651244e-09 2.573263e-04 3.145406e-06 1.161296e-11 1.054502e-04
   63    1      1      0    0      1      -1      -1   100 7.133065e-03 0.21406137 0.17085230 0.13631558 0.12671526 0.10555188 0.02898628 0.019122929 0.043095114 0.016348197 0.022743498 0.0248055671 2.013397e-02 0.0258689167 1.655402e-02 2.256520e-05 7.248086e-03 7.839900e-03 4.753386e-05 5.211135e-03 1.163202e-04 3.725254e-06 1.064282e-04 1.116349e-03 1.351558e-08
   64    1      1      0    0      1      -1      -1   100 5.797638e-03 0.03857605 0.37831896 0.09956384 0.15158215 0.06547656 0.13712414 0.008000261 0.022298518 0.006892649 0.020022738 0.0088418667 2.164926e-02 0.0158817988 1.121019e-02 4.823536e-04 5.634535e-03 4.935242e-07 8.755209e-05 1.443497e-03 1.488160e-20 2.361181e-09 1.105150e-03 9.680626e-06 1.236907e-07
   65    1      1      0    0      1      -1      -1   100 5.993133e-02 0.07530492 0.10536983 0.31390087 0.04413377 0.08817988 0.11887061 0.037216456 0.018167980 0.017955881 0.005572162 0.0079337346 4.367281e-02 0.0038377368 2.314834e-02 8.968654e-07 2.578252e-02 4.880493e-04 8.631598e-03 1.545543e-06 8.179295e-06 1.681614e-03 3.757847e-06 3.921197e-08 2.055006e-04
   66    1      1      0    0      1      -1      -1   100 4.661802e-02 0.21109952 0.07950099 0.06843638 0.15712616 0.06054582 0.11313288 0.067673882 0.065677601 0.017360915 0.041585971 0.0179250826 7.982641e-03 0.0208267371 2.363495e-03 1.969730e-03 5.518022e-03 2.625228e-03 9.960293e-07 1.081580e-02 4.944071e-04 7.383295e-10 7.113223e-04 3.441864e-06 4.976730e-06
   67    1      1      0    0      1      -1      -1   100 2.854202e-03 0.22534851 0.22718120 0.07962280 0.01403484 0.15614271 0.07326172 0.088718242 0.039279553 0.049522131 0.010139606 0.0071730727 1.475664e-03 0.0062221366 5.606106e-03 5.447441e-03 1.549834e-07 2.014419e-08 2.825128e-06 1.113880e-06 9.160828e-06 2.337119e-04 9.248099e-05 4.629271e-15 7.630610e-03
   68    1      1      0    0      1      -1      -1   100 3.292690e-02 0.09578672 0.31500470 0.20836648 0.06007348 0.05019094 0.08985930 0.037444803 0.018825845 0.044607260 0.015892821 0.0060849383 5.754330e-03 0.0008596441 8.140213e-03 7.598673e-03 1.606834e-03 3.131366e-04 2.716914e-05 3.965867e-04 2.196328e-09 1.623973e-09 1.176177e-14 3.999684e-16 2.392403e-04
   69    1      1      0    0      1      -1      -1   100 2.399372e-03 0.12396005 0.18215753 0.19374292 0.16430282 0.06564797 0.07587690 0.050455589 0.018156678 0.048213760 0.010450180 0.0161097444 3.922387e-03 0.0117176503 4.249615e-03 1.567284e-02 5.203821e-03 1.732527e-04 2.834123e-03 9.992680e-08 3.959434e-03 7.985818e-17 4.244602e-05 3.466138e-04 4.042098e-04
   70    1      1      0    0      1      -1      -1   100 9.032903e-03 0.09670924 0.22963143 0.12017608 0.19498771 0.12793970 0.04385297 0.013377905 0.065890701 0.026473653 0.032459823 0.0179124388 6.360651e-03 0.0008294580 4.495278e-04 3.440514e-05 4.194766e-03 3.150456e-05 3.205622e-03 2.235169e-16 2.882326e-05 5.663656e-03 4.651627e-04 1.990667e-04 9.280049e-05
   71    1      1      0    0      1      -1      -1   100 9.763503e-03 0.24156344 0.16638576 0.14633574 0.09030522 0.06075915 0.14701119 0.007455913 0.011526598 0.018561939 0.003701274 0.0135535481 1.480520e-02 0.0230878356 9.640896e-03 1.133988e-02 2.411276e-05 8.190994e-03 1.580377e-03 8.115405e-03 3.431837e-04 5.948840e-03 6.374703e-13 3.848035e-27 2.150803e-14
   72    1      1      0    0      1      -1      -1   100 3.469236e-03 0.06914823 0.20177421 0.11629926 0.10788288 0.07161691 0.11838936 0.138192317 0.019614726 0.007351919 0.074565626 0.0075484374 1.595935e-02 0.0191104000 1.369010e-02 6.800834e-05 1.093460e-03 2.591597e-10 1.216418e-02 3.607694e-05 1.910435e-05 3.260963e-06 1.717072e-06 2.001160e-03 6.582678e-08
   73    1      1      0    0      1      -1      -1   100 2.857188e-02 0.12308500 0.15262392 0.16358300 0.05189628 0.14800865 0.03067602 0.073952239 0.060023729 0.015445696 0.024690880 0.0571777054 1.957012e-02 0.0072373227 1.189070e-03 2.401269e-02 1.476115e-11 2.897441e-06 9.265089e-07 1.681524e-02 1.433804e-04 1.624978e-06 2.142135e-04 8.084934e-19 1.077524e-03
   74    1      1      0    0      1      -1      -1   100 3.576109e-03 0.17811944 0.16895686 0.15919625 0.17101346 0.06065448 0.09578187 0.017859103 0.031405743 0.056988567 0.008028131 0.0011906315 1.571009e-02 0.0023371261 9.193254e-03 2.890859e-03 3.885003e-03 2.119122e-03 4.237728e-05 2.258118e-10 6.846901e-04 2.609301e-03 5.101074e-04 7.030739e-06 7.240407e-03
   75    1      1      0    0      1      -1      -1   100 3.497626e-02 0.02965261 0.21872590 0.17662978 0.13818890 0.06116950 0.03646638 0.036772673 0.017988744 0.063363753 0.072147906 0.0051336169 3.042443e-02 0.0064629145 7.155389e-03 4.671049e-02 6.512767e-03 3.928247e-03 2.988089e-04 5.707621e-06 2.048364e-04 5.899707e-03 4.287809e-07 5.341541e-04 6.461003e-04
   76    1      1      0    0      1      -1      -1   100 2.531494e-02 0.20445328 0.10747353 0.18415590 0.07667548 0.09475639 0.07813542 0.047428691 0.034152306 0.042058329 0.014700147 0.0434346468 1.627613e-03 0.0078089220 2.366968e-02 1.002212e-03 3.791150e-03 1.300917e-03 7.363738e-07 7.709864e-06 8.623535e-06 3.065922e-11 5.997188e-12 2.984803e-03 5.058569e-03
   77    1      1      0    0      1      -1      -1   100 5.672639e-03 0.29760634 0.20887485 0.10033788 0.06743270 0.05461163 0.04648010 0.063301812 0.032599763 0.019308193 0.028835845 0.0074759026 2.290702e-02 0.0259880814 1.107933e-06 8.210534e-03 1.715085e-04 7.639478e-03 1.250853e-03 1.412328e-07 9.636836e-06 1.431781e-11 2.407709e-10 3.016754e-07 1.283681e-03
   78    1      1      0    0      1      -1      -1   100 4.191858e-03 0.11697554 0.30029431 0.19422368 0.03355201 0.07735267 0.03675791 0.046245678 0.030946109 0.060778903 0.013235776 0.0054323044 1.118915e-02 0.0336472932 1.170193e-04 1.502525e-06 3.253122e-03 4.681935e-03 1.068167e-02 4.399246e-03 3.747944e-06 1.303479e-06 6.152455e-10 3.734016e-05 1.199993e-02
   79    1      1      0    0      1      -1      -1   100 4.369301e-04 0.13181269 0.17599977 0.25739445 0.16911906 0.01340201 0.05825535 0.032610754 0.032128304 0.027587254 0.004957793 0.0562502059 4.421394e-03 0.0128294860 1.031852e-02 4.025222e-03 2.868697e-07 8.021060e-03 2.820196e-06 1.442671e-07 1.230023e-09 1.466257e-05 1.944839e-34 7.850096e-05 3.333269e-04
   80    1      1      0    0      1      -1      -1   100 1.213616e-02 0.08953715 0.20981540 0.08564649 0.22528932 0.10723847 0.02477331 0.091106801 0.037744337 0.022234197 0.019975909 0.0109189730 1.446865e-02 0.0092642831 9.101067e-03 1.960230e-02 5.010700e-03 1.151157e-03 1.475915e-03 1.630856e-03 1.843572e-03 1.589591e-15 9.937939e-09 2.644115e-34 3.497093e-05
   81    1      1      0    0      1      -1      -1   100 1.038083e-02 0.12532696 0.19132021 0.16009205 0.10126681 0.13744057 0.08404338 0.032000114 0.023637604 0.020376613 0.017530314 0.0201770645 9.580905e-03 0.0148146990 4.593198e-03 2.973460e-02 1.242537e-02 8.097504e-06 5.890386e-05 4.355094e-04 2.933360e-06 2.089935e-08 4.567167e-03 1.169511e-04 6.913100e-05
   82    1      1      0    0      1      -1      -1   100 2.624390e-02 0.11594504 0.14126277 0.13247071 0.17889220 0.06670463 0.08837025 0.048377069 0.019027696 0.029808771 0.087140453 0.0187244821 3.789612e-03 0.0016345616 6.888501e-03 1.417375e-02 1.050916e-04 7.155113e-03 4.098795e-15 1.260990e-02 4.122689e-05 2.069638e-35 1.724764e-11 1.269796e-04 5.072958e-04
   83    1      1      0    0      1      -1      -1   100 2.242206e-02 0.21046927 0.11783772 0.15250110 0.07194873 0.15194478 0.05348186 0.075072818 0.046476126 0.001600160 0.041685805 0.0054568516 2.076656e-04 0.0004387710 1.335286e-02 8.647244e-03 8.688676e-03 4.783971e-03 6.660386e-03 2.492809e-04 4.520342e-08 6.073805e-03 3.321092e-15 1.217080e-11 1.181256e-08
   84    1      1      0    0      1      -1      -1   100 3.448151e-02 0.09999141 0.25858640 0.11672305 0.13243549 0.08822278 0.11046207 0.033742589 0.044759417 0.026365022 0.004273298 0.0048825460 1.553618e-03 0.0010206810 1.646356e-02 1.859575e-03 5.816202e-03 6.650886e-03 9.940401e-03 5.598382e-07 7.117466e-15 1.238449e-17 4.247629e-05 2.152412e-11 1.726463e-03
   85    1      1      0    0      1      -1      -1   100 1.417432e-02 0.24734900 0.13403790 0.14753554 0.11756084 0.05653125 0.05374173 0.095712907 0.031471642 0.065414775 0.017020836 0.0046992491 4.574230e-03 0.0002769984 2.140471e-03 3.457336e-03 1.680658e-04 6.257989e-04 3.164205e-07 2.913565e-04 1.961438e-03 6.308814e-31 2.776297e-28 1.225645e-03 2.835411e-05
   86    1      1      0    0      1      -1      -1   100 3.537313e-03 0.13724578 0.26763127 0.07904611 0.15956639 0.06545725 0.03970445 0.054105290 0.036445149 0.035609386 0.033859382 0.0481070834 5.746646e-04 0.0008991709 1.064977e-02 4.512756e-04 1.115693e-03 9.826176e-04 5.604868e-03 4.623286e-06 1.302512e-02 1.121656e-09 5.368439e-06 4.109028e-06 6.367876e-03
   87    1      1      0    0      1      -1      -1   100 1.175643e-03 0.11915326 0.17171722 0.26255441 0.08570700 0.18138329 0.05096435 0.025322478 0.032008100 0.022203015 0.023937042 0.0062936282 2.197204e-03 0.0002971311 2.271112e-03 2.078115e-03 6.258297e-03 2.928467e-03 6.229632e-06 3.486085e-05 1.265392e-07 8.940873e-04 6.149299e-04 5.148837e-19 3.274408e-16
   88    1      1      0    0      1      -1      -1   100 5.541218e-03 0.09001135 0.20814852 0.13278670 0.18345847 0.09685546 0.08798784 0.025009239 0.027134025 0.025865587 0.046082812 0.0162224142 3.068540e-02 0.0198568242 7.041429e-05 1.070907e-03 1.234887e-04 6.407611e-04 5.535040e-04 2.087608e-05 3.613982e-07 6.962303e-12 3.267410e-06 1.870528e-03 2.413957e-08
   89    1      1      0    0      1      -1      -1   100 1.222045e-03 0.19072479 0.05694668 0.17919147 0.08195963 0.15342122 0.07072565 0.089122998 0.028995758 0.029548471 0.060492204 0.0044148912 1.772202e-03 0.0082161224 3.605288e-02 3.377067e-08 2.253983e-03 8.017584e-06 2.056807e-03 2.737302e-03 1.368190e-04 3.001162e-09 3.746001e-10 2.795201e-10 6.859953e-09
   90    1      1      0    0      1      -1      -1   100 6.560561e-03 0.10752243 0.25961905 0.04669520 0.14034502 0.06313163 0.14950019 0.015880018 0.067194302 0.014438000 0.037547796 0.0124746106 2.661411e-02 0.0010816420 3.297647e-02 8.769520e-03 2.694982e-04 4.532740e-03 1.759578e-06 2.519885e-03 3.457080e-04 1.236485e-09 2.217577e-04 1.227439e-20 1.758110e-03
   91    1      1      0    0      1      -1      -1   100 1.875029e-02 0.14752981 0.15848902 0.31599513 0.02311301 0.10929758 0.06576493 0.056057846 0.009382912 0.017782232 0.007423056 0.0159846258 9.392527e-03 0.0161354419 1.114701e-02 8.301820e-03 3.295762e-03 1.327552e-05 6.113619e-05 1.006101e-09 2.300826e-05 3.935594e-04 5.666007e-03 6.708339e-10 5.714209e-09
   92    1      1      0    0      1      -1      -1   100 1.608658e-02 0.16339095 0.17126236 0.11050440 0.16962556 0.05439336 0.13262566 0.016968129 0.045219520 0.016692648 0.037280786 0.0019211089 3.999524e-03 0.0062141147 1.072763e-02 1.625918e-02 1.666216e-02 8.979128e-04 4.046721e-04 6.764649e-03 1.626170e-04 6.131877e-04 3.593563e-04 1.538344e-34 9.639389e-04
   93    1      1      0    0      1      -1      -1   100 1.650407e-02 0.12415391 0.20917370 0.09816496 0.04603480 0.14912597 0.03544521 0.090285704 0.069717668 0.034732087 0.033731767 0.0223723617 2.839491e-03 0.0330248643 4.599552e-03 1.834992e-02 5.788256e-03 2.913794e-03 4.384356e-06 3.519909e-04 1.780430e-03 7.044327e-04 2.565336e-09 1.842231e-07 2.004955e-04
   94    1      1      0    0      1      -1      -1   100 2.465582e-02 0.09962335 0.21912805 0.06466751 0.10924827 0.06212165 0.11726644 0.018557678 0.076291535 0.047010944 0.042276551 0.0005171882 2.436437e-02 0.0179554584 2.911769e-03 4.617711e-03 2.558198e-02 1.933822e-04 2.012443e-02 6.759424e-04 3.579544e-03 1.352173e-04 9.496154e-03 1.561706e-19 8.999050e-03
   95    1      1      0    0      1      -1      -1   100 1.768685e-02 0.13609322 0.12038446 0.18791312 0.08273058 0.12165105 0.06176814 0.080571640 0.026717099 0.009011705 0.009798730 0.0427184452 1.893303e-02 0.0114610329 2.267343e-02 3.124305e-03 1.287015e-02 1.221634e-02 7.112630e-03 1.851950e-04 1.203768e-02 9.772845e-10 2.220451e-08 2.287345e-03 5.380209e-05
   96    1      1      0    0      1      -1      -1   100 2.605991e-02 0.19487107 0.16536265 0.05105986 0.17884199 0.04042100 0.06213248 0.020774222 0.119535673 0.020679545 0.038787034 0.0179787972 3.278108e-02 0.0013804900 1.232955e-02 5.703715e-05 7.895918e-06 3.904003e-04 1.797419e-03 2.470892e-05 1.250613e-02 1.175714e-04 1.485995e-07 6.452674e-06 2.096877e-03
   97    1      1      0    0      1      -1      -1   100 1.584222e-02 0.10066750 0.20508869 0.12013357 0.10304756 0.14660480 0.07191919 0.087399138 0.052434113 0.034065948 0.022757141 0.0068383915 7.779362e-03 0.0099941837 2.821831e-03 1.001728e-03 5.300608e-03 5.309792e-04 9.138116e-05 2.865441e-04 7.497200e-06 5.740519e-04 3.813310e-05 3.420588e-23 4.775440e-03
   98    1      1      0    0      1      -1      -1   100 2.456948e-04 0.20224589 0.11760061 0.23742851 0.07984219 0.04528928 0.10722114 0.082363931 0.021409660 0.021287701 0.023357773 0.0071540379 1.184832e-02 0.0049692036 1.560756e-02 7.051401e-05 1.274328e-02 8.930927e-03 6.431707e-05 2.544366e-04 3.017723e-08 2.928005e-14 5.165006e-05 4.079051e-06 9.269965e-06
   99    1      1      0    0      1      -1      -1   100 1.660437e-02 0.14394230 0.27940583 0.10018087 0.10346292 0.07418151 0.03505657 0.070419642 0.022859384 0.054279859 0.025619211 0.0238795839 1.664097e-02 0.0051866475 2.783870e-03 4.971565e-03 9.921730e-03 6.721977e-03 3.631011e-05 3.956245e-04 1.180178e-04 2.304023e-03 7.400135e-05 1.790629e-16 9.532186e-04
  100    1      1      0    0      1      -1      -1   100 3.337640e-03 0.27939603 0.11164371 0.21682727 0.07881383 0.07199171 0.02073942 0.020066503 0.032649507 0.012073879 0.047610409 0.0252773897 2.280017e-02 0.0072134394 1.490499e-03 1.460411e-03 1.382099e-02 5.532439e-07 2.050825e-04 8.342252e-04 3.014780e-02 5.279054e-07 6.880442e-04 2.776288e-16 9.109703e-04
    2    1      2      0    0      1      -1      -1   100 4.000000e-02 0.16000000 0.22000000 0.13000000 0.08000000 0.08000000 0.04000000 0.050000000 0.040000000 0.020000000 0.020000000 0.0100000000 0.000000e+00 0.0100000000 2.000000e-02 0.000000e+00 2.000000e-02 1.000000e-02 0.000000e+00 1.000000e-02 1.000000e-02 1.000000e-02 1.000000e-02 0.000000e+00 1.000000e-02
    3    1      2      0    0      1      -1      -1   100 0.000000e+00 0.22000000 0.18000000 0.14000000 0.05000000 0.07000000 0.03000000 0.060000000 0.060000000 0.050000000 0.050000000 0.0200000000 2.000000e-02 0.0100000000 2.000000e-02 0.000000e+00 0.000000e+00 0.000000e+00 1.000000e-02 0.000000e+00 1.000000e-02 0.000000e+00 0.000000e+00 0.000000e+00 0.000000e+00
    4    1      2      0    0      1      -1      -1   100 1.000000e-02 0.04000000 0.16000000 0.20000000 0.06000000 0.11000000 0.08000000 0.070000000 0.030000000 0.060000000 0.010000000 0.0300000000 5.000000e-02 0.0200000000 0.000000e+00 0.000000e+00 2.000000e-02 2.000000e-02 1.000000e-02 1.000000e-02 0.000000e+00 0.000000e+00 0.000000e+00 0.000000e+00 1.000000e-02
    5    1      2      0    0      1      -1      -1   100 3.000000e-02 0.14000000 0.09000000 0.19000000 0.09000000 0.06000000 0.10000000 0.060000000 0.080000000 0.030000000 0.030000000 0.0200000000 2.000000e-02 0.0100000000 1.000000e-02 1.000000e-02 1.000000e-02 0.000000e+00 1.000000e-02 1.000000e-02 0.000000e+00 0.000000e+00 0.000000e+00 0.000000e+00 0.000000e+00
    6    1      2      0    0      1      -1      -1   100 6.000000e-02 0.19000000 0.16000000 0.05000000 0.08000000 0.11000000 0.10000000 0.030000000 0.050000000 0.010000000 0.030000000 0.0500000000 1.000000e-02 0.0000000000 2.000000e-02 1.000000e-02 1.000000e-02 0.000000e+00 0.000000e+00 0.000000e+00 1.000000e-02 0.000000e+00 1.000000e-02 0.000000e+00 1.000000e-02
    7    1      2      0    0      1      -1      -1   100 2.000000e-02 0.10000000 0.20000000 0.16000000 0.02000000 0.15000000 0.13000000 0.040000000 0.010000000 0.020000000 0.060000000 0.0400000000 1.000000e-02 0.0000000000 0.000000e+00 1.000000e-02 0.000000e+00 2.000000e-02 0.000000e+00 0.000000e+00 0.000000e+00 0.000000e+00 0.000000e+00 0.000000e+00 1.000000e-02
    8    1      2      0    0      1      -1      -1   100 2.000000e-02 0.09000000 0.15000000 0.11000000 0.11000000 0.02000000 0.08000000 0.070000000 0.080000000 0.080000000 0.000000000 0.0200000000 4.000000e-02 0.0100000000 3.000000e-02 0.000000e+00 2.000000e-02 2.000000e-02 1.000000e-02 0.000000e+00 1.000000e-02 1.000000e-02 0.000000e+00 0.000000e+00 2.000000e-02
    9    1      2      0    0      1      -1      -1   100 6.000000e-02 0.08000000 0.13000000 0.09000000 0.12000000 0.04000000 0.02000000 0.060000000 0.050000000 0.050000000 0.070000000 0.0400000000 3.000000e-02 0.0300000000 3.000000e-02 1.000000e-02 3.000000e-02 0.000000e+00 1.000000e-02 0.000000e+00 3.000000e-02 0.000000e+00 0.000000e+00 0.000000e+00 2.000000e-02
   10    1      2      0    0      1      -1      -1   100 2.000000e-02 0.19000000 0.14000000 0.15000000 0.05000000 0.09000000 0.08000000 0.040000000 0.060000000 0.000000000 0.030000000 0.0300000000 1.000000e-02 0.0100000000 1.000000e-02 0.000000e+00 2.000000e-02 1.000000e-02 3.000000e-02 0.000000e+00 0.000000e+00 0.000000e+00 1.000000e-02 1.000000e-02 1.000000e-02
   11    1      2      0    0      1      -1      -1   100 2.000000e-02 0.15000000 0.18000000 0.08000000 0.08000000 0.09000000 0.09000000 0.080000000 0.030000000 0.050000000 0.020000000 0.0200000000 2.000000e-02 0.0100000000 0.000000e+00 0.000000e+00 2.000000e-02 0.000000e+00 2.000000e-02 1.000000e-02 1.000000e-02 0.000000e+00 1.000000e-02 0.000000e+00 1.000000e-02
   12    1      2      0    0      1      -1      -1   100 2.000000e-02 0.11000000 0.11000000 0.14000000 0.12000000 0.08000000 0.07000000 0.050000000 0.080000000 0.010000000 0.030000000 0.0200000000 1.000000e-02 0.0200000000 2.000000e-02 1.000000e-02 2.000000e-02 1.000000e-02 0.000000e+00 2.000000e-02 0.000000e+00 2.000000e-02 0.000000e+00 1.000000e-02 2.000000e-02
   13    1      2      0    0      1      -1      -1   100 5.000000e-02 0.07000000 0.14000000 0.07000000 0.18000000 0.07000000 0.10000000 0.040000000 0.030000000 0.050000000 0.000000000 0.0000000000 8.000000e-02 0.0000000000 2.000000e-02 1.000000e-02 2.000000e-02 1.000000e-02 1.000000e-02 0.000000e+00 2.000000e-02 0.000000e+00 0.000000e+00 1.000000e-02 2.000000e-02
   14    1      2      0    0      1      -1      -1   100 5.000000e-02 0.12000000 0.10000000 0.17000000 0.10000000 0.12000000 0.03000000 0.030000000 0.040000000 0.040000000 0.060000000 0.0200000000 3.000000e-02 0.0100000000 3.000000e-02 1.000000e-02 0.000000e+00 1.000000e-02 0.000000e+00 0.000000e+00 0.000000e+00 2.000000e-02 0.000000e+00 0.000000e+00 1.000000e-02
   15    1      2      0    0      1      -1      -1   100 3.000000e-02 0.24000000 0.15000000 0.09000000 0.09000000 0.07000000 0.11000000 0.030000000 0.030000000 0.030000000 0.040000000 0.0000000000 0.000000e+00 0.0200000000 1.000000e-02 0.000000e+00 2.000000e-02 1.000000e-02 1.000000e-02 1.000000e-02 0.000000e+00 1.000000e-02 0.000000e+00 0.000000e+00 0.000000e+00
   16    1      2      0    0      1      -1      -1   100 3.000000e-02 0.19000000 0.23000000 0.09000000 0.04000000 0.05000000 0.04000000 0.100000000 0.040000000 0.050000000 0.030000000 0.0300000000 2.000000e-02 0.0000000000 1.000000e-02 0.000000e+00 0.000000e+00 2.000000e-02 0.000000e+00 0.000000e+00 0.000000e+00 0.000000e+00 0.000000e+00 0.000000e+00 3.000000e-02
   17    1      2      0    0      1      -1      -1   100 3.000000e-02 0.14000000 0.14000000 0.15000000 0.10000000 0.04000000 0.07000000 0.100000000 0.070000000 0.080000000 0.010000000 0.0100000000 0.000000e+00 0.0100000000 0.000000e+00 3.000000e-02 0.000000e+00 1.000000e-02 0.000000e+00 0.000000e+00 1.000000e-02 0.000000e+00 0.000000e+00 0.000000e+00 0.000000e+00
   18    1      2      0    0      1      -1      -1   100 5.000000e-02 0.19000000 0.10000000 0.11000000 0.15000000 0.06000000 0.04000000 0.020000000 0.030000000 0.040000000 0.020000000 0.0100000000 1.000000e-02 0.0300000000 5.000000e-02 5.000000e-02 0.000000e+00 1.000000e-02 2.000000e-02 0.000000e+00 1.000000e-02 0.000000e+00 0.000000e+00 0.000000e+00 0.000000e+00
   19    1      2      0    0      1      -1      -1   100 4.000000e-02 0.10000000 0.14000000 0.13000000 0.09000000 0.08000000 0.08000000 0.040000000 0.030000000 0.080000000 0.050000000 0.0300000000 0.000000e+00 0.0200000000 0.000000e+00 1.000000e-02 0.000000e+00 1.000000e-02 0.000000e+00 1.000000e-02 1.000000e-02 3.000000e-02 0.000000e+00 1.000000e-02 1.000000e-02
   20    1      2      0    0      1      -1      -1   100 5.000000e-02 0.24000000 0.10000000 0.08000000 0.13000000 0.02000000 0.10000000 0.040000000 0.010000000 0.010000000 0.040000000 0.0700000000 1.000000e-02 0.0100000000 1.000000e-02 4.000000e-02 0.000000e+00 0.000000e+00 1.000000e-02 1.000000e-02 1.000000e-02 0.000000e+00 0.000000e+00 0.000000e+00 1.000000e-02
   21    1      2      0    0      1      -1      -1   100 8.000000e-02 0.22000000 0.24000000 0.08000000 0.09000000 0.09000000 0.02000000 0.040000000 0.040000000 0.000000000 0.000000000 0.0300000000 3.000000e-02 0.0100000000 0.000000e+00 1.000000e-02 1.000000e-02 0.000000e+00 0.000000e+00 0.000000e+00 0.000000e+00 0.000000e+00 0.000000e+00 0.000000e+00 1.000000e-02
   22    1      2      0    0      1      -1      -1   100 3.000000e-02 0.13000000 0.25000000 0.17000000 0.06000000 0.06000000 0.07000000 0.040000000 0.030000000 0.030000000 0.020000000 0.0500000000 1.000000e-02 0.0000000000 1.000000e-02 1.000000e-02 0.000000e+00 1.000000e-02 0.000000e+00 1.000000e-02 0.000000e+00 0.000000e+00 0.000000e+00 0.000000e+00 1.000000e-02
   23    1      2      0    0      1      -1      -1   100 3.000000e-02 0.06000000 0.13000000 0.24000000 0.11000000 0.05000000 0.09000000 0.060000000 0.060000000 0.040000000 0.010000000 0.0200000000 1.000000e-02 0.0200000000 0.000000e+00 2.000000e-02 1.000000e-02 0.000000e+00 0.000000e+00 1.000000e-02 0.000000e+00 0.000000e+00 1.000000e-02 0.000000e+00 2.000000e-02
   24    1      2      0    0      1      -1      -1   100 1.000000e-02 0.23000000 0.11000000 0.09000000 0.12000000 0.12000000 0.05000000 0.040000000 0.050000000 0.020000000 0.040000000 0.0200000000 1.000000e-02 0.0000000000 1.000000e-02 3.000000e-02 1.000000e-02 0.000000e+00 1.000000e-02 3.000000e-02 0.000000e+00 0.000000e+00 0.000000e+00 0.000000e+00 0.000000e+00
   25    1      2      0    0      1      -1      -1   100 5.000000e-02 0.16000000 0.16000000 0.05000000 0.09000000 0.16000000 0.17000000 0.010000000 0.020000000 0.050000000 0.030000000 0.0200000000 0.000000e+00 0.0000000000 0.000000e+00 0.000000e+00 1.000000e-02 0.000000e+00 1.000000e-02 1.000000e-02 0.000000e+00 0.000000e+00 0.000000e+00 0.000000e+00 0.000000e+00
   26    1      2      0    0      1      -1      -1   100 1.000000e-02 0.17000000 0.11000000 0.13000000 0.03000000 0.08000000 0.15000000 0.090000000 0.060000000 0.040000000 0.020000000 0.0200000000 3.000000e-02 0.0100000000 0.000000e+00 0.000000e+00 0.000000e+00 1.000000e-02 2.000000e-02 0.000000e+00 0.000000e+00 0.000000e+00 0.000000e+00 1.000000e-02 1.000000e-02
   27    1      2      0    0      1      -1      -1   100 1.000000e-02 0.19000000 0.22000000 0.07000000 0.11000000 0.06000000 0.06000000 0.060000000 0.050000000 0.020000000 0.050000000 0.0300000000 1.000000e-02 0.0100000000 1.000000e-02 1.000000e-02 1.000000e-02 2.000000e-02 0.000000e+00 0.000000e+00 0.000000e+00 0.000000e+00 0.000000e+00 0.000000e+00 0.000000e+00
   28    1      2      0    0      1      -1      -1   100 3.000000e-02 0.08000000 0.21000000 0.19000000 0.06000000 0.09000000 0.03000000 0.080000000 0.070000000 0.040000000 0.040000000 0.0400000000 0.000000e+00 0.0100000000 1.000000e-02 0.000000e+00 1.000000e-02 1.000000e-02 0.000000e+00 0.000000e+00 0.000000e+00 0.000000e+00 0.000000e+00 0.000000e+00 0.000000e+00
   29    1      2      0    0      1      -1      -1   100 3.000000e-02 0.17000000 0.12000000 0.13000000 0.11000000 0.08000000 0.08000000 0.030000000 0.020000000 0.050000000 0.040000000 0.0400000000 4.000000e-02 0.0100000000 1.000000e-02 1.000000e-02 0.000000e+00 0.000000e+00 1.000000e-02 0.000000e+00 1.000000e-02 0.000000e+00 0.000000e+00 0.000000e+00 1.000000e-02
   30    1      2      0    0      1      -1      -1   100 0.000000e+00 0.09000000 0.24000000 0.12000000 0.07000000 0.12000000 0.05000000 0.060000000 0.020000000 0.030000000 0.080000000 0.0400000000 2.000000e-02 0.0200000000 0.000000e+00 2.000000e-02 0.000000e+00 1.000000e-02 0.000000e+00 1.000000e-02 0.000000e+00 0.000000e+00 0.000000e+00 0.000000e+00 0.000000e+00
   31    1      2      0    0      1      -1      -1   100 4.000000e-02 0.01000000 0.12000000 0.20000000 0.05000000 0.11000000 0.09000000 0.010000000 0.100000000 0.040000000 0.050000000 0.0400000000 1.000000e-02 0.0000000000 2.000000e-02 1.000000e-02 1.000000e-02 4.000000e-02 2.000000e-02 0.000000e+00 0.000000e+00 0.000000e+00 0.000000e+00 1.000000e-02 2.000000e-02
   32    1      2      0    0      1      -1      -1   100 3.000000e-02 0.17000000 0.05000000 0.06000000 0.12000000 0.04000000 0.14000000 0.100000000 0.030000000 0.060000000 0.010000000 0.0100000000 4.000000e-02 0.0500000000 3.000000e-02 1.000000e-02 3.000000e-02 0.000000e+00 2.000000e-02 0.000000e+00 0.000000e+00 0.000000e+00 0.000000e+00 0.000000e+00 0.000000e+00
   33    1      2      0    0      1      -1      -1   100 1.000000e-02 0.25000000 0.17000000 0.04000000 0.07000000 0.07000000 0.04000000 0.030000000 0.070000000 0.030000000 0.080000000 0.0300000000 1.000000e-02 0.0300000000 1.000000e-02 2.000000e-02 0.000000e+00 0.000000e+00 0.000000e+00 0.000000e+00 1.000000e-02 0.000000e+00 0.000000e+00 0.000000e+00 3.000000e-02
   34    1      2      0    0      1      -1      -1   100 7.000000e-02 0.07000000 0.22000000 0.17000000 0.03000000 0.05000000 0.10000000 0.030000000 0.050000000 0.080000000 0.020000000 0.0400000000 1.000000e-02 0.0100000000 1.000000e-02 1.000000e-02 1.000000e-02 1.000000e-02 0.000000e+00 0.000000e+00 0.000000e+00 1.000000e-02 0.000000e+00 0.000000e+00 0.000000e+00
   35    1      2      0    0      1      -1      -1   100 2.000000e-02 0.31000000 0.09000000 0.22000000 0.06000000 0.06000000 0.02000000 0.030000000 0.040000000 0.030000000 0.020000000 0.0100000000 1.000000e-02 0.0200000000 1.000000e-02 0.000000e+00 1.000000e-02 2.000000e-02 1.000000e-02 0.000000e+00 1.000000e-02 0.000000e+00 0.000000e+00 0.000000e+00 0.000000e+00
   36    1      2      0    0      1      -1      -1   100 4.000000e-02 0.19000000 0.32000000 0.07000000 0.16000000 0.00000000 0.03000000 0.000000000 0.080000000 0.030000000 0.000000000 0.0200000000 2.000000e-02 0.0200000000 1.000000e-02 0.000000e+00 1.000000e-02 0.000000e+00 0.000000e+00 0.000000e+00 0.000000e+00 0.000000e+00 0.000000e+00 0.000000e+00 0.000000e+00
   37    1      2      0    0      1      -1      -1   100 7.000000e-02 0.30000000 0.12000000 0.19000000 0.03000000 0.08000000 0.04000000 0.000000000 0.010000000 0.010000000 0.020000000 0.0100000000 1.000000e-02 0.0300000000 2.000000e-02 1.000000e-02 3.000000e-02 1.000000e-02 1.000000e-02 0.000000e+00 0.000000e+00 0.000000e+00 0.000000e+00 0.000000e+00 0.000000e+00
   38    1      2      0    0      1      -1      -1   100 5.000000e-02 0.21000000 0.11000000 0.13000000 0.21000000 0.04000000 0.04000000 0.040000000 0.000000000 0.030000000 0.050000000 0.0000000000 3.000000e-02 0.0000000000 1.000000e-02 2.000000e-02 0.000000e+00 2.000000e-02 0.000000e+00 0.000000e+00 0.000000e+00 0.000000e+00 1.000000e-02 0.000000e+00 0.000000e+00
   39    1      2      0    0      1      -1      -1   100 2.000000e-02 0.12000000 0.21000000 0.16000000 0.08000000 0.16000000 0.01000000 0.080000000 0.040000000 0.020000000 0.010000000 0.0100000000 1.000000e-02 0.0200000000 0.000000e+00 3.000000e-02 1.000000e-02 0.000000e+00 0.000000e+00 0.000000e+00 1.000000e-02 0.000000e+00 0.000000e+00 0.000000e+00 0.000000e+00
   40    1      2      0    0      1      -1      -1   100 7.000000e-02 0.15000000 0.11000000 0.16000000 0.13000000 0.08000000 0.11000000 0.020000000 0.060000000 0.030000000 0.000000000 0.0000000000 1.000000e-02 0.0000000000 1.000000e-02 2.000000e-02 0.000000e+00 0.000000e+00 0.000000e+00 1.000000e-02 2.000000e-02 1.000000e-02 0.000000e+00 0.000000e+00 0.000000e+00
   41    1      2      0    0      1      -1      -1   100 3.000000e-02 0.36000000 0.09000000 0.06000000 0.12000000 0.14000000 0.03000000 0.090000000 0.020000000 0.010000000 0.010000000 0.0000000000 2.000000e-02 0.0100000000 0.000000e+00 0.000000e+00 1.000000e-02 0.000000e+00 0.000000e+00 0.000000e+00 0.000000e+00 0.000000e+00 0.000000e+00 0.000000e+00 0.000000e+00
   42    1      2      0    0      1      -1      -1   100 4.000000e-02 0.07000000 0.37000000 0.09000000 0.06000000 0.07000000 0.08000000 0.050000000 0.080000000 0.020000000 0.000000000 0.0200000000 0.000000e+00 0.0000000000 0.000000e+00 1.000000e-02 1.000000e-02 1.000000e-02 0.000000e+00 0.000000e+00 0.000000e+00 0.000000e+00 0.000000e+00 0.000000e+00 2.000000e-02
   43    1      2      0    0      1      -1      -1   100 2.000000e-02 0.25000000 0.16000000 0.21000000 0.06000000 0.04000000 0.11000000 0.050000000 0.020000000 0.020000000 0.010000000 0.0000000000 2.000000e-02 0.0000000000 0.000000e+00 1.000000e-02 0.000000e+00 1.000000e-02 0.000000e+00 0.000000e+00 0.000000e+00 0.000000e+00 0.000000e+00 1.000000e-02 0.000000e+00
   44    1      2      0    0      1      -1      -1   100 2.000000e-02 0.21000000 0.23000000 0.11000000 0.16000000 0.06000000 0.03000000 0.030000000 0.030000000 0.050000000 0.040000000 0.0100000000 0.000000e+00 0.0100000000 0.000000e+00 0.000000e+00 0.000000e+00 0.000000e+00 0.000000e+00 1.000000e-02 0.000000e+00 0.000000e+00 0.000000e+00 0.000000e+00 0.000000e+00
   45    1      2      0    0      1      -1      -1   100 2.000000e-02 0.15000000 0.15000000 0.21000000 0.07000000 0.16000000 0.01000000 0.030000000 0.060000000 0.020000000 0.010000000 0.0200000000 1.000000e-02 0.0400000000 0.000000e+00 0.000000e+00 1.000000e-02 0.000000e+00 0.000000e+00 0.000000e+00 2.000000e-02 0.000000e+00 0.000000e+00 0.000000e+00 1.000000e-02
   46    1      2      0    0      1      -1      -1   100 2.000000e-02 0.17000000 0.15000000 0.12000000 0.14000000 0.06000000 0.10000000 0.010000000 0.020000000 0.050000000 0.070000000 0.0100000000 3.000000e-02 0.0100000000 1.000000e-02 0.000000e+00 0.000000e+00 0.000000e+00 0.000000e+00 0.000000e+00 0.000000e+00 0.000000e+00 1.000000e-02 0.000000e+00 2.000000e-02
   47    1      2      0    0      1      -1      -1   100 7.000000e-02 0.19000000 0.14000000 0.12000000 0.08000000 0.11000000 0.05000000 0.080000000 0.030000000 0.020000000 0.010000000 0.0500000000 1.000000e-02 0.0100000000 1.000000e-02 1.000000e-02 1.000000e-02 0.000000e+00 0.000000e+00 0.000000e+00 0.000000e+00 0.000000e+00 0.000000e+00 0.000000e+00 0.000000e+00
   48    1      2      0    0      1      -1      -1   100 3.000000e-02 0.17000000 0.19000000 0.17000000 0.08000000 0.09000000 0.08000000 0.030000000 0.020000000 0.030000000 0.000000000 0.0300000000 2.000000e-02 0.0200000000 1.000000e-02 0.000000e+00 0.000000e+00 0.000000e+00 0.000000e+00 1.000000e-02 0.000000e+00 1.000000e-02 0.000000e+00 0.000000e+00 1.000000e-02
   49    1      2      0    0      1      -1      -1   100 5.000000e-02 0.11000000 0.24000000 0.11000000 0.07000000 0.08000000 0.08000000 0.060000000 0.050000000 0.060000000 0.000000000 0.0200000000 1.000000e-02 0.0200000000 0.000000e+00 2.000000e-02 1.000000e-02 0.000000e+00 0.000000e+00 0.000000e+00 0.000000e+00 1.000000e-02 0.000000e+00 0.000000e+00 0.000000e+00
   50    1      2      0    0      1      -1      -1   100 8.000000e-02 0.22000000 0.19000000 0.14000000 0.07000000 0.06000000 0.06000000 0.040000000 0.040000000 0.020000000 0.020000000 0.0100000000 0.000000e+00 0.0300000000 1.000000e-02 0.000000e+00 0.000000e+00 0.000000e+00 0.000000e+00 0.000000e+00 0.000000e+00 0.000000e+00 0.000000e+00 0.000000e+00 1.000000e-02
   51    1      2      0    0      1      -1      -1   100 6.000000e-02 0.14000000 0.22000000 0.11000000 0.13000000 0.07000000 0.03000000 0.020000000 0.040000000 0.040000000 0.020000000 0.0700000000 2.000000e-02 0.0100000000 0.000000e+00 0.000000e+00 1.000000e-02 0.000000e+00 0.000000e+00 0.000000e+00 0.000000e+00 0.000000e+00 0.000000e+00 1.000000e-02 0.000000e+00
   52    1      2      0    0      1      -1      -1   100 2.000000e-02 0.17000000 0.16000000 0.14000000 0.06000000 0.11000000 0.10000000 0.010000000 0.040000000 0.050000000 0.030000000 0.0200000000 4.000000e-02 0.0100000000 0.000000e+00 1.000000e-02 2.000000e-02 0.000000e+00 1.000000e-02 0.000000e+00 0.000000e+00 0.000000e+00 0.000000e+00 0.000000e+00 0.000000e+00
   53    1      2      0    0      1      -1      -1   100 6.000000e-02 0.17000000 0.13000000 0.15000000 0.13000000 0.09000000 0.12000000 0.040000000 0.020000000 0.020000000 0.010000000 0.0200000000 1.000000e-02 0.0100000000 0.000000e+00 0.000000e+00 1.000000e-02 0.000000e+00 0.000000e+00 0.000000e+00 0.000000e+00 1.000000e-02 0.000000e+00 0.000000e+00 0.000000e+00
   54    1      2      0    0      1      -1      -1   100 6.000000e-02 0.23000000 0.13000000 0.07000000 0.07000000 0.14000000 0.03000000 0.020000000 0.060000000 0.040000000 0.040000000 0.0400000000 1.000000e-02 0.0200000000 0.000000e+00 0.000000e+00 0.000000e+00 0.000000e+00 1.000000e-02 1.000000e-02 2.000000e-02 0.000000e+00 0.000000e+00 0.000000e+00 0.000000e+00
   55    1      2      0    0      1      -1      -1   100 1.000000e-02 0.24000000 0.28000000 0.12000000 0.05000000 0.07000000 0.08000000 0.010000000 0.040000000 0.020000000 0.000000000 0.0100000000 1.000000e-02 0.0100000000 0.000000e+00 2.000000e-02 0.000000e+00 1.000000e-02 2.000000e-02 0.000000e+00 0.000000e+00 0.000000e+00 0.000000e+00 0.000000e+00 0.000000e+00
   56    1      2      0    0      1      -1      -1   100 3.000000e-02 0.15000000 0.18000000 0.16000000 0.13000000 0.09000000 0.06000000 0.030000000 0.030000000 0.050000000 0.010000000 0.0200000000 1.000000e-02 0.0100000000 1.000000e-02 1.000000e-02 1.000000e-02 0.000000e+00 0.000000e+00 0.000000e+00 0.000000e+00 0.000000e+00 0.000000e+00 0.000000e+00 1.000000e-02
   57    1      2      0    0      1      -1      -1   100 6.000000e-02 0.22000000 0.08000000 0.16000000 0.19000000 0.08000000 0.05000000 0.040000000 0.050000000 0.010000000 0.020000000 0.0100000000 0.000000e+00 0.0100000000 1.000000e-02 0.000000e+00 0.000000e+00 0.000000e+00 0.000000e+00 0.000000e+00 0.000000e+00 0.000000e+00 0.000000e+00 0.000000e+00 1.000000e-02
   58    1      2      0    0      1      -1      -1   100 1.400000e-01 0.12000000 0.10000000 0.07000000 0.13000000 0.10000000 0.08000000 0.060000000 0.050000000 0.060000000 0.040000000 0.0300000000 1.000000e-02 0.0100000000 0.000000e+00 0.000000e+00 0.000000e+00 0.000000e+00 0.000000e+00 0.000000e+00 0.000000e+00 0.000000e+00 0.000000e+00 0.000000e+00 0.000000e+00
   59    1      2      0    0      1      -1      -1   100 6.000000e-02 0.30000000 0.07000000 0.15000000 0.03000000 0.11000000 0.13000000 0.030000000 0.020000000 0.030000000 0.020000000 0.0000000000 1.000000e-02 0.0000000000 0.000000e+00 0.000000e+00 1.000000e-02 0.000000e+00 1.000000e-02 1.000000e-02 0.000000e+00 0.000000e+00 1.000000e-02 0.000000e+00 0.000000e+00
   60    1      2      0    0      1      -1      -1   100 8.000000e-02 0.23000000 0.27000000 0.06000000 0.10000000 0.05000000 0.05000000 0.050000000 0.010000000 0.000000000 0.020000000 0.0400000000 1.000000e-02 0.0000000000 2.000000e-02 0.000000e+00 0.000000e+00 0.000000e+00 0.000000e+00 0.000000e+00 0.000000e+00 0.000000e+00 1.000000e-02 0.000000e+00 0.000000e+00
   61    1      2      0    0      1      -1      -1   100 3.000000e-02 0.25000000 0.22000000 0.16000000 0.03000000 0.09000000 0.02000000 0.040000000 0.030000000 0.040000000 0.010000000 0.0100000000 4.000000e-02 0.0100000000 0.000000e+00 0.000000e+00 0.000000e+00 0.000000e+00 0.000000e+00 1.000000e-02 0.000000e+00 1.000000e-02 0.000000e+00 0.000000e+00 0.000000e+00
   62    1      2      0    0      1      -1      -1   100 8.000000e-02 0.13000000 0.17000000 0.19000000 0.14000000 0.08000000 0.03000000 0.010000000 0.040000000 0.030000000 0.020000000 0.0400000000 1.000000e-02 0.0200000000 0.000000e+00 1.000000e-02 0.000000e+00 0.000000e+00 0.000000e+00 0.000000e+00 0.000000e+00 0.000000e+00 0.000000e+00 0.000000e+00 0.000000e+00
   63    1      2      0    0      1      -1      -1   100 1.000000e-02 0.28000000 0.10000000 0.15000000 0.11000000 0.12000000 0.01000000 0.070000000 0.050000000 0.010000000 0.030000000 0.0100000000 1.000000e-02 0.0100000000 0.000000e+00 0.000000e+00 1.000000e-02 0.000000e+00 1.000000e-02 0.000000e+00 0.000000e+00 0.000000e+00 0.000000e+00 0.000000e+00 1.000000e-02
   64    1      2      0    0      1      -1      -1   100 5.000000e-02 0.15000000 0.31000000 0.09000000 0.08000000 0.10000000 0.09000000 0.030000000 0.030000000 0.030000000 0.000000000 0.0100000000 2.000000e-02 0.0000000000 0.000000e+00 0.000000e+00 0.000000e+00 0.000000e+00 0.000000e+00 1.000000e-02 0.000000e+00 0.000000e+00 0.000000e+00 0.000000e+00 0.000000e+00
   65    1      2      0    0      1      -1      -1   100 6.000000e-02 0.16000000 0.07000000 0.27000000 0.05000000 0.08000000 0.14000000 0.030000000 0.030000000 0.010000000 0.010000000 0.0400000000 3.000000e-02 0.0000000000 0.000000e+00 0.000000e+00 1.000000e-02 1.000000e-02 0.000000e+00 0.000000e+00 0.000000e+00 0.000000e+00 0.000000e+00 0.000000e+00 0.000000e+00
   66    1      2      0    0      1      -1      -1   100 1.100000e-01 0.31000000 0.03000000 0.04000000 0.12000000 0.05000000 0.11000000 0.050000000 0.050000000 0.020000000 0.020000000 0.0000000000 1.000000e-02 0.0300000000 1.000000e-02 0.000000e+00 2.000000e-02 0.000000e+00 0.000000e+00 0.000000e+00 0.000000e+00 0.000000e+00 0.000000e+00 1.000000e-02 1.000000e-02
   67    1      2      0    0      1      -1      -1   100 2.000000e-02 0.24000000 0.36000000 0.10000000 0.05000000 0.09000000 0.04000000 0.020000000 0.040000000 0.010000000 0.000000000 0.0200000000 0.000000e+00 0.0000000000 0.000000e+00 0.000000e+00 0.000000e+00 1.000000e-02 0.000000e+00 0.000000e+00 0.000000e+00 0.000000e+00 0.000000e+00 0.000000e+00 0.000000e+00
   68    1      2      0    0      1      -1      -1   100 8.000000e-02 0.23000000 0.23000000 0.15000000 0.05000000 0.06000000 0.06000000 0.020000000 0.030000000 0.020000000 0.020000000 0.0100000000 1.000000e-02 0.0000000000 0.000000e+00 1.000000e-02 0.000000e+00 0.000000e+00 0.000000e+00 0.000000e+00 1.000000e-02 0.000000e+00 0.000000e+00 0.000000e+00 1.000000e-02
   69    1      2      0    0      1      -1      -1   100 4.000000e-02 0.22000000 0.18000000 0.19000000 0.14000000 0.06000000 0.05000000 0.090000000 0.000000000 0.010000000 0.000000000 0.0200000000 0.000000e+00 0.0000000000 0.000000e+00 0.000000e+00 0.000000e+00 0.000000e+00 0.000000e+00 0.000000e+00 0.000000e+00 0.000000e+00 0.000000e+00 0.000000e+00 0.000000e+00
   70    1      2      0    0      1      -1      -1   100 4.000000e-02 0.15000000 0.16000000 0.14000000 0.23000000 0.10000000 0.05000000 0.000000000 0.070000000 0.010000000 0.030000000 0.0000000000 1.000000e-02 0.0100000000 0.000000e+00 0.000000e+00 0.000000e+00 0.000000e+00 0.000000e+00 0.000000e+00 0.000000e+00 0.000000e+00 0.000000e+00 0.000000e+00 0.000000e+00
   71    1      2      0    0      1      -1      -1   100 3.000000e-02 0.26000000 0.13000000 0.12000000 0.09000000 0.10000000 0.07000000 0.040000000 0.030000000 0.030000000 0.010000000 0.0100000000 4.000000e-02 0.0000000000 0.000000e+00 0.000000e+00 1.000000e-02 1.000000e-02 1.000000e-02 0.000000e+00 0.000000e+00 1.000000e-02 0.000000e+00 0.000000e+00 0.000000e+00
   72    1      2      0    0      1      -1      -1   100 2.000000e-02 0.15000000 0.23000000 0.11000000 0.21000000 0.06000000 0.09000000 0.070000000 0.020000000 0.000000000 0.010000000 0.0000000000 1.000000e-02 0.0000000000 0.000000e+00 2.000000e-02 0.000000e+00 0.000000e+00 0.000000e+00 0.000000e+00 0.000000e+00 0.000000e+00 0.000000e+00 0.000000e+00 0.000000e+00
   73    1      2      0    0      1      -1      -1   100 4.000000e-02 0.16000000 0.14000000 0.18000000 0.08000000 0.09000000 0.07000000 0.050000000 0.070000000 0.020000000 0.020000000 0.0300000000 2.000000e-02 0.0100000000 1.000000e-02 0.000000e+00 0.000000e+00 0.000000e+00 1.000000e-02 0.000000e+00 0.000000e+00 0.000000e+00 0.000000e+00 0.000000e+00 0.000000e+00
   74    1      2      0    0      1      -1      -1   100 2.000000e-02 0.24000000 0.14000000 0.11000000 0.09000000 0.07000000 0.08000000 0.050000000 0.060000000 0.020000000 0.030000000 0.0200000000 2.000000e-02 0.0100000000 1.000000e-02 1.000000e-02 1.000000e-02 0.000000e+00 0.000000e+00 0.000000e+00 0.000000e+00 0.000000e+00 0.000000e+00 1.000000e-02 0.000000e+00
   75    1      2      0    0      1      -1      -1   100 6.000000e-02 0.08000000 0.27000000 0.14000000 0.08000000 0.08000000 0.04000000 0.060000000 0.080000000 0.040000000 0.040000000 0.0100000000 0.000000e+00 0.0000000000 0.000000e+00 2.000000e-02 0.000000e+00 0.000000e+00 0.000000e+00 0.000000e+00 0.000000e+00 0.000000e+00 0.000000e+00 0.000000e+00 0.000000e+00
   76    1      2      0    0      1      -1      -1   100 8.000000e-02 0.21000000 0.06000000 0.19000000 0.13000000 0.07000000 0.10000000 0.010000000 0.070000000 0.000000000 0.050000000 0.0000000000 0.000000e+00 0.0100000000 0.000000e+00 0.000000e+00 1.000000e-02 0.000000e+00 0.000000e+00 0.000000e+00 0.000000e+00 1.000000e-02 0.000000e+00 0.000000e+00 0.000000e+00
   77    1      2      0    0      1      -1      -1   100 7.000000e-02 0.34000000 0.23000000 0.03000000 0.05000000 0.05000000 0.04000000 0.030000000 0.010000000 0.020000000 0.030000000 0.0200000000 4.000000e-02 0.0000000000 0.000000e+00 2.000000e-02 0.000000e+00 1.000000e-02 1.000000e-02 0.000000e+00 0.000000e+00 0.000000e+00 0.000000e+00 0.000000e+00 0.000000e+00
   78    1      2      0    0      1      -1      -1   100 1.000000e-01 0.17000000 0.29000000 0.14000000 0.04000000 0.04000000 0.07000000 0.030000000 0.020000000 0.010000000 0.060000000 0.0000000000 0.000000e+00 0.0200000000 0.000000e+00 1.000000e-02 0.000000e+00 0.000000e+00 0.000000e+00 0.000000e+00 0.000000e+00 0.000000e+00 0.000000e+00 0.000000e+00 0.000000e+00
   79    1      2      0    0      1      -1      -1   100 5.000000e-02 0.30000000 0.09000000 0.24000000 0.13000000 0.02000000 0.05000000 0.010000000 0.020000000 0.020000000 0.010000000 0.0100000000 1.000000e-02 0.0100000000 2.000000e-02 0.000000e+00 1.000000e-02 0.000000e+00 0.000000e+00 0.000000e+00 0.000000e+00 0.000000e+00 0.000000e+00 0.000000e+00 0.000000e+00
   80    1      2      0    0      1      -1      -1   100 3.000000e-02 0.16000000 0.20000000 0.10000000 0.20000000 0.11000000 0.03000000 0.020000000 0.050000000 0.020000000 0.030000000 0.0000000000 0.000000e+00 0.0000000000 2.000000e-02 1.000000e-02 0.000000e+00 1.000000e-02 1.000000e-02 0.000000e+00 0.000000e+00 0.000000e+00 0.000000e+00 0.000000e+00 0.000000e+00
   81    1      2      0    0      1      -1      -1   100 1.000000e-02 0.14000000 0.17000000 0.24000000 0.08000000 0.11000000 0.09000000 0.000000000 0.030000000 0.010000000 0.020000000 0.0200000000 2.000000e-02 0.0100000000 1.000000e-02 1.000000e-02 1.000000e-02 0.000000e+00 0.000000e+00 0.000000e+00 1.000000e-02 0.000000e+00 0.000000e+00 0.000000e+00 1.000000e-02
   82    1      2      0    0      1      -1      -1   100 5.000000e-02 0.12000000 0.21000000 0.14000000 0.18000000 0.07000000 0.09000000 0.050000000 0.010000000 0.050000000 0.000000000 0.0200000000 0.000000e+00 0.0000000000 1.000000e-02 0.000000e+00 0.000000e+00 0.000000e+00 0.000000e+00 0.000000e+00 0.000000e+00 0.000000e+00 0.000000e+00 0.000000e+00 0.000000e+00
   83    1      2      0    0      1      -1      -1   100 2.000000e-02 0.22000000 0.12000000 0.14000000 0.10000000 0.08000000 0.06000000 0.080000000 0.030000000 0.020000000 0.050000000 0.0000000000 3.000000e-02 0.0100000000 2.000000e-02 1.000000e-02 0.000000e+00 0.000000e+00 0.000000e+00 0.000000e+00 0.000000e+00 1.000000e-02 0.000000e+00 0.000000e+00 0.000000e+00
   84    1      2      0    0      1      -1      -1   100 1.100000e-01 0.11000000 0.21000000 0.12000000 0.07000000 0.12000000 0.08000000 0.060000000 0.020000000 0.030000000 0.030000000 0.0000000000 1.000000e-02 0.0100000000 1.000000e-02 1.000000e-02 0.000000e+00 0.000000e+00 0.000000e+00 0.000000e+00 0.000000e+00 0.000000e+00 0.000000e+00 0.000000e+00 0.000000e+00
   85    1      2      0    0      1      -1      -1   100 3.000000e-02 0.29000000 0.13000000 0.16000000 0.06000000 0.10000000 0.06000000 0.070000000 0.010000000 0.040000000 0.030000000 0.0100000000 0.000000e+00 0.0000000000 0.000000e+00 0.000000e+00 0.000000e+00 1.000000e-02 0.000000e+00 0.000000e+00 0.000000e+00 0.000000e+00 0.000000e+00 0.000000e+00 0.000000e+00
   86    1      2      0    0      1      -1      -1   100 2.000000e-02 0.12000000 0.23000000 0.09000000 0.21000000 0.08000000 0.01000000 0.060000000 0.040000000 0.030000000 0.010000000 0.0400000000 0.000000e+00 0.0100000000 1.000000e-02 1.000000e-02 1.000000e-02 0.000000e+00 0.000000e+00 0.000000e+00 2.000000e-02 0.000000e+00 0.000000e+00 0.000000e+00 0.000000e+00
   87    1      2      0    0      1      -1      -1   100 2.000000e-02 0.16000000 0.23000000 0.18000000 0.04000000 0.11000000 0.08000000 0.030000000 0.040000000 0.020000000 0.010000000 0.0500000000 2.000000e-02 0.0000000000 0.000000e+00 0.000000e+00 0.000000e+00 0.000000e+00 1.000000e-02 0.000000e+00 0.000000e+00 0.000000e+00 0.000000e+00 0.000000e+00 0.000000e+00
   88    1      2      0    0      1      -1      -1   100 5.000000e-02 0.15000000 0.18000000 0.13000000 0.11000000 0.07000000 0.08000000 0.030000000 0.040000000 0.030000000 0.010000000 0.0200000000 6.000000e-02 0.0100000000 1.000000e-02 0.000000e+00 0.000000e+00 0.000000e+00 1.000000e-02 0.000000e+00 1.000000e-02 0.000000e+00 0.000000e+00 0.000000e+00 0.000000e+00
   89    1      2      0    0      1      -1      -1   100 5.000000e-02 0.33000000 0.08000000 0.11000000 0.07000000 0.12000000 0.03000000 0.050000000 0.050000000 0.010000000 0.020000000 0.0400000000 0.000000e+00 0.0200000000 0.000000e+00 0.000000e+00 0.000000e+00 0.000000e+00 1.000000e-02 0.000000e+00 0.000000e+00 0.000000e+00 0.000000e+00 1.000000e-02 0.000000e+00
   90    1      2      0    0      1      -1      -1   100 6.000000e-02 0.15000000 0.28000000 0.06000000 0.16000000 0.05000000 0.12000000 0.040000000 0.030000000 0.000000000 0.020000000 0.0200000000 0.000000e+00 0.0000000000 0.000000e+00 1.000000e-02 0.000000e+00 0.000000e+00 0.000000e+00 0.000000e+00 0.000000e+00 0.000000e+00 0.000000e+00 0.000000e+00 0.000000e+00
   91    1      2      0    0      1      -1      -1   100 4.000000e-02 0.17000000 0.15000000 0.31000000 0.05000000 0.02000000 0.03000000 0.090000000 0.020000000 0.020000000 0.020000000 0.0000000000 1.000000e-02 0.0400000000 0.000000e+00 0.000000e+00 3.000000e-02 0.000000e+00 0.000000e+00 0.000000e+00 0.000000e+00 0.000000e+00 0.000000e+00 0.000000e+00 0.000000e+00
   92    1      2      0    0      1      -1      -1   100 4.000000e-02 0.10000000 0.14000000 0.14000000 0.16000000 0.04000000 0.10000000 0.070000000 0.050000000 0.020000000 0.030000000 0.0400000000 2.000000e-02 0.0100000000 0.000000e+00 0.000000e+00 1.000000e-02 2.000000e-02 0.000000e+00 1.000000e-02 0.000000e+00 0.000000e+00 0.000000e+00 0.000000e+00 0.000000e+00
   93    1      2      0    0      1      -1      -1   100 4.000000e-02 0.26000000 0.15000000 0.17000000 0.03000000 0.09000000 0.04000000 0.070000000 0.050000000 0.070000000 0.000000000 0.0000000000 1.000000e-02 0.0100000000 0.000000e+00 0.000000e+00 0.000000e+00 0.000000e+00 1.000000e-02 0.000000e+00 0.000000e+00 0.000000e+00 0.000000e+00 0.000000e+00 0.000000e+00
   94    1      2      0    0      1      -1      -1   100 8.000000e-02 0.14000000 0.31000000 0.04000000 0.03000000 0.06000000 0.14000000 0.030000000 0.040000000 0.000000000 0.040000000 0.0200000000 2.000000e-02 0.0200000000 1.000000e-02 0.000000e+00 1.000000e-02 1.000000e-02 0.000000e+00 0.000000e+00 0.000000e+00 0.000000e+00 0.000000e+00 0.000000e+00 0.000000e+00
   95    1      2      0    0      1      -1      -1   100 6.000000e-02 0.15000000 0.16000000 0.18000000 0.07000000 0.05000000 0.11000000 0.010000000 0.030000000 0.060000000 0.010000000 0.0500000000 1.000000e-02 0.0000000000 0.000000e+00 0.000000e+00 3.000000e-02 0.000000e+00 1.000000e-02 0.000000e+00 0.000000e+00 0.000000e+00 1.000000e-02 0.000000e+00 0.000000e+00
   96    1      2      0    0      1      -1      -1   100 1.000000e-02 0.34000000 0.12000000 0.07000000 0.17000000 0.07000000 0.04000000 0.030000000 0.030000000 0.000000000 0.010000000 0.0200000000 4.000000e-02 0.0100000000 1.000000e-02 0.000000e+00 2.000000e-02 0.000000e+00 0.000000e+00 0.000000e+00 1.000000e-02 0.000000e+00 0.000000e+00 0.000000e+00 0.000000e+00
   97    1      2      0    0      1      -1      -1   100 9.000000e-02 0.12000000 0.30000000 0.10000000 0.06000000 0.04000000 0.04000000 0.050000000 0.020000000 0.060000000 0.010000000 0.0400000000 1.000000e-02 0.0200000000 2.000000e-02 0.000000e+00 0.000000e+00 0.000000e+00 1.000000e-02 0.000000e+00 1.000000e-02 0.000000e+00 0.000000e+00 0.000000e+00 0.000000e+00
   98    1      2      0    0      1      -1      -1   100 3.000000e-02 0.29000000 0.08000000 0.16000000 0.08000000 0.05000000 0.07000000 0.060000000 0.070000000 0.010000000 0.050000000 0.0000000000 4.000000e-02 0.0000000000 0.000000e+00 0.000000e+00 1.000000e-02 0.000000e+00 0.000000e+00 0.000000e+00 0.000000e+00 0.000000e+00 0.000000e+00 0.000000e+00 0.000000e+00
   99    1      2      0    0      1      -1      -1   100 6.000000e-02 0.06000000 0.32000000 0.08000000 0.18000000 0.06000000 0.02000000 0.040000000 0.040000000 0.030000000 0.000000000 0.0300000000 1.000000e-02 0.0200000000 1.000000e-02 2.000000e-02 0.000000e+00 1.000000e-02 0.000000e+00 0.000000e+00 1.000000e-02 0.000000e+00 0.000000e+00 0.000000e+00 0.000000e+00
  100    1      2      0    0      1      -1      -1   100 4.000000e-02 0.21000000 0.11000000 0.23000000 0.09000000 0.14000000 0.04000000 0.030000000 0.030000000 0.000000000 0.020000000 0.0000000000 1.000000e-02 0.0100000000 0.000000e+00 0.000000e+00 1.000000e-02 1.000000e-02 1.000000e-02 0.000000e+00 0.000000e+00 0.000000e+00 0.000000e+00 0.000000e+00 1.000000e-02
0 #_N_MeanSize_at_Age_obs
0 #_N_environ_variables
0 #_N_environ_obs
0 #_N_sizefreq_methods
0 #_do_tags
0 #_morphcomp_data
#
999
