#C data file created using the SS_writedat function in the R package r4ss
#C should work with SS version: 
#C file write time: 2014-11-06 19:51:14
#
1 #_styr
100 #_endyr
1 #_nseas
12 #_months_per_seas
1 #_spawn_seas
1 #_Nfleet
2 #_Nsurveys
1 #_N_areas
Fishery%Survey%CPUE #_fleetnames
0.5 0.5 0.5 #_surveytiming_in_season
1 1 1 #_area_assignments_for_each_fishery_and_survey
1 #_units of catch:  1=bio; 2=num
0.01 #_se of log(catch) only used for init_eq_catch and for Fmethod 2 and 3
1 #_Ngenders
25 #_Nages
0 #_init_equil_catch_for_each_fishery
100 #_N_lines_of_catch_to_read
 #_Fishery year seas
         0    1    1
         0    2    1
         0    3    1
         0    4    1
         0    5    1
         0    6    1
         0    7    1
         0    8    1
         0    9    1
         0   10    1
         0   11    1
         0   12    1
         0   13    1
         0   14    1
         0   15    1
         0   16    1
         0   17    1
         0   18    1
         0   19    1
         0   20    1
         0   21    1
         0   22    1
         0   23    1
         0   24    1
         0   25    1
 272618000   26    1
 254714000   27    1
 238598000   28    1
 223456000   29    1
 207973000   30    1
 194323000   31    1
 186996000   32    1
 188404000   33    1
 188223000   34    1
 189627000   35    1
 188207000   36    1
 187396000   37    1
 183928000   38    1
 176013000   39    1
 167606000   40    1
 159348000   41    1
 156328000   42    1
 154543000   43    1
 150304000   44    1
 147391000   45    1
 141901000   46    1
 136733000   47    1
 134839000   48    1
 134367000   49    1
 132764000   50    1
 132712000   51    1
 137748000   52    1
 143656000   53    1
 145018000   54    1
 142678000   55    1
 140176000   56    1
 141019000   57    1
 144029000   58    1
 144414000   59    1
 145260000   60    1
 145942000   61    1
 146693000   62    1
 145255000   63    1
 142228000   64    1
 139540000   65    1
 137559000   66    1
 137148000   67    1
 138403000   68    1
 136254000   69    1
 132830000   70    1
 133892000   71    1
 143933000   72    1
 149897000   73    1
 151758000   74    1
 150899000   75    1
 146906000   76    1
 144362000   77    1
 145337000   78    1
 147932000   79    1
 147896000   80    1
 147141000   81    1
 149624000   82    1
 152419000   83    1
 151620000   84    1
 149504000   85    1
 146479000   86    1
 143939000   87    1
 140993000   88    1
 138097000   89    1
 134655000   90    1
 131287000   91    1
 126255000   92    1
 121858000   93    1
 120006000   94    1
 120301000   95    1
 121387000   96    1
 123487000   97    1
 126422000   98    1
 128243000   99    1
 127559000  100    1
76 #_N_cpue
 #_Fleet Units Errtype
       1     1       0
       2     1       0
       3     1       0
 #_year seas index        obs se_log
     25    1     2 3522193665    0.2
     26    1     2 3221887782    0.2
     27    1     2 2574740214    0.2
     28    1     2 4116034882    0.2
     29    1     2 3151006672    0.2
     30    1     2 2938873537    0.2
     31    1     2 2274884067    0.2
     32    1     2 1879800535    0.2
     33    1     2 3278189182    0.2
     34    1     2 1869881856    0.2
     35    1     2 1981514170    0.2
     36    1     2 2671246394    0.2
     37    1     2 3046176863    0.2
     38    1     2 3231493714    0.2
     39    1     2 2878926935    0.2
     40    1     2 2104913385    0.2
     41    1     2 2472750126    0.2
     42    1     2 2173918582    0.2
     43    1     2 2329612960    0.2
     44    1     2 2225026439    0.2
     45    1     2 2736621276    0.2
     46    1     2 2372472484    0.2
     47    1     2 2451681246    0.2
     48    1     2 1536419967    0.2
     49    1     2 2071690797    0.2
     50    1     2 1577053063    0.2
     51    1     2 1632919792    0.2
     52    1     2 1898403391    0.2
     53    1     2 2659539202    0.2
     54    1     2 3019699638    0.2
     55    1     2 2147676605    0.2
     56    1     2 2468705714    0.2
     57    1     2 2042440954    0.2
     58    1     2 1886485807    0.2
     59    1     2 1787372697    0.2
     60    1     2 2970739058    0.2
     61    1     2 1298999831    0.2
     62    1     2 2130671578    0.2
     63    1     2 2504392740    0.2
     64    1     2 2472342480    0.2
     65    1     2 1995610752    0.2
     66    1     2 1902308214    0.2
     67    1     2 1811288791    0.2
     68    1     2 1501413390    0.2
     69    1     2 1754737102    0.2
     70    1     2 1419115852    0.2
     71    1     2 2158073712    0.2
     72    1     2 2163230861    0.2
     73    1     2 2201900674    0.2
     74    1     2 2122610472    0.2
     75    1     2 2146748119    0.2
     76    1     2 1535354182    0.2
     77    1     2 2600743936    0.2
     78    1     2 2138217787    0.2
     79    1     2 2082019937    0.2
     80    1     2 1613566486    0.2
     81    1     2 1698421288    0.2
     82    1     2 1841457721    0.2
     83    1     2 2315293398    0.2
     84    1     2 1643746340    0.2
     85    1     2 2194852901    0.2
     86    1     2 2426847747    0.2
     87    1     2 1994057396    0.2
     88    1     2 1796626931    0.2
     89    1     2 1824589746    0.2
     90    1     2 1666491671    0.2
     91    1     2 2169386395    0.2
     92    1     2 1232328938    0.2
     93    1     2 2018331047    0.2
     94    1     2 1497350408    0.2
     95    1     2 2049369836    0.2
     96    1     2 1667168245    0.2
     97    1     2 1797556505    0.2
     98    1     2 1378084952    0.2
     99    1     2 1960051885    0.2
    100    1     2 1913707016    0.2
0 #_N_discard_fleets
#_discard_units (1=same_as_catchunits(bio/num); 2=fraction; 3=numbers)
#_discard_errtype:  >0 for DF of T-dist(read CV below); 0 for normal with CV; -1 for normal with se; -2 for lognormal
0 #_N_discard
0 #_N_meanbodywt
1 #_DF_for_meanbodywt_T-distribution_like
2 # length bin method: 1=use databins; 2=generate from binwidth,min,max below; 3=read vector
1 # binwidth for population size comp
10 # minimum size in the population (lower edge of first bin and size at age 0.00)
200 # maximum size in the population (lower edge of last bin)
-0.001 #_comp_tail_compression
1e-05 #_add_to_comp
0 #_combine males into females at or below this bin number
21 #_N_lbins
#_lbin_vector
10 53 70 83 94 101 107 111 114 117 120 123 125 127 130 132 135 138 142 148 200
0 #_N_Length_comp_observations
25 #_N_agebins
#_agebin_vector
1 2 3 4 5 6 7 8 9 10 11 12 13 14 15 16 17 18 19 20 21 22 23 24 25
1 #_N_ageerror_definitions
 #_age0   age1   age2   age3   age4   age5   age6   age7   age8   age9  age10  age11  age12  age13  age14  age15  age16  age17  age18  age19  age20  age21  age22  age23  age24  age25
 -1.000 -1.000 -1.000 -1.000 -1.000 -1.000 -1.000 -1.000 -1.000 -1.000 -1.000 -1.000 -1.000 -1.000 -1.000 -1.000 -1.000 -1.000 -1.000 -1.000 -1.000 -1.000 -1.000 -1.000 -1.000 -1.000
  0.001  0.001  0.001  0.001  0.001  0.001  0.001  0.001  0.001  0.001  0.001  0.001  0.001  0.001  0.001  0.001  0.001  0.001  0.001  0.001  0.001  0.001  0.001  0.001  0.001  0.001
198 #_N_agecomp
1 #_Lbin_method: 1=poplenbins; 2=datalenbins; 3=lengths
-1 #_combine males into females at or below this bin number
 #_Yr Seas FltSvy Gender Part Ageerr Lbin_lo Lbin_hi Nsamp           a1         a2         a3         a4         a5          a6          a7          a8          a9         a10          a11         a12          a13          a14          a15          a16          a17          a18          a19          a20          a21          a22          a23          a24          a25
    2    1      1      0    0      1      -1      -1   100 4.605511e-02 0.08695405 0.14215745 0.16989283 0.05972514 0.107373716 0.074551490 0.044166514 0.057830951 0.038003476 0.0397779031 0.032617479 0.0038231258 8.277596e-03 2.831780e-02 1.968384e-02 1.030977e-02 1.030797e-02 2.896950e-03 1.793364e-06 1.217789e-06 2.040898e-03 6.075426e-03 2.703298e-04 8.887188e-03
    3    1      1      0    0      1      -1      -1   100 3.081163e-03 0.08226947 0.14323802 0.18851014 0.13244583 0.076454488 0.065350092 0.047133672 0.037886579 0.026841344 0.0180331729 0.057272647 0.0186291945 1.129348e-02 2.607465e-02 8.925254e-03 1.392491e-02 4.675044e-03 1.129753e-03 5.986491e-05 1.425251e-03 2.393311e-03 1.092937e-04 1.582883e-02 1.701454e-02
    4    1      1      0    0      1      -1      -1   100 1.277359e-02 0.22596430 0.07095283 0.10866132 0.10098670 0.134773450 0.042908082 0.048554797 0.029923152 0.025467781 0.0392858912 0.016075651 0.0151854425 3.200261e-02 1.092353e-02 2.701863e-03 8.560855e-03 1.372952e-02 7.599860e-03 3.800544e-02 5.500064e-03 4.953969e-03 2.842176e-08 1.649623e-03 2.859668e-03
    5    1      1      0    0      1      -1      -1   100 2.188583e-02 0.14619772 0.18123804 0.14325075 0.06115648 0.101512457 0.065360277 0.058630183 0.029551417 0.048547526 0.0174359365 0.021456517 0.0176249376 3.517836e-03 1.031597e-02 3.012446e-02 8.357401e-04 1.467515e-02 2.714352e-03 2.897386e-05 4.994054e-04 7.391445e-03 1.270573e-05 5.172466e-03 1.086344e-02
    6    1      1      0    0      1      -1      -1   100 5.572358e-03 0.15768736 0.14750299 0.10597584 0.08343397 0.075229012 0.093739391 0.080223634 0.050848621 0.021311662 0.0139935662 0.025946456 0.0198707053 6.477840e-03 2.314391e-03 5.069383e-02 3.631245e-03 9.081755e-03 7.853328e-04 1.218930e-04 4.997356e-03 1.282589e-03 2.845864e-05 4.021376e-03 3.522837e-02
    7    1      1      0    0      1      -1      -1   100 6.240742e-02 0.05896677 0.21387396 0.15478912 0.06796000 0.070420834 0.062047221 0.038690893 0.042506053 0.027098144 0.0369882536 0.007167375 0.0207915656 2.877452e-02 1.727186e-02 1.540709e-03 3.086204e-03 4.899991e-03 3.238746e-02 2.270703e-05 2.015855e-05 7.709118e-04 1.266221e-03 5.233541e-04 4.572829e-02
    8    1      1      0    0      1      -1      -1   100 8.063648e-03 0.14534367 0.16247407 0.13169716 0.06742205 0.105733644 0.053310527 0.069431414 0.068875529 0.023565358 0.0436903308 0.015435849 0.0279603314 1.012460e-03 1.733134e-02 2.880241e-03 8.039648e-03 2.131158e-03 3.398257e-03 2.723976e-02 1.892803e-03 2.916371e-06 7.605478e-04 4.458909e-03 7.848373e-03
    9    1      1      0    0      1      -1      -1   100 3.148253e-03 0.10959342 0.17637647 0.08575688 0.21322965 0.068627389 0.072286190 0.025371327 0.042702391 0.039588406 0.0154663885 0.012199588 0.0265711813 1.314347e-02 8.520214e-03 1.426693e-02 5.622280e-03 2.043221e-02 3.057465e-02 4.501184e-03 5.008981e-03 1.196235e-06 6.370115e-05 2.200579e-05 6.925656e-03
   10    1      1      0    0      1      -1      -1   100 1.573383e-03 0.19418241 0.12318203 0.15758646 0.02994756 0.117438798 0.061644946 0.053228303 0.048856722 0.006920884 0.0393711994 0.023672148 0.0132135493 1.576928e-02 1.382674e-02 1.976962e-03 2.596916e-02 5.502815e-03 4.057702e-02 4.510033e-03 6.278000e-03 2.860305e-03 5.751908e-05 2.913907e-04 1.156236e-02
   11    1      1      0    0      1      -1      -1   100 2.069375e-02 0.06230220 0.14463301 0.13100612 0.18372851 0.054586249 0.126040653 0.054915990 0.033561453 0.024706096 0.0238479192 0.029302786 0.0173224249 6.948472e-04 2.396926e-02 3.855414e-02 1.124845e-02 9.420063e-05 2.227341e-03 8.885601e-03 1.620453e-05 3.812312e-03 3.490787e-03 5.661152e-11 3.597136e-04
   12    1      1      0    0      1      -1      -1   100 4.846113e-04 0.13330582 0.09177684 0.13933816 0.12517388 0.074627230 0.075935116 0.103426924 0.072600703 0.019341094 0.0230563955 0.041839483 0.0182160485 4.688718e-03 3.072658e-02 2.037703e-03 6.371658e-03 7.515945e-03 7.023688e-06 1.870663e-03 7.360922e-04 9.741508e-03 1.044763e-05 1.522675e-02 1.944601e-03
   13    1      1      0    0      1      -1      -1   100 2.061135e-02 0.07848679 0.09895717 0.11067570 0.08081529 0.069679130 0.100687692 0.040282930 0.090956231 0.031384976 0.0142930104 0.023913412 0.0425771624 2.803560e-02 5.346152e-02 1.688778e-02 6.314928e-03 2.873473e-02 8.914338e-03 1.520101e-02 2.179967e-03 2.656646e-03 2.966196e-02 1.155006e-04 4.515179e-03
   14    1      1      0    0      1      -1      -1   100 1.031883e-02 0.07704070 0.08450595 0.13610515 0.08169329 0.137143575 0.111279900 0.118760886 0.022479706 0.029644959 0.0379149232 0.045428600 0.0080525038 3.686202e-02 2.574582e-03 9.702452e-03 1.533021e-03 8.438768e-03 7.265894e-03 2.079128e-03 1.526269e-02 2.884070e-03 5.194342e-03 1.041182e-05 7.823643e-03
   15    1      1      0    0      1      -1      -1   100 2.618861e-03 0.12407146 0.13947920 0.14276681 0.08790755 0.062653424 0.042875595 0.086816229 0.060833352 0.015983248 0.0589662832 0.044003458 0.0004711599 1.452731e-02 1.888324e-02 6.730752e-03 2.796865e-02 3.211186e-03 3.025031e-03 1.358701e-02 2.789480e-03 3.953707e-04 1.719127e-02 5.326221e-06 2.223874e-02
   16    1      1      0    0      1      -1      -1   100 4.269519e-04 0.09336409 0.20098782 0.08698494 0.12840064 0.051307198 0.043193221 0.090366344 0.075387233 0.044339400 0.0296720137 0.032077605 0.0196910916 2.449554e-02 3.157959e-03 1.384091e-02 8.536532e-03 1.072069e-03 7.474603e-03 1.562337e-02 6.152954e-04 1.191700e-02 8.211333e-07 1.190822e-03 1.587652e-02
   17    1      1      0    0      1      -1      -1   100 1.637088e-02 0.11600754 0.13008366 0.13969708 0.13091175 0.025480721 0.081675700 0.026836089 0.116963992 0.048778549 0.0393287191 0.031093474 0.0171254090 1.245803e-02 1.445277e-02 5.962895e-03 1.871232e-02 4.264592e-04 1.781154e-04 4.180041e-03 5.414197e-05 6.320130e-04 8.797837e-04 5.231709e-03 1.647814e-02
   18    1      1      0    0      1      -1      -1   100 1.209944e-02 0.17603458 0.19006923 0.12974764 0.05182385 0.071589351 0.025136535 0.032153061 0.039492045 0.046732622 0.0285674959 0.026601478 0.0051957922 4.640735e-02 9.727105e-03 1.725793e-02 1.738892e-02 9.920717e-03 2.024347e-02 3.032619e-02 2.025752e-03 1.835691e-04 1.526395e-03 1.078842e-07 9.749381e-03
   19    1      1      0    0      1      -1      -1   100 1.229845e-02 0.20065166 0.19280146 0.05898153 0.05499088 0.125696112 0.034888715 0.045183026 0.021207769 0.030798643 0.0699168895 0.058727898 0.0196964689 7.259279e-03 2.966848e-03 4.121240e-03 1.235932e-02 9.501626e-03 1.199279e-02 1.859372e-03 8.325982e-03 6.400141e-04 4.229083e-03 1.892583e-05 1.088602e-02
   20    1      1      0    0      1      -1      -1   100 3.142710e-02 0.06306506 0.26892639 0.19321853 0.04970350 0.059626773 0.048180307 0.069694504 0.014395785 0.039927752 0.0188527210 0.012395748 0.0342979407 1.030135e-02 1.545601e-02 1.142474e-02 3.505150e-03 2.952591e-02 9.682002e-03 3.097502e-03 5.490188e-03 1.189673e-03 7.343632e-04 3.053451e-06 5.877950e-03
   21    1      1      0    0      1      -1      -1   100 4.180662e-03 0.19123290 0.12411882 0.21281808 0.14272463 0.038004156 0.041582613 0.027181873 0.027282284 0.019739629 0.0210192057 0.005014541 0.0160045672 1.373736e-02 8.128963e-03 3.020104e-03 1.101033e-03 1.055959e-02 8.841559e-03 2.397492e-02 6.785952e-03 1.025840e-03 1.431737e-03 4.921550e-07 5.048849e-02
   22    1      1      0    0      1      -1      -1   100 2.311405e-04 0.17483335 0.15536942 0.08116270 0.15762331 0.075841763 0.024179994 0.060108933 0.060288796 0.010522829 0.0250620054 0.067445318 0.0160279694 3.260368e-02 8.753340e-03 7.970049e-03 1.891319e-02 2.089395e-03 2.959694e-03 7.747660e-03 1.944607e-05 2.522680e-04 7.208828e-05 2.663591e-07 9.921396e-03
   23    1      1      0    0      1      -1      -1   100 1.207977e-02 0.07168022 0.18764730 0.15895815 0.06101696 0.102093651 0.090369180 0.020748337 0.035680241 0.009039500 0.0579046065 0.015128224 0.0098714506 7.158132e-02 6.647728e-03 1.320437e-02 4.374357e-03 3.915215e-03 2.997815e-02 1.955018e-02 9.788276e-03 5.523136e-12 1.182678e-05 4.340586e-04 8.296935e-03
   24    1      1      0    0      1      -1      -1   100 3.605582e-02 0.24296985 0.06401036 0.15994334 0.06011112 0.075911399 0.115967532 0.092038009 0.012404555 0.037232744 0.0170757424 0.012378131 0.0066608495 8.332628e-03 8.728705e-03 9.096720e-03 9.162817e-03 1.537529e-02 2.901746e-03 3.100237e-03 3.136873e-03 1.628156e-04 1.720793e-04 8.559847e-06 7.062062e-03
   25    1      1      0    0      1      -1      -1   100 4.186057e-03 0.08465840 0.31219869 0.06756091 0.11961537 0.052408488 0.071514063 0.114564571 0.071765524 0.001776049 0.0294430092 0.007022173 0.0200234200 2.176350e-04 1.502698e-03 2.903086e-04 7.272131e-03 5.413387e-03 1.855945e-03 1.521756e-03 2.030976e-03 3.271832e-07 2.887707e-03 2.190822e-03 1.807959e-02
   26    1      1      0    0      1      -1      -1   100 3.071268e-03 0.04241141 0.05182094 0.22312097 0.04119190 0.174986614 0.063523165 0.039453977 0.105144649 0.047560956 0.0335537876 0.048225034 0.0022935876 2.818526e-03 1.146864e-02 1.514909e-02 1.323484e-02 1.965911e-02 6.226380e-03 1.877146e-02 2.579800e-02 1.936825e-03 2.866941e-05 5.153172e-13 8.550203e-03
   27    1      1      0    0      1      -1      -1   100 2.157232e-03 0.12987688 0.07571960 0.05609702 0.23008854 0.061743150 0.110835790 0.082655171 0.079782462 0.049960884 0.0184317149 0.004781547 0.0049239600 1.322842e-02 3.570108e-02 7.292439e-03 3.243964e-03 5.095293e-03 2.359409e-03 2.576752e-03 1.262715e-03 1.494334e-06 1.424088e-03 5.694516e-03 1.506589e-02
   28    1      1      0    0      1      -1      -1   100 9.020685e-03 0.16322689 0.11459880 0.04284367 0.04746857 0.195945120 0.051878064 0.149120167 0.046463940 0.057267426 0.0332751317 0.021189286 0.0105546206 1.360122e-03 3.626649e-03 2.720706e-03 2.359404e-03 1.193977e-04 3.963744e-04 2.259555e-03 5.442856e-03 4.399847e-04 1.055061e-02 6.463122e-03 2.140886e-02
   29    1      1      0    0      1      -1      -1   100 1.542862e-02 0.10606031 0.29699729 0.06484857 0.03468690 0.042872058 0.125199776 0.014619042 0.064217654 0.067219541 0.0194491320 0.030674987 0.0426545818 1.153718e-02 2.283834e-03 7.120407e-03 3.571625e-03 1.241047e-03 4.135005e-03 5.078433e-04 3.467851e-04 3.017785e-03 3.556165e-02 3.654496e-03 2.093877e-03
   30    1      1      0    0      1      -1      -1   100 5.557433e-03 0.09501741 0.13836029 0.17166873 0.12633382 0.017399750 0.051438093 0.156148744 0.016323071 0.057369885 0.0651673127 0.001987501 0.0292536585 3.599114e-02 2.888442e-03 2.093081e-03 1.926921e-03 7.035701e-04 7.425854e-04 6.096855e-04 8.436751e-10 2.343106e-05 6.804431e-04 5.418127e-07 2.231446e-02
   31    1      1      0    0      1      -1      -1   100 4.616737e-02 0.10587264 0.19305459 0.08130859 0.12205504 0.088247387 0.024831261 0.052578686 0.109165672 0.023067622 0.0547822157 0.010956976 0.0163623445 2.806470e-02 7.133979e-03 5.696181e-03 7.623121e-04 2.834564e-04 2.141126e-03 1.550688e-03 5.432624e-08 7.633325e-04 3.905073e-03 9.712181e-04 2.027749e-02
   32    1      1      0    0      1      -1      -1   100 1.557839e-02 0.37332350 0.09135462 0.14108177 0.05056719 0.042732340 0.045763525 0.033827844 0.008713288 0.045624718 0.0182660738 0.018166681 0.0248673898 2.715732e-03 3.978117e-02 6.553208e-03 3.977512e-03 2.144459e-02 2.963423e-05 1.297158e-02 1.679536e-03 3.729529e-10 2.158288e-16 2.272171e-08 9.796707e-04
   33    1      1      0    0      1      -1      -1   100 3.015610e-02 0.12343652 0.46483300 0.07503566 0.06734663 0.028029234 0.040737648 0.016362633 0.007569187 0.032817115 0.0508417937 0.005707169 0.0355549654 7.901548e-03 6.646244e-04 1.898605e-03 7.856593e-05 6.639783e-04 4.545284e-06 2.977898e-03 7.867863e-05 1.541107e-05 2.689016e-03 7.627672e-09 4.599472e-03
   34    1      1      0    0      1      -1      -1   100 4.009823e-02 0.16893358 0.15503266 0.28894016 0.05747537 0.069865442 0.024968277 0.045915450 0.054645352 0.006564511 0.0137394775 0.018059072 0.0058955665 8.437468e-03 7.869359e-03 1.676757e-02 8.669325e-03 5.710866e-03 8.179047e-04 1.235261e-06 1.548855e-09 8.217438e-06 3.276073e-05 2.379349e-20 1.552145e-03
   35    1      1      0    0      1      -1      -1   100 7.766244e-03 0.09109626 0.30794827 0.06510865 0.31104369 0.031610856 0.080886393 0.020135589 0.018225512 0.005356898 0.0002532996 0.002082471 0.0225085056 9.893202e-05 4.981410e-03 1.497058e-02 1.030506e-02 7.718204e-04 2.142657e-04 1.478532e-03 1.788457e-04 1.727000e-05 1.078229e-03 9.608643e-06 1.872803e-03
   36    1      1      0    0      1      -1      -1   100 3.620810e-02 0.20330256 0.13113889 0.29814195 0.05561542 0.129774621 0.025362710 0.035959341 0.009006633 0.025725420 0.0122425037 0.004797824 0.0008559148 1.443441e-02 9.983886e-05 2.653653e-03 8.169275e-04 3.185164e-03 4.934814e-05 5.118241e-03 4.583428e-03 5.261161e-04 5.691251e-05 1.101248e-09 3.440742e-04
   37    1      1      0    0      1      -1      -1   100 2.075923e-06 0.21253261 0.15986900 0.08903145 0.19807709 0.059754147 0.134465590 0.006247627 0.022549074 0.032632621 0.0195324997 0.021017817 0.0043830084 6.727982e-04 2.866288e-02 2.028366e-03 1.253446e-03 3.053273e-03 4.104025e-04 1.869443e-05 5.051698e-04 1.539310e-04 4.925230e-09 1.366488e-03 1.779930e-03
   38    1      1      0    0      1      -1      -1   100 4.712308e-02 0.03931674 0.24060017 0.13501507 0.07019202 0.082744121 0.053848027 0.236751237 0.033947167 0.016287531 0.0038784842 0.014230857 0.0092064353 2.787763e-03 3.791458e-05 1.995526e-03 5.212489e-03 1.893648e-03 4.294493e-04 3.905478e-04 3.458746e-03 2.883037e-05 6.231076e-04 8.108951e-07 2.197726e-07
   39    1      1      0    0      1      -1      -1   100 8.140441e-03 0.13020528 0.05811020 0.19229281 0.12413136 0.088143879 0.125599699 0.066072088 0.104518964 0.009179732 0.0114297600 0.003603621 0.0136162182 3.674016e-02 3.561632e-04 2.198547e-03 8.747439e-03 6.165987e-03 2.714450e-03 4.918387e-03 4.627341e-08 2.181115e-05 4.292926e-04 4.335849e-08 2.663611e-03
   40    1      1      0    0      1      -1      -1   100 1.660584e-02 0.10385902 0.13760191 0.03879925 0.10461029 0.094730290 0.080764127 0.102302541 0.083166161 0.088179580 0.0150192162 0.009783646 0.0421024312 6.438819e-03 1.418198e-03 2.895915e-02 1.013959e-02 1.622105e-02 2.521572e-03 6.109635e-04 7.284666e-04 6.541837e-06 1.056350e-02 2.667779e-03 2.200074e-03
   41    1      1      0    0      1      -1      -1   100 3.740853e-02 0.17060472 0.09051259 0.14371224 0.02375755 0.143130029 0.086072705 0.036566674 0.069992147 0.035236334 0.0904659652 0.006929649 0.0325057737 2.536228e-04 2.339406e-03 2.425399e-03 1.961422e-05 6.545466e-03 1.408304e-03 1.170753e-02 7.435778e-03 1.016222e-04 1.667323e-05 6.910307e-04 1.606373e-04
   42    1      1      0    0      1      -1      -1   100 1.015274e-02 0.18345281 0.23719994 0.07957213 0.14646124 0.032575696 0.073046002 0.038981645 0.048686366 0.043290268 0.0311967579 0.051106392 0.0008191228 1.668364e-02 2.784412e-03 2.099934e-03 7.275533e-04 2.192496e-04 5.647881e-05 6.316874e-04 2.208785e-06 1.246002e-05 1.882809e-04 3.796713e-06 4.918451e-05
   43    1      1      0    0      1      -1      -1   100 2.866071e-02 0.01627046 0.36871278 0.16513564 0.07228313 0.040912734 0.012411087 0.088563724 0.058086330 0.008846273 0.0393869386 0.004284461 0.0253502779 2.223681e-02 8.294123e-03 2.998575e-03 3.818950e-03 3.790336e-06 1.046870e-02 3.111745e-03 1.637493e-05 9.066762e-07 1.968288e-02 1.701330e-05 4.455973e-04
   44    1      1      0    0      1      -1      -1   100 2.403063e-03 0.18993262 0.07831170 0.27255027 0.17527501 0.078213546 0.055016672 0.019548940 0.033135822 0.017757869 0.0012599824 0.025081118 0.0009139730 2.405159e-02 1.440342e-02 7.161552e-03 2.644367e-05 7.286369e-05 8.601934e-06 2.880168e-05 2.656677e-07 4.123142e-03 5.333520e-09 6.530476e-04 6.967423e-05
   45    1      1      0    0      1      -1      -1   100 1.063935e-02 0.07147628 0.22255266 0.05963481 0.18540508 0.071757898 0.052275175 0.073200041 0.023037281 0.045150741 0.0679102382 0.029546073 0.0315714499 1.505834e-02 9.020983e-03 2.643191e-05 6.723057e-04 1.263991e-04 8.989859e-04 1.365136e-04 2.017143e-02 7.915835e-04 1.437285e-03 2.124474e-27 7.502670e-03
   46    1      1      0    0      1      -1      -1   100 3.388433e-02 0.12533149 0.16505568 0.18618827 0.06825729 0.132580527 0.046931733 0.025933020 0.041998319 0.025343281 0.0432338985 0.039486277 0.0017093809 1.817589e-02 1.067691e-02 1.565719e-02 9.831953e-05 5.797613e-03 1.368003e-03 2.392132e-05 2.412878e-03 3.325463e-10 2.231615e-03 7.612641e-03 1.152277e-05
   47    1      1      0    0      1      -1      -1   100 2.265010e-02 0.18107939 0.12496233 0.12484119 0.12682727 0.045943939 0.136047141 0.069214664 0.007569204 0.040972993 0.0060984520 0.011737599 0.0414197295 1.996962e-02 1.420978e-02 7.463898e-03 3.246259e-03 1.607921e-04 8.780984e-03 7.087737e-11 2.303980e-03 3.791104e-07 7.386824e-06 1.566473e-25 4.492911e-03
   48    1      1      0    0      1      -1      -1   100 1.342081e-03 0.18256839 0.25839335 0.12307130 0.09099856 0.122981448 0.009849646 0.088343731 0.050757051 0.007269366 0.0249348464 0.001229858 0.0100707929 6.773151e-03 1.059354e-02 2.793195e-03 2.217731e-03 3.810628e-03 4.725208e-05 3.988569e-04 1.369941e-05 5.653869e-06 4.255372e-06 6.401206e-06 1.525216e-03
   49    1      1      0    0      1      -1      -1   100 4.333100e-03 0.13856971 0.28318883 0.12996368 0.06979572 0.053944955 0.095189544 0.016316178 0.070922974 0.021580658 0.0022723893 0.035642850 0.0072853512 1.953799e-02 1.449134e-02 9.303551e-04 1.012348e-02 1.166403e-03 2.059458e-02 5.396033e-04 9.042882e-07 8.204330e-08 1.709554e-07 1.374171e-03 2.234981e-03
   50    1      1      0    0      1      -1      -1   100 2.916376e-02 0.07659097 0.19576717 0.17201064 0.22510210 0.050019209 0.030864070 0.088472977 0.024482784 0.041622095 0.0149413469 0.031119708 0.0011730373 7.373135e-03 4.138793e-04 2.027766e-03 3.316243e-04 8.894737e-05 2.571879e-03 4.288596e-04 3.444139e-03 6.857573e-09 9.768711e-04 1.533776e-08 1.013012e-03
   51    1      1      0    0      1      -1      -1   100 3.039966e-02 0.18628505 0.09291993 0.13341307 0.20008052 0.086987725 0.039096340 0.053321552 0.043679967 0.002763882 0.0261144515 0.030701671 0.0176692118 1.058080e-02 4.642357e-06 5.056399e-03 1.885770e-02 6.342551e-05 2.123343e-03 1.786450e-02 8.156209e-04 2.898726e-05 1.907940e-09 4.082642e-08 1.171499e-03
   52    1      1      0    0      1      -1      -1   100 1.220934e-02 0.23315381 0.28099893 0.09796858 0.09191980 0.092833720 0.068629465 0.004650765 0.009277547 0.023928413 0.0125078090 0.040278113 0.0184557696 2.172380e-03 9.207729e-04 3.091212e-05 1.436944e-03 6.498518e-05 1.198760e-03 2.111476e-07 1.332490e-03 4.981569e-05 4.176055e-12 5.980253e-03 4.133689e-07
   53    1      1      0    0      1      -1      -1   100 9.967945e-03 0.12426271 0.36595253 0.19828216 0.07410592 0.034021876 0.061886577 0.027670707 0.020081743 0.005690743 0.0058435479 0.009525325 0.0414762514 7.165102e-03 7.477221e-04 2.575317e-04 2.511471e-10 1.397679e-03 1.890286e-04 2.772124e-09 1.453730e-06 7.899773e-09 1.086343e-02 8.141174e-13 6.100008e-04
   54    1      1      0    0      1      -1      -1   100 1.335143e-03 0.09653033 0.17838401 0.23527398 0.14062660 0.075347693 0.055749757 0.077204464 0.041064157 0.004604887 0.0141278109 0.030493394 0.0048251329 1.419242e-02 1.625421e-02 1.510087e-07 5.454904e-03 1.183199e-10 3.381268e-06 2.606216e-04 6.347843e-03 5.524945e-04 1.391202e-05 4.517586e-05 1.307522e-03
   55    1      1      0    0      1      -1      -1   100 2.691291e-02 0.16769353 0.05357580 0.19068307 0.20091736 0.113268935 0.025086496 0.078844783 0.081514387 0.027711078 0.0086288398 0.005801132 0.0040638813 3.875792e-04 1.065657e-02 2.490153e-05 6.176875e-07 2.261416e-05 1.870718e-03 3.584150e-05 5.991288e-04 6.980252e-06 6.026278e-04 1.824616e-15 1.090219e-03
   56    1      1      0    0      1      -1      -1   100 2.402693e-02 0.11318577 0.15644831 0.08269397 0.09697396 0.177614770 0.131268612 0.078918581 0.064596640 0.022842800 0.0164813898 0.006974600 0.0034724058 3.125417e-04 3.794822e-03 1.693991e-02 2.533991e-03 2.944298e-06 1.209963e-05 1.598695e-10 4.466642e-04 3.459981e-04 1.360744e-08 6.395711e-05 4.832137e-05
   57    1      1      0    0      1      -1      -1   100 8.717596e-03 0.27417142 0.16739156 0.13771051 0.07716762 0.065953342 0.080400651 0.095669778 0.006981053 0.033292768 0.0187835339 0.007176550 0.0031903498 9.406489e-03 5.986362e-03 3.731998e-03 1.431754e-03 2.351234e-04 9.860372e-04 4.913121e-06 4.154037e-04 5.441402e-04 2.288185e-08 1.278977e-04 5.231288e-04
   58    1      1      0    0      1      -1      -1   100 1.330854e-02 0.11787001 0.33023872 0.08007926 0.08727269 0.039707104 0.066440571 0.122108895 0.043268145 0.038930487 0.0093506506 0.010248581 0.0194496648 3.766900e-03 1.931791e-03 1.420700e-02 2.943268e-04 1.015582e-03 4.149324e-07 1.027329e-07 7.259355e-05 9.152335e-07 1.640440e-06 3.406500e-14 4.354110e-04
   59    1      1      0    0      1      -1      -1   100 3.935725e-03 0.18732539 0.18956110 0.30814245 0.05003961 0.024433737 0.017622498 0.031862432 0.074191960 0.048019865 0.0069747529 0.005254631 0.0149537217 3.050987e-02 1.900476e-03 8.123256e-04 4.011340e-03 1.036416e-27 2.686283e-04 1.731914e-04 5.333142e-08 9.945216e-08 6.021390e-07 6.740003e-10 5.536388e-06
   60    1      1      0    0      1      -1      -1   100 5.183707e-03 0.20421985 0.21112465 0.07693267 0.21548818 0.053403987 0.051024147 0.011791593 0.047769896 0.050732154 0.0204610085 0.003646661 0.0159703313 1.280195e-02 1.306929e-03 3.127098e-04 2.708989e-05 5.118351e-04 2.006757e-03 1.526178e-02 2.210242e-05 9.379652e-10 2.926073e-14 1.382873e-16 1.942464e-08
   61    1      1      0    0      1      -1      -1   100 1.155520e-02 0.14184844 0.13026763 0.23000059 0.05761324 0.134310299 0.089000638 0.013478330 0.017700249 0.025408478 0.1000643028 0.015147568 0.0024746527 7.749371e-03 6.051122e-03 1.265292e-02 2.646943e-08 5.405963e-04 2.423474e-03 4.400043e-06 7.863477e-05 5.336760e-04 1.092923e-03 1.571562e-07 3.079827e-06
   62    1      1      0    0      1      -1      -1   100 4.902180e-03 0.12412277 0.28453945 0.08377790 0.09298904 0.111613116 0.102172702 0.061726447 0.013800917 0.054962534 0.0218723996 0.003014918 0.0123087567 3.339541e-03 7.377545e-04 1.725393e-02 8.923124e-04 4.288599e-04 1.658816e-06 1.908340e-07 4.803611e-07 4.112702e-03 2.530395e-11 2.084827e-20 1.429438e-03
   63    1      1      0    0      1      -1      -1   100 1.950313e-03 0.14297946 0.22015425 0.21947701 0.07923599 0.089183413 0.072211720 0.084349766 0.003699746 0.018355925 0.0043549813 0.019745226 0.0185146972 3.428498e-03 4.980785e-03 1.681427e-03 4.712243e-06 1.050999e-04 2.581346e-03 4.109632e-07 1.925000e-08 3.863509e-03 1.506396e-10 9.519902e-04 8.189704e-03
   64    1      1      0    0      1      -1      -1   100 4.374897e-03 0.11755420 0.14863493 0.16180721 0.14638568 0.056461684 0.109693538 0.035555608 0.063263781 0.049417935 0.0235844794 0.002494907 0.0110527865 3.301989e-02 5.493883e-03 1.255921e-02 8.212343e-04 1.144095e-02 1.501360e-03 5.835245e-05 7.637046e-09 7.927183e-04 8.385857e-10 4.460807e-06 4.026292e-03
   65    1      1      0    0      1      -1      -1   100 4.446144e-03 0.10031750 0.24577729 0.10642921 0.13984346 0.151706726 0.033129730 0.055414054 0.021846137 0.078322737 0.0085066785 0.012756565 0.0003813045 9.917417e-03 1.718951e-04 2.109514e-02 5.845123e-06 3.780206e-03 2.252658e-04 1.629647e-04 3.181275e-03 2.303335e-03 6.432418e-07 2.773359e-04 1.133888e-06
   66    1      1      0    0      1      -1      -1   100 4.358917e-02 0.18090332 0.22730721 0.11117084 0.07995168 0.064549157 0.065300834 0.027171160 0.075813208 0.022043576 0.0370789573 0.014280343 0.0004252064 5.129213e-03 1.441821e-02 1.222442e-02 2.354484e-03 1.051022e-02 2.910765e-04 4.249661e-03 5.206977e-15 4.488078e-08 2.884520e-10 6.015044e-20 1.238001e-03
   67    1      1      0    0      1      -1      -1   100 7.065008e-03 0.30164401 0.15499333 0.14431530 0.07679134 0.051423457 0.066055136 0.054604915 0.010064103 0.033347884 0.0151629961 0.031387482 0.0088535330 9.693348e-03 3.602964e-03 8.903130e-04 2.977262e-02 2.341403e-04 2.669639e-08 5.045516e-08 9.323410e-14 2.514484e-06 4.075565e-20 7.339309e-15 9.553284e-05
   68    1      1      0    0      1      -1      -1   100 5.647179e-03 0.10825762 0.31464302 0.12801496 0.07575482 0.065043355 0.033237221 0.093606394 0.027913966 0.017065017 0.0548854815 0.013993862 0.0351458390 1.815183e-02 7.995495e-04 1.949576e-04 3.080194e-05 2.824565e-03 5.079394e-04 4.361773e-04 1.273726e-03 8.222785e-07 2.555701e-03 1.317500e-13 1.519115e-05
   69    1      1      0    0      1      -1      -1   100 8.111425e-03 0.14159986 0.08852551 0.28818894 0.10980735 0.082452684 0.054746191 0.023579932 0.042518127 0.068877014 0.0089237594 0.018879853 0.0069924997 1.779523e-02 6.819973e-03 3.348773e-04 5.666665e-04 1.967287e-02 5.149610e-03 1.545865e-03 5.321196e-06 9.569696e-04 9.181900e-04 2.406925e-32 3.031285e-03
   70    1      1      0    0      1      -1      -1   100 2.684592e-02 0.05290298 0.21290229 0.15114720 0.18771380 0.055073965 0.066814936 0.020891884 0.055280206 0.021197327 0.0382899571 0.025455042 0.0100263744 1.708111e-02 4.060016e-03 6.355233e-03 7.830925e-03 1.269778e-04 2.021302e-02 4.159774e-03 1.307465e-02 6.884959e-11 1.639821e-05 4.550634e-04 2.084957e-03
   71    1      1      0    0      1      -1      -1   100 1.492593e-02 0.41567421 0.06198772 0.10352893 0.05280612 0.156802747 0.040834889 0.039546006 0.049872251 0.017740668 0.0049505322 0.006838112 0.0077177460 9.381122e-03 8.902263e-03 2.389093e-03 1.815802e-03 1.435348e-06 1.747028e-04 3.983665e-03 9.996344e-05 1.077901e-10 6.727428e-11 1.971331e-06 2.412587e-05
   72    1      1      0    0      1      -1      -1   100 1.663946e-03 0.19365214 0.46712239 0.07326002 0.08730012 0.009717175 0.037642170 0.035250685 0.029295420 0.012267671 0.0139209104 0.006793186 0.0060039440 5.605959e-03 5.164381e-03 5.372025e-03 5.285047e-03 2.311813e-03 2.690945e-04 1.257240e-15 2.898356e-05 2.047953e-03 6.811394e-13 2.126543e-06 2.283481e-05
   73    1      1      0    0      1      -1      -1   100 8.121969e-03 0.07635567 0.23604270 0.31589848 0.04341637 0.077957255 0.029480902 0.066544014 0.008278780 0.048772821 0.0212162133 0.004350962 0.0084845603 2.037221e-02 3.966535e-04 5.135322e-03 7.000474e-03 1.521528e-03 1.327339e-03 3.156087e-04 9.503384e-06 2.541142e-14 1.874904e-02 2.513869e-04 2.339867e-07
   74    1      1      0    0      1      -1      -1   100 2.152795e-03 0.16132156 0.08896136 0.20419622 0.27105347 0.044030111 0.062707354 0.005603577 0.042574122 0.043529032 0.0128422389 0.008017456 0.0049304077 2.055125e-02 2.405969e-03 1.998686e-03 5.019389e-03 1.968953e-03 2.765222e-03 2.054972e-04 1.393412e-14 2.592343e-18 1.683403e-13 9.604585e-06 1.315573e-02
   75    1      1      0    0      1      -1      -1   100 3.769618e-02 0.10782337 0.19122878 0.10971306 0.13973601 0.279284503 0.021907147 0.016011467 0.007056164 0.057297929 0.0050176337 0.002973375 0.0021058797 4.048739e-03 1.187735e-03 9.061764e-03 7.916549e-04 1.762240e-04 2.665936e-03 1.158007e-07 1.291095e-03 2.040069e-10 8.624403e-33 9.393379e-04 1.985898e-03
   76    1      1      0    0      1      -1      -1   100 2.220826e-02 0.12834534 0.09468758 0.14423403 0.09973911 0.121101000 0.213470668 0.005986145 0.055339536 0.019651478 0.0376167029 0.014098338 0.0049784422 1.455154e-02 1.668634e-02 1.227228e-03 2.698784e-03 1.103428e-03 1.546190e-03 2.411912e-05 3.275340e-04 3.777988e-04 1.800287e-07 1.023206e-23 2.406865e-07
   77    1      1      0    0      1      -1      -1   100 1.097730e-02 0.21066793 0.14345234 0.09061644 0.09919975 0.033975639 0.158434018 0.126394570 0.011525149 0.018694295 0.0260541516 0.021455042 0.0116342481 1.132273e-02 1.529764e-02 1.070500e-04 3.959823e-03 1.906643e-03 8.739524e-07 1.452732e-03 8.773719e-04 2.593206e-06 8.160764e-08 9.128139e-07 1.990685e-03
   78    1      1      0    0      1      -1      -1   100 9.432689e-03 0.23366424 0.18282567 0.14995533 0.02972284 0.037545430 0.071851936 0.035789903 0.126222072 0.010967925 0.0356103929 0.004001687 0.0229578172 2.410177e-03 7.452024e-04 4.266514e-03 1.450010e-04 2.407189e-03 1.568911e-04 3.885350e-02 1.658944e-04 3.936619e-11 2.929597e-04 8.730581e-06 9.496034e-10
   79    1      1      0    0      1      -1      -1   100 1.252618e-02 0.16368767 0.14282357 0.21479048 0.10288697 0.062792448 0.044885040 0.014416681 0.071265432 0.051457255 0.0311775253 0.009790270 0.0177325816 6.127357e-03 1.234277e-03 2.211038e-02 1.651833e-02 9.809704e-05 1.010232e-04 1.851707e-06 1.561377e-05 1.332737e-02 4.668529e-42 1.920145e-07 2.334177e-04
   80    1      1      0    0      1      -1      -1   100 4.155288e-03 0.09277373 0.14234367 0.21306368 0.11803944 0.075153795 0.028660985 0.023352259 0.035553890 0.121050814 0.0476489624 0.017750779 0.0156557684 9.204269e-03 2.345523e-02 2.157119e-02 7.962450e-03 1.777984e-04 3.233153e-04 1.698028e-10 3.425287e-04 1.316310e-12 2.388544e-04 6.912645e-05 1.452169e-03
   81    1      1      0    0      1      -1      -1   100 7.772059e-02 0.25447124 0.15290084 0.10557443 0.12318752 0.069785379 0.063158479 0.014598852 0.036813083 0.017959828 0.0135998425 0.023057920 0.0083902260 1.834998e-02 9.759331e-04 4.340604e-04 1.349526e-03 3.238150e-03 3.323230e-03 3.760568e-12 9.312483e-10 9.731338e-03 5.254711e-04 1.747842e-07 8.539106e-04
   82    1      1      0    0      1      -1      -1   100 5.019710e-03 0.19634662 0.24593023 0.09682844 0.08319699 0.131085022 0.081689404 0.034815559 0.010885239 0.019006006 0.0161176932 0.021533050 0.0448414022 1.930263e-04 3.126341e-03 1.119030e-03 2.692239e-03 1.337718e-06 1.214659e-03 1.954547e-06 5.862373e-04 2.530640e-07 1.232973e-04 9.574738e-04 2.688800e-03
   83    1      1      0    0      1      -1      -1   100 2.492488e-02 0.06615576 0.28172282 0.17590832 0.10108688 0.115453969 0.084993877 0.041059471 0.014332392 0.003163295 0.0159951971 0.005336943 0.0411420852 1.856445e-02 2.052031e-03 3.676312e-06 6.108684e-03 9.803670e-04 3.772262e-09 8.216469e-04 2.509361e-05 6.811096e-19 9.673034e-06 8.988546e-21 1.585005e-04
   84    1      1      0    0      1      -1      -1   100 1.043100e-03 0.18507485 0.08515649 0.29031060 0.09748923 0.026808265 0.031513444 0.066615525 0.068388737 0.039027961 0.0050234438 0.012614498 0.0167941468 2.303702e-02 8.243942e-03 2.918444e-05 2.807764e-02 5.365964e-04 6.442511e-03 2.932540e-03 4.663396e-03 9.144114e-11 1.445979e-13 7.262357e-06 1.696072e-04
   85    1      1      0    0      1      -1      -1   100 3.865516e-03 0.08586884 0.16452981 0.09288782 0.30624443 0.087764738 0.078354803 0.059832459 0.017276549 0.011876603 0.0118572928 0.036480561 0.0042517849 1.610153e-02 1.289563e-02 7.514638e-03 2.278280e-07 4.232219e-04 1.178934e-06 1.246797e-03 1.551666e-05 6.287692e-04 6.136815e-13 8.128861e-05 3.725842e-10
   86    1      1      0    0      1      -1      -1   100 2.243761e-02 0.22953335 0.15998582 0.11456572 0.07017426 0.167107465 0.061369290 0.019698386 0.009618922 0.079811654 0.0132332575 0.015904875 0.0007873946 1.353821e-02 2.490668e-04 3.080089e-03 5.908958e-03 5.708775e-06 1.511543e-07 9.257674e-05 2.789804e-04 1.260134e-02 1.691258e-05 1.357152e-14 6.240641e-10
   87    1      1      0    0      1      -1      -1   100 6.332714e-02 0.12248812 0.16687491 0.10693045 0.08369161 0.082543603 0.111528605 0.047822382 0.053064161 0.026499747 0.0840576947 0.017678544 0.0045969997 2.002793e-03 1.870622e-02 2.607449e-05 3.748700e-04 4.217070e-04 3.838306e-03 1.128420e-03 5.990701e-07 4.689480e-08 2.311737e-10 2.644891e-10 2.397010e-03
   88    1      1      0    0      1      -1      -1   100 1.306830e-03 0.11658501 0.23223694 0.13667945 0.06720834 0.164674233 0.066783883 0.076516846 0.045542554 0.009934215 0.0214357342 0.028271325 0.0056818927 5.884845e-03 1.493461e-03 6.262175e-03 1.266028e-03 3.275959e-04 5.679434e-03 4.337353e-03 1.346086e-10 4.371515e-06 5.974205e-07 2.293192e-10 1.886891e-03
   89    1      1      0    0      1      -1      -1   100 2.054675e-02 0.06858826 0.17252867 0.12039283 0.18731100 0.035461069 0.058772798 0.061489908 0.056166528 0.051412760 0.0170019811 0.016324505 0.0095575343 5.072649e-02 4.008516e-02 1.326090e-03 2.284249e-03 8.471867e-03 7.847063e-03 3.666529e-03 4.928128e-12 5.840131e-06 5.840756e-18 9.908760e-03 1.233514e-04
   90    1      1      0    0      1      -1      -1   100 9.494924e-03 0.18318610 0.15733344 0.15448962 0.10654348 0.045041941 0.043395693 0.045600918 0.080386955 0.073464943 0.0285794802 0.008093189 0.0261115404 2.128623e-02 2.162642e-03 5.046207e-04 3.163404e-04 9.998741e-03 1.935579e-09 2.713511e-03 7.400504e-04 4.887642e-18 5.540757e-04 3.723425e-07 1.180257e-06
   91    1      1      0    0      1      -1      -1   100 3.282986e-02 0.15260717 0.29363861 0.10685685 0.05722732 0.060427038 0.086182435 0.076356918 0.047342458 0.008182720 0.0358172906 0.013911626 0.0075205862 5.002787e-03 1.159444e-03 6.574427e-03 2.597020e-03 7.549136e-06 6.105816e-04 3.783601e-09 4.036095e-07 5.249851e-04 2.994872e-04 4.171888e-03 1.505409e-04
   92    1      1      0    0      1      -1      -1   100 1.164621e-02 0.12049307 0.15148495 0.13825964 0.06021265 0.158713259 0.054618318 0.059102919 0.018233206 0.013715965 0.0151943757 0.098145636 0.0445898980 1.391811e-02 1.547277e-03 3.390752e-03 7.988445e-03 4.913581e-05 1.651455e-04 1.646938e-02 1.763960e-06 2.720197e-03 7.646545e-03 9.605083e-09 1.693145e-03
   93    1      1      0    0      1      -1      -1   100 2.873311e-02 0.11928704 0.17361384 0.11340072 0.08050935 0.143556485 0.061902203 0.039036063 0.068685143 0.014939862 0.0707609718 0.003176641 0.0146767462 1.868292e-02 4.653890e-03 5.453844e-03 9.270265e-03 3.338736e-03 3.042068e-03 4.653583e-03 1.045443e-03 8.353468e-04 1.738934e-03 1.252912e-02 2.477676e-03
   94    1      1      0    0      1      -1      -1   100 2.938310e-02 0.20491506 0.22278092 0.10193061 0.05838475 0.126642964 0.057996543 0.025205339 0.036289052 0.007900856 0.0325656398 0.048284147 0.0008281294 2.217018e-02 1.626374e-02 3.710708e-05 1.559791e-03 1.226243e-03 5.448007e-03 2.833047e-07 4.197359e-08 6.410230e-15 2.662152e-18 5.149642e-08 1.874394e-04
   95    1      1      0    0      1      -1      -1   100 1.232974e-02 0.23719255 0.16877714 0.13557824 0.07521925 0.022900995 0.144827606 0.022692511 0.067942658 0.023222129 0.0195809673 0.009471950 0.0180561900 2.997556e-03 1.694583e-02 5.419364e-04 9.322863e-07 1.638695e-02 4.420526e-03 8.338346e-05 1.000055e-09 1.085901e-04 4.391040e-07 2.994815e-13 7.219352e-04
   96    1      1      0    0      1      -1      -1   100 2.356906e-02 0.14871470 0.22457862 0.11489265 0.16464126 0.075013602 0.026310238 0.026340511 0.010022096 0.014141890 0.0401200953 0.012976473 0.0283647486 1.573234e-02 1.709964e-04 3.967909e-02 3.984748e-03 1.521641e-02 1.271691e-02 3.095947e-07 9.302442e-04 9.935084e-11 1.511631e-03 4.350188e-07 3.709385e-04
   97    1      1      0    0      1      -1      -1   100 1.394943e-03 0.18405844 0.20402223 0.17658733 0.14837898 0.120899233 0.010937525 0.008706269 0.039105797 0.020639697 0.0410197449 0.016268442 0.0163274682 2.652497e-03 3.715465e-03 1.325265e-03 1.388309e-04 2.327787e-03 3.740062e-11 1.353830e-03 1.276324e-05 4.106112e-05 5.662168e-05 4.537675e-06 2.524487e-05
   98    1      1      0    0      1      -1      -1   100 1.245128e-02 0.13455745 0.20265152 0.26555143 0.08958146 0.098015919 0.045718643 0.032691510 0.019298637 0.020308851 0.0023150210 0.012814217 0.0099690031 2.253986e-02 2.345842e-03 4.958749e-03 1.349493e-03 3.769263e-03 4.719058e-03 1.077527e-06 1.303904e-02 8.025684e-05 4.955357e-04 7.690403e-04 7.851389e-06
   99    1      1      0    0      1      -1      -1   100 3.138671e-02 0.18354545 0.21497314 0.14115809 0.12957153 0.102737599 0.055192635 0.052747162 0.006916526 0.008660149 0.0074203138 0.013019326 0.0076824508 2.826861e-03 6.743179e-03 6.086868e-04 3.810247e-03 1.055097e-05 1.179679e-02 3.320548e-06 3.932643e-05 4.434329e-05 1.906638e-02 1.054167e-09 3.922783e-05
  100    1      1      0    0      1      -1      -1   100 1.705913e-02 0.05260416 0.21265973 0.12993654 0.17194328 0.085213959 0.132025437 0.056159254 0.045711025 0.009000892 0.0047701576 0.018919630 0.0070213628 4.343105e-02 1.422384e-03 9.766556e-04 1.308855e-03 1.846393e-04 3.412145e-09 2.264418e-03 1.565111e-06 2.474584e-04 1.241732e-05 3.871241e-11 7.125998e-03
    2    1      2      0    0      1      -1      -1   100 3.000000e-02 0.16000000 0.19000000 0.15000000 0.07000000 0.060000000 0.100000000 0.040000000 0.030000000 0.020000000 0.0300000000 0.010000000 0.0200000000 1.000000e-02 4.000000e-02 1.000000e-02 2.000000e-02 0.000000e+00 0.000000e+00 0.000000e+00 0.000000e+00 0.000000e+00 0.000000e+00 0.000000e+00 1.000000e-02
    3    1      2      0    0      1      -1      -1   100 3.000000e-02 0.13000000 0.13000000 0.12000000 0.07000000 0.060000000 0.070000000 0.070000000 0.060000000 0.080000000 0.0400000000 0.030000000 0.0500000000 1.000000e-02 1.000000e-02 1.000000e-02 0.000000e+00 2.000000e-02 0.000000e+00 0.000000e+00 1.000000e-02 0.000000e+00 0.000000e+00 0.000000e+00 0.000000e+00
    4    1      2      0    0      1      -1      -1   100 3.000000e-02 0.13000000 0.13000000 0.19000000 0.10000000 0.080000000 0.110000000 0.020000000 0.070000000 0.010000000 0.0100000000 0.030000000 0.0200000000 3.000000e-02 0.000000e+00 2.000000e-02 1.000000e-02 1.000000e-02 0.000000e+00 0.000000e+00 0.000000e+00 0.000000e+00 0.000000e+00 0.000000e+00 0.000000e+00
    5    1      2      0    0      1      -1      -1   100 4.000000e-02 0.17000000 0.12000000 0.10000000 0.11000000 0.140000000 0.060000000 0.030000000 0.040000000 0.040000000 0.0000000000 0.010000000 0.0400000000 3.000000e-02 1.000000e-02 2.000000e-02 0.000000e+00 2.000000e-02 0.000000e+00 0.000000e+00 0.000000e+00 0.000000e+00 0.000000e+00 0.000000e+00 2.000000e-02
    6    1      2      0    0      1      -1      -1   100 1.000000e-02 0.20000000 0.20000000 0.06000000 0.08000000 0.070000000 0.070000000 0.040000000 0.090000000 0.040000000 0.0400000000 0.010000000 0.0000000000 0.000000e+00 2.000000e-02 1.000000e-02 2.000000e-02 0.000000e+00 0.000000e+00 2.000000e-02 0.000000e+00 1.000000e-02 0.000000e+00 0.000000e+00 1.000000e-02
    7    1      2      0    0      1      -1      -1   100 5.000000e-02 0.13000000 0.17000000 0.10000000 0.07000000 0.060000000 0.070000000 0.010000000 0.050000000 0.040000000 0.0400000000 0.060000000 0.0300000000 5.000000e-02 0.000000e+00 1.000000e-02 1.000000e-02 3.000000e-02 0.000000e+00 0.000000e+00 2.000000e-02 0.000000e+00 0.000000e+00 0.000000e+00 0.000000e+00
    8    1      2      0    0      1      -1      -1   100 3.000000e-02 0.15000000 0.15000000 0.17000000 0.06000000 0.120000000 0.040000000 0.050000000 0.030000000 0.010000000 0.0200000000 0.010000000 0.0200000000 2.000000e-02 1.000000e-02 0.000000e+00 1.000000e-02 3.000000e-02 2.000000e-02 1.000000e-02 1.000000e-02 0.000000e+00 0.000000e+00 0.000000e+00 3.000000e-02
    9    1      2      0    0      1      -1      -1   100 4.000000e-02 0.10000000 0.14000000 0.14000000 0.14000000 0.020000000 0.060000000 0.060000000 0.040000000 0.060000000 0.0400000000 0.030000000 0.0200000000 2.000000e-02 0.000000e+00 1.000000e-02 1.000000e-02 1.000000e-02 1.000000e-02 2.000000e-02 0.000000e+00 1.000000e-02 0.000000e+00 0.000000e+00 2.000000e-02
   10    1      2      0    0      1      -1      -1   100 3.000000e-02 0.16000000 0.14000000 0.18000000 0.07000000 0.100000000 0.050000000 0.020000000 0.050000000 0.060000000 0.0300000000 0.000000000 0.0100000000 2.000000e-02 3.000000e-02 1.000000e-02 2.000000e-02 0.000000e+00 1.000000e-02 0.000000e+00 1.000000e-02 0.000000e+00 0.000000e+00 0.000000e+00 0.000000e+00
   11    1      2      0    0      1      -1      -1   100 0.000000e+00 0.12000000 0.21000000 0.10000000 0.11000000 0.040000000 0.110000000 0.040000000 0.020000000 0.030000000 0.0300000000 0.050000000 0.0100000000 4.000000e-02 0.000000e+00 2.000000e-02 2.000000e-02 1.000000e-02 0.000000e+00 0.000000e+00 0.000000e+00 1.000000e-02 1.000000e-02 1.000000e-02 1.000000e-02
   12    1      2      0    0      1      -1      -1   100 1.000000e-02 0.12000000 0.08000000 0.11000000 0.10000000 0.080000000 0.080000000 0.060000000 0.060000000 0.030000000 0.0600000000 0.050000000 0.0200000000 1.000000e-02 3.000000e-02 1.000000e-02 2.000000e-02 2.000000e-02 2.000000e-02 1.000000e-02 0.000000e+00 0.000000e+00 0.000000e+00 0.000000e+00 2.000000e-02
   13    1      2      0    0      1      -1      -1   100 2.000000e-02 0.17000000 0.12000000 0.08000000 0.14000000 0.110000000 0.090000000 0.070000000 0.060000000 0.020000000 0.0000000000 0.020000000 0.0300000000 0.000000e+00 0.000000e+00 1.000000e-02 1.000000e-02 0.000000e+00 1.000000e-02 2.000000e-02 1.000000e-02 0.000000e+00 0.000000e+00 0.000000e+00 1.000000e-02
   14    1      2      0    0      1      -1      -1   100 2.000000e-02 0.11000000 0.12000000 0.07000000 0.06000000 0.160000000 0.080000000 0.080000000 0.080000000 0.040000000 0.0400000000 0.010000000 0.0000000000 0.000000e+00 4.000000e-02 0.000000e+00 0.000000e+00 3.000000e-02 0.000000e+00 1.000000e-02 0.000000e+00 2.000000e-02 0.000000e+00 0.000000e+00 3.000000e-02
   15    1      2      0    0      1      -1      -1   100 4.000000e-02 0.11000000 0.14000000 0.04000000 0.05000000 0.070000000 0.100000000 0.090000000 0.090000000 0.040000000 0.0700000000 0.040000000 0.0100000000 2.000000e-02 2.000000e-02 1.000000e-02 2.000000e-02 0.000000e+00 2.000000e-02 0.000000e+00 1.000000e-02 0.000000e+00 0.000000e+00 1.000000e-02 0.000000e+00
   16    1      2      0    0      1      -1      -1   100 0.000000e+00 0.18000000 0.14000000 0.12000000 0.08000000 0.060000000 0.050000000 0.060000000 0.060000000 0.020000000 0.0800000000 0.040000000 0.0200000000 0.000000e+00 1.000000e-02 4.000000e-02 0.000000e+00 1.000000e-02 0.000000e+00 0.000000e+00 0.000000e+00 0.000000e+00 0.000000e+00 1.000000e-02 2.000000e-02
   17    1      2      0    0      1      -1      -1   100 2.000000e-02 0.09000000 0.19000000 0.08000000 0.11000000 0.110000000 0.040000000 0.050000000 0.070000000 0.050000000 0.0600000000 0.010000000 0.0100000000 0.000000e+00 3.000000e-02 0.000000e+00 2.000000e-02 1.000000e-02 2.000000e-02 0.000000e+00 0.000000e+00 0.000000e+00 1.000000e-02 0.000000e+00 2.000000e-02
   18    1      2      0    0      1      -1      -1   100 7.000000e-02 0.19000000 0.07000000 0.17000000 0.10000000 0.080000000 0.030000000 0.030000000 0.020000000 0.070000000 0.0700000000 0.030000000 0.0200000000 2.000000e-02 0.000000e+00 0.000000e+00 0.000000e+00 0.000000e+00 1.000000e-02 0.000000e+00 1.000000e-02 0.000000e+00 1.000000e-02 0.000000e+00 0.000000e+00
   19    1      2      0    0      1      -1      -1   100 2.000000e-02 0.29000000 0.15000000 0.09000000 0.08000000 0.080000000 0.040000000 0.010000000 0.040000000 0.010000000 0.0400000000 0.060000000 0.0400000000 1.000000e-02 0.000000e+00 0.000000e+00 2.000000e-02 1.000000e-02 0.000000e+00 1.000000e-02 0.000000e+00 0.000000e+00 0.000000e+00 0.000000e+00 0.000000e+00
   20    1      2      0    0      1      -1      -1   100 2.000000e-02 0.18000000 0.16000000 0.11000000 0.09000000 0.080000000 0.040000000 0.050000000 0.030000000 0.060000000 0.0300000000 0.050000000 0.0000000000 3.000000e-02 1.000000e-02 4.000000e-02 0.000000e+00 0.000000e+00 0.000000e+00 1.000000e-02 0.000000e+00 0.000000e+00 0.000000e+00 0.000000e+00 1.000000e-02
   21    1      2      0    0      1      -1      -1   100 4.000000e-02 0.15000000 0.09000000 0.19000000 0.08000000 0.050000000 0.100000000 0.050000000 0.050000000 0.030000000 0.0200000000 0.010000000 0.0100000000 3.000000e-02 2.000000e-02 2.000000e-02 0.000000e+00 1.000000e-02 1.000000e-02 1.000000e-02 2.000000e-02 0.000000e+00 0.000000e+00 0.000000e+00 1.000000e-02
   22    1      2      0    0      1      -1      -1   100 0.000000e+00 0.22000000 0.21000000 0.11000000 0.18000000 0.060000000 0.040000000 0.040000000 0.030000000 0.020000000 0.0300000000 0.000000000 0.0100000000 0.000000e+00 0.000000e+00 2.000000e-02 0.000000e+00 1.000000e-02 0.000000e+00 0.000000e+00 0.000000e+00 0.000000e+00 0.000000e+00 0.000000e+00 2.000000e-02
   23    1      2      0    0      1      -1      -1   100 1.100000e-01 0.07000000 0.26000000 0.08000000 0.07000000 0.130000000 0.010000000 0.050000000 0.060000000 0.000000000 0.0100000000 0.020000000 0.0300000000 0.000000e+00 2.000000e-02 2.000000e-02 2.000000e-02 0.000000e+00 1.000000e-02 1.000000e-02 1.000000e-02 1.000000e-02 0.000000e+00 0.000000e+00 0.000000e+00
   24    1      2      0    0      1      -1      -1   100 2.000000e-02 0.30000000 0.06000000 0.17000000 0.15000000 0.040000000 0.070000000 0.030000000 0.010000000 0.030000000 0.0300000000 0.020000000 0.0100000000 2.000000e-02 1.000000e-02 0.000000e+00 1.000000e-02 0.000000e+00 0.000000e+00 1.000000e-02 0.000000e+00 1.000000e-02 0.000000e+00 0.000000e+00 0.000000e+00
   25    1      2      0    0      1      -1      -1   100 1.000000e-02 0.06000000 0.42000000 0.08000000 0.13000000 0.030000000 0.050000000 0.100000000 0.040000000 0.000000000 0.0100000000 0.020000000 0.0000000000 2.000000e-02 0.000000e+00 0.000000e+00 1.000000e-02 1.000000e-02 0.000000e+00 0.000000e+00 0.000000e+00 0.000000e+00 0.000000e+00 0.000000e+00 1.000000e-02
   26    1      2      0    0      1      -1      -1   100 4.000000e-02 0.07000000 0.11000000 0.27000000 0.03000000 0.100000000 0.110000000 0.030000000 0.060000000 0.030000000 0.0100000000 0.020000000 0.0300000000 0.000000e+00 0.000000e+00 0.000000e+00 1.000000e-02 1.000000e-02 1.000000e-02 0.000000e+00 0.000000e+00 0.000000e+00 1.000000e-02 1.000000e-02 4.000000e-02
   27    1      2      0    0      1      -1      -1   100 8.000000e-02 0.12000000 0.06000000 0.07000000 0.23000000 0.050000000 0.100000000 0.070000000 0.040000000 0.070000000 0.0100000000 0.020000000 0.0000000000 0.000000e+00 2.000000e-02 0.000000e+00 2.000000e-02 0.000000e+00 0.000000e+00 1.000000e-02 0.000000e+00 0.000000e+00 2.000000e-02 0.000000e+00 1.000000e-02
   28    1      2      0    0      1      -1      -1   100 0.000000e+00 0.20000000 0.07000000 0.06000000 0.12000000 0.120000000 0.050000000 0.110000000 0.070000000 0.000000000 0.0900000000 0.050000000 0.0000000000 1.000000e-02 1.000000e-02 1.000000e-02 1.000000e-02 1.000000e-02 1.000000e-02 0.000000e+00 0.000000e+00 0.000000e+00 0.000000e+00 0.000000e+00 0.000000e+00
   29    1      2      0    0      1      -1      -1   100 3.000000e-02 0.09000000 0.25000000 0.11000000 0.03000000 0.060000000 0.170000000 0.050000000 0.080000000 0.030000000 0.0400000000 0.010000000 0.0400000000 0.000000e+00 0.000000e+00 0.000000e+00 0.000000e+00 0.000000e+00 0.000000e+00 1.000000e-02 0.000000e+00 0.000000e+00 0.000000e+00 0.000000e+00 0.000000e+00
   30    1      2      0    0      1      -1      -1   100 3.000000e-02 0.18000000 0.12000000 0.20000000 0.10000000 0.060000000 0.040000000 0.090000000 0.010000000 0.060000000 0.0100000000 0.010000000 0.0200000000 4.000000e-02 1.000000e-02 0.000000e+00 0.000000e+00 0.000000e+00 0.000000e+00 0.000000e+00 0.000000e+00 1.000000e-02 0.000000e+00 1.000000e-02 0.000000e+00
   31    1      2      0    0      1      -1      -1   100 8.000000e-02 0.11000000 0.18000000 0.08000000 0.17000000 0.100000000 0.040000000 0.020000000 0.070000000 0.000000000 0.0600000000 0.020000000 0.0100000000 2.000000e-02 1.000000e-02 0.000000e+00 1.000000e-02 1.000000e-02 0.000000e+00 0.000000e+00 0.000000e+00 0.000000e+00 1.000000e-02 0.000000e+00 0.000000e+00
   32    1      2      0    0      1      -1      -1   100 4.000000e-02 0.42000000 0.04000000 0.10000000 0.06000000 0.080000000 0.050000000 0.010000000 0.010000000 0.060000000 0.0300000000 0.020000000 0.0100000000 0.000000e+00 2.000000e-02 1.000000e-02 2.000000e-02 0.000000e+00 0.000000e+00 0.000000e+00 0.000000e+00 0.000000e+00 0.000000e+00 0.000000e+00 2.000000e-02
   33    1      2      0    0      1      -1      -1   100 7.000000e-02 0.10000000 0.29000000 0.06000000 0.08000000 0.040000000 0.060000000 0.050000000 0.040000000 0.010000000 0.0700000000 0.020000000 0.0200000000 2.000000e-02 1.000000e-02 1.000000e-02 2.000000e-02 1.000000e-02 0.000000e+00 0.000000e+00 0.000000e+00 1.000000e-02 0.000000e+00 0.000000e+00 1.000000e-02
   34    1      2      0    0      1      -1      -1   100 4.000000e-02 0.30000000 0.09000000 0.31000000 0.03000000 0.050000000 0.030000000 0.030000000 0.020000000 0.020000000 0.0200000000 0.010000000 0.0000000000 1.000000e-02 1.000000e-02 0.000000e+00 0.000000e+00 0.000000e+00 0.000000e+00 1.000000e-02 1.000000e-02 0.000000e+00 0.000000e+00 0.000000e+00 1.000000e-02
   35    1      2      0    0      1      -1      -1   100 2.000000e-02 0.20000000 0.17000000 0.05000000 0.27000000 0.050000000 0.020000000 0.020000000 0.050000000 0.010000000 0.0200000000 0.020000000 0.0200000000 0.000000e+00 1.000000e-02 2.000000e-02 0.000000e+00 3.000000e-02 1.000000e-02 0.000000e+00 0.000000e+00 0.000000e+00 0.000000e+00 0.000000e+00 1.000000e-02
   36    1      2      0    0      1      -1      -1   100 4.000000e-02 0.16000000 0.11000000 0.15000000 0.12000000 0.140000000 0.050000000 0.040000000 0.040000000 0.030000000 0.0500000000 0.000000000 0.0100000000 1.000000e-02 1.000000e-02 0.000000e+00 0.000000e+00 0.000000e+00 2.000000e-02 1.000000e-02 0.000000e+00 0.000000e+00 0.000000e+00 0.000000e+00 1.000000e-02
   37    1      2      0    0      1      -1      -1   100 2.000000e-02 0.18000000 0.25000000 0.08000000 0.14000000 0.060000000 0.140000000 0.000000000 0.040000000 0.020000000 0.0100000000 0.010000000 0.0100000000 0.000000e+00 1.000000e-02 1.000000e-02 0.000000e+00 0.000000e+00 0.000000e+00 1.000000e-02 0.000000e+00 0.000000e+00 1.000000e-02 0.000000e+00 0.000000e+00
   38    1      2      0    0      1      -1      -1   100 2.000000e-02 0.04000000 0.22000000 0.16000000 0.07000000 0.160000000 0.050000000 0.150000000 0.020000000 0.050000000 0.0000000000 0.010000000 0.0000000000 1.000000e-02 0.000000e+00 1.000000e-02 1.000000e-02 2.000000e-02 0.000000e+00 0.000000e+00 0.000000e+00 0.000000e+00 0.000000e+00 0.000000e+00 0.000000e+00
   39    1      2      0    0      1      -1      -1   100 2.000000e-02 0.16000000 0.08000000 0.21000000 0.09000000 0.060000000 0.140000000 0.050000000 0.070000000 0.040000000 0.0400000000 0.010000000 0.0000000000 1.000000e-02 0.000000e+00 0.000000e+00 1.000000e-02 0.000000e+00 0.000000e+00 0.000000e+00 1.000000e-02 0.000000e+00 0.000000e+00 0.000000e+00 0.000000e+00
   40    1      2      0    0      1      -1      -1   100 3.000000e-02 0.11000000 0.15000000 0.03000000 0.28000000 0.060000000 0.050000000 0.060000000 0.040000000 0.080000000 0.0300000000 0.010000000 0.0000000000 0.000000e+00 1.000000e-02 0.000000e+00 0.000000e+00 2.000000e-02 0.000000e+00 3.000000e-02 1.000000e-02 0.000000e+00 0.000000e+00 0.000000e+00 0.000000e+00
   41    1      2      0    0      1      -1      -1   100 2.000000e-02 0.30000000 0.06000000 0.16000000 0.07000000 0.090000000 0.060000000 0.030000000 0.010000000 0.040000000 0.0800000000 0.010000000 0.0200000000 1.000000e-02 2.000000e-02 1.000000e-02 0.000000e+00 0.000000e+00 0.000000e+00 0.000000e+00 0.000000e+00 0.000000e+00 0.000000e+00 0.000000e+00 1.000000e-02
   42    1      2      0    0      1      -1      -1   100 1.000000e-02 0.33000000 0.15000000 0.05000000 0.12000000 0.020000000 0.060000000 0.060000000 0.030000000 0.080000000 0.0100000000 0.040000000 0.0000000000 1.000000e-02 0.000000e+00 1.000000e-02 0.000000e+00 0.000000e+00 0.000000e+00 1.000000e-02 0.000000e+00 1.000000e-02 0.000000e+00 0.000000e+00 0.000000e+00
   43    1      2      0    0      1      -1      -1   100 4.000000e-02 0.06000000 0.33000000 0.19000000 0.06000000 0.060000000 0.010000000 0.060000000 0.060000000 0.030000000 0.0400000000 0.010000000 0.0300000000 0.000000e+00 0.000000e+00 0.000000e+00 0.000000e+00 0.000000e+00 0.000000e+00 0.000000e+00 1.000000e-02 0.000000e+00 0.000000e+00 0.000000e+00 1.000000e-02
   44    1      2      0    0      1      -1      -1   100 5.000000e-02 0.28000000 0.06000000 0.18000000 0.08000000 0.050000000 0.040000000 0.040000000 0.060000000 0.030000000 0.0200000000 0.040000000 0.0200000000 3.000000e-02 0.000000e+00 0.000000e+00 0.000000e+00 1.000000e-02 0.000000e+00 0.000000e+00 0.000000e+00 0.000000e+00 0.000000e+00 0.000000e+00 1.000000e-02
   45    1      2      0    0      1      -1      -1   100 5.000000e-02 0.13000000 0.39000000 0.04000000 0.12000000 0.040000000 0.010000000 0.010000000 0.030000000 0.030000000 0.0300000000 0.020000000 0.0300000000 0.000000e+00 2.000000e-02 0.000000e+00 1.000000e-02 1.000000e-02 0.000000e+00 0.000000e+00 0.000000e+00 0.000000e+00 0.000000e+00 1.000000e-02 2.000000e-02
   46    1      2      0    0      1      -1      -1   100 6.000000e-02 0.14000000 0.17000000 0.27000000 0.04000000 0.110000000 0.040000000 0.050000000 0.020000000 0.020000000 0.0000000000 0.050000000 0.0100000000 0.000000e+00 0.000000e+00 1.000000e-02 0.000000e+00 0.000000e+00 0.000000e+00 1.000000e-02 0.000000e+00 0.000000e+00 0.000000e+00 0.000000e+00 0.000000e+00
   47    1      2      0    0      1      -1      -1   100 9.000000e-02 0.20000000 0.11000000 0.12000000 0.19000000 0.010000000 0.130000000 0.050000000 0.010000000 0.030000000 0.0200000000 0.000000000 0.0200000000 1.000000e-02 1.000000e-02 0.000000e+00 0.000000e+00 0.000000e+00 0.000000e+00 0.000000e+00 0.000000e+00 0.000000e+00 0.000000e+00 0.000000e+00 0.000000e+00
   48    1      2      0    0      1      -1      -1   100 3.000000e-02 0.22000000 0.25000000 0.13000000 0.09000000 0.110000000 0.040000000 0.040000000 0.020000000 0.020000000 0.0000000000 0.010000000 0.0000000000 0.000000e+00 2.000000e-02 1.000000e-02 0.000000e+00 1.000000e-02 0.000000e+00 0.000000e+00 0.000000e+00 0.000000e+00 0.000000e+00 0.000000e+00 0.000000e+00
   49    1      2      0    0      1      -1      -1   100 5.000000e-02 0.15000000 0.18000000 0.19000000 0.11000000 0.030000000 0.080000000 0.010000000 0.090000000 0.020000000 0.0100000000 0.030000000 0.0000000000 1.000000e-02 1.000000e-02 0.000000e+00 0.000000e+00 1.000000e-02 1.000000e-02 0.000000e+00 1.000000e-02 0.000000e+00 0.000000e+00 0.000000e+00 0.000000e+00
   50    1      2      0    0      1      -1      -1   100 1.200000e-01 0.16000000 0.16000000 0.11000000 0.08000000 0.050000000 0.010000000 0.070000000 0.020000000 0.070000000 0.0300000000 0.010000000 0.0100000000 1.000000e-02 2.000000e-02 1.000000e-02 1.000000e-02 0.000000e+00 1.000000e-02 4.000000e-02 0.000000e+00 0.000000e+00 0.000000e+00 0.000000e+00 0.000000e+00
   51    1      2      0    0      1      -1      -1   100 4.000000e-02 0.28000000 0.09000000 0.10000000 0.20000000 0.060000000 0.030000000 0.050000000 0.030000000 0.010000000 0.0700000000 0.010000000 0.0000000000 1.000000e-02 0.000000e+00 0.000000e+00 0.000000e+00 0.000000e+00 0.000000e+00 1.000000e-02 0.000000e+00 0.000000e+00 0.000000e+00 0.000000e+00 1.000000e-02
   52    1      2      0    0      1      -1      -1   100 7.000000e-02 0.24000000 0.17000000 0.11000000 0.06000000 0.110000000 0.050000000 0.050000000 0.040000000 0.020000000 0.0000000000 0.020000000 0.0300000000 1.000000e-02 1.000000e-02 0.000000e+00 0.000000e+00 0.000000e+00 0.000000e+00 1.000000e-02 0.000000e+00 0.000000e+00 0.000000e+00 0.000000e+00 0.000000e+00
   53    1      2      0    0      1      -1      -1   100 1.000000e-02 0.14000000 0.31000000 0.27000000 0.05000000 0.040000000 0.070000000 0.040000000 0.010000000 0.010000000 0.0100000000 0.000000000 0.0100000000 0.000000e+00 1.000000e-02 0.000000e+00 0.000000e+00 2.000000e-02 0.000000e+00 0.000000e+00 0.000000e+00 0.000000e+00 0.000000e+00 0.000000e+00 0.000000e+00
   54    1      2      0    0      1      -1      -1   100 3.000000e-02 0.12000000 0.09000000 0.25000000 0.17000000 0.050000000 0.090000000 0.060000000 0.030000000 0.020000000 0.0000000000 0.030000000 0.0000000000 2.000000e-02 0.000000e+00 0.000000e+00 2.000000e-02 0.000000e+00 0.000000e+00 0.000000e+00 1.000000e-02 0.000000e+00 0.000000e+00 0.000000e+00 1.000000e-02
   55    1      2      0    0      1      -1      -1   100 6.000000e-02 0.20000000 0.15000000 0.13000000 0.20000000 0.110000000 0.020000000 0.020000000 0.010000000 0.020000000 0.0200000000 0.020000000 0.0100000000 0.000000e+00 1.000000e-02 0.000000e+00 0.000000e+00 0.000000e+00 0.000000e+00 0.000000e+00 0.000000e+00 0.000000e+00 1.000000e-02 0.000000e+00 1.000000e-02
   56    1      2      0    0      1      -1      -1   100 8.000000e-02 0.23000000 0.17000000 0.06000000 0.10000000 0.140000000 0.040000000 0.030000000 0.050000000 0.030000000 0.0300000000 0.010000000 0.0000000000 1.000000e-02 0.000000e+00 1.000000e-02 1.000000e-02 0.000000e+00 0.000000e+00 0.000000e+00 0.000000e+00 0.000000e+00 0.000000e+00 0.000000e+00 0.000000e+00
   57    1      2      0    0      1      -1      -1   100 4.000000e-02 0.31000000 0.17000000 0.11000000 0.03000000 0.100000000 0.050000000 0.050000000 0.050000000 0.020000000 0.0100000000 0.010000000 0.0000000000 0.000000e+00 2.000000e-02 0.000000e+00 2.000000e-02 0.000000e+00 0.000000e+00 0.000000e+00 0.000000e+00 0.000000e+00 0.000000e+00 0.000000e+00 1.000000e-02
   58    1      2      0    0      1      -1      -1   100 8.000000e-02 0.17000000 0.25000000 0.17000000 0.08000000 0.000000000 0.020000000 0.050000000 0.060000000 0.010000000 0.0200000000 0.020000000 0.0300000000 0.000000e+00 0.000000e+00 2.000000e-02 0.000000e+00 0.000000e+00 0.000000e+00 0.000000e+00 0.000000e+00 0.000000e+00 0.000000e+00 1.000000e-02 1.000000e-02
   59    1      2      0    0      1      -1      -1   100 5.000000e-02 0.23000000 0.10000000 0.27000000 0.09000000 0.030000000 0.010000000 0.070000000 0.070000000 0.040000000 0.0000000000 0.010000000 0.0200000000 0.000000e+00 0.000000e+00 1.000000e-02 0.000000e+00 0.000000e+00 0.000000e+00 0.000000e+00 0.000000e+00 0.000000e+00 0.000000e+00 0.000000e+00 0.000000e+00
   60    1      2      0    0      1      -1      -1   100 5.000000e-02 0.19000000 0.25000000 0.08000000 0.17000000 0.090000000 0.050000000 0.000000000 0.040000000 0.020000000 0.0100000000 0.010000000 0.0100000000 3.000000e-02 0.000000e+00 0.000000e+00 0.000000e+00 0.000000e+00 0.000000e+00 0.000000e+00 0.000000e+00 0.000000e+00 0.000000e+00 0.000000e+00 0.000000e+00
   61    1      2      0    0      1      -1      -1   100 6.000000e-02 0.21000000 0.15000000 0.15000000 0.05000000 0.130000000 0.050000000 0.040000000 0.020000000 0.010000000 0.0200000000 0.030000000 0.0500000000 1.000000e-02 1.000000e-02 0.000000e+00 0.000000e+00 0.000000e+00 0.000000e+00 0.000000e+00 1.000000e-02 0.000000e+00 0.000000e+00 0.000000e+00 0.000000e+00
   62    1      2      0    0      1      -1      -1   100 4.000000e-02 0.16000000 0.16000000 0.13000000 0.12000000 0.060000000 0.120000000 0.080000000 0.030000000 0.000000000 0.0600000000 0.010000000 0.0100000000 0.000000e+00 1.000000e-02 0.000000e+00 0.000000e+00 0.000000e+00 1.000000e-02 0.000000e+00 0.000000e+00 0.000000e+00 0.000000e+00 0.000000e+00 0.000000e+00
   63    1      2      0    0      1      -1      -1   100 2.000000e-02 0.14000000 0.20000000 0.15000000 0.08000000 0.090000000 0.050000000 0.110000000 0.050000000 0.030000000 0.0000000000 0.000000000 0.0300000000 3.000000e-02 1.000000e-02 1.000000e-02 0.000000e+00 0.000000e+00 0.000000e+00 0.000000e+00 0.000000e+00 0.000000e+00 0.000000e+00 0.000000e+00 0.000000e+00
   64    1      2      0    0      1      -1      -1   100 7.000000e-02 0.15000000 0.16000000 0.14000000 0.18000000 0.030000000 0.040000000 0.020000000 0.070000000 0.050000000 0.0300000000 0.010000000 0.0000000000 1.000000e-02 0.000000e+00 0.000000e+00 2.000000e-02 1.000000e-02 0.000000e+00 0.000000e+00 0.000000e+00 0.000000e+00 0.000000e+00 0.000000e+00 1.000000e-02
   65    1      2      0    0      1      -1      -1   100 6.000000e-02 0.14000000 0.21000000 0.07000000 0.08000000 0.150000000 0.050000000 0.060000000 0.030000000 0.040000000 0.0200000000 0.020000000 0.0100000000 1.000000e-02 1.000000e-02 3.000000e-02 1.000000e-02 0.000000e+00 0.000000e+00 0.000000e+00 0.000000e+00 0.000000e+00 0.000000e+00 0.000000e+00 0.000000e+00
   66    1      2      0    0      1      -1      -1   100 3.000000e-02 0.16000000 0.20000000 0.10000000 0.11000000 0.090000000 0.090000000 0.050000000 0.030000000 0.020000000 0.0500000000 0.040000000 0.0000000000 0.000000e+00 0.000000e+00 2.000000e-02 0.000000e+00 0.000000e+00 0.000000e+00 0.000000e+00 0.000000e+00 0.000000e+00 0.000000e+00 0.000000e+00 1.000000e-02
   67    1      2      0    0      1      -1      -1   100 1.000000e-02 0.40000000 0.14000000 0.11000000 0.04000000 0.050000000 0.040000000 0.060000000 0.020000000 0.030000000 0.0200000000 0.020000000 0.0100000000 1.000000e-02 2.000000e-02 0.000000e+00 0.000000e+00 2.000000e-02 0.000000e+00 0.000000e+00 0.000000e+00 0.000000e+00 0.000000e+00 0.000000e+00 0.000000e+00
   68    1      2      0    0      1      -1      -1   100 2.000000e-02 0.05000000 0.41000000 0.10000000 0.16000000 0.030000000 0.050000000 0.040000000 0.030000000 0.020000000 0.0100000000 0.010000000 0.0200000000 0.000000e+00 1.000000e-02 0.000000e+00 2.000000e-02 0.000000e+00 0.000000e+00 1.000000e-02 0.000000e+00 0.000000e+00 0.000000e+00 0.000000e+00 1.000000e-02
   69    1      2      0    0      1      -1      -1   100 3.000000e-02 0.21000000 0.11000000 0.21000000 0.10000000 0.070000000 0.080000000 0.050000000 0.040000000 0.010000000 0.0300000000 0.030000000 0.0100000000 2.000000e-02 0.000000e+00 0.000000e+00 0.000000e+00 0.000000e+00 0.000000e+00 0.000000e+00 0.000000e+00 0.000000e+00 0.000000e+00 0.000000e+00 0.000000e+00
   70    1      2      0    0      1      -1      -1   100 1.200000e-01 0.08000000 0.14000000 0.03000000 0.23000000 0.110000000 0.100000000 0.060000000 0.020000000 0.010000000 0.0300000000 0.010000000 0.0000000000 1.000000e-02 2.000000e-02 1.000000e-02 0.000000e+00 0.000000e+00 0.000000e+00 1.000000e-02 1.000000e-02 0.000000e+00 0.000000e+00 0.000000e+00 0.000000e+00
   71    1      2      0    0      1      -1      -1   100 1.200000e-01 0.49000000 0.06000000 0.10000000 0.03000000 0.080000000 0.020000000 0.040000000 0.020000000 0.020000000 0.0100000000 0.000000000 0.0000000000 0.000000e+00 0.000000e+00 0.000000e+00 0.000000e+00 0.000000e+00 1.000000e-02 0.000000e+00 0.000000e+00 0.000000e+00 0.000000e+00 0.000000e+00 0.000000e+00
   72    1      2      0    0      1      -1      -1   100 2.000000e-02 0.15000000 0.50000000 0.05000000 0.02000000 0.040000000 0.080000000 0.020000000 0.030000000 0.010000000 0.0300000000 0.010000000 0.0200000000 0.000000e+00 2.000000e-02 0.000000e+00 0.000000e+00 0.000000e+00 0.000000e+00 0.000000e+00 0.000000e+00 0.000000e+00 0.000000e+00 0.000000e+00 0.000000e+00
   73    1      2      0    0      1      -1      -1   100 3.000000e-02 0.13000000 0.30000000 0.31000000 0.03000000 0.020000000 0.020000000 0.030000000 0.020000000 0.030000000 0.0100000000 0.000000000 0.0300000000 0.000000e+00 0.000000e+00 0.000000e+00 0.000000e+00 1.000000e-02 2.000000e-02 0.000000e+00 0.000000e+00 0.000000e+00 1.000000e-02 0.000000e+00 0.000000e+00
   74    1      2      0    0      1      -1      -1   100 4.000000e-02 0.17000000 0.14000000 0.14000000 0.29000000 0.010000000 0.050000000 0.010000000 0.070000000 0.010000000 0.0200000000 0.010000000 0.0100000000 0.000000e+00 1.000000e-02 1.000000e-02 0.000000e+00 0.000000e+00 0.000000e+00 0.000000e+00 0.000000e+00 0.000000e+00 0.000000e+00 1.000000e-02 0.000000e+00
   75    1      2      0    0      1      -1      -1   100 2.000000e-02 0.08000000 0.19000000 0.12000000 0.14000000 0.220000000 0.050000000 0.070000000 0.020000000 0.020000000 0.0200000000 0.010000000 0.0000000000 0.000000e+00 0.000000e+00 1.000000e-02 0.000000e+00 2.000000e-02 0.000000e+00 1.000000e-02 0.000000e+00 0.000000e+00 0.000000e+00 0.000000e+00 0.000000e+00
   76    1      2      0    0      1      -1      -1   100 5.000000e-02 0.19000000 0.08000000 0.13000000 0.07000000 0.060000000 0.210000000 0.000000000 0.030000000 0.020000000 0.0600000000 0.010000000 0.0000000000 2.000000e-02 0.000000e+00 0.000000e+00 2.000000e-02 2.000000e-02 1.000000e-02 0.000000e+00 0.000000e+00 0.000000e+00 0.000000e+00 0.000000e+00 2.000000e-02
   77    1      2      0    0      1      -1      -1   100 8.000000e-02 0.27000000 0.16000000 0.05000000 0.10000000 0.040000000 0.100000000 0.120000000 0.000000000 0.010000000 0.0200000000 0.030000000 0.0100000000 0.000000e+00 0.000000e+00 0.000000e+00 0.000000e+00 0.000000e+00 1.000000e-02 0.000000e+00 0.000000e+00 0.000000e+00 0.000000e+00 0.000000e+00 0.000000e+00
   78    1      2      0    0      1      -1      -1   100 8.000000e-02 0.24000000 0.27000000 0.05000000 0.05000000 0.070000000 0.040000000 0.060000000 0.070000000 0.010000000 0.0300000000 0.000000000 0.0100000000 1.000000e-02 0.000000e+00 0.000000e+00 0.000000e+00 0.000000e+00 0.000000e+00 1.000000e-02 0.000000e+00 0.000000e+00 0.000000e+00 0.000000e+00 0.000000e+00
   79    1      2      0    0      1      -1      -1   100 2.000000e-02 0.16000000 0.25000000 0.12000000 0.10000000 0.050000000 0.070000000 0.030000000 0.070000000 0.100000000 0.0200000000 0.000000000 0.0000000000 0.000000e+00 0.000000e+00 0.000000e+00 0.000000e+00 0.000000e+00 0.000000e+00 1.000000e-02 0.000000e+00 0.000000e+00 0.000000e+00 0.000000e+00 0.000000e+00
   80    1      2      0    0      1      -1      -1   100 8.000000e-02 0.17000000 0.16000000 0.22000000 0.14000000 0.060000000 0.010000000 0.030000000 0.010000000 0.020000000 0.0400000000 0.000000000 0.0100000000 1.000000e-02 0.000000e+00 2.000000e-02 2.000000e-02 0.000000e+00 0.000000e+00 0.000000e+00 0.000000e+00 0.000000e+00 0.000000e+00 0.000000e+00 0.000000e+00
   81    1      2      0    0      1      -1      -1   100 1.000000e-01 0.28000000 0.10000000 0.11000000 0.13000000 0.090000000 0.020000000 0.000000000 0.080000000 0.030000000 0.0100000000 0.030000000 0.0000000000 1.000000e-02 0.000000e+00 0.000000e+00 0.000000e+00 1.000000e-02 0.000000e+00 0.000000e+00 0.000000e+00 0.000000e+00 0.000000e+00 0.000000e+00 0.000000e+00
   82    1      2      0    0      1      -1      -1   100 5.000000e-02 0.29000000 0.21000000 0.11000000 0.10000000 0.070000000 0.060000000 0.010000000 0.020000000 0.010000000 0.0000000000 0.000000000 0.0400000000 0.000000e+00 0.000000e+00 0.000000e+00 0.000000e+00 1.000000e-02 1.000000e-02 0.000000e+00 0.000000e+00 0.000000e+00 0.000000e+00 0.000000e+00 1.000000e-02
   83    1      2      0    0      1      -1      -1   100 5.000000e-02 0.22000000 0.28000000 0.08000000 0.09000000 0.090000000 0.090000000 0.030000000 0.030000000 0.010000000 0.0000000000 0.000000000 0.0100000000 0.000000e+00 0.000000e+00 1.000000e-02 0.000000e+00 1.000000e-02 0.000000e+00 0.000000e+00 0.000000e+00 0.000000e+00 0.000000e+00 0.000000e+00 0.000000e+00
   84    1      2      0    0      1      -1      -1   100 3.000000e-02 0.17000000 0.12000000 0.23000000 0.11000000 0.050000000 0.080000000 0.040000000 0.080000000 0.020000000 0.0000000000 0.020000000 0.0000000000 2.000000e-02 1.000000e-02 0.000000e+00 0.000000e+00 0.000000e+00 0.000000e+00 0.000000e+00 0.000000e+00 0.000000e+00 0.000000e+00 0.000000e+00 2.000000e-02
   85    1      2      0    0      1      -1      -1   100 1.000000e-02 0.17000000 0.23000000 0.08000000 0.18000000 0.120000000 0.010000000 0.050000000 0.040000000 0.030000000 0.0200000000 0.000000000 0.0100000000 1.000000e-02 2.000000e-02 1.000000e-02 0.000000e+00 1.000000e-02 0.000000e+00 0.000000e+00 0.000000e+00 0.000000e+00 0.000000e+00 0.000000e+00 0.000000e+00
   86    1      2      0    0      1      -1      -1   100 4.000000e-02 0.19000000 0.14000000 0.15000000 0.09000000 0.170000000 0.080000000 0.000000000 0.040000000 0.050000000 0.0100000000 0.010000000 0.0000000000 0.000000e+00 1.000000e-02 0.000000e+00 1.000000e-02 0.000000e+00 1.000000e-02 0.000000e+00 0.000000e+00 0.000000e+00 0.000000e+00 0.000000e+00 0.000000e+00
   87    1      2      0    0      1      -1      -1   100 4.000000e-02 0.20000000 0.18000000 0.10000000 0.10000000 0.060000000 0.110000000 0.030000000 0.030000000 0.030000000 0.0300000000 0.050000000 0.0200000000 0.000000e+00 0.000000e+00 0.000000e+00 0.000000e+00 2.000000e-02 0.000000e+00 0.000000e+00 0.000000e+00 0.000000e+00 0.000000e+00 0.000000e+00 0.000000e+00
   88    1      2      0    0      1      -1      -1   100 3.000000e-02 0.27000000 0.13000000 0.13000000 0.06000000 0.080000000 0.020000000 0.080000000 0.050000000 0.020000000 0.0300000000 0.060000000 0.0000000000 0.000000e+00 0.000000e+00 4.000000e-02 0.000000e+00 0.000000e+00 0.000000e+00 0.000000e+00 0.000000e+00 0.000000e+00 0.000000e+00 0.000000e+00 0.000000e+00
   89    1      2      0    0      1      -1      -1   100 1.000000e-02 0.17000000 0.24000000 0.11000000 0.12000000 0.070000000 0.070000000 0.030000000 0.070000000 0.030000000 0.0200000000 0.000000000 0.0300000000 2.000000e-02 1.000000e-02 0.000000e+00 0.000000e+00 0.000000e+00 0.000000e+00 0.000000e+00 0.000000e+00 0.000000e+00 0.000000e+00 0.000000e+00 0.000000e+00
   90    1      2      0    0      1      -1      -1   100 5.000000e-02 0.24000000 0.09000000 0.10000000 0.13000000 0.100000000 0.070000000 0.070000000 0.030000000 0.040000000 0.0100000000 0.010000000 0.0100000000 3.000000e-02 1.000000e-02 1.000000e-02 0.000000e+00 0.000000e+00 0.000000e+00 0.000000e+00 0.000000e+00 0.000000e+00 0.000000e+00 0.000000e+00 0.000000e+00
   91    1      2      0    0      1      -1      -1   100 3.000000e-02 0.10000000 0.18000000 0.14000000 0.18000000 0.070000000 0.080000000 0.040000000 0.010000000 0.020000000 0.0500000000 0.020000000 0.0100000000 1.000000e-02 0.000000e+00 2.000000e-02 0.000000e+00 0.000000e+00 2.000000e-02 0.000000e+00 1.000000e-02 1.000000e-02 0.000000e+00 0.000000e+00 0.000000e+00
   92    1      2      0    0      1      -1      -1   100 3.000000e-02 0.18000000 0.08000000 0.18000000 0.10000000 0.120000000 0.050000000 0.090000000 0.010000000 0.050000000 0.0100000000 0.050000000 0.0400000000 0.000000e+00 0.000000e+00 0.000000e+00 1.000000e-02 0.000000e+00 0.000000e+00 0.000000e+00 0.000000e+00 0.000000e+00 0.000000e+00 0.000000e+00 0.000000e+00
   93    1      2      0    0      1      -1      -1   100 5.000000e-02 0.24000000 0.11000000 0.08000000 0.11000000 0.100000000 0.080000000 0.020000000 0.070000000 0.030000000 0.0100000000 0.010000000 0.0400000000 2.000000e-02 0.000000e+00 1.000000e-02 0.000000e+00 0.000000e+00 0.000000e+00 0.000000e+00 0.000000e+00 1.000000e-02 1.000000e-02 0.000000e+00 0.000000e+00
   94    1      2      0    0      1      -1      -1   100 7.000000e-02 0.23000000 0.11000000 0.07000000 0.04000000 0.080000000 0.100000000 0.060000000 0.030000000 0.070000000 0.0500000000 0.010000000 0.0100000000 4.000000e-02 1.000000e-02 0.000000e+00 0.000000e+00 0.000000e+00 1.000000e-02 0.000000e+00 0.000000e+00 0.000000e+00 0.000000e+00 1.000000e-02 0.000000e+00
   95    1      2      0    0      1      -1      -1   100 2.000000e-02 0.27000000 0.23000000 0.07000000 0.06000000 0.050000000 0.110000000 0.040000000 0.040000000 0.030000000 0.0100000000 0.020000000 0.0000000000 1.000000e-02 0.000000e+00 1.000000e-02 2.000000e-02 0.000000e+00 0.000000e+00 0.000000e+00 0.000000e+00 0.000000e+00 1.000000e-02 0.000000e+00 0.000000e+00
   96    1      2      0    0      1      -1      -1   100 3.000000e-02 0.13000000 0.18000000 0.20000000 0.17000000 0.070000000 0.050000000 0.070000000 0.040000000 0.000000000 0.0100000000 0.020000000 0.0100000000 0.000000e+00 1.000000e-02 1.000000e-02 0.000000e+00 0.000000e+00 0.000000e+00 0.000000e+00 0.000000e+00 0.000000e+00 0.000000e+00 0.000000e+00 0.000000e+00
   97    1      2      0    0      1      -1      -1   100 6.000000e-02 0.21000000 0.26000000 0.12000000 0.10000000 0.050000000 0.040000000 0.030000000 0.030000000 0.030000000 0.0100000000 0.000000000 0.0300000000 0.000000e+00 2.000000e-02 0.000000e+00 0.000000e+00 0.000000e+00 0.000000e+00 0.000000e+00 0.000000e+00 0.000000e+00 0.000000e+00 0.000000e+00 1.000000e-02
   98    1      2      0    0      1      -1      -1   100 4.000000e-02 0.19000000 0.26000000 0.13000000 0.10000000 0.100000000 0.050000000 0.030000000 0.010000000 0.010000000 0.0400000000 0.010000000 0.0100000000 0.000000e+00 0.000000e+00 0.000000e+00 0.000000e+00 1.000000e-02 0.000000e+00 0.000000e+00 1.000000e-02 0.000000e+00 0.000000e+00 0.000000e+00 0.000000e+00
   99    1      2      0    0      1      -1      -1   100 2.000000e-02 0.18000000 0.13000000 0.19000000 0.14000000 0.110000000 0.050000000 0.060000000 0.000000000 0.010000000 0.0300000000 0.020000000 0.0200000000 1.000000e-02 1.000000e-02 0.000000e+00 0.000000e+00 0.000000e+00 0.000000e+00 0.000000e+00 1.000000e-02 0.000000e+00 1.000000e-02 0.000000e+00 0.000000e+00
  100    1      2      0    0      1      -1      -1   100 3.000000e-02 0.09000000 0.23000000 0.10000000 0.13000000 0.160000000 0.080000000 0.050000000 0.030000000 0.030000000 0.0100000000 0.030000000 0.0000000000 1.000000e-02 1.000000e-02 1.000000e-02 0.000000e+00 0.000000e+00 0.000000e+00 0.000000e+00 0.000000e+00 0.000000e+00 0.000000e+00 0.000000e+00 0.000000e+00
0 #_N_MeanSize_at_Age_obs
0 #_N_environ_variables
0 #_N_environ_obs
0 #_N_sizefreq_methods
0 #_do_tags
0 #_morphcomp_data
#
999
