#C data file created using the SS_writedat function in the R package r4ss
#C should work with SS version: 
#C file write time: 2014-11-06 01:38:15
#
1 #_styr
100 #_endyr
1 #_nseas
12 #_months_per_seas
1 #_spawn_seas
1 #_Nfleet
2 #_Nsurveys
1 #_N_areas
Fishery%Survey%CPUE #_fleetnames
0.5 0.5 0.5 #_surveytiming_in_season
1 1 1 #_area_assignments_for_each_fishery_and_survey
1 #_units of catch:  1=bio; 2=num
0.01 #_se of log(catch) only used for init_eq_catch and for Fmethod 2 and 3
1 #_Ngenders
25 #_Nages
0 #_init_equil_catch_for_each_fishery
100 #_N_lines_of_catch_to_read
 #_Fishery year seas
         0    1    1
         0    2    1
         0    3    1
         0    4    1
         0    5    1
         0    6    1
         0    7    1
         0    8    1
         0    9    1
         0   10    1
         0   11    1
         0   12    1
         0   13    1
         0   14    1
         0   15    1
         0   16    1
         0   17    1
         0   18    1
         0   19    1
         0   20    1
         0   21    1
         0   22    1
         0   23    1
         0   24    1
         0   25    1
 217215000   26    1
 204173000   27    1
 195835000   28    1
 189466000   29    1
 183180000   30    1
 179182000   31    1
 177767000   32    1
 174355000   33    1
 168749000   34    1
 165273000   35    1
 164434000   36    1
 160986000   37    1
 153848000   38    1
 146477000   39    1
 144674000   40    1
 149013000   41    1
 151394000   42    1
 152173000   43    1
 151136000   44    1
 150689000   45    1
 149865000   46    1
 152176000   47    1
 151370000   48    1
 148171000   49    1
 144921000   50    1
 143371000   51    1
 145993000   52    1
 150415000   53    1
 155058000   54    1
 162398000   55    1
 170743000   56    1
 175646000   57    1
 177250000   58    1
 174018000   59    1
 170108000   60    1
 166409000   61    1
 161789000   62    1
 159489000   63    1
 158164000   64    1
 156820000   65    1
 153386000   66    1
 151456000   67    1
 153628000   68    1
 156450000   69    1
 157071000   70    1
 160285000   71    1
 162288000   72    1
 165910000   73    1
 170497000   74    1
 171684000   75    1
 170456000   76    1
 167257000   77    1
 164799000   78    1
 161573000   79    1
 157192000   80    1
 154830000   81    1
 153416000   82    1
 154285000   83    1
 158996000   84    1
 159754000   85    1
 158420000   86    1
 155409000   87    1
 154541000   88    1
 155674000   89    1
 156154000   90    1
 159341000   91    1
 164136000   92    1
 166194000   93    1
 165169000   94    1
 166251000   95    1
 168086000   96    1
 167573000   97    1
 168377000   98    1
 165917000   99    1
 164501000  100    1
13 #_N_cpue
 #_Fleet Units Errtype
       1     1       0
       2     1       0
       3     1       0
 #_year seas index        obs se_log
     76    1     2 1932266672    0.2
     78    1     2 2303220475    0.2
     80    1     2 2243881893    0.2
     82    1     2 1806240367    0.2
     84    1     2 2064337044    0.2
     86    1     2 2133232422    0.2
     88    1     2 1570762873    0.2
     90    1     2 2503442686    0.2
     92    1     2 1738976988    0.2
     94    1     2 1876423753    0.2
     96    1     2 2492161011    0.2
     98    1     2 3398867534    0.2
    100    1     2 1776262563    0.2
0 #_N_discard_fleets
#_discard_units (1=same_as_catchunits(bio/num); 2=fraction; 3=numbers)
#_discard_errtype:  >0 for DF of T-dist(read CV below); 0 for normal with CV; -1 for normal with se; -2 for lognormal
0 #_N_discard
0 #_N_meanbodywt
1 #_DF_for_meanbodywt_T-distribution_like
2 # length bin method: 1=use databins; 2=generate from binwidth,min,max below; 3=read vector
1 # binwidth for population size comp
10 # minimum size in the population (lower edge of first bin and size at age 0.00)
200 # maximum size in the population (lower edge of last bin)
-0.001 #_comp_tail_compression
1e-05 #_add_to_comp
0 #_combine males into females at or below this bin number
21 #_N_lbins
#_lbin_vector
10 53 70 83 94 101 107 111 114 117 120 123 125 127 130 132 135 138 142 148 200
0 #_N_Length_comp_observations
25 #_N_agebins
#_agebin_vector
1 2 3 4 5 6 7 8 9 10 11 12 13 14 15 16 17 18 19 20 21 22 23 24 25
1 #_N_ageerror_definitions
 #_age0   age1   age2   age3   age4   age5   age6   age7   age8   age9  age10  age11  age12  age13  age14  age15  age16  age17  age18  age19  age20  age21  age22  age23  age24  age25
 -1.000 -1.000 -1.000 -1.000 -1.000 -1.000 -1.000 -1.000 -1.000 -1.000 -1.000 -1.000 -1.000 -1.000 -1.000 -1.000 -1.000 -1.000 -1.000 -1.000 -1.000 -1.000 -1.000 -1.000 -1.000 -1.000
  0.001  0.001  0.001  0.001  0.001  0.001  0.001  0.001  0.001  0.001  0.001  0.001  0.001  0.001  0.001  0.001  0.001  0.001  0.001  0.001  0.001  0.001  0.001  0.001  0.001  0.001
22 #_N_agecomp
1 #_Lbin_method: 1=poplenbins; 2=datalenbins; 3=lengths
-1 #_combine males into females at or below this bin number
 #_Yr Seas FltSvy Gender Part Ageerr Lbin_lo Lbin_hi Nsamp          a1        a2         a3         a4         a5         a6         a7         a8         a9        a10        a11         a12         a13         a14         a15         a16         a17          a18          a19          a20          a21          a22          a23          a24          a25
   50    1      1      0    0      1      -1      -1   500 0.020705468 0.1158395 0.18957153 0.09487856 0.12169082 0.17433480 0.04450874 0.07564920 0.01975170 0.03592510 0.01556136 0.041139133 0.012630033 0.006961114 0.002127584 0.009358113 0.006774006 0.0027906902 5.907295e-04 6.663860e-04 0.0057265139 4.707008e-04 5.820260e-05 6.954183e-04 1.594645e-03
   55    1      1      0    0      1      -1      -1   500 0.025245897 0.2394151 0.18845421 0.10450053 0.13995130 0.07983121 0.03843602 0.03243377 0.01166088 0.03790482 0.04213985 0.011990139 0.016673540 0.006694341 0.007668381 0.002851035 0.006338839 0.0011195237 2.818737e-06 9.753947e-05 0.0004786212 1.104812e-03 3.253091e-06 1.440054e-03 3.563575e-03
   60    1      1      0    0      1      -1      -1   500 0.002544249 0.1676695 0.10104877 0.13249173 0.13995486 0.07699844 0.12339839 0.06361089 0.04663747 0.03958003 0.04811286 0.014739714 0.010791097 0.004016137 0.006304395 0.010098037 0.002514634 0.0058755520 9.416417e-06 1.775992e-03 0.0001591824 2.322815e-05 1.151527e-04 8.052714e-05 1.449767e-03
   65    1      1      0    0      1      -1      -1   500 0.013392322 0.1028000 0.20479237 0.17225990 0.14187904 0.05834292 0.09481376 0.04236563 0.02679045 0.04472545 0.02101698 0.026982908 0.018835431 0.011842760 0.006905262 0.002297285 0.004022761 0.0018848389 1.006437e-04 1.937004e-03 0.0013716514 2.374281e-04 3.211388e-04 7.853329e-12 8.212371e-05
   70    1      1      0    0      1      -1      -1   500 0.014745552 0.2096869 0.08212663 0.22464146 0.11452927 0.06594450 0.03265111 0.08584278 0.03813845 0.04918194 0.01851980 0.015800436 0.006285863 0.003187625 0.012979669 0.001872431 0.007233034 0.0021529112 1.331409e-03 2.429848e-03 0.0034330945 1.869617e-03 4.090715e-03 7.253316e-10 1.324958e-03
   75    1      1      0    0      1      -1      -1   500 0.009838596 0.1343218 0.17113559 0.20834137 0.11832351 0.08788686 0.07869096 0.02137255 0.06341792 0.03301509 0.02093972 0.008116407 0.013469251 0.008711266 0.006255568 0.004642778 0.003801902 0.0004431298 1.436058e-03 2.338866e-03 0.0011579358 7.388158e-04 1.118345e-03 1.791278e-07 4.855383e-04
   80    1      1      0    0      1      -1      -1   500 0.016641204 0.1423880 0.14626921 0.17177912 0.13135588 0.08863224 0.06127148 0.02448676 0.06129145 0.03898507 0.03228949 0.024386458 0.003677455 0.019691734 0.007838199 0.005601806 0.003156309 0.0020902693 4.982732e-03 6.546479e-03 0.0016318411 7.236216e-04 1.927713e-03 3.858668e-05 2.316920e-03
   85    1      1      0    0      1      -1      -1   500 0.019244536 0.1009541 0.21262845 0.24930272 0.09608956 0.09207787 0.03856764 0.03054248 0.05349800 0.02528537 0.01561579 0.017161746 0.004543514 0.017449033 0.006517444 0.007131706 0.004603842 0.0046217656 1.132206e-03 2.919769e-04 0.0001757813 1.737958e-04 9.814578e-04 1.034214e-03 3.749721e-04
   90    1      1      0    0      1      -1      -1   500 0.031382205 0.1379959 0.16309011 0.24502492 0.10543751 0.05362017 0.04793482 0.02472670 0.07829527 0.02881540 0.01970288 0.021501732 0.011769386 0.007645125 0.005739790 0.002264635 0.001816092 0.0010455602 3.206878e-04 3.282055e-03 0.0036377377 3.005721e-03 5.684428e-05 5.771379e-04 1.311557e-03
   95    1      1      0    0      1      -1      -1   500 0.007445291 0.2506709 0.18043919 0.10366477 0.09610749 0.11211505 0.06114567 0.05581654 0.05569548 0.01853456 0.01188908 0.013418180 0.007212068 0.009369648 0.003658529 0.002481743 0.002532294 0.0042641334 1.255140e-03 1.019056e-04 0.0003915481 1.370028e-05 1.302181e-04 1.569072e-06 1.645288e-03
  100    1      1      0    0      1      -1      -1   500 0.021183875 0.1761118 0.15795189 0.11545745 0.15812586 0.03776706 0.09476125 0.05538698 0.03427834 0.02947381 0.03120417 0.022778417 0.013288158 0.026241052 0.008062611 0.002748787 0.002163481 0.0028697787 3.741485e-03 1.800000e-03 0.0035229609 5.947653e-04 3.398269e-05 8.885404e-05 3.631943e-04
   50    1      2      0    0      1      -1      -1   500 0.070000000 0.1700000 0.17400000 0.09400000 0.10000000 0.15400000 0.04400000 0.05600000 0.01400000 0.02000000 0.02400000 0.036000000 0.014000000 0.004000000 0.006000000 0.008000000 0.006000000 0.0040000000 0.000000e+00 0.000000e+00 0.0020000000 0.000000e+00 0.000000e+00 0.000000e+00 0.000000e+00
   55    1      2      0    0      1      -1      -1   500 0.038000000 0.3080000 0.17400000 0.11000000 0.10000000 0.08400000 0.04600000 0.03200000 0.01000000 0.02000000 0.01400000 0.012000000 0.016000000 0.004000000 0.012000000 0.004000000 0.008000000 0.0020000000 2.000000e-03 0.000000e+00 0.0000000000 2.000000e-03 0.000000e+00 0.000000e+00 2.000000e-03
   60    1      2      0    0      1      -1      -1   500 0.012000000 0.2660000 0.13800000 0.07400000 0.12200000 0.09600000 0.09200000 0.07000000 0.02600000 0.02400000 0.03600000 0.006000000 0.006000000 0.006000000 0.004000000 0.014000000 0.002000000 0.0040000000 0.000000e+00 0.000000e+00 0.0020000000 0.000000e+00 0.000000e+00 0.000000e+00 0.000000e+00
   65    1      2      0    0      1      -1      -1   500 0.028000000 0.1260000 0.21800000 0.15200000 0.13600000 0.04800000 0.06400000 0.02600000 0.02800000 0.05000000 0.02200000 0.036000000 0.014000000 0.014000000 0.016000000 0.004000000 0.004000000 0.0040000000 4.000000e-03 0.000000e+00 0.0020000000 0.000000e+00 2.000000e-03 0.000000e+00 2.000000e-03
   70    1      2      0    0      1      -1      -1   500 0.034000000 0.2540000 0.06200000 0.23600000 0.12400000 0.07800000 0.03800000 0.03400000 0.03600000 0.03400000 0.01400000 0.018000000 0.006000000 0.006000000 0.004000000 0.008000000 0.002000000 0.0040000000 2.000000e-03 2.000000e-03 0.0000000000 2.000000e-03 2.000000e-03 0.000000e+00 0.000000e+00
   75    1      2      0    0      1      -1      -1   500 0.042000000 0.1840000 0.14200000 0.20200000 0.12400000 0.06000000 0.06800000 0.01800000 0.05200000 0.03200000 0.01600000 0.014000000 0.002000000 0.012000000 0.012000000 0.002000000 0.004000000 0.0000000000 4.000000e-03 0.000000e+00 0.0000000000 2.000000e-03 2.000000e-03 4.000000e-03 2.000000e-03
   80    1      2      0    0      1      -1      -1   500 0.062000000 0.1760000 0.14600000 0.15400000 0.13400000 0.06000000 0.07000000 0.03200000 0.05600000 0.03200000 0.02200000 0.014000000 0.006000000 0.010000000 0.004000000 0.010000000 0.002000000 0.0040000000 2.000000e-03 0.000000e+00 0.0000000000 2.000000e-03 0.000000e+00 0.000000e+00 2.000000e-03
   85    1      2      0    0      1      -1      -1   500 0.018000000 0.1720000 0.12600000 0.27400000 0.05000000 0.13000000 0.04800000 0.02200000 0.03800000 0.01600000 0.01800000 0.018000000 0.018000000 0.006000000 0.008000000 0.008000000 0.008000000 0.0040000000 4.000000e-03 4.000000e-03 0.0020000000 2.000000e-03 0.000000e+00 0.000000e+00 6.000000e-03
   90    1      2      0    0      1      -1      -1   500 0.062000000 0.2080000 0.15400000 0.17200000 0.09600000 0.04200000 0.05400000 0.05400000 0.07400000 0.00800000 0.01800000 0.016000000 0.006000000 0.012000000 0.002000000 0.002000000 0.006000000 0.0060000000 2.000000e-03 0.000000e+00 0.0000000000 4.000000e-03 0.000000e+00 2.000000e-03 0.000000e+00
   95    1      2      0    0      1      -1      -1   500 0.010000000 0.3060000 0.14200000 0.07000000 0.11600000 0.10800000 0.05800000 0.03400000 0.05400000 0.02400000 0.01200000 0.012000000 0.006000000 0.018000000 0.004000000 0.006000000 0.008000000 0.0020000000 4.000000e-03 2.000000e-03 0.0000000000 0.000000e+00 0.000000e+00 4.000000e-03 0.000000e+00
  100    1      2      0    0      1      -1      -1   500 0.056000000 0.2660000 0.15400000 0.06400000 0.12800000 0.03000000 0.11200000 0.03800000 0.02800000 0.03800000 0.03600000 0.020000000 0.006000000 0.002000000 0.002000000 0.006000000 0.008000000 0.0000000000 4.000000e-03 0.000000e+00 0.0000000000 0.000000e+00 2.000000e-03 0.000000e+00 0.000000e+00
0 #_N_MeanSize_at_Age_obs
0 #_N_environ_variables
0 #_N_environ_obs
0 #_N_sizefreq_methods
0 #_do_tags
0 #_morphcomp_data
#
999
