#C data file created using the SS_writedat function in the R package r4ss
#C should work with SS version: 
#C file write time: 2014-11-05 23:24:10
#
1 #_styr
100 #_endyr
1 #_nseas
12 #_months_per_seas
1 #_spawn_seas
1 #_Nfleet
2 #_Nsurveys
1 #_N_areas
Fishery%Survey%CPUE #_fleetnames
0.5 0.5 0.5 #_surveytiming_in_season
1 1 1 #_area_assignments_for_each_fishery_and_survey
1 #_units of catch:  1=bio; 2=num
0.01 #_se of log(catch) only used for init_eq_catch and for Fmethod 2 and 3
1 #_Ngenders
25 #_Nages
0 #_init_equil_catch_for_each_fishery
100 #_N_lines_of_catch_to_read
 #_Fishery year seas
         0    1    1
         0    2    1
         0    3    1
         0    4    1
         0    5    1
         0    6    1
         0    7    1
         0    8    1
         0    9    1
         0   10    1
         0   11    1
         0   12    1
         0   13    1
         0   14    1
         0   15    1
         0   16    1
         0   17    1
         0   18    1
         0   19    1
         0   20    1
         0   21    1
         0   22    1
         0   23    1
         0   24    1
         0   25    1
 217215000   26    1
 204173000   27    1
 195835000   28    1
 189466000   29    1
 183180000   30    1
 179182000   31    1
 177767000   32    1
 174355000   33    1
 168749000   34    1
 165273000   35    1
 164434000   36    1
 160986000   37    1
 153848000   38    1
 146477000   39    1
 144674000   40    1
 149013000   41    1
 151394000   42    1
 152173000   43    1
 151136000   44    1
 150689000   45    1
 149865000   46    1
 152176000   47    1
 151370000   48    1
 148171000   49    1
 144921000   50    1
 143371000   51    1
 145993000   52    1
 150415000   53    1
 155058000   54    1
 162398000   55    1
 170743000   56    1
 175646000   57    1
 177250000   58    1
 174018000   59    1
 170108000   60    1
 166409000   61    1
 161789000   62    1
 159489000   63    1
 158164000   64    1
 156820000   65    1
 153386000   66    1
 151456000   67    1
 153628000   68    1
 156450000   69    1
 157071000   70    1
 160285000   71    1
 162288000   72    1
 165910000   73    1
 170497000   74    1
 171684000   75    1
 170456000   76    1
 167257000   77    1
 164799000   78    1
 161573000   79    1
 157192000   80    1
 154830000   81    1
 153416000   82    1
 154285000   83    1
 158996000   84    1
 159754000   85    1
 158420000   86    1
 155409000   87    1
 154541000   88    1
 155674000   89    1
 156154000   90    1
 159341000   91    1
 164136000   92    1
 166194000   93    1
 165169000   94    1
 166251000   95    1
 168086000   96    1
 167573000   97    1
 168377000   98    1
 165917000   99    1
 164501000  100    1
13 #_N_cpue
 #_Fleet Units Errtype
       1     1       0
       2     1       0
       3     1       0
 #_year seas index        obs se_log
     76    1     2 1932266672    0.2
     78    1     2 2303220475    0.2
     80    1     2 2243881893    0.2
     82    1     2 1806240367    0.2
     84    1     2 2064337044    0.2
     86    1     2 2133232422    0.2
     88    1     2 1570762873    0.2
     90    1     2 2503442686    0.2
     92    1     2 1738976988    0.2
     94    1     2 1876423753    0.2
     96    1     2 2492161011    0.2
     98    1     2 3398867534    0.2
    100    1     2 1776262563    0.2
0 #_N_discard_fleets
#_discard_units (1=same_as_catchunits(bio/num); 2=fraction; 3=numbers)
#_discard_errtype:  >0 for DF of T-dist(read CV below); 0 for normal with CV; -1 for normal with se; -2 for lognormal
0 #_N_discard
0 #_N_meanbodywt
1 #_DF_for_meanbodywt_T-distribution_like
2 # length bin method: 1=use databins; 2=generate from binwidth,min,max below; 3=read vector
1 # binwidth for population size comp
10 # minimum size in the population (lower edge of first bin and size at age 0.00)
200 # maximum size in the population (lower edge of last bin)
-0.001 #_comp_tail_compression
1e-05 #_add_to_comp
0 #_combine males into females at or below this bin number
21 #_N_lbins
#_lbin_vector
10 53 70 83 94 101 107 111 114 117 120 123 125 127 130 132 135 138 142 148 200
0 #_N_Length_comp_observations
25 #_N_agebins
#_agebin_vector
1 2 3 4 5 6 7 8 9 10 11 12 13 14 15 16 17 18 19 20 21 22 23 24 25
1 #_N_ageerror_definitions
 #_age0   age1   age2   age3   age4   age5   age6   age7   age8   age9  age10  age11  age12  age13  age14  age15  age16  age17  age18  age19  age20  age21  age22  age23  age24  age25
 -1.000 -1.000 -1.000 -1.000 -1.000 -1.000 -1.000 -1.000 -1.000 -1.000 -1.000 -1.000 -1.000 -1.000 -1.000 -1.000 -1.000 -1.000 -1.000 -1.000 -1.000 -1.000 -1.000 -1.000 -1.000 -1.000
  0.001  0.001  0.001  0.001  0.001  0.001  0.001  0.001  0.001  0.001  0.001  0.001  0.001  0.001  0.001  0.001  0.001  0.001  0.001  0.001  0.001  0.001  0.001  0.001  0.001  0.001
34 #_N_agecomp
1 #_Lbin_method: 1=poplenbins; 2=datalenbins; 3=lengths
-1 #_combine males into females at or below this bin number
 #_Yr Seas FltSvy Gender Part Ageerr Lbin_lo Lbin_hi Nsamp          a1         a2         a3         a4         a5         a6         a7          a8          a9         a10         a11         a12          a13          a14          a15          a16          a17          a18          a19          a20          a21          a22          a23          a24          a25
   50    1      1      0    0      1      -1      -1    50 0.007282134 0.07408450 0.22199245 0.09653147 0.12234419 0.22931894 0.04558562 0.077306036 0.011742952 0.029325934 0.001931002 0.037991564 0.0142639503 1.992540e-03 9.507720e-10 3.389807e-03 5.850347e-07 1.264531e-04 2.353828e-02 5.589358e-07 7.162769e-13 8.773330e-05 7.145725e-21 4.703933e-07 1.162826e-03
   60    1      1      0    0      1      -1      -1    50 0.001347613 0.26439694 0.17279094 0.07131899 0.05061479 0.11541162 0.07374956 0.043415481 0.035628724 0.013101711 0.081999314 0.032430056 0.0281963468 1.236424e-03 1.471604e-03 6.478375e-03 1.073927e-08 3.144093e-07 1.012330e-03 2.041496e-06 2.951871e-11 2.617628e-03 2.778519e-03 1.570382e-26 6.667323e-07
   70    1      1      0    0      1      -1      -1    50 0.053463049 0.22768654 0.05770589 0.16845630 0.10809690 0.05852418 0.04052241 0.026359876 0.007307984 0.077088097 0.004403207 0.011030626 0.0063968100 3.785364e-03 7.667481e-02 3.077792e-02 1.735223e-02 2.023739e-02 4.128658e-03 1.427328e-09 1.551577e-13 5.057676e-09 7.774934e-35 2.270335e-41 1.754231e-06
   75    1      1      0    0      1      -1      -1    50 0.013513395 0.08744968 0.15919225 0.20435837 0.07535831 0.08805703 0.26488584 0.008515778 0.054387710 0.010248966 0.011541196 0.001947982 0.0055069992 3.079004e-03 4.725094e-03 4.952941e-06 4.111424e-04 5.855647e-03 2.017343e-04 2.111347e-14 1.104073e-11 1.858770e-07 7.586871e-04 3.039274e-60 5.621292e-08
   76    1      1      0    0      1      -1      -1    50 0.045200583 0.06745241 0.12969850 0.11871270 0.17595280 0.10073195 0.10213843 0.062567018 0.031201395 0.065098378 0.013049489 0.024369297 0.0121846304 2.300832e-02 3.809280e-03 2.093791e-02 4.612358e-06 2.052557e-08 3.802371e-03 1.155511e-10 3.915357e-14 6.866010e-05 1.047487e-05 2.399592e-08 7.501646e-07
   79    1      1      0    0      1      -1      -1    50 0.015192820 0.03203696 0.32949826 0.09508055 0.04976833 0.08572319 0.05797145 0.091684152 0.098855740 0.010516901 0.062472240 0.008641502 0.0027901425 1.428785e-02 1.823555e-03 9.063353e-07 5.471239e-03 7.186213e-03 2.896296e-03 5.314705e-03 2.160980e-02 3.174719e-05 5.851218e-17 1.132200e-03 1.323952e-05
   82    1      1      0    0      1      -1      -1    50 0.025800243 0.14501237 0.08633426 0.23367712 0.16009845 0.03334571 0.11423055 0.044458394 0.002788192 0.034807055 0.066793656 0.018933748 0.0137568264 1.984685e-04 1.055670e-03 1.813345e-03 1.045201e-02 1.650120e-10 5.440950e-04 4.134032e-03 3.897323e-04 1.363217e-03 1.282337e-05 2.692049e-32 1.944888e-08
   85    1      1      0    0      1      -1      -1    50 0.002194310 0.16005741 0.28818124 0.27687879 0.06410969 0.10670838 0.04009120 0.002991213 0.028343294 0.003897357 0.010576644 0.000673706 0.0057373073 9.076891e-04 1.628823e-03 8.183003e-08 6.323738e-03 4.104210e-06 2.623734e-04 1.687010e-04 2.931219e-24 6.045218e-15 2.636292e-05 7.802506e-20 2.375786e-04
   88    1      1      0    0      1      -1      -1    50 0.077723479 0.18876464 0.13529508 0.10467018 0.07841142 0.07799175 0.16138854 0.020460330 0.043592469 0.016447324 0.029851836 0.001264318 0.0065108010 5.976175e-03 3.222812e-04 5.568839e-05 4.566971e-02 5.067398e-05 3.285519e-03 1.669903e-04 1.817152e-15 8.186815e-04 1.176004e-03 8.546766e-05 2.064957e-05
   89    1      1      0    0      1      -1      -1    50 0.009220321 0.12969866 0.25639264 0.13238270 0.04822773 0.19251102 0.03787599 0.053075865 0.016890510 0.018267397 0.010789511 0.005168945 0.0028117995 3.575926e-02 2.581482e-06 5.383752e-03 3.186564e-02 8.430230e-03 1.152835e-15 3.805940e-05 7.362204e-06 1.301424e-44 5.023143e-03 1.226451e-06 1.756647e-04
   91    1      1      0    0      1      -1      -1    50 0.021529678 0.22063532 0.17443517 0.10680753 0.14551553 0.04484407 0.06757164 0.002324370 0.029179885 0.038761476 0.034805636 0.016694541 0.0643529097 1.306813e-03 1.998325e-02 6.415011e-05 4.842301e-04 4.862995e-08 3.626450e-06 1.055923e-02 1.935496e-13 1.320800e-15 1.394546e-04 8.151308e-10 1.463708e-06
   93    1      1      0    0      1      -1      -1    50 0.046292928 0.12256595 0.16882769 0.26214716 0.12824263 0.03470054 0.11452269 0.031820985 0.024499960 0.021528280 0.001615159 0.019401315 0.0023395443 4.850883e-03 5.840921e-04 1.323529e-03 3.144416e-04 1.087547e-03 9.896351e-03 4.521956e-32 3.623091e-04 3.645795e-07 1.857799e-04 1.402548e-33 2.889872e-03
   95    1      1      0    0      1      -1      -1    50 0.019610124 0.21810815 0.12685802 0.12588780 0.17663634 0.07185636 0.05338451 0.042722491 0.026247439 0.048333647 0.008135004 0.008983224 0.0013088729 4.943245e-02 5.431177e-08 1.206398e-07 1.950406e-02 2.543372e-04 1.298348e-05 6.074831e-07 2.691843e-03 4.115927e-32 3.156109e-05 1.369189e-15 7.532263e-19
   97    1      1      0    0      1      -1      -1    50 0.013866098 0.20783969 0.06401196 0.13169281 0.15449249 0.01217589 0.07988716 0.137419013 0.093103732 0.033455929 0.006623409 0.002472653 0.0074939948 1.573315e-03 7.296515e-03 7.299052e-04 2.308636e-02 1.128461e-05 1.046953e-03 8.252001e-07 2.708082e-17 1.212975e-04 1.405634e-11 4.708845e-18 2.159872e-02
   98    1      1      0    0      1      -1      -1    50 0.011360849 0.09326119 0.30548195 0.09094041 0.15227586 0.07068174 0.03326552 0.049763357 0.078753786 0.059961037 0.017773437 0.032268733 0.0009745207 7.423655e-05 2.518563e-04 2.307743e-03 1.652107e-04 6.750529e-06 3.432566e-05 2.557409e-07 1.427610e-04 1.623778e-04 5.287609e-05 4.535955e-20 3.921103e-05
   99    1      1      0    0      1      -1      -1    50 0.004954007 0.14557765 0.10847631 0.16214682 0.07555122 0.13822766 0.03217449 0.069303232 0.031248636 0.116315675 0.030043705 0.038538906 0.0181191720 9.581079e-03 7.139990e-05 2.193906e-03 1.651115e-02 2.732047e-04 5.852560e-11 2.169708e-04 1.825438e-11 3.087804e-04 1.078335e-24 6.823030e-41 1.660358e-04
  100    1      1      0    0      1      -1      -1    50 0.009750987 0.22256557 0.11906829 0.03083813 0.26604451 0.06538871 0.05873186 0.041022317 0.026352018 0.028869317 0.039001127 0.015716100 0.0045532749 1.238599e-02 1.578455e-02 2.419177e-04 2.111354e-02 2.873674e-04 2.142316e-02 3.432983e-17 8.612007e-04 6.276921e-19 8.272385e-23 7.909139e-10 6.035480e-08
   50    1      2      0    0      1      -1      -1    50 0.020000000 0.24000000 0.12000000 0.08000000 0.10000000 0.16000000 0.04000000 0.060000000 0.040000000 0.080000000 0.000000000 0.020000000 0.0200000000 0.000000e+00 0.000000e+00 0.000000e+00 2.000000e-02 0.000000e+00 0.000000e+00 0.000000e+00 0.000000e+00 0.000000e+00 0.000000e+00 0.000000e+00 0.000000e+00
   60    1      2      0    0      1      -1      -1    50 0.020000000 0.22000000 0.16000000 0.06000000 0.14000000 0.12000000 0.08000000 0.080000000 0.040000000 0.000000000 0.000000000 0.020000000 0.0000000000 0.000000e+00 2.000000e-02 2.000000e-02 0.000000e+00 0.000000e+00 0.000000e+00 2.000000e-02 0.000000e+00 0.000000e+00 0.000000e+00 0.000000e+00 0.000000e+00
   70    1      2      0    0      1      -1      -1    50 0.000000000 0.26000000 0.10000000 0.26000000 0.14000000 0.08000000 0.02000000 0.060000000 0.040000000 0.000000000 0.040000000 0.000000000 0.0000000000 0.000000e+00 0.000000e+00 0.000000e+00 0.000000e+00 0.000000e+00 0.000000e+00 0.000000e+00 0.000000e+00 0.000000e+00 0.000000e+00 0.000000e+00 0.000000e+00
   75    1      2      0    0      1      -1      -1    50 0.020000000 0.24000000 0.08000000 0.24000000 0.12000000 0.10000000 0.02000000 0.020000000 0.020000000 0.020000000 0.020000000 0.000000000 0.0400000000 2.000000e-02 0.000000e+00 0.000000e+00 0.000000e+00 0.000000e+00 0.000000e+00 0.000000e+00 0.000000e+00 0.000000e+00 0.000000e+00 0.000000e+00 4.000000e-02
   76    1      2      0    0      1      -1      -1    50 0.020000000 0.12000000 0.18000000 0.12000000 0.24000000 0.06000000 0.06000000 0.060000000 0.020000000 0.060000000 0.020000000 0.000000000 0.0000000000 0.000000e+00 0.000000e+00 0.000000e+00 0.000000e+00 2.000000e-02 0.000000e+00 0.000000e+00 2.000000e-02 0.000000e+00 0.000000e+00 0.000000e+00 0.000000e+00
   79    1      2      0    0      1      -1      -1    50 0.020000000 0.18000000 0.20000000 0.22000000 0.02000000 0.08000000 0.04000000 0.080000000 0.040000000 0.040000000 0.040000000 0.020000000 0.0000000000 2.000000e-02 0.000000e+00 0.000000e+00 0.000000e+00 0.000000e+00 0.000000e+00 0.000000e+00 0.000000e+00 0.000000e+00 0.000000e+00 0.000000e+00 0.000000e+00
   82    1      2      0    0      1      -1      -1    50 0.100000000 0.22000000 0.20000000 0.10000000 0.06000000 0.16000000 0.04000000 0.000000000 0.000000000 0.020000000 0.020000000 0.020000000 0.0000000000 2.000000e-02 0.000000e+00 4.000000e-02 0.000000e+00 0.000000e+00 0.000000e+00 0.000000e+00 0.000000e+00 0.000000e+00 0.000000e+00 0.000000e+00 0.000000e+00
   85    1      2      0    0      1      -1      -1    50 0.000000000 0.08000000 0.20000000 0.34000000 0.06000000 0.04000000 0.08000000 0.020000000 0.020000000 0.100000000 0.000000000 0.020000000 0.0000000000 0.000000e+00 0.000000e+00 0.000000e+00 2.000000e-02 0.000000e+00 0.000000e+00 0.000000e+00 0.000000e+00 0.000000e+00 0.000000e+00 2.000000e-02 0.000000e+00
   88    1      2      0    0      1      -1      -1    50 0.040000000 0.26000000 0.20000000 0.18000000 0.06000000 0.00000000 0.14000000 0.020000000 0.060000000 0.020000000 0.000000000 0.000000000 0.0000000000 0.000000e+00 0.000000e+00 0.000000e+00 0.000000e+00 0.000000e+00 2.000000e-02 0.000000e+00 0.000000e+00 0.000000e+00 0.000000e+00 0.000000e+00 0.000000e+00
   89    1      2      0    0      1      -1      -1    50 0.040000000 0.18000000 0.34000000 0.06000000 0.06000000 0.02000000 0.06000000 0.100000000 0.060000000 0.040000000 0.000000000 0.000000000 0.0000000000 2.000000e-02 0.000000e+00 0.000000e+00 0.000000e+00 2.000000e-02 0.000000e+00 0.000000e+00 0.000000e+00 0.000000e+00 0.000000e+00 0.000000e+00 0.000000e+00
   91    1      2      0    0      1      -1      -1    50 0.040000000 0.22000000 0.28000000 0.02000000 0.22000000 0.02000000 0.06000000 0.000000000 0.020000000 0.020000000 0.040000000 0.040000000 0.0000000000 2.000000e-02 0.000000e+00 0.000000e+00 0.000000e+00 0.000000e+00 0.000000e+00 0.000000e+00 0.000000e+00 0.000000e+00 0.000000e+00 0.000000e+00 0.000000e+00
   93    1      2      0    0      1      -1      -1    50 0.060000000 0.18000000 0.24000000 0.22000000 0.06000000 0.06000000 0.12000000 0.000000000 0.020000000 0.040000000 0.000000000 0.000000000 0.0000000000 0.000000e+00 0.000000e+00 0.000000e+00 0.000000e+00 0.000000e+00 0.000000e+00 0.000000e+00 0.000000e+00 0.000000e+00 0.000000e+00 0.000000e+00 0.000000e+00
   95    1      2      0    0      1      -1      -1    50 0.020000000 0.32000000 0.16000000 0.08000000 0.10000000 0.06000000 0.08000000 0.040000000 0.060000000 0.000000000 0.000000000 0.040000000 0.0000000000 2.000000e-02 0.000000e+00 0.000000e+00 2.000000e-02 0.000000e+00 0.000000e+00 0.000000e+00 0.000000e+00 0.000000e+00 0.000000e+00 0.000000e+00 0.000000e+00
   97    1      2      0    0      1      -1      -1    50 0.020000000 0.30000000 0.06000000 0.24000000 0.06000000 0.08000000 0.02000000 0.060000000 0.040000000 0.040000000 0.040000000 0.000000000 0.0000000000 2.000000e-02 0.000000e+00 0.000000e+00 0.000000e+00 2.000000e-02 0.000000e+00 0.000000e+00 0.000000e+00 0.000000e+00 0.000000e+00 0.000000e+00 0.000000e+00
   98    1      2      0    0      1      -1      -1    50 0.060000000 0.12000000 0.22000000 0.06000000 0.10000000 0.14000000 0.02000000 0.080000000 0.080000000 0.020000000 0.020000000 0.020000000 0.0000000000 0.000000e+00 2.000000e-02 0.000000e+00 2.000000e-02 0.000000e+00 0.000000e+00 0.000000e+00 0.000000e+00 0.000000e+00 2.000000e-02 0.000000e+00 0.000000e+00
   99    1      2      0    0      1      -1      -1    50 0.040000000 0.26000000 0.12000000 0.24000000 0.04000000 0.10000000 0.02000000 0.000000000 0.040000000 0.040000000 0.060000000 0.000000000 0.0000000000 0.000000e+00 0.000000e+00 0.000000e+00 0.000000e+00 2.000000e-02 0.000000e+00 0.000000e+00 0.000000e+00 0.000000e+00 0.000000e+00 2.000000e-02 0.000000e+00
  100    1      2      0    0      1      -1      -1    50 0.040000000 0.22000000 0.20000000 0.04000000 0.14000000 0.02000000 0.12000000 0.060000000 0.040000000 0.020000000 0.040000000 0.000000000 0.0200000000 2.000000e-02 0.000000e+00 0.000000e+00 0.000000e+00 0.000000e+00 2.000000e-02 0.000000e+00 0.000000e+00 0.000000e+00 0.000000e+00 0.000000e+00 0.000000e+00
0 #_N_MeanSize_at_Age_obs
0 #_N_environ_variables
0 #_N_environ_obs
0 #_N_sizefreq_methods
0 #_do_tags
0 #_morphcomp_data
#
999
