#C data file created using the SS_writedat function in the R package r4ss
#C should work with SS version: 
#C file write time: 2014-11-06 19:22:39
#
1 #_styr
100 #_endyr
1 #_nseas
12 #_months_per_seas
1 #_spawn_seas
1 #_Nfleet
2 #_Nsurveys
1 #_N_areas
Fishery%Survey%CPUE #_fleetnames
0.5 0.5 0.5 #_surveytiming_in_season
1 1 1 #_area_assignments_for_each_fishery_and_survey
1 #_units of catch:  1=bio; 2=num
0.01 #_se of log(catch) only used for init_eq_catch and for Fmethod 2 and 3
1 #_Ngenders
25 #_Nages
0 #_init_equil_catch_for_each_fishery
100 #_N_lines_of_catch_to_read
 #_Fishery year seas
         0    1    1
         0    2    1
         0    3    1
         0    4    1
         0    5    1
         0    6    1
         0    7    1
         0    8    1
         0    9    1
         0   10    1
         0   11    1
         0   12    1
         0   13    1
         0   14    1
         0   15    1
         0   16    1
         0   17    1
         0   18    1
         0   19    1
         0   20    1
         0   21    1
         0   22    1
         0   23    1
         0   24    1
         0   25    1
 265127000   26    1
 245664000   27    1
 225202000   28    1
 207665000   29    1
 193282000   30    1
 181438000   31    1
 172868000   32    1
 168812000   33    1
 170577000   34    1
 173205000   35    1
 174953000   36    1
 175085000   37    1
 173723000   38    1
 167430000   39    1
 159022000   40    1
 151099000   41    1
 145087000   42    1
 142514000   43    1
 142063000   44    1
 142396000   45    1
 144831000   46    1
 149505000   47    1
 152109000   48    1
 153056000   49    1
 157318000   50    1
 164764000   51    1
 167975000   52    1
 168252000   53    1
 165337000   54    1
 161048000   55    1
 157615000   56    1
 152286000   57    1
 144983000   58    1
 136855000   59    1
 131742000   60    1
 127819000   61    1
 124941000   62    1
 124782000   63    1
 125202000   64    1
 125826000   65    1
 128677000   66    1
 131406000   67    1
 132867000   68    1
 133441000   69    1
 134265000   70    1
 134578000   71    1
 133419000   72    1
 131747000   73    1
 130598000   74    1
 131147000   75    1
 129377000   76    1
 126723000   77    1
 125026000   78    1
 124852000   79    1
 127282000   80    1
 126807000   81    1
 125893000   82    1
 125986000   83    1
 122872000   84    1
 116760000   85    1
 111442000   86    1
 111930000   87    1
 117125000   88    1
 120885000   89    1
 124662000   90    1
 127200000   91    1
 127187000   92    1
 126820000   93    1
 125616000   94    1
 123874000   95    1
 125022000   96    1
 130814000   97    1
 138594000   98    1
 146480000   99    1
 153779000  100    1
76 #_N_cpue
 #_Fleet Units Errtype
       1     1       0
       2     1       0
       3     1       0
 #_year seas index        obs se_log
     25    1     2 3190758440    0.2
     26    1     2 3643689497    0.2
     27    1     2 2849917383    0.2
     28    1     2 3267605740    0.2
     29    1     2 2626560754    0.2
     30    1     2 2755871859    0.2
     31    1     2 2135620387    0.2
     32    1     2 2467822571    0.2
     33    1     2 2770705002    0.2
     34    1     2 1630851133    0.2
     35    1     2 2368211761    0.2
     36    1     2 2349292291    0.2
     37    1     2 3397761967    0.2
     38    1     2 2486432615    0.2
     39    1     2 2420618233    0.2
     40    1     2 2183434489    0.2
     41    1     2 2764766354    0.2
     42    1     2 2532235994    0.2
     43    1     2 1970451951    0.2
     44    1     2 2465783776    0.2
     45    1     2 1860122860    0.2
     46    1     2 2340871609    0.2
     47    1     2 2479304212    0.2
     48    1     2 2706257546    0.2
     49    1     2 2183054607    0.2
     50    1     2 1602893021    0.2
     51    1     2 3206124240    0.2
     52    1     2 1787490694    0.2
     53    1     2 2317199872    0.2
     54    1     2 1620349292    0.2
     55    1     2 2132739160    0.2
     56    1     2 2500061642    0.2
     57    1     2 1907396759    0.2
     58    1     2 1865676783    0.2
     59    1     2 2557662528    0.2
     60    1     2 1690965211    0.2
     61    1     2 1782325367    0.2
     62    1     2 1944234066    0.2
     63    1     2 1728705519    0.2
     64    1     2 1389680940    0.2
     65    1     2 2008839325    0.2
     66    1     2 1635343273    0.2
     67    1     2 2032358298    0.2
     68    1     2 2569025639    0.2
     69    1     2 1868962826    0.2
     70    1     2 1948124693    0.2
     71    1     2 3069382648    0.2
     72    1     2 2086170464    0.2
     73    1     2 1555165788    0.2
     74    1     2 1324142812    0.2
     75    1     2 1631878486    0.2
     76    1     2 1891697296    0.2
     77    1     2 1416448386    0.2
     78    1     2 1628410500    0.2
     79    1     2 1336742634    0.2
     80    1     2 1799523701    0.2
     81    1     2 1836180926    0.2
     82    1     2 1677036389    0.2
     83    1     2 1696071159    0.2
     84    1     2 2061875120    0.2
     85    1     2 1205041004    0.2
     86    1     2 1641694532    0.2
     87    1     2 1270701590    0.2
     88    1     2 1710345316    0.2
     89    1     2 1650850589    0.2
     90    1     2 2009323340    0.2
     91    1     2 1906831463    0.2
     92    1     2 1777596708    0.2
     93    1     2 2221130490    0.2
     94    1     2 1706630677    0.2
     95    1     2 2086210735    0.2
     96    1     2 3234345213    0.2
     97    1     2 2112570640    0.2
     98    1     2 1790888087    0.2
     99    1     2 1736925009    0.2
    100    1     2 2639651455    0.2
0 #_N_discard_fleets
#_discard_units (1=same_as_catchunits(bio/num); 2=fraction; 3=numbers)
#_discard_errtype:  >0 for DF of T-dist(read CV below); 0 for normal with CV; -1 for normal with se; -2 for lognormal
0 #_N_discard
0 #_N_meanbodywt
1 #_DF_for_meanbodywt_T-distribution_like
2 # length bin method: 1=use databins; 2=generate from binwidth,min,max below; 3=read vector
1 # binwidth for population size comp
10 # minimum size in the population (lower edge of first bin and size at age 0.00)
200 # maximum size in the population (lower edge of last bin)
-0.001 #_comp_tail_compression
1e-05 #_add_to_comp
0 #_combine males into females at or below this bin number
21 #_N_lbins
#_lbin_vector
10 53 70 83 94 101 107 111 114 117 120 123 125 127 130 132 135 138 142 148 200
0 #_N_Length_comp_observations
25 #_N_agebins
#_agebin_vector
1 2 3 4 5 6 7 8 9 10 11 12 13 14 15 16 17 18 19 20 21 22 23 24 25
1 #_N_ageerror_definitions
 #_age0   age1   age2   age3   age4   age5   age6   age7   age8   age9  age10  age11  age12  age13  age14  age15  age16  age17  age18  age19  age20  age21  age22  age23  age24  age25
 -1.000 -1.000 -1.000 -1.000 -1.000 -1.000 -1.000 -1.000 -1.000 -1.000 -1.000 -1.000 -1.000 -1.000 -1.000 -1.000 -1.000 -1.000 -1.000 -1.000 -1.000 -1.000 -1.000 -1.000 -1.000 -1.000
  0.001  0.001  0.001  0.001  0.001  0.001  0.001  0.001  0.001  0.001  0.001  0.001  0.001  0.001  0.001  0.001  0.001  0.001  0.001  0.001  0.001  0.001  0.001  0.001  0.001  0.001
198 #_N_agecomp
1 #_Lbin_method: 1=poplenbins; 2=datalenbins; 3=lengths
-1 #_combine males into females at or below this bin number
 #_Yr Seas FltSvy Gender Part Ageerr Lbin_lo Lbin_hi Nsamp           a1         a2         a3         a4         a5         a6          a7          a8          a9         a10          a11          a12          a13          a14          a15          a16          a17          a18          a19          a20          a21          a22          a23          a24          a25
    2    1      1      0    0      1      -1      -1   100 0.0205287423 0.12319118 0.14674923 0.13287023 0.10911307 0.06772501 0.050031387 0.047376971 0.053841402 0.029598094 0.0456552447 0.0182599585 3.678746e-02 1.783904e-02 6.045061e-03 1.533567e-02 3.519524e-02 7.114579e-03 2.670921e-02 4.245229e-03 2.005792e-03 2.804985e-04 1.286814e-06 1.013581e-03 2.486839e-03
    3    1      1      0    0      1      -1      -1   100 0.0042990665 0.08151476 0.19881786 0.12161666 0.11211426 0.03204482 0.052450474 0.026593871 0.048161323 0.046376050 0.0104642437 0.0610898727 1.472129e-02 3.597843e-02 4.229287e-02 5.306136e-02 1.207566e-02 6.573797e-04 3.233218e-03 9.270995e-04 2.629884e-03 1.339646e-03 4.026718e-07 4.105218e-09 3.753949e-02
    4    1      1      0    0      1      -1      -1   100 0.0140822332 0.10281802 0.18500575 0.13349639 0.09643121 0.09830766 0.136321768 0.062284649 0.039965449 0.009987307 0.0157871767 0.0085830638 1.593531e-02 2.133793e-02 8.186597e-03 1.580508e-02 1.705623e-02 1.267345e-03 4.752488e-03 2.048707e-04 5.890090e-03 1.457375e-03 1.007219e-03 7.200618e-04 3.308728e-03
    5    1      1      0    0      1      -1      -1   100 0.0111185461 0.12420766 0.10797806 0.10318225 0.10697832 0.05809780 0.135781748 0.070140727 0.059353058 0.033295337 0.0243536727 0.0181792539 5.268356e-03 8.868235e-03 1.743531e-02 1.273336e-02 2.626532e-02 2.426881e-02 1.254021e-02 2.962595e-02 2.058750e-03 1.705906e-04 1.294985e-07 6.303848e-05 8.035503e-03
    6    1      1      0    0      1      -1      -1   100 0.0014262531 0.14061445 0.16264937 0.06107707 0.10153232 0.08954477 0.099230739 0.060362792 0.067142149 0.065031364 0.0136163020 0.0097174939 3.671946e-03 4.873344e-02 3.036412e-02 1.566632e-02 1.581844e-03 7.750555e-03 1.360443e-03 5.398289e-05 4.976420e-04 1.221721e-06 2.627458e-03 1.552086e-04 1.559073e-02
    7    1      1      0    0      1      -1      -1   100 0.0021619622 0.10146367 0.23969621 0.14632950 0.05126774 0.07842971 0.063047724 0.059985054 0.067370837 0.023573892 0.0366556223 0.0155219795 2.030643e-02 1.579191e-02 1.168363e-02 1.718563e-02 1.212471e-04 1.715970e-03 3.427171e-03 3.079705e-03 1.310612e-04 2.273693e-02 3.386037e-05 7.683763e-05 1.820571e-02
    8    1      1      0    0      1      -1      -1   100 0.0262895313 0.03778394 0.14430809 0.16108438 0.10658938 0.03774531 0.101029895 0.038987243 0.032361888 0.050423535 0.0611416743 0.0372271228 1.472736e-02 1.011734e-02 5.627696e-02 4.135571e-02 3.911660e-04 9.419487e-04 2.421729e-03 4.843092e-03 9.294509e-05 1.565073e-04 4.508583e-04 5.892025e-03 2.736037e-02
    9    1      1      0    0      1      -1      -1   100 0.0174001514 0.15833508 0.13446214 0.15042525 0.11158002 0.07802966 0.055779967 0.035588307 0.081224872 0.019693246 0.0178928240 0.0113866604 3.830380e-02 7.111611e-03 4.669427e-03 1.066359e-02 9.224147e-03 6.156656e-04 8.864758e-03 3.591491e-03 1.170784e-04 1.527611e-04 1.941779e-03 1.058100e-03 4.188761e-02
   10    1      1      0    0      1      -1      -1   100 0.0023498069 0.06995844 0.19403782 0.10282418 0.07044140 0.08514767 0.096096744 0.087623025 0.044133605 0.018356581 0.0760862749 0.0383513716 3.144286e-02 3.071534e-02 1.055015e-02 1.312748e-02 1.099323e-03 4.996057e-04 1.022086e-02 7.832205e-03 3.141075e-04 4.307256e-05 8.818046e-04 1.114857e-03 6.751423e-03
   11    1      1      0    0      1      -1      -1   100 0.0370616439 0.13439670 0.24214123 0.18552149 0.03891381 0.06410383 0.055366847 0.081915316 0.007456566 0.037359452 0.0209670356 0.0139935135 3.498203e-02 3.584156e-03 3.461601e-03 5.408198e-03 3.258610e-03 1.501068e-02 1.165457e-03 5.619012e-03 4.444106e-03 8.821987e-05 5.866482e-04 7.466463e-05 3.119194e-03
   12    1      1      0    0      1      -1      -1   100 0.0192565992 0.15396722 0.14431079 0.11371761 0.14155404 0.06107762 0.066786513 0.049469714 0.087536243 0.008525930 0.0154501612 0.0514355868 1.133149e-02 1.488061e-02 2.807391e-02 1.614791e-02 6.476001e-03 2.539136e-03 8.540359e-05 1.216891e-05 8.095494e-04 5.033780e-03 2.311006e-04 9.475419e-04 3.433730e-04
   13    1      1      0    0      1      -1      -1   100 0.0032474488 0.06898445 0.26969332 0.16860256 0.10809142 0.11494656 0.051043848 0.050532652 0.029594954 0.034869990 0.0235161761 0.0045184229 1.352459e-02 8.996660e-03 3.107663e-02 9.169253e-03 5.826041e-03 1.883068e-03 3.156831e-05 1.886017e-04 1.037537e-04 8.135977e-10 8.122462e-05 4.786578e-05 1.428936e-03
   14    1      1      0    0      1      -1      -1   100 0.0136418680 0.10566531 0.16338689 0.20199509 0.13523140 0.04285772 0.098421733 0.022505259 0.030700837 0.005436304 0.0667552894 0.0266724855 6.346472e-03 9.015686e-03 2.036346e-03 4.157183e-03 7.285809e-03 8.082078e-04 1.421360e-02 4.278416e-04 1.468446e-03 1.402301e-02 1.167555e-04 1.199729e-02 1.483317e-02
   15    1      1      0    0      1      -1      -1   100 0.0196348132 0.08012928 0.15486990 0.11837367 0.12375257 0.17302148 0.081896789 0.058223817 0.033031258 0.015775403 0.0111867321 0.0396155777 3.182510e-04 1.466126e-02 8.670471e-03 8.512505e-03 1.069517e-02 1.679908e-02 6.413532e-04 3.067132e-04 1.221698e-03 1.105131e-04 2.302384e-03 8.334301e-03 1.791501e-02
   16    1      1      0    0      1      -1      -1   100 0.0013662243 0.05138789 0.11643588 0.11008148 0.07996281 0.17522654 0.102225597 0.083991339 0.036944218 0.043671734 0.0135735476 0.0654405607 2.145199e-02 7.053859e-03 8.698199e-03 9.691134e-03 3.317199e-03 2.370254e-03 4.727113e-03 2.819006e-03 1.405326e-02 1.468960e-03 3.464725e-02 4.180986e-05 9.352158e-03
   17    1      1      0    0      1      -1      -1   100 0.0309357638 0.11012632 0.02910930 0.18298523 0.10162116 0.05316699 0.151388595 0.072112431 0.022714566 0.045842916 0.0106819844 0.0072516511 2.458854e-02 6.650098e-02 6.934530e-03 2.577416e-02 1.334190e-03 5.503849e-03 3.930572e-03 4.141301e-03 2.712079e-03 1.786044e-03 6.010373e-04 6.331431e-05 3.819249e-02
   18    1      1      0    0      1      -1      -1   100 0.0201741229 0.18737725 0.14944663 0.05287799 0.10543121 0.07781907 0.054714610 0.073417499 0.036448218 0.077361005 0.0658583758 0.0100926054 1.857853e-02 6.142970e-03 4.922912e-03 4.753539e-03 7.791998e-03 2.738407e-03 7.680442e-04 3.612740e-03 2.588468e-02 1.065497e-02 1.260109e-06 1.620563e-04 2.969299e-03
   19    1      1      0    0      1      -1      -1   100 0.0106472407 0.08935786 0.28753282 0.08041333 0.03951778 0.06391347 0.077642441 0.032878096 0.136114758 0.042547914 0.0166964727 0.0493992211 8.314028e-03 1.310770e-02 6.559789e-03 6.408312e-03 7.907937e-03 4.603704e-03 8.929304e-03 2.180596e-03 1.055302e-02 2.117012e-05 9.989487e-06 4.865109e-04 4.256544e-03
   20    1      1      0    0      1      -1      -1   100 0.0154841626 0.20713386 0.11452537 0.24597748 0.05897522 0.01982521 0.035391165 0.029941642 0.006917272 0.073512302 0.0314404958 0.0296602642 5.709768e-02 6.038192e-03 1.467726e-02 6.794673e-04 8.507112e-03 1.680031e-03 8.523068e-04 2.976033e-06 7.191013e-04 4.529991e-04 2.224467e-04 3.640500e-08 4.028593e-02
   21    1      1      0    0      1      -1      -1   100 0.0136827455 0.09195363 0.33455088 0.07724639 0.15385233 0.05588319 0.020594433 0.078315244 0.034254994 0.003295725 0.0432897457 0.0423444230 1.197665e-02 1.066764e-02 6.195140e-03 1.003902e-03 2.466514e-03 1.073882e-03 4.115133e-04 1.620290e-03 1.128538e-02 5.797971e-05 2.383552e-03 5.278871e-06 1.588540e-03
   22    1      1      0    0      1      -1      -1   100 0.0127156708 0.10402158 0.09476021 0.32097862 0.04543415 0.14151302 0.069353357 0.013583075 0.032834137 0.026613340 0.0108177656 0.0403904377 1.129392e-02 1.423809e-02 8.132981e-03 8.601338e-03 5.406345e-04 1.800264e-02 1.926425e-03 9.521709e-04 8.572948e-04 7.629198e-04 1.547546e-05 7.608726e-03 1.405202e-02
   23    1      1      0    0      1      -1      -1   100 0.0343659413 0.09679380 0.12291786 0.05802531 0.31762753 0.05643470 0.054008962 0.027201545 0.035255344 0.041725578 0.0493321756 0.0095173309 2.466572e-02 1.197486e-03 3.001004e-02 2.408151e-02 1.016598e-03 2.234573e-03 1.175386e-03 9.803380e-03 3.330798e-07 5.473343e-07 1.602029e-05 1.304383e-04 2.461899e-03
   24    1      1      0    0      1      -1      -1   100 0.0321565647 0.12622732 0.12413943 0.15385695 0.04835341 0.17263485 0.054801186 0.098420541 0.021051291 0.008351605 0.0526109530 0.0094541610 1.499286e-03 1.608928e-02 3.128882e-02 7.421725e-03 1.205041e-02 6.394067e-03 2.945305e-03 7.121799e-03 3.428410e-03 1.109837e-09 7.806532e-04 4.179333e-03 4.742652e-03
   25    1      1      0    0      1      -1      -1   100 0.0060337840 0.15509893 0.11490843 0.07118533 0.07904366 0.09966497 0.138116518 0.029560464 0.074140227 0.014210417 0.0050298088 0.0279296433 3.896989e-02 5.241644e-02 4.153264e-02 5.997387e-04 1.187181e-02 5.508102e-03 8.822692e-03 2.284440e-04 5.082848e-05 3.736196e-04 6.162119e-13 2.111333e-04 2.449248e-02
   26    1      1      0    0      1      -1      -1   100 0.0004113474 0.08408040 0.20055079 0.08624377 0.07749941 0.04097011 0.107090558 0.172115741 0.009998711 0.055253689 0.0258520496 0.0280698191 1.001526e-02 4.499981e-03 1.039951e-02 1.334836e-02 1.434236e-02 3.842236e-04 1.686891e-02 1.185739e-03 7.461859e-03 6.524986e-03 4.541746e-06 9.843179e-04 2.584355e-02
   27    1      1      0    0      1      -1      -1   100 0.0135646872 0.15484536 0.12290948 0.14791953 0.07889341 0.05101493 0.046076404 0.031507568 0.166619170 0.034267113 0.0208924391 0.0544558835 2.347629e-03 8.455668e-03 2.700363e-04 1.403651e-03 1.480569e-02 7.163254e-04 7.093475e-04 1.360520e-02 2.331255e-02 5.712629e-05 5.002913e-04 5.743849e-03 5.106659e-03
   28    1      1      0    0      1      -1      -1   100 0.0147115992 0.13594952 0.11609251 0.06852733 0.21420501 0.13077211 0.040153886 0.038827625 0.031602579 0.072155396 0.0103450592 0.0486178877 1.377706e-02 3.018104e-02 3.035949e-03 5.606688e-03 1.142485e-03 1.450457e-02 1.355948e-03 5.266403e-05 3.674078e-04 9.768353e-06 1.394541e-03 2.671799e-07 6.611103e-03
   29    1      1      0    0      1      -1      -1   100 0.0185260620 0.20163170 0.12424685 0.08753051 0.07788687 0.11674325 0.027945832 0.041629646 0.051404888 0.024090949 0.1034869122 0.0131253748 1.561297e-02 2.205624e-02 2.231942e-03 1.201774e-03 1.676080e-03 2.875615e-04 2.083266e-02 1.147656e-02 9.221580e-03 8.008930e-03 1.541910e-06 4.455663e-04 1.869776e-02
   30    1      1      0    0      1      -1      -1   100 0.0080634352 0.20886372 0.24239001 0.09829429 0.03404059 0.07536132 0.118746128 0.066407024 0.006120868 0.027115089 0.0102789855 0.0300535312 1.202384e-02 1.821452e-02 3.522940e-03 3.619155e-04 8.099074e-04 2.434191e-03 2.153759e-03 1.201210e-03 3.425595e-03 6.249379e-04 2.861664e-03 1.537086e-02 1.125968e-02
   31    1      1      0    0      1      -1      -1   100 0.0025212466 0.14273769 0.11500038 0.22224113 0.10698905 0.04255247 0.128137195 0.068767264 0.053312161 0.018900050 0.0233631846 0.0023309206 1.154693e-02 5.394820e-03 1.812724e-02 2.044479e-03 7.728647e-03 9.917443e-03 4.918468e-04 1.089671e-08 2.642285e-03 8.481662e-06 2.470312e-03 3.666482e-03 9.108278e-03
   32    1      1      0    0      1      -1      -1   100 0.0367952013 0.10670548 0.16541290 0.08612892 0.08277670 0.11278722 0.033810934 0.034282025 0.068998727 0.100513405 0.0094428142 0.0015177377 2.579610e-02 4.076974e-02 1.392654e-02 5.983023e-02 2.417405e-03 1.265548e-04 3.911364e-03 2.795517e-03 1.016419e-04 2.468988e-04 3.696033e-04 1.447691e-06 1.053490e-02
   33    1      1      0    0      1      -1      -1   100 0.0260016104 0.27777062 0.18904751 0.14018862 0.04933683 0.08383181 0.024974366 0.008749916 0.003690709 0.028950346 0.0472091966 0.0028539764 1.429460e-03 1.920883e-02 3.789744e-02 1.159128e-02 2.330426e-02 1.510564e-02 1.255640e-03 2.176215e-03 3.063281e-04 1.611379e-03 2.904942e-03 1.167097e-04 4.863744e-04
   34    1      1      0    0      1      -1      -1   100 0.0157854735 0.17340545 0.30500556 0.11406483 0.06051572 0.09134943 0.024631737 0.052145308 0.001316964 0.012905810 0.0581674113 0.0567436284 3.403207e-03 4.283391e-03 3.016635e-04 1.238438e-03 7.576919e-03 1.685146e-03 1.028778e-02 2.684016e-04 1.379260e-05 9.741925e-04 1.000169e-07 6.390312e-05 3.865745e-03
   35    1      1      0    0      1      -1      -1   100 0.0139639889 0.22236321 0.21003279 0.17016330 0.09245890 0.04844235 0.054365334 0.037883114 0.014039377 0.008255900 0.0132103315 0.0718755147 7.513365e-03 4.071082e-03 1.505006e-02 7.973116e-03 1.947719e-03 2.164346e-04 1.603459e-03 3.947298e-04 2.909210e-13 5.819002e-04 7.994151e-04 4.334329e-06 2.790266e-03
   36    1      1      0    0      1      -1      -1   100 0.0575895458 0.04852952 0.20208001 0.21302101 0.15058826 0.08048183 0.104453695 0.018033454 0.006005144 0.018081970 0.0293346523 0.0005772156 1.871527e-02 1.804401e-03 1.355765e-03 2.873810e-02 1.444629e-03 8.070289e-03 8.029338e-03 1.872247e-04 2.298084e-06 1.205122e-07 1.107764e-03 1.144482e-04 1.654053e-03
   37    1      1      0    0      1      -1      -1   100 0.0013581414 0.19585897 0.17651297 0.08661036 0.13685963 0.15972793 0.039337115 0.033537015 0.055420621 0.009806438 0.0116100076 0.0026675489 2.707805e-03 3.290172e-02 1.378844e-02 3.984992e-03 1.309378e-02 1.357188e-03 8.576014e-03 6.679238e-04 2.390192e-03 2.848669e-03 4.055449e-06 5.977347e-03 2.395121e-03
   38    1      1      0    0      1      -1      -1   100 0.0168104353 0.10629243 0.21365215 0.13819891 0.13905974 0.10347945 0.070168346 0.033107336 0.042896901 0.057328662 0.0338914909 0.0136965335 3.935526e-03 2.270038e-03 1.174178e-02 1.568442e-03 2.753178e-03 2.428737e-05 3.536144e-03 2.371464e-03 9.869556e-05 2.597941e-03 2.459605e-04 1.331617e-05 2.608365e-04
   39    1      1      0    0      1      -1      -1   100 0.0186215672 0.06554102 0.14207467 0.18662806 0.07855513 0.07905075 0.087898020 0.109573517 0.025034318 0.030689630 0.0435346366 0.0317627664 7.078142e-03 1.543554e-02 2.785560e-03 3.062638e-02 6.570205e-04 1.284346e-02 2.939960e-05 2.771499e-04 3.429435e-05 5.059255e-05 5.347887e-03 1.605228e-24 2.587048e-02
   40    1      1      0    0      1      -1      -1   100 0.0267941438 0.12407046 0.14112560 0.12249527 0.17383350 0.06609425 0.097598963 0.049206217 0.089751441 0.010063178 0.0096798967 0.0331390780 2.512406e-02 9.443574e-04 6.298565e-05 3.209928e-03 5.172018e-03 4.149522e-04 1.982282e-05 2.742709e-05 1.123132e-02 1.027080e-03 6.761772e-06 3.242321e-03 5.664977e-03
   41    1      1      0    0      1      -1      -1   100 0.0154858402 0.16832436 0.17071270 0.09107816 0.09308936 0.09895674 0.068324936 0.098540946 0.050288887 0.044200841 0.0224397439 0.0278170134 1.472504e-02 2.327378e-03 1.142011e-02 1.032214e-03 5.411909e-03 2.577322e-03 5.023444e-03 4.902685e-05 9.363140e-10 5.920035e-12 7.929158e-03 1.524870e-08 2.448461e-04
   42    1      1      0    0      1      -1      -1   100 0.0044132091 0.18355152 0.14598022 0.13491704 0.07992412 0.06027339 0.061310698 0.092910897 0.025397768 0.054457304 0.0690154367 0.0559283012 9.009949e-03 5.680573e-04 1.460735e-02 3.912720e-03 2.030373e-06 5.015478e-04 9.882032e-06 4.662465e-07 1.935953e-07 2.687360e-05 3.403155e-10 1.995551e-03 1.285480e-03
   43    1      1      0    0      1      -1      -1   100 0.0785050623 0.20235732 0.14228980 0.16405982 0.08152096 0.05908895 0.032359708 0.045944919 0.034566832 0.057120537 0.0240137468 0.0168871787 1.597231e-02 8.048162e-04 2.159081e-02 1.165064e-03 9.128603e-03 1.298639e-03 3.972974e-05 1.820814e-03 7.164694e-04 7.168887e-10 4.370160e-03 4.037919e-03 3.398157e-04
   44    1      1      0    0      1      -1      -1   100 0.0500718607 0.16175474 0.21739216 0.15281501 0.06112951 0.05301717 0.034171208 0.028753181 0.067466588 0.025950003 0.0206464436 0.0417180858 2.271845e-02 8.999987e-03 1.434928e-02 2.321753e-03 6.703996e-04 1.949484e-02 2.993884e-06 1.944820e-09 3.012169e-04 3.045304e-03 3.798329e-03 2.146246e-03 7.265234e-03
   45    1      1      0    0      1      -1      -1   100 0.0221960351 0.15817985 0.19850528 0.14278919 0.13588651 0.09385007 0.045307548 0.022539241 0.028386126 0.093492617 0.0138933097 0.0131765707 2.461201e-03 1.647813e-02 5.556540e-04 7.910533e-03 4.129690e-05 2.693389e-06 3.605063e-06 1.423467e-04 1.146017e-08 1.048036e-04 6.560952e-04 2.315285e-03 1.125993e-03
   46    1      1      0    0      1      -1      -1   100 0.0211212834 0.23479618 0.18686707 0.13818770 0.09678499 0.10712609 0.051613327 0.016173461 0.020842234 0.004760141 0.0388126350 0.0135905577 5.574177e-03 4.057421e-03 1.349007e-02 9.451204e-06 7.830813e-03 9.246994e-03 2.261763e-02 2.045458e-07 2.267074e-11 2.928779e-05 5.327555e-08 2.195857e-16 6.468231e-03
   47    1      1      0    0      1      -1      -1   100 0.0136665041 0.22020648 0.25459915 0.13758770 0.09205171 0.05438485 0.063388739 0.053677741 0.027514555 0.006802645 0.0087957625 0.0144671558 6.954292e-03 1.910079e-03 1.556242e-02 7.291881e-03 1.268990e-04 1.271867e-02 1.066095e-03 1.999057e-03 4.003547e-04 4.805793e-03 7.663847e-22 1.047174e-07 2.136141e-05
   48    1      1      0    0      1      -1      -1   100 0.0012713600 0.12330330 0.19311556 0.16981237 0.14547581 0.05885324 0.096520451 0.074306403 0.027759804 0.018195884 0.0227348748 0.0229027248 7.271855e-03 6.873098e-03 4.010250e-05 6.411772e-03 2.276581e-03 9.234634e-03 8.262775e-03 1.672355e-03 3.094536e-04 9.866653e-04 1.888246e-07 2.418443e-24 2.408735e-03
   49    1      1      0    0      1      -1      -1   100 0.0254823466 0.17268510 0.12885771 0.14092328 0.18527676 0.10013232 0.040357760 0.043912196 0.050972367 0.001556807 0.0244046194 0.0063489089 2.350083e-03 3.500654e-02 2.571502e-02 3.507643e-07 5.327813e-03 9.121062e-03 1.517455e-05 4.802643e-04 1.167782e-06 1.735413e-05 5.840173e-08 7.368369e-13 1.054942e-03
   50    1      1      0    0      1      -1      -1   100 0.0125625866 0.22514846 0.14657464 0.17461837 0.09616819 0.12926575 0.028110430 0.061252493 0.024203680 0.033932680 0.0084785825 0.0013986664 1.715394e-04 6.443400e-03 1.331173e-03 4.241437e-03 1.440858e-04 1.269207e-02 2.998225e-02 1.106774e-04 3.608991e-04 3.781877e-17 1.239401e-05 5.138513e-18 2.795545e-03
   51    1      1      0    0      1      -1      -1   100 0.0191981979 0.08766704 0.32446265 0.12514606 0.13845844 0.09041657 0.052205651 0.030637144 0.020520914 0.010269014 0.0145624430 0.0014692116 8.489807e-03 2.007658e-02 2.143293e-02 3.961922e-03 1.930629e-02 7.932941e-03 3.970779e-07 8.670790e-04 4.453027e-04 1.718807e-07 9.204772e-09 3.823435e-18 2.473251e-03
   52    1      1      0    0      1      -1      -1   100 0.0156370874 0.14385782 0.14587111 0.24371726 0.09319317 0.08012859 0.066117258 0.087924946 0.027687601 0.032585194 0.0137815828 0.0103053237 2.991078e-03 4.054003e-03 8.165203e-03 5.954578e-04 4.199360e-03 3.814504e-04 5.538515e-03 4.525631e-05 3.384843e-05 2.541938e-15 3.695269e-06 4.832756e-11 1.318517e-02
   53    1      1      0    0      1      -1      -1   100 0.0008980867 0.11306861 0.12067340 0.12494590 0.26110720 0.12312240 0.063516805 0.054692540 0.015652767 0.022607980 0.0508980825 0.0123299937 1.749834e-03 8.611077e-03 1.721262e-03 1.267620e-02 8.539557e-04 2.953289e-03 1.045887e-07 2.545534e-08 5.462772e-03 8.473751e-04 1.662996e-06 2.772751e-05 1.580951e-03
   54    1      1      0    0      1      -1      -1   100 0.0125372836 0.09037993 0.13704703 0.13717705 0.08858049 0.21259498 0.038442410 0.043269031 0.046025189 0.090749631 0.0207475734 0.0283606043 5.629875e-03 3.230532e-03 2.126277e-03 1.012358e-05 6.258329e-04 9.909716e-04 2.323494e-02 3.540286e-11 6.845241e-03 3.473883e-05 7.974561e-04 2.215097e-08 1.056279e-02
   55    1      1      0    0      1      -1      -1   100 0.0007155754 0.20590329 0.16827066 0.04679219 0.06242823 0.14113199 0.196353976 0.036519816 0.011487405 0.048256000 0.0349824552 0.0216629249 3.478397e-03 1.094934e-02 6.082377e-03 2.638301e-04 1.322382e-09 1.003636e-03 9.460500e-05 2.603389e-04 5.421800e-04 1.132672e-03 3.937171e-07 9.124340e-08 1.687609e-03
   56    1      1      0    0      1      -1      -1   100 0.0058689916 0.11852548 0.20613822 0.13100298 0.08440556 0.07711820 0.142187118 0.052320901 0.042983672 0.048695166 0.0232872672 0.0323661756 9.836439e-03 8.553215e-03 1.913547e-04 3.836040e-03 1.363534e-07 2.912660e-04 5.941809e-12 9.903791e-04 3.509534e-05 3.797088e-13 1.044375e-02 2.267781e-22 9.225917e-04
   57    1      1      0    0      1      -1      -1   100 0.0005734497 0.11151469 0.15519832 0.17921666 0.02802910 0.09575741 0.050768967 0.106976056 0.080572812 0.027470823 0.0267584259 0.0504450699 2.469874e-03 3.158055e-02 2.254035e-02 7.967734e-04 9.338189e-03 2.204699e-03 3.779466e-03 1.232853e-08 2.643660e-04 3.631967e-03 8.320941e-03 1.876610e-05 1.772251e-03
   58    1      1      0    0      1      -1      -1   100 0.0059006457 0.08805596 0.14083452 0.15955363 0.14537187 0.04616853 0.071150420 0.021740920 0.035989387 0.126732243 0.0291392222 0.0316796655 2.086975e-02 3.665026e-02 1.257025e-02 5.348534e-04 9.710035e-05 1.443248e-02 5.729164e-05 1.338845e-03 1.620912e-14 2.244340e-03 7.018005e-03 2.692277e-19 1.869833e-03
   59    1      1      0    0      1      -1      -1   100 0.0162890091 0.13421636 0.09219766 0.11188066 0.11870619 0.13647540 0.053897718 0.090237152 0.060962183 0.028718272 0.0600181411 0.0196257625 1.176016e-03 3.763267e-02 2.279489e-02 7.193801e-03 1.479940e-03 8.045786e-09 3.476696e-03 3.154003e-04 1.358829e-05 1.440088e-03 2.255511e-07 1.252147e-03 3.541120e-08
   60    1      1      0    0      1      -1      -1   100 0.0201133419 0.21266283 0.16374592 0.08604008 0.08225962 0.10740093 0.109474029 0.020878915 0.027514552 0.025045760 0.0141798228 0.0484736696 2.577530e-02 1.975850e-02 3.882317e-03 8.399546e-05 8.547923e-06 2.200479e-03 1.218672e-02 2.519120e-03 3.295515e-03 5.698076e-03 4.166542e-04 6.634696e-16 6.385312e-03
   61    1      1      0    0      1      -1      -1   100 0.0340414051 0.10968795 0.18857117 0.21476337 0.03863104 0.13288725 0.049739375 0.046141174 0.022119640 0.032144063 0.0204160440 0.0166389702 6.434573e-02 9.586448e-03 5.167799e-04 4.785797e-03 7.360885e-03 2.481610e-03 1.841985e-04 3.233179e-03 9.237916e-04 5.667381e-08 6.469434e-04 2.745753e-07 1.528676e-04
   62    1      1      0    0      1      -1      -1   100 0.0160211821 0.21163422 0.17834732 0.09904934 0.23286969 0.01951113 0.038751299 0.028772553 0.039457593 0.007207180 0.0367810625 0.0143083277 1.396499e-02 4.610302e-02 8.321817e-03 2.366151e-04 6.497334e-03 4.920869e-04 1.352896e-03 6.227157e-05 1.146979e-05 2.147815e-04 2.768468e-05 1.356159e-06 2.779308e-06
   63    1      1      0    0      1      -1      -1   100 0.0412923968 0.16204883 0.20818897 0.13034146 0.08571674 0.16232304 0.004165986 0.031083385 0.018850261 0.039099931 0.0196975445 0.0067213866 5.027527e-03 5.101464e-03 2.943670e-02 7.473290e-03 7.241512e-04 3.332772e-02 5.138643e-07 2.804819e-06 2.422741e-05 6.704331e-03 2.334566e-07 1.221648e-15 2.647093e-03
   64    1      1      0    0      1      -1      -1   100 0.0334039460 0.16560635 0.24917827 0.21099689 0.03782698 0.07853151 0.054144344 0.024887993 0.042391959 0.014809058 0.0092636297 0.0167783544 8.072922e-04 3.998876e-02 5.873640e-04 3.289130e-03 5.591289e-04 2.952081e-03 5.028753e-03 4.121639e-03 3.840257e-11 1.093705e-08 6.274513e-05 4.713430e-03 7.037331e-05
   65    1      1      0    0      1      -1      -1   100 0.0268211074 0.20662875 0.11714016 0.22213655 0.16798226 0.06547660 0.039051967 0.020711386 0.006574959 0.018884081 0.0193283237 0.0442216014 5.959249e-03 4.833443e-03 1.126860e-02 2.464744e-03 1.102689e-02 3.732335e-03 4.759008e-08 5.445302e-03 6.713600e-05 2.317824e-04 3.009031e-17 9.604334e-06 3.115311e-06
   66    1      1      0    0      1      -1      -1   100 0.0425201412 0.17014020 0.19725119 0.11576109 0.16298830 0.08264433 0.086945657 0.052516665 0.008501548 0.003001041 0.0017083477 0.0295529558 2.612701e-02 2.415503e-04 6.693609e-03 1.641910e-03 1.459962e-03 1.776394e-03 7.090558e-03 1.406410e-03 9.762777e-09 3.042684e-05 4.264924e-14 4.189695e-07 2.738925e-07
   67    1      1      0    0      1      -1      -1   100 0.0164239307 0.13429023 0.29266238 0.15406267 0.13799987 0.06945620 0.055594788 0.023696832 0.018756832 0.044881164 0.0004999479 0.0086447588 2.368663e-03 9.196332e-04 5.232891e-03 2.995574e-03 2.879782e-02 9.194390e-05 4.081679e-04 5.235189e-06 3.778713e-06 1.123369e-03 6.560317e-06 5.521624e-08 1.076691e-03
   68    1      1      0    0      1      -1      -1   100 0.0021512206 0.09425575 0.27075965 0.20617030 0.14973293 0.01879669 0.101482427 0.060725710 0.015243945 0.008920643 0.0274985091 0.0072899103 1.929967e-02 7.098185e-04 1.531920e-03 1.010870e-04 3.265046e-05 7.567898e-04 5.496889e-05 9.627265e-06 5.481682e-03 4.095870e-06 3.806700e-03 1.679920e-06 5.181631e-03
   69    1      1      0    0      1      -1      -1   100 0.0141051887 0.09777422 0.23104021 0.11151641 0.14321539 0.14155515 0.043417137 0.040905148 0.021692650 0.016800479 0.0174543553 0.0417758927 2.015846e-03 2.320573e-02 3.231231e-03 2.498034e-02 4.364997e-04 5.400819e-04 6.472107e-03 3.675710e-03 1.124458e-04 6.475227e-07 7.906040e-04 1.328652e-02 3.206336e-09
   70    1      1      0    0      1      -1      -1   100 0.0024968528 0.20180683 0.17704975 0.17037202 0.09546437 0.10192513 0.084543532 0.031061644 0.016757569 0.020158397 0.0249491541 0.0128049951 2.720920e-03 4.889728e-03 1.739516e-02 2.216972e-03 2.635658e-02 1.071030e-05 3.243191e-06 2.067645e-03 1.511670e-07 4.638580e-04 4.268920e-04 2.432347e-03 1.625557e-03
   71    1      1      0    0      1      -1      -1   100 0.0259831684 0.14351361 0.14641077 0.24785877 0.07593163 0.07795612 0.081212035 0.046640838 0.029718219 0.033421064 0.0058082050 0.0063740774 1.452461e-02 1.477219e-02 3.586154e-03 7.838596e-03 9.778705e-03 2.044962e-02 5.007743e-04 1.286033e-03 5.094882e-14 9.878989e-04 2.853870e-06 4.566677e-06 5.439491e-03
   72    1      1      0    0      1      -1      -1   100 0.0244716882 0.19090068 0.15448412 0.17492303 0.09669757 0.15173513 0.019781741 0.048745769 0.070688903 0.006754503 0.0081759506 0.0088757046 1.482759e-03 2.469881e-02 4.650771e-03 3.992608e-03 3.845283e-03 7.103820e-07 3.472225e-05 7.261479e-07 4.900571e-03 4.527466e-26 6.238897e-12 4.514363e-05 1.131016e-04
   73    1      1      0    0      1      -1      -1   100 0.0129587683 0.13981250 0.19282179 0.11921889 0.18030125 0.09226236 0.045478695 0.024655638 0.050363494 0.008734479 0.0228346773 0.0558891898 1.412517e-02 2.364458e-02 5.995558e-04 3.782064e-03 1.705732e-07 1.513557e-05 1.366828e-03 1.860388e-06 8.793066e-07 1.690545e-07 1.192994e-04 1.916242e-03 9.096307e-03
   74    1      1      0    0      1      -1      -1   100 0.0149471983 0.20618175 0.10664515 0.16149000 0.09147728 0.13418412 0.060058784 0.049157699 0.016735275 0.034837456 0.0079903570 0.0468584445 1.945976e-02 2.232785e-02 1.520080e-03 1.807731e-03 4.666063e-03 2.712381e-09 3.934255e-03 4.618785e-04 8.902503e-07 3.491802e-03 2.397819e-06 2.372426e-04 1.152653e-02
   75    1      1      0    0      1      -1      -1   100 0.0038532661 0.19334187 0.27664563 0.08107451 0.09935732 0.06212572 0.073950597 0.078922939 0.037715832 0.009184737 0.0431684300 0.0182547256 2.723930e-04 7.254636e-03 4.713059e-03 2.615436e-03 2.050076e-05 6.408335e-07 2.875363e-06 2.768705e-06 1.451958e-07 4.647496e-03 3.106983e-06 1.042402e-06 2.870328e-03
   76    1      1      0    0      1      -1      -1   100 0.0134633733 0.06296692 0.23967787 0.25190390 0.07862418 0.07062231 0.068125396 0.038113148 0.062453233 0.035566577 0.0271859088 0.0152844434 8.606631e-03 5.245033e-04 5.236175e-03 5.492481e-04 1.305011e-03 1.128361e-03 4.315656e-08 1.931222e-03 1.524287e-02 7.254060e-04 1.035001e-04 1.686048e-25 6.597674e-04
   77    1      1      0    0      1      -1      -1   100 0.0164662016 0.16866573 0.10737467 0.13505333 0.18903378 0.04678460 0.079668267 0.026277851 0.044548487 0.071854866 0.0070881890 0.0273508879 6.288038e-03 1.411035e-02 1.769630e-02 2.760426e-02 3.840854e-04 2.859034e-05 2.710221e-03 4.014429e-03 6.747960e-22 3.482601e-06 5.852704e-04 5.815466e-09 6.408087e-03
   78    1      1      0    0      1      -1      -1   100 0.0225317569 0.09068944 0.22405696 0.06142043 0.09948628 0.13636898 0.106567388 0.059884290 0.013797986 0.064955045 0.0259725052 0.0336431278 9.992402e-03 3.243821e-02 7.360635e-03 8.500209e-03 1.151018e-04 8.923614e-05 1.696279e-03 2.374258e-05 3.350128e-04 9.939528e-15 1.511892e-06 1.463714e-06 7.201166e-05
   79    1      1      0    0      1      -1      -1   100 0.0197923014 0.20624372 0.16948786 0.15905935 0.08268699 0.07039431 0.107577343 0.017309012 0.027586049 0.012023113 0.0311663057 0.0208484652 5.742676e-04 3.665825e-03 4.965273e-02 1.752214e-02 6.106665e-05 2.980507e-03 2.620855e-05 1.862745e-13 2.008437e-07 7.983607e-04 4.713679e-26 1.927952e-06 5.419544e-04
   80    1      1      0    0      1      -1      -1   100 0.0127094471 0.16605963 0.25490019 0.10120410 0.07890353 0.06121150 0.054269843 0.074292717 0.102610058 0.019132147 0.0167412301 0.0178102631 2.347848e-02 1.309384e-03 3.854699e-03 8.010885e-03 2.098831e-03 9.835717e-05 7.855496e-04 2.501728e-04 1.465544e-07 1.373189e-07 1.253992e-04 1.415240e-10 1.433076e-04
   81    1      1      0    0      1      -1      -1   100 0.0312322558 0.11638445 0.20252104 0.22579211 0.13182525 0.08100137 0.015732142 0.041393757 0.053709352 0.022260321 0.0126061165 0.0029246813 5.267049e-02 6.798209e-05 5.615817e-03 2.216820e-03 3.437356e-04 1.317070e-03 1.487247e-05 1.024733e-04 2.663352e-04 1.015993e-11 1.546329e-06 7.194802e-19 1.836642e-12
   82    1      1      0    0      1      -1      -1   100 0.0057364600 0.20951443 0.12842872 0.15170188 0.20672338 0.08259599 0.074052215 0.009670629 0.009172890 0.030624720 0.0180425777 0.0409657120 6.310494e-03 2.199210e-03 6.771256e-03 7.839018e-03 1.754815e-03 7.916331e-04 3.652303e-03 1.642710e-04 4.367699e-06 1.002362e-03 2.884242e-04 6.402319e-06 1.985835e-03
   83    1      1      0    0      1      -1      -1   100 0.0005278171 0.12335644 0.19450396 0.08094531 0.07796219 0.15292261 0.125600293 0.064710815 0.014418547 0.023029418 0.0436645898 0.0215751948 3.292063e-02 5.280204e-03 1.729384e-03 1.533885e-03 2.008543e-03 4.295197e-03 4.299371e-03 1.155409e-02 1.401355e-04 1.106786e-02 2.922165e-15 6.094750e-07 1.952905e-03
   84    1      1      0    0      1      -1      -1   100 0.0014589320 0.05009448 0.12569993 0.27236740 0.05557445 0.08504964 0.180322796 0.041178270 0.047629202 0.006516099 0.0241182234 0.0188683883 2.584646e-02 2.833369e-03 1.282472e-02 1.228159e-03 2.407993e-04 6.488074e-04 2.534545e-03 1.360416e-08 3.649636e-02 5.548013e-17 1.075433e-05 4.315527e-07 8.457766e-03
   85    1      1      0    0      1      -1      -1   100 0.0476014298 0.12566265 0.03507883 0.15404896 0.16023341 0.08739728 0.088149101 0.108145048 0.042190904 0.054801307 0.0095728853 0.0233487561 2.124927e-02 2.617497e-02 2.531691e-03 1.572798e-04 1.052347e-07 2.892004e-03 2.589489e-03 8.016488e-03 3.020056e-08 1.430679e-05 1.430029e-04 3.077777e-13 8.037982e-07
   86    1      1      0    0      1      -1      -1   100 0.0350497841 0.19888603 0.12490239 0.06659874 0.10298271 0.13326035 0.031703931 0.080857906 0.085982010 0.016463396 0.0322626825 0.0227702692 3.847464e-03 2.764842e-02 3.814988e-05 9.601058e-04 2.968790e-03 1.980980e-05 2.480702e-02 1.212359e-04 2.917830e-05 3.092562e-08 5.672645e-08 3.407285e-06 7.836128e-03
   87    1      1      0    0      1      -1      -1   100 0.0485872898 0.20944300 0.26131361 0.06368321 0.03265636 0.11637252 0.084409640 0.022715723 0.052013411 0.029489202 0.0118810639 0.0036598467 3.126426e-04 5.465702e-03 1.263909e-02 1.300096e-03 1.087549e-02 1.018996e-03 9.109508e-03 1.994004e-07 3.814650e-05 6.452882e-03 3.159388e-05 1.653049e-02 2.790089e-07
   88    1      1      0    0      1      -1      -1   100 0.0229067550 0.13935058 0.34606060 0.18922177 0.01637130 0.02301012 0.047262625 0.099927449 0.011052610 0.012659246 0.0377147681 0.0014615861 9.004178e-03 1.239684e-03 2.838268e-02 4.790237e-03 4.225926e-10 7.251487e-06 4.328339e-04 3.960935e-04 1.490739e-03 3.708242e-04 2.478506e-16 8.315941e-27 6.886066e-03
   89    1      1      0    0      1      -1      -1   100 0.0008291399 0.12953314 0.24298920 0.30767014 0.06189236 0.05217164 0.052872986 0.008640854 0.030379484 0.002631640 0.0179111826 0.0216965325 8.667356e-03 1.806851e-02 4.157900e-04 1.667175e-03 1.742889e-02 1.420104e-03 1.344825e-02 9.414764e-03 2.209148e-04 2.620326e-05 2.741607e-12 6.921229e-12 3.736756e-06
   90    1      1      0    0      1      -1      -1   100 0.0142558026 0.13549887 0.17798677 0.14280249 0.22628070 0.05393420 0.053348806 0.025538286 0.019642491 0.082212548 0.0158149494 0.0016977416 3.928980e-02 1.887663e-03 2.062112e-03 4.415276e-05 6.236794e-04 4.102372e-04 1.566292e-07 1.306806e-09 1.604130e-06 6.666919e-03 7.831702e-09 5.400737e-09 2.561689e-09
   91    1      1      0    0      1      -1      -1   100 0.0105594648 0.11056664 0.20001272 0.12601505 0.10291204 0.21774576 0.033242457 0.027891732 0.022372619 0.010570245 0.0142098572 0.0167027963 3.802254e-02 4.206603e-02 5.428806e-03 1.778036e-02 2.759685e-03 1.996742e-05 6.774277e-05 8.848417e-04 2.956165e-06 5.281089e-05 5.212453e-05 2.680650e-12 6.075827e-05
   92    1      1      0    0      1      -1      -1   100 0.0301936586 0.10907217 0.13484607 0.17133337 0.18952854 0.08461207 0.133969306 0.041151805 0.026134004 0.016021482 0.0124622793 0.0258317583 2.136319e-03 4.808103e-03 3.242892e-03 1.296478e-03 3.771909e-04 1.174679e-02 1.319317e-04 1.848718e-05 3.373037e-15 1.303269e-07 1.189224e-15 6.289975e-18 1.085154e-03
   93    1      1      0    0      1      -1      -1   100 0.0400126117 0.15103578 0.17408897 0.08592159 0.11230861 0.05996786 0.097641883 0.156603014 0.065632924 0.001530203 0.0062328859 0.0207214392 1.061639e-02 2.119637e-05 7.640485e-03 5.206720e-04 2.784656e-03 1.185164e-03 1.164540e-07 7.231680e-05 3.921804e-03 5.046184e-09 1.359682e-05 1.546061e-13 1.525829e-03
   94    1      1      0    0      1      -1      -1   100 0.0058399934 0.06736985 0.27555337 0.10718724 0.05566720 0.15383080 0.077785813 0.060137883 0.118966084 0.040842060 0.0003724776 0.0015133987 3.063159e-03 4.448967e-03 8.220540e-05 6.619624e-03 8.049536e-03 4.213581e-06 1.207249e-04 1.196329e-02 1.755996e-08 4.603147e-04 3.161171e-17 6.504530e-20 1.217964e-04
   95    1      1      0    0      1      -1      -1   100 0.0349655735 0.11796215 0.17879694 0.19699435 0.08935576 0.08793447 0.062410031 0.086433920 0.026589807 0.038556569 0.0619094912 0.0044023249 1.490186e-05 1.587560e-03 3.357302e-03 3.457999e-04 3.055513e-03 2.166758e-03 4.527960e-06 7.227587e-08 1.022194e-10 1.407766e-03 7.141925e-07 4.516310e-26 1.747706e-03
   96    1      1      0    0      1      -1      -1   100 0.0418962960 0.32259174 0.20628169 0.07215308 0.09701087 0.05697670 0.047994921 0.047205725 0.035982629 0.017853839 0.0151480641 0.0102776746 1.780789e-03 9.552848e-04 5.280269e-03 3.776198e-03 1.655669e-02 1.244968e-04 1.341498e-04 3.072205e-07 1.808143e-05 3.535207e-08 3.357686e-11 1.583446e-12 4.709668e-07
   97    1      1      0    0      1      -1      -1   100 0.0028107226 0.33902165 0.13397393 0.13983965 0.07558101 0.09037277 0.045638217 0.033191958 0.045806792 0.024934085 0.0147835979 0.0145724564 1.282745e-02 1.401897e-02 2.782607e-05 2.416017e-03 2.856416e-03 7.489030e-05 5.095432e-03 7.154707e-04 1.419372e-03 3.481679e-14 2.100550e-05 2.479738e-15 3.175631e-07
   98    1      1      0    0      1      -1      -1   100 0.0142898535 0.12279881 0.32068896 0.19305316 0.09980786 0.06301971 0.044389574 0.016933030 0.037406739 0.035310862 0.0101811102 0.0268835947 7.646722e-03 2.914765e-05 2.175172e-05 1.073013e-03 4.247363e-03 3.488649e-04 1.155707e-03 4.994728e-04 3.781763e-09 2.056632e-04 9.040659e-06 5.404000e-12 3.708517e-12
   99    1      1      0    0      1      -1      -1   100 0.0151790636 0.25307160 0.15630080 0.17908761 0.18108002 0.02988315 0.027114904 0.027406851 0.043400538 0.009313798 0.0467617298 0.0155263446 4.238222e-03 5.947949e-05 2.727017e-04 2.566682e-03 2.323466e-09 2.063497e-03 6.116575e-03 1.260108e-05 8.663651e-12 5.396929e-04 2.844063e-09 1.497202e-11 4.133975e-06
  100    1      1      0    0      1      -1      -1   100 0.0005595002 0.08110896 0.26708482 0.15598919 0.16120784 0.08945622 0.097636364 0.040592855 0.017511265 0.013423864 0.0164068532 0.0005792951 1.139731e-02 1.176716e-02 3.346166e-02 5.360178e-04 4.882551e-04 2.025188e-05 7.714795e-04 2.675474e-08 2.192201e-07 1.235414e-09 5.925738e-07 1.581446e-10 5.732396e-13
    2    1      2      0    0      1      -1      -1   100 0.0200000000 0.20000000 0.11000000 0.13000000 0.06000000 0.04000000 0.090000000 0.060000000 0.060000000 0.040000000 0.0500000000 0.0100000000 3.000000e-02 2.000000e-02 4.000000e-02 1.000000e-02 0.000000e+00 1.000000e-02 1.000000e-02 0.000000e+00 0.000000e+00 1.000000e-02 0.000000e+00 0.000000e+00 0.000000e+00
    3    1      2      0    0      1      -1      -1   100 0.0500000000 0.13000000 0.17000000 0.10000000 0.08000000 0.04000000 0.080000000 0.040000000 0.030000000 0.060000000 0.0600000000 0.0400000000 2.000000e-02 1.000000e-02 2.000000e-02 0.000000e+00 1.000000e-02 0.000000e+00 1.000000e-02 1.000000e-02 2.000000e-02 0.000000e+00 0.000000e+00 0.000000e+00 2.000000e-02
    4    1      2      0    0      1      -1      -1   100 0.0700000000 0.07000000 0.11000000 0.10000000 0.07000000 0.07000000 0.120000000 0.070000000 0.030000000 0.050000000 0.0000000000 0.0100000000 5.000000e-02 3.000000e-02 2.000000e-02 4.000000e-02 2.000000e-02 1.000000e-02 0.000000e+00 0.000000e+00 1.000000e-02 1.000000e-02 0.000000e+00 1.000000e-02 3.000000e-02
    5    1      2      0    0      1      -1      -1   100 0.0300000000 0.18000000 0.04000000 0.13000000 0.11000000 0.10000000 0.080000000 0.080000000 0.020000000 0.050000000 0.0400000000 0.0200000000 2.000000e-02 1.000000e-02 1.000000e-02 0.000000e+00 4.000000e-02 0.000000e+00 0.000000e+00 0.000000e+00 0.000000e+00 1.000000e-02 0.000000e+00 1.000000e-02 2.000000e-02
    6    1      2      0    0      1      -1      -1   100 0.0400000000 0.08000000 0.19000000 0.09000000 0.13000000 0.08000000 0.060000000 0.060000000 0.060000000 0.040000000 0.0300000000 0.0300000000 4.000000e-02 0.000000e+00 0.000000e+00 1.000000e-02 0.000000e+00 1.000000e-02 1.000000e-02 1.000000e-02 1.000000e-02 1.000000e-02 0.000000e+00 0.000000e+00 1.000000e-02
    7    1      2      0    0      1      -1      -1   100 0.0100000000 0.14000000 0.14000000 0.15000000 0.10000000 0.03000000 0.050000000 0.080000000 0.090000000 0.040000000 0.0300000000 0.0200000000 1.000000e-02 1.000000e-02 0.000000e+00 1.000000e-02 0.000000e+00 1.000000e-02 1.000000e-02 2.000000e-02 0.000000e+00 0.000000e+00 0.000000e+00 0.000000e+00 5.000000e-02
    8    1      2      0    0      1      -1      -1   100 0.0100000000 0.09000000 0.15000000 0.10000000 0.14000000 0.07000000 0.080000000 0.080000000 0.060000000 0.030000000 0.0200000000 0.0400000000 1.000000e-02 5.000000e-02 1.000000e-02 3.000000e-02 0.000000e+00 1.000000e-02 0.000000e+00 0.000000e+00 1.000000e-02 0.000000e+00 0.000000e+00 0.000000e+00 1.000000e-02
    9    1      2      0    0      1      -1      -1   100 0.0300000000 0.27000000 0.05000000 0.08000000 0.05000000 0.11000000 0.030000000 0.030000000 0.040000000 0.060000000 0.0300000000 0.0200000000 2.000000e-02 3.000000e-02 1.000000e-02 0.000000e+00 1.000000e-02 2.000000e-02 0.000000e+00 2.000000e-02 2.000000e-02 1.000000e-02 1.000000e-02 0.000000e+00 5.000000e-02
   10    1      2      0    0      1      -1      -1   100 0.0200000000 0.11000000 0.27000000 0.05000000 0.06000000 0.11000000 0.040000000 0.040000000 0.080000000 0.040000000 0.0000000000 0.0300000000 3.000000e-02 1.000000e-02 1.000000e-02 3.000000e-02 1.000000e-02 3.000000e-02 0.000000e+00 2.000000e-02 0.000000e+00 0.000000e+00 0.000000e+00 0.000000e+00 1.000000e-02
   11    1      2      0    0      1      -1      -1   100 0.0400000000 0.17000000 0.12000000 0.13000000 0.06000000 0.05000000 0.070000000 0.020000000 0.050000000 0.020000000 0.0500000000 0.0400000000 3.000000e-02 3.000000e-02 1.000000e-02 4.000000e-02 0.000000e+00 0.000000e+00 2.000000e-02 0.000000e+00 1.000000e-02 0.000000e+00 2.000000e-02 1.000000e-02 1.000000e-02
   12    1      2      0    0      1      -1      -1   100 0.0100000000 0.30000000 0.15000000 0.14000000 0.11000000 0.02000000 0.040000000 0.030000000 0.030000000 0.030000000 0.0200000000 0.0200000000 3.000000e-02 1.000000e-02 1.000000e-02 1.000000e-02 0.000000e+00 2.000000e-02 0.000000e+00 0.000000e+00 2.000000e-02 0.000000e+00 0.000000e+00 0.000000e+00 0.000000e+00
   13    1      2      0    0      1      -1      -1   100 0.0200000000 0.07000000 0.23000000 0.08000000 0.08000000 0.15000000 0.050000000 0.040000000 0.040000000 0.030000000 0.0300000000 0.0500000000 1.000000e-02 0.000000e+00 3.000000e-02 1.000000e-02 1.000000e-02 0.000000e+00 0.000000e+00 1.000000e-02 0.000000e+00 1.000000e-02 0.000000e+00 2.000000e-02 3.000000e-02
   14    1      2      0    0      1      -1      -1   100 0.0300000000 0.11000000 0.11000000 0.19000000 0.15000000 0.06000000 0.100000000 0.030000000 0.050000000 0.040000000 0.0200000000 0.0100000000 2.000000e-02 2.000000e-02 1.000000e-02 1.000000e-02 2.000000e-02 2.000000e-02 0.000000e+00 0.000000e+00 0.000000e+00 0.000000e+00 0.000000e+00 0.000000e+00 0.000000e+00
   15    1      2      0    0      1      -1      -1   100 0.0100000000 0.21000000 0.12000000 0.09000000 0.16000000 0.07000000 0.070000000 0.050000000 0.030000000 0.020000000 0.0500000000 0.0100000000 1.000000e-02 1.000000e-02 0.000000e+00 1.000000e-02 0.000000e+00 2.000000e-02 1.000000e-02 1.000000e-02 2.000000e-02 0.000000e+00 0.000000e+00 0.000000e+00 2.000000e-02
   16    1      2      0    0      1      -1      -1   100 0.0400000000 0.06000000 0.14000000 0.10000000 0.09000000 0.17000000 0.080000000 0.060000000 0.070000000 0.030000000 0.0300000000 0.0200000000 1.000000e-02 3.000000e-02 1.000000e-02 1.000000e-02 1.000000e-02 1.000000e-02 0.000000e+00 0.000000e+00 2.000000e-02 0.000000e+00 0.000000e+00 0.000000e+00 1.000000e-02
   17    1      2      0    0      1      -1      -1   100 0.0300000000 0.15000000 0.09000000 0.16000000 0.11000000 0.04000000 0.120000000 0.060000000 0.040000000 0.030000000 0.0400000000 0.0000000000 3.000000e-02 2.000000e-02 1.000000e-02 0.000000e+00 1.000000e-02 0.000000e+00 1.000000e-02 0.000000e+00 0.000000e+00 0.000000e+00 0.000000e+00 0.000000e+00 5.000000e-02
   18    1      2      0    0      1      -1      -1   100 0.0100000000 0.26000000 0.13000000 0.08000000 0.10000000 0.03000000 0.060000000 0.090000000 0.060000000 0.030000000 0.0500000000 0.0200000000 1.000000e-02 2.000000e-02 1.000000e-02 0.000000e+00 2.000000e-02 0.000000e+00 0.000000e+00 0.000000e+00 1.000000e-02 1.000000e-02 0.000000e+00 0.000000e+00 0.000000e+00
   19    1      2      0    0      1      -1      -1   100 0.0700000000 0.17000000 0.21000000 0.04000000 0.04000000 0.13000000 0.060000000 0.020000000 0.050000000 0.030000000 0.0100000000 0.0500000000 1.000000e-02 3.000000e-02 1.000000e-02 0.000000e+00 0.000000e+00 3.000000e-02 2.000000e-02 1.000000e-02 0.000000e+00 0.000000e+00 0.000000e+00 0.000000e+00 1.000000e-02
   20    1      2      0    0      1      -1      -1   100 0.0100000000 0.33000000 0.14000000 0.17000000 0.08000000 0.03000000 0.070000000 0.020000000 0.000000000 0.060000000 0.0100000000 0.0100000000 3.000000e-02 2.000000e-02 1.000000e-02 0.000000e+00 0.000000e+00 1.000000e-02 0.000000e+00 0.000000e+00 0.000000e+00 0.000000e+00 0.000000e+00 0.000000e+00 0.000000e+00
   21    1      2      0    0      1      -1      -1   100 0.0400000000 0.10000000 0.28000000 0.12000000 0.21000000 0.03000000 0.030000000 0.050000000 0.010000000 0.030000000 0.0600000000 0.0000000000 1.000000e-02 0.000000e+00 1.000000e-02 1.000000e-02 0.000000e+00 0.000000e+00 0.000000e+00 0.000000e+00 0.000000e+00 0.000000e+00 0.000000e+00 1.000000e-02 0.000000e+00
   22    1      2      0    0      1      -1      -1   100 0.0100000000 0.09000000 0.11000000 0.22000000 0.14000000 0.14000000 0.050000000 0.000000000 0.040000000 0.000000000 0.0400000000 0.0000000000 2.000000e-02 3.000000e-02 2.000000e-02 1.000000e-02 0.000000e+00 3.000000e-02 2.000000e-02 1.000000e-02 1.000000e-02 0.000000e+00 0.000000e+00 1.000000e-02 0.000000e+00
   23    1      2      0    0      1      -1      -1   100 0.0700000000 0.17000000 0.14000000 0.02000000 0.26000000 0.07000000 0.110000000 0.030000000 0.000000000 0.000000000 0.0400000000 0.0200000000 1.000000e-02 3.000000e-02 0.000000e+00 0.000000e+00 0.000000e+00 1.000000e-02 1.000000e-02 0.000000e+00 0.000000e+00 0.000000e+00 1.000000e-02 0.000000e+00 0.000000e+00
   24    1      2      0    0      1      -1      -1   100 0.0300000000 0.16000000 0.10000000 0.09000000 0.07000000 0.23000000 0.060000000 0.080000000 0.030000000 0.010000000 0.0100000000 0.0200000000 0.000000e+00 5.000000e-02 0.000000e+00 1.000000e-02 3.000000e-02 0.000000e+00 1.000000e-02 0.000000e+00 1.000000e-02 0.000000e+00 0.000000e+00 0.000000e+00 0.000000e+00
   25    1      2      0    0      1      -1      -1   100 0.0000000000 0.27000000 0.11000000 0.11000000 0.04000000 0.06000000 0.020000000 0.090000000 0.120000000 0.050000000 0.0000000000 0.0200000000 1.000000e-02 5.000000e-02 2.000000e-02 1.000000e-02 0.000000e+00 0.000000e+00 0.000000e+00 1.000000e-02 0.000000e+00 0.000000e+00 1.000000e-02 0.000000e+00 0.000000e+00
   26    1      2      0    0      1      -1      -1   100 0.0000000000 0.11000000 0.17000000 0.14000000 0.05000000 0.09000000 0.030000000 0.190000000 0.030000000 0.020000000 0.0100000000 0.0100000000 3.000000e-02 1.000000e-02 0.000000e+00 2.000000e-02 1.000000e-02 5.000000e-02 0.000000e+00 0.000000e+00 1.000000e-02 0.000000e+00 0.000000e+00 1.000000e-02 1.000000e-02
   27    1      2      0    0      1      -1      -1   100 0.0000000000 0.11000000 0.15000000 0.24000000 0.08000000 0.07000000 0.030000000 0.050000000 0.090000000 0.010000000 0.0400000000 0.0100000000 3.000000e-02 5.000000e-02 0.000000e+00 0.000000e+00 0.000000e+00 2.000000e-02 1.000000e-02 0.000000e+00 0.000000e+00 0.000000e+00 0.000000e+00 0.000000e+00 1.000000e-02
   28    1      2      0    0      1      -1      -1   100 0.0300000000 0.10000000 0.04000000 0.12000000 0.16000000 0.11000000 0.040000000 0.060000000 0.050000000 0.140000000 0.0200000000 0.0300000000 1.000000e-02 0.000000e+00 0.000000e+00 5.000000e-02 0.000000e+00 2.000000e-02 0.000000e+00 0.000000e+00 0.000000e+00 0.000000e+00 0.000000e+00 1.000000e-02 1.000000e-02
   29    1      2      0    0      1      -1      -1   100 0.0300000000 0.14000000 0.12000000 0.07000000 0.13000000 0.14000000 0.080000000 0.050000000 0.070000000 0.020000000 0.0500000000 0.0100000000 3.000000e-02 1.000000e-02 0.000000e+00 0.000000e+00 1.000000e-02 1.000000e-02 2.000000e-02 0.000000e+00 0.000000e+00 0.000000e+00 0.000000e+00 0.000000e+00 1.000000e-02
   30    1      2      0    0      1      -1      -1   100 0.0400000000 0.17000000 0.17000000 0.11000000 0.05000000 0.09000000 0.070000000 0.060000000 0.030000000 0.040000000 0.0200000000 0.0600000000 1.000000e-02 2.000000e-02 1.000000e-02 0.000000e+00 0.000000e+00 0.000000e+00 1.000000e-02 0.000000e+00 0.000000e+00 0.000000e+00 2.000000e-02 0.000000e+00 2.000000e-02
   31    1      2      0    0      1      -1      -1   100 0.0400000000 0.15000000 0.17000000 0.16000000 0.10000000 0.02000000 0.040000000 0.060000000 0.020000000 0.030000000 0.0500000000 0.0200000000 6.000000e-02 1.000000e-02 3.000000e-02 0.000000e+00 0.000000e+00 2.000000e-02 0.000000e+00 0.000000e+00 0.000000e+00 0.000000e+00 1.000000e-02 0.000000e+00 1.000000e-02
   32    1      2      0    0      1      -1      -1   100 0.0500000000 0.22000000 0.27000000 0.13000000 0.05000000 0.04000000 0.030000000 0.030000000 0.020000000 0.020000000 0.0200000000 0.0100000000 1.000000e-02 1.000000e-02 2.000000e-02 1.000000e-02 0.000000e+00 0.000000e+00 2.000000e-02 0.000000e+00 0.000000e+00 0.000000e+00 1.000000e-02 1.000000e-02 2.000000e-02
   33    1      2      0    0      1      -1      -1   100 0.0600000000 0.23000000 0.19000000 0.10000000 0.06000000 0.08000000 0.020000000 0.040000000 0.010000000 0.030000000 0.0500000000 0.0200000000 3.000000e-02 0.000000e+00 1.000000e-02 1.000000e-02 3.000000e-02 1.000000e-02 0.000000e+00 0.000000e+00 0.000000e+00 0.000000e+00 0.000000e+00 0.000000e+00 2.000000e-02
   34    1      2      0    0      1      -1      -1   100 0.0800000000 0.20000000 0.31000000 0.03000000 0.15000000 0.03000000 0.040000000 0.020000000 0.010000000 0.020000000 0.0100000000 0.0000000000 0.000000e+00 3.000000e-02 1.000000e-02 2.000000e-02 1.000000e-02 1.000000e-02 1.000000e-02 0.000000e+00 0.000000e+00 0.000000e+00 0.000000e+00 0.000000e+00 1.000000e-02
   35    1      2      0    0      1      -1      -1   100 0.0800000000 0.21000000 0.17000000 0.19000000 0.09000000 0.06000000 0.040000000 0.070000000 0.010000000 0.020000000 0.0100000000 0.0100000000 1.000000e-02 0.000000e+00 0.000000e+00 1.000000e-02 1.000000e-02 0.000000e+00 0.000000e+00 0.000000e+00 0.000000e+00 0.000000e+00 0.000000e+00 0.000000e+00 1.000000e-02
   36    1      2      0    0      1      -1      -1   100 0.0400000000 0.13000000 0.15000000 0.20000000 0.22000000 0.04000000 0.030000000 0.040000000 0.030000000 0.010000000 0.0200000000 0.0100000000 2.000000e-02 2.000000e-02 2.000000e-02 0.000000e+00 0.000000e+00 0.000000e+00 1.000000e-02 0.000000e+00 0.000000e+00 0.000000e+00 1.000000e-02 0.000000e+00 0.000000e+00
   37    1      2      0    0      1      -1      -1   100 0.0100000000 0.20000000 0.19000000 0.12000000 0.07000000 0.08000000 0.080000000 0.080000000 0.070000000 0.020000000 0.0300000000 0.0000000000 0.000000e+00 0.000000e+00 0.000000e+00 1.000000e-02 0.000000e+00 0.000000e+00 2.000000e-02 0.000000e+00 0.000000e+00 0.000000e+00 1.000000e-02 0.000000e+00 1.000000e-02
   38    1      2      0    0      1      -1      -1   100 0.0100000000 0.16000000 0.20000000 0.14000000 0.10000000 0.07000000 0.090000000 0.050000000 0.020000000 0.020000000 0.0200000000 0.0500000000 0.000000e+00 0.000000e+00 0.000000e+00 0.000000e+00 0.000000e+00 2.000000e-02 1.000000e-02 0.000000e+00 1.000000e-02 0.000000e+00 1.000000e-02 0.000000e+00 2.000000e-02
   39    1      2      0    0      1      -1      -1   100 0.0200000000 0.08000000 0.13000000 0.18000000 0.07000000 0.12000000 0.090000000 0.150000000 0.030000000 0.030000000 0.0200000000 0.0200000000 1.000000e-02 0.000000e+00 0.000000e+00 1.000000e-02 0.000000e+00 1.000000e-02 1.000000e-02 1.000000e-02 1.000000e-02 0.000000e+00 0.000000e+00 0.000000e+00 0.000000e+00
   40    1      2      0    0      1      -1      -1   100 0.0200000000 0.12000000 0.06000000 0.11000000 0.14000000 0.10000000 0.150000000 0.060000000 0.110000000 0.010000000 0.0100000000 0.0200000000 1.000000e-02 2.000000e-02 0.000000e+00 0.000000e+00 0.000000e+00 0.000000e+00 1.000000e-02 0.000000e+00 0.000000e+00 2.000000e-02 1.000000e-02 1.000000e-02 1.000000e-02
   41    1      2      0    0      1      -1      -1   100 0.0500000000 0.16000000 0.16000000 0.06000000 0.03000000 0.14000000 0.080000000 0.080000000 0.080000000 0.060000000 0.0100000000 0.0300000000 0.000000e+00 2.000000e-02 1.000000e-02 1.000000e-02 1.000000e-02 0.000000e+00 0.000000e+00 0.000000e+00 0.000000e+00 1.000000e-02 0.000000e+00 0.000000e+00 0.000000e+00
   42    1      2      0    0      1      -1      -1   100 0.0200000000 0.25000000 0.15000000 0.13000000 0.10000000 0.08000000 0.060000000 0.050000000 0.030000000 0.020000000 0.0300000000 0.0200000000 3.000000e-02 1.000000e-02 2.000000e-02 0.000000e+00 0.000000e+00 0.000000e+00 0.000000e+00 0.000000e+00 0.000000e+00 0.000000e+00 0.000000e+00 0.000000e+00 0.000000e+00
   43    1      2      0    0      1      -1      -1   100 0.0100000000 0.28000000 0.20000000 0.09000000 0.06000000 0.04000000 0.040000000 0.060000000 0.040000000 0.040000000 0.0400000000 0.0200000000 1.000000e-02 2.000000e-02 2.000000e-02 0.000000e+00 0.000000e+00 0.000000e+00 1.000000e-02 0.000000e+00 0.000000e+00 1.000000e-02 0.000000e+00 0.000000e+00 1.000000e-02
   44    1      2      0    0      1      -1      -1   100 0.0800000000 0.16000000 0.22000000 0.18000000 0.05000000 0.04000000 0.040000000 0.080000000 0.020000000 0.000000000 0.0200000000 0.0000000000 9.000000e-02 0.000000e+00 1.000000e-02 0.000000e+00 0.000000e+00 0.000000e+00 0.000000e+00 0.000000e+00 1.000000e-02 0.000000e+00 0.000000e+00 0.000000e+00 0.000000e+00
   45    1      2      0    0      1      -1      -1   100 0.0600000000 0.20000000 0.14000000 0.17000000 0.10000000 0.09000000 0.040000000 0.000000000 0.060000000 0.040000000 0.0000000000 0.0400000000 2.000000e-02 1.000000e-02 1.000000e-02 2.000000e-02 0.000000e+00 0.000000e+00 0.000000e+00 0.000000e+00 0.000000e+00 0.000000e+00 0.000000e+00 0.000000e+00 0.000000e+00
   46    1      2      0    0      1      -1      -1   100 0.0500000000 0.22000000 0.16000000 0.13000000 0.14000000 0.06000000 0.040000000 0.030000000 0.040000000 0.010000000 0.0300000000 0.0100000000 2.000000e-02 4.000000e-02 1.000000e-02 0.000000e+00 1.000000e-02 0.000000e+00 0.000000e+00 0.000000e+00 0.000000e+00 0.000000e+00 0.000000e+00 0.000000e+00 0.000000e+00
   47    1      2      0    0      1      -1      -1   100 0.0400000000 0.17000000 0.21000000 0.14000000 0.11000000 0.13000000 0.070000000 0.050000000 0.030000000 0.010000000 0.0000000000 0.0100000000 0.000000e+00 2.000000e-02 0.000000e+00 0.000000e+00 0.000000e+00 0.000000e+00 0.000000e+00 1.000000e-02 0.000000e+00 0.000000e+00 0.000000e+00 0.000000e+00 0.000000e+00
   48    1      2      0    0      1      -1      -1   100 0.0100000000 0.19000000 0.21000000 0.18000000 0.09000000 0.05000000 0.070000000 0.060000000 0.020000000 0.020000000 0.0000000000 0.0200000000 2.000000e-02 2.000000e-02 1.000000e-02 0.000000e+00 1.000000e-02 1.000000e-02 0.000000e+00 1.000000e-02 0.000000e+00 0.000000e+00 0.000000e+00 0.000000e+00 0.000000e+00
   49    1      2      0    0      1      -1      -1   100 0.0800000000 0.21000000 0.10000000 0.21000000 0.17000000 0.09000000 0.030000000 0.000000000 0.040000000 0.000000000 0.0100000000 0.0100000000 1.000000e-02 1.000000e-02 0.000000e+00 2.000000e-02 1.000000e-02 0.000000e+00 0.000000e+00 0.000000e+00 0.000000e+00 0.000000e+00 0.000000e+00 0.000000e+00 0.000000e+00
   50    1      2      0    0      1      -1      -1   100 0.0800000000 0.36000000 0.12000000 0.08000000 0.10000000 0.08000000 0.060000000 0.030000000 0.040000000 0.020000000 0.0000000000 0.0200000000 1.000000e-02 0.000000e+00 0.000000e+00 0.000000e+00 0.000000e+00 0.000000e+00 0.000000e+00 0.000000e+00 0.000000e+00 0.000000e+00 0.000000e+00 0.000000e+00 0.000000e+00
   51    1      2      0    0      1      -1      -1   100 0.0300000000 0.17000000 0.35000000 0.05000000 0.05000000 0.11000000 0.090000000 0.030000000 0.010000000 0.060000000 0.0300000000 0.0000000000 0.000000e+00 0.000000e+00 0.000000e+00 1.000000e-02 0.000000e+00 1.000000e-02 0.000000e+00 0.000000e+00 0.000000e+00 0.000000e+00 0.000000e+00 0.000000e+00 0.000000e+00
   52    1      2      0    0      1      -1      -1   100 0.0300000000 0.15000000 0.16000000 0.18000000 0.12000000 0.03000000 0.050000000 0.110000000 0.020000000 0.020000000 0.0200000000 0.0200000000 2.000000e-02 1.000000e-02 0.000000e+00 0.000000e+00 2.000000e-02 1.000000e-02 1.000000e-02 0.000000e+00 0.000000e+00 1.000000e-02 1.000000e-02 0.000000e+00 0.000000e+00
   53    1      2      0    0      1      -1      -1   100 0.0500000000 0.17000000 0.17000000 0.15000000 0.16000000 0.08000000 0.020000000 0.070000000 0.020000000 0.040000000 0.0400000000 0.0000000000 1.000000e-02 0.000000e+00 0.000000e+00 0.000000e+00 0.000000e+00 1.000000e-02 0.000000e+00 0.000000e+00 1.000000e-02 0.000000e+00 0.000000e+00 0.000000e+00 0.000000e+00
   54    1      2      0    0      1      -1      -1   100 0.0500000000 0.12000000 0.14000000 0.10000000 0.14000000 0.17000000 0.080000000 0.040000000 0.060000000 0.030000000 0.0200000000 0.0100000000 1.000000e-02 1.000000e-02 0.000000e+00 1.000000e-02 0.000000e+00 0.000000e+00 1.000000e-02 0.000000e+00 0.000000e+00 0.000000e+00 0.000000e+00 0.000000e+00 0.000000e+00
   55    1      2      0    0      1      -1      -1   100 0.0200000000 0.28000000 0.02000000 0.11000000 0.11000000 0.04000000 0.170000000 0.040000000 0.050000000 0.070000000 0.0200000000 0.0000000000 2.000000e-02 2.000000e-02 1.000000e-02 0.000000e+00 0.000000e+00 1.000000e-02 0.000000e+00 0.000000e+00 0.000000e+00 0.000000e+00 0.000000e+00 1.000000e-02 0.000000e+00
   56    1      2      0    0      1      -1      -1   100 0.0300000000 0.17000000 0.19000000 0.11000000 0.12000000 0.06000000 0.060000000 0.080000000 0.010000000 0.010000000 0.0200000000 0.0500000000 2.000000e-02 1.000000e-02 2.000000e-02 0.000000e+00 1.000000e-02 1.000000e-02 0.000000e+00 0.000000e+00 1.000000e-02 0.000000e+00 0.000000e+00 1.000000e-02 0.000000e+00
   57    1      2      0    0      1      -1      -1   100 0.0200000000 0.14000000 0.14000000 0.18000000 0.07000000 0.09000000 0.090000000 0.120000000 0.100000000 0.010000000 0.0000000000 0.0100000000 1.000000e-02 0.000000e+00 0.000000e+00 1.000000e-02 0.000000e+00 0.000000e+00 0.000000e+00 0.000000e+00 0.000000e+00 0.000000e+00 1.000000e-02 0.000000e+00 0.000000e+00
   58    1      2      0    0      1      -1      -1   100 0.0500000000 0.14000000 0.17000000 0.07000000 0.15000000 0.06000000 0.030000000 0.060000000 0.090000000 0.080000000 0.0200000000 0.0100000000 1.000000e-02 0.000000e+00 3.000000e-02 1.000000e-02 0.000000e+00 0.000000e+00 0.000000e+00 0.000000e+00 1.000000e-02 0.000000e+00 0.000000e+00 0.000000e+00 1.000000e-02
   59    1      2      0    0      1      -1      -1   100 0.0400000000 0.25000000 0.06000000 0.14000000 0.12000000 0.12000000 0.030000000 0.070000000 0.010000000 0.030000000 0.0300000000 0.0300000000 1.000000e-02 2.000000e-02 0.000000e+00 1.000000e-02 0.000000e+00 0.000000e+00 0.000000e+00 0.000000e+00 0.000000e+00 0.000000e+00 0.000000e+00 0.000000e+00 3.000000e-02
   60    1      2      0    0      1      -1      -1   100 0.0500000000 0.23000000 0.13000000 0.05000000 0.13000000 0.09000000 0.070000000 0.030000000 0.020000000 0.030000000 0.0500000000 0.0400000000 3.000000e-02 1.000000e-02 2.000000e-02 0.000000e+00 0.000000e+00 1.000000e-02 0.000000e+00 0.000000e+00 0.000000e+00 0.000000e+00 0.000000e+00 0.000000e+00 1.000000e-02
   61    1      2      0    0      1      -1      -1   100 0.0400000000 0.19000000 0.13000000 0.19000000 0.02000000 0.04000000 0.060000000 0.090000000 0.040000000 0.050000000 0.0300000000 0.0000000000 7.000000e-02 2.000000e-02 0.000000e+00 0.000000e+00 1.000000e-02 1.000000e-02 1.000000e-02 0.000000e+00 0.000000e+00 0.000000e+00 0.000000e+00 0.000000e+00 0.000000e+00
   62    1      2      0    0      1      -1      -1   100 0.0700000000 0.26000000 0.10000000 0.11000000 0.06000000 0.07000000 0.050000000 0.040000000 0.110000000 0.050000000 0.0100000000 0.0200000000 0.000000e+00 3.000000e-02 1.000000e-02 0.000000e+00 0.000000e+00 0.000000e+00 0.000000e+00 0.000000e+00 0.000000e+00 0.000000e+00 1.000000e-02 0.000000e+00 0.000000e+00
   63    1      2      0    0      1      -1      -1   100 0.0400000000 0.24000000 0.26000000 0.09000000 0.06000000 0.09000000 0.020000000 0.020000000 0.020000000 0.040000000 0.0300000000 0.0100000000 2.000000e-02 2.000000e-02 2.000000e-02 0.000000e+00 1.000000e-02 0.000000e+00 0.000000e+00 1.000000e-02 0.000000e+00 0.000000e+00 0.000000e+00 0.000000e+00 0.000000e+00
   64    1      2      0    0      1      -1      -1   100 0.0500000000 0.13000000 0.20000000 0.11000000 0.12000000 0.11000000 0.030000000 0.020000000 0.040000000 0.060000000 0.0700000000 0.0000000000 2.000000e-02 0.000000e+00 0.000000e+00 3.000000e-02 0.000000e+00 0.000000e+00 0.000000e+00 0.000000e+00 0.000000e+00 0.000000e+00 0.000000e+00 0.000000e+00 1.000000e-02
   65    1      2      0    0      1      -1      -1   100 0.0300000000 0.21000000 0.10000000 0.17000000 0.16000000 0.05000000 0.070000000 0.050000000 0.010000000 0.020000000 0.0400000000 0.0200000000 1.000000e-02 2.000000e-02 0.000000e+00 0.000000e+00 1.000000e-02 0.000000e+00 0.000000e+00 0.000000e+00 0.000000e+00 0.000000e+00 2.000000e-02 1.000000e-02 0.000000e+00
   66    1      2      0    0      1      -1      -1   100 0.0400000000 0.25000000 0.19000000 0.07000000 0.11000000 0.10000000 0.070000000 0.020000000 0.030000000 0.010000000 0.0200000000 0.0200000000 1.000000e-02 1.000000e-02 1.000000e-02 0.000000e+00 0.000000e+00 0.000000e+00 1.000000e-02 0.000000e+00 0.000000e+00 0.000000e+00 1.000000e-02 0.000000e+00 2.000000e-02
   67    1      2      0    0      1      -1      -1   100 0.0500000000 0.17000000 0.24000000 0.15000000 0.05000000 0.09000000 0.090000000 0.060000000 0.010000000 0.000000000 0.0000000000 0.0100000000 3.000000e-02 0.000000e+00 1.000000e-02 1.000000e-02 1.000000e-02 0.000000e+00 1.000000e-02 1.000000e-02 0.000000e+00 0.000000e+00 0.000000e+00 0.000000e+00 0.000000e+00
   68    1      2      0    0      1      -1      -1   100 0.0600000000 0.21000000 0.11000000 0.15000000 0.13000000 0.06000000 0.040000000 0.080000000 0.050000000 0.050000000 0.0100000000 0.0000000000 0.000000e+00 1.000000e-02 1.000000e-02 1.000000e-02 0.000000e+00 0.000000e+00 1.000000e-02 1.000000e-02 0.000000e+00 0.000000e+00 0.000000e+00 0.000000e+00 0.000000e+00
   69    1      2      0    0      1      -1      -1   100 0.0400000000 0.22000000 0.15000000 0.15000000 0.13000000 0.09000000 0.030000000 0.060000000 0.040000000 0.020000000 0.0300000000 0.0200000000 0.000000e+00 2.000000e-02 0.000000e+00 0.000000e+00 0.000000e+00 0.000000e+00 0.000000e+00 0.000000e+00 0.000000e+00 0.000000e+00 0.000000e+00 0.000000e+00 0.000000e+00
   70    1      2      0    0      1      -1      -1   100 0.0200000000 0.26000000 0.12000000 0.17000000 0.09000000 0.10000000 0.050000000 0.070000000 0.040000000 0.030000000 0.0000000000 0.0200000000 1.000000e-02 0.000000e+00 0.000000e+00 0.000000e+00 0.000000e+00 0.000000e+00 0.000000e+00 0.000000e+00 0.000000e+00 0.000000e+00 1.000000e-02 0.000000e+00 1.000000e-02
   71    1      2      0    0      1      -1      -1   100 0.0200000000 0.13000000 0.20000000 0.20000000 0.12000000 0.08000000 0.070000000 0.060000000 0.020000000 0.010000000 0.0100000000 0.0200000000 1.000000e-02 2.000000e-02 1.000000e-02 0.000000e+00 0.000000e+00 1.000000e-02 1.000000e-02 0.000000e+00 0.000000e+00 0.000000e+00 0.000000e+00 0.000000e+00 0.000000e+00
   72    1      2      0    0      1      -1      -1   100 0.0400000000 0.21000000 0.15000000 0.16000000 0.10000000 0.07000000 0.070000000 0.060000000 0.020000000 0.030000000 0.0100000000 0.0200000000 1.000000e-02 1.000000e-02 2.000000e-02 0.000000e+00 0.000000e+00 1.000000e-02 0.000000e+00 0.000000e+00 0.000000e+00 1.000000e-02 0.000000e+00 0.000000e+00 0.000000e+00
   73    1      2      0    0      1      -1      -1   100 0.1000000000 0.16000000 0.17000000 0.15000000 0.13000000 0.04000000 0.040000000 0.020000000 0.070000000 0.030000000 0.0200000000 0.0500000000 1.000000e-02 1.000000e-02 0.000000e+00 0.000000e+00 0.000000e+00 0.000000e+00 0.000000e+00 0.000000e+00 0.000000e+00 0.000000e+00 0.000000e+00 0.000000e+00 0.000000e+00
   74    1      2      0    0      1      -1      -1   100 0.0600000000 0.27000000 0.10000000 0.11000000 0.06000000 0.11000000 0.050000000 0.030000000 0.040000000 0.060000000 0.0100000000 0.0100000000 1.000000e-02 2.000000e-02 2.000000e-02 2.000000e-02 0.000000e+00 0.000000e+00 0.000000e+00 1.000000e-02 1.000000e-02 0.000000e+00 0.000000e+00 0.000000e+00 0.000000e+00
   75    1      2      0    0      1      -1      -1   100 0.0500000000 0.15000000 0.23000000 0.07000000 0.12000000 0.09000000 0.060000000 0.050000000 0.050000000 0.040000000 0.0200000000 0.0200000000 0.000000e+00 1.000000e-02 1.000000e-02 1.000000e-02 1.000000e-02 0.000000e+00 0.000000e+00 1.000000e-02 0.000000e+00 0.000000e+00 0.000000e+00 0.000000e+00 0.000000e+00
   76    1      2      0    0      1      -1      -1   100 0.0300000000 0.13000000 0.20000000 0.20000000 0.10000000 0.04000000 0.080000000 0.050000000 0.040000000 0.060000000 0.0000000000 0.0300000000 0.000000e+00 1.000000e-02 1.000000e-02 0.000000e+00 0.000000e+00 0.000000e+00 0.000000e+00 1.000000e-02 0.000000e+00 0.000000e+00 0.000000e+00 0.000000e+00 1.000000e-02
   77    1      2      0    0      1      -1      -1   100 0.0100000000 0.19000000 0.15000000 0.18000000 0.12000000 0.03000000 0.080000000 0.050000000 0.070000000 0.010000000 0.0200000000 0.0200000000 1.000000e-02 1.000000e-02 2.000000e-02 1.000000e-02 1.000000e-02 0.000000e+00 1.000000e-02 0.000000e+00 0.000000e+00 0.000000e+00 0.000000e+00 0.000000e+00 0.000000e+00
   78    1      2      0    0      1      -1      -1   100 0.0700000000 0.14000000 0.27000000 0.10000000 0.11000000 0.10000000 0.030000000 0.040000000 0.010000000 0.060000000 0.0000000000 0.0300000000 1.000000e-02 0.000000e+00 1.000000e-02 0.000000e+00 1.000000e-02 0.000000e+00 0.000000e+00 0.000000e+00 0.000000e+00 1.000000e-02 0.000000e+00 0.000000e+00 0.000000e+00
   79    1      2      0    0      1      -1      -1   100 0.0200000000 0.22000000 0.18000000 0.14000000 0.08000000 0.07000000 0.060000000 0.020000000 0.050000000 0.020000000 0.0500000000 0.0100000000 4.000000e-02 0.000000e+00 1.000000e-02 1.000000e-02 0.000000e+00 0.000000e+00 0.000000e+00 0.000000e+00 1.000000e-02 0.000000e+00 0.000000e+00 1.000000e-02 0.000000e+00
   80    1      2      0    0      1      -1      -1   100 0.0000000000 0.19000000 0.31000000 0.06000000 0.09000000 0.06000000 0.070000000 0.100000000 0.040000000 0.010000000 0.0100000000 0.0300000000 1.000000e-02 1.000000e-02 0.000000e+00 0.000000e+00 0.000000e+00 0.000000e+00 0.000000e+00 1.000000e-02 0.000000e+00 0.000000e+00 0.000000e+00 0.000000e+00 0.000000e+00
   81    1      2      0    0      1      -1      -1   100 0.0400000000 0.19000000 0.15000000 0.22000000 0.07000000 0.05000000 0.040000000 0.030000000 0.080000000 0.010000000 0.0300000000 0.0100000000 2.000000e-02 1.000000e-02 0.000000e+00 2.000000e-02 1.000000e-02 1.000000e-02 0.000000e+00 1.000000e-02 0.000000e+00 0.000000e+00 0.000000e+00 0.000000e+00 0.000000e+00
   82    1      2      0    0      1      -1      -1   100 0.0800000000 0.26000000 0.09000000 0.20000000 0.14000000 0.06000000 0.050000000 0.000000000 0.060000000 0.040000000 0.0100000000 0.0000000000 0.000000e+00 0.000000e+00 0.000000e+00 0.000000e+00 0.000000e+00 0.000000e+00 0.000000e+00 1.000000e-02 0.000000e+00 0.000000e+00 0.000000e+00 0.000000e+00 0.000000e+00
   83    1      2      0    0      1      -1      -1   100 0.0100000000 0.22000000 0.18000000 0.09000000 0.13000000 0.18000000 0.030000000 0.040000000 0.010000000 0.010000000 0.0500000000 0.0100000000 2.000000e-02 1.000000e-02 0.000000e+00 0.000000e+00 0.000000e+00 0.000000e+00 0.000000e+00 0.000000e+00 0.000000e+00 1.000000e-02 0.000000e+00 0.000000e+00 0.000000e+00
   84    1      2      0    0      1      -1      -1   100 0.0200000000 0.07000000 0.17000000 0.19000000 0.03000000 0.12000000 0.150000000 0.050000000 0.050000000 0.010000000 0.0300000000 0.0500000000 1.000000e-02 2.000000e-02 0.000000e+00 1.000000e-02 1.000000e-02 0.000000e+00 0.000000e+00 0.000000e+00 0.000000e+00 0.000000e+00 0.000000e+00 0.000000e+00 1.000000e-02
   85    1      2      0    0      1      -1      -1   100 0.0400000000 0.09000000 0.07000000 0.20000000 0.15000000 0.04000000 0.070000000 0.150000000 0.040000000 0.070000000 0.0100000000 0.0000000000 4.000000e-02 1.000000e-02 1.000000e-02 0.000000e+00 0.000000e+00 0.000000e+00 0.000000e+00 0.000000e+00 0.000000e+00 1.000000e-02 0.000000e+00 0.000000e+00 0.000000e+00
   86    1      2      0    0      1      -1      -1   100 0.0800000000 0.22000000 0.12000000 0.05000000 0.11000000 0.12000000 0.060000000 0.040000000 0.080000000 0.020000000 0.0100000000 0.0000000000 1.000000e-02 4.000000e-02 0.000000e+00 2.000000e-02 0.000000e+00 1.000000e-02 0.000000e+00 0.000000e+00 0.000000e+00 0.000000e+00 0.000000e+00 0.000000e+00 1.000000e-02
   87    1      2      0    0      1      -1      -1   100 0.0600000000 0.43000000 0.10000000 0.05000000 0.05000000 0.07000000 0.090000000 0.000000000 0.050000000 0.050000000 0.0100000000 0.0000000000 1.000000e-02 1.000000e-02 0.000000e+00 0.000000e+00 2.000000e-02 0.000000e+00 0.000000e+00 0.000000e+00 0.000000e+00 0.000000e+00 0.000000e+00 0.000000e+00 0.000000e+00
   88    1      2      0    0      1      -1      -1   100 0.0200000000 0.16000000 0.32000000 0.13000000 0.07000000 0.03000000 0.010000000 0.070000000 0.020000000 0.030000000 0.0600000000 0.0100000000 3.000000e-02 0.000000e+00 0.000000e+00 2.000000e-02 1.000000e-02 0.000000e+00 0.000000e+00 0.000000e+00 1.000000e-02 0.000000e+00 0.000000e+00 0.000000e+00 0.000000e+00
   89    1      2      0    0      1      -1      -1   100 0.0200000000 0.14000000 0.19000000 0.34000000 0.06000000 0.04000000 0.030000000 0.040000000 0.030000000 0.040000000 0.0100000000 0.0200000000 0.000000e+00 1.000000e-02 0.000000e+00 1.000000e-02 1.000000e-02 0.000000e+00 0.000000e+00 0.000000e+00 0.000000e+00 0.000000e+00 0.000000e+00 0.000000e+00 1.000000e-02
   90    1      2      0    0      1      -1      -1   100 0.0100000000 0.20000000 0.24000000 0.12000000 0.18000000 0.08000000 0.020000000 0.000000000 0.030000000 0.050000000 0.0100000000 0.0000000000 4.000000e-02 1.000000e-02 0.000000e+00 0.000000e+00 0.000000e+00 0.000000e+00 0.000000e+00 0.000000e+00 0.000000e+00 1.000000e-02 0.000000e+00 0.000000e+00 0.000000e+00
   91    1      2      0    0      1      -1      -1   100 0.0400000000 0.15000000 0.25000000 0.11000000 0.09000000 0.15000000 0.050000000 0.010000000 0.040000000 0.010000000 0.0500000000 0.0000000000 2.000000e-02 2.000000e-02 0.000000e+00 1.000000e-02 0.000000e+00 0.000000e+00 0.000000e+00 0.000000e+00 0.000000e+00 0.000000e+00 0.000000e+00 0.000000e+00 0.000000e+00
   92    1      2      0    0      1      -1      -1   100 0.0500000000 0.25000000 0.07000000 0.18000000 0.08000000 0.06000000 0.100000000 0.060000000 0.020000000 0.000000000 0.0300000000 0.0200000000 0.000000e+00 2.000000e-02 2.000000e-02 0.000000e+00 1.000000e-02 0.000000e+00 1.000000e-02 0.000000e+00 0.000000e+00 0.000000e+00 1.000000e-02 0.000000e+00 1.000000e-02
   93    1      2      0    0      1      -1      -1   100 0.0600000000 0.21000000 0.21000000 0.03000000 0.17000000 0.09000000 0.070000000 0.070000000 0.020000000 0.000000000 0.0300000000 0.0200000000 0.000000e+00 0.000000e+00 0.000000e+00 1.000000e-02 0.000000e+00 1.000000e-02 0.000000e+00 0.000000e+00 0.000000e+00 0.000000e+00 0.000000e+00 0.000000e+00 0.000000e+00
   94    1      2      0    0      1      -1      -1   100 0.0600000000 0.14000000 0.20000000 0.15000000 0.11000000 0.09000000 0.050000000 0.040000000 0.070000000 0.020000000 0.0000000000 0.0000000000 1.000000e-02 1.000000e-02 1.000000e-02 1.000000e-02 1.000000e-02 0.000000e+00 0.000000e+00 1.000000e-02 1.000000e-02 0.000000e+00 0.000000e+00 0.000000e+00 0.000000e+00
   95    1      2      0    0      1      -1      -1   100 0.0600000000 0.30000000 0.10000000 0.09000000 0.12000000 0.05000000 0.100000000 0.040000000 0.020000000 0.030000000 0.0200000000 0.0100000000 0.000000e+00 1.000000e-02 2.000000e-02 0.000000e+00 1.000000e-02 1.000000e-02 1.000000e-02 0.000000e+00 0.000000e+00 0.000000e+00 0.000000e+00 0.000000e+00 0.000000e+00
   96    1      2      0    0      1      -1      -1   100 0.0200000000 0.30000000 0.20000000 0.07000000 0.07000000 0.08000000 0.040000000 0.080000000 0.000000000 0.060000000 0.0200000000 0.0300000000 0.000000e+00 0.000000e+00 2.000000e-02 1.000000e-02 0.000000e+00 0.000000e+00 0.000000e+00 0.000000e+00 0.000000e+00 0.000000e+00 0.000000e+00 0.000000e+00 0.000000e+00
   97    1      2      0    0      1      -1      -1   100 0.0400000000 0.38000000 0.21000000 0.10000000 0.06000000 0.07000000 0.020000000 0.000000000 0.020000000 0.020000000 0.0100000000 0.0400000000 1.000000e-02 1.000000e-02 0.000000e+00 0.000000e+00 1.000000e-02 0.000000e+00 0.000000e+00 0.000000e+00 0.000000e+00 0.000000e+00 0.000000e+00 0.000000e+00 0.000000e+00
   98    1      2      0    0      1      -1      -1   100 0.0400000000 0.17000000 0.27000000 0.16000000 0.13000000 0.03000000 0.040000000 0.040000000 0.020000000 0.020000000 0.0300000000 0.0000000000 2.000000e-02 3.000000e-02 0.000000e+00 0.000000e+00 0.000000e+00 0.000000e+00 0.000000e+00 0.000000e+00 0.000000e+00 0.000000e+00 0.000000e+00 0.000000e+00 0.000000e+00
   99    1      2      0    0      1      -1      -1   100 0.0200000000 0.32000000 0.09000000 0.18000000 0.06000000 0.08000000 0.060000000 0.060000000 0.030000000 0.010000000 0.0100000000 0.0100000000 4.000000e-02 2.000000e-02 1.000000e-02 0.000000e+00 0.000000e+00 0.000000e+00 0.000000e+00 0.000000e+00 0.000000e+00 0.000000e+00 0.000000e+00 0.000000e+00 0.000000e+00
  100    1      2      0    0      1      -1      -1   100 0.0200000000 0.13000000 0.25000000 0.16000000 0.16000000 0.07000000 0.080000000 0.030000000 0.010000000 0.010000000 0.0100000000 0.0100000000 2.000000e-02 1.000000e-02 1.000000e-02 0.000000e+00 0.000000e+00 0.000000e+00 0.000000e+00 0.000000e+00 0.000000e+00 0.000000e+00 0.000000e+00 0.000000e+00 2.000000e-02
0 #_N_MeanSize_at_Age_obs
0 #_N_environ_variables
0 #_N_environ_obs
0 #_N_sizefreq_methods
0 #_do_tags
0 #_morphcomp_data
#
999
